update,count,hosted_syms
0,10000,10000
100,10000,10000
200,10000,10000
300,10000,10000
400,10000,10000
500,10000,9958
600,10000,8172
700,10000,8201
800,10000,8201
900,10000,8201
1000,10000,8198
1100,10000,6799
1200,10000,6846
1300,10000,6851
1400,10000,6850
1500,10000,6848
1600,10000,5568
1700,10000,5794
1800,10000,5806
1900,10000,5804
2000,10000,5801
2100,10000,4673
2200,10000,4958
2300,10000,5002
2400,10000,5006
2500,10000,5006
2600,10000,4931
2700,10000,4279
2800,10000,4394
2900,10000,4419
3000,10000,4422
3100,10000,4416
3200,10000,3768
3300,10000,3918
3400,10000,3960
3500,10000,3970
3600,10000,3975
3700,10000,3333
3800,10000,3562
3900,10000,3628
4000,10000,3656
4100,10000,3662
4200,10000,3055
4300,10000,3279
4400,10000,3385
4500,10000,3414
4600,10000,3435
4700,10000,3363
4800,10000,3003
4900,10000,3141
5000,10000,3203
5100,10000,3231
5200,10000,3228
5300,10000,2803
5400,10000,2946
5500,10000,3030
5600,10000,3061
5700,10000,3077
5800,10000,2631
5900,10000,2780
6000,10000,2891
6100,10000,2937
6200,10000,2962
6300,10000,2550
6400,10000,2645
6500,10000,2748
6600,10000,2812
6700,10000,2855
6800,10000,2827
6900,10000,2537
7000,10000,2639
7100,10000,2714
7200,10000,2785
7300,10000,2805
7400,10000,2498
7500,10000,2621
7600,10000,2717
7700,10000,2786
7800,10000,2817
7900,10000,2458
8000,10000,2628
8100,10000,2715
8200,10000,2762
8300,10000,2757
8400,10000,2483
8500,10000,2670
8600,10000,2741
8700,10000,2762
8800,10000,2760
8900,10000,2712
9000,10000,2634
9100,10000,2711
9200,10000,2730
9300,10000,2738
9400,10000,2747
9500,10000,2638
9600,10000,2751
9700,10000,2746
9800,10000,2743
9900,10000,2746
10000,10000,2672
10100,10000,2694
10200,10000,2707
10300,10000,2706
10400,10000,2711
10500,10000,2663
10600,10000,2644
10700,10000,2651
10800,10000,2633
10900,10000,2599
11000,10000,2592
11100,10000,2527
11200,10000,2515
11300,10000,2501
11400,10000,2486
11500,10000,2464
11600,10000,2406
11700,10000,2383
11800,10000,2351
11900,10000,2307
12000,10000,2270
12100,10000,2219
12200,10000,2187
12300,10000,2158
12400,10000,2116
12500,10000,2089
12600,10000,2077
12700,10000,2054
12800,10000,2024
12900,10000,1957
13000,10000,1926
13100,10000,1878
13200,10000,1839
13300,10000,1808
13400,10000,1761
13500,10000,1736
13600,10000,1702
13700,10000,1671
13800,10000,1643
13900,10000,1606
14000,10000,1602
14100,10000,1589
14200,10000,1550
14300,10000,1526
14400,10000,1495
14500,10000,1473
14600,10000,1445
14700,10000,1404
14800,10000,1370
14900,10000,1356
15000,10000,1332
15100,10000,1312
15200,10000,1292
15300,10000,1270
15400,10000,1267
15500,10000,1242
15600,10000,1211
15700,10000,1197
15800,10000,1173
15900,10000,1149
16000,10000,1118
16100,10000,1116
16200,10000,1099
16300,10000,1081
16400,10000,1073
16500,10000,1056
16600,10000,1043
16700,10000,1028
16800,10000,1012
16900,10000,997
17000,10000,990
17100,10000,966
17200,10000,964
17300,10000,938
17400,10000,920
17500,10000,919
17600,10000,917
17700,10000,897
17800,10000,894
17900,10000,885
18000,10000,873
18100,10000,853
18200,10000,846
18300,10000,839
18400,10000,822
18500,10000,810
18600,10000,792
18700,10000,765
18800,10000,746
18900,10000,730
19000,10000,719
19100,10000,708
19200,10000,709
19300,10000,702
19400,10000,698
19500,10000,695
19600,10000,688
19700,10000,667
19800,10000,664
19900,10000,657
20000,10000,652
20100,10000,652
20200,10000,642
20300,10000,633
20400,10000,622
20500,10000,612
20600,10000,604
20700,10000,587
20800,10000,578
20900,10000,575
21000,10000,575
21100,10000,571
21200,10000,555
21300,10000,555
21400,10000,548
21500,10000,542
21600,10000,552
21700,10000,555
21800,10000,542
21900,10000,550
22000,10000,550
22100,10000,555
22200,10000,557
22300,10000,550
22400,10000,551
22500,10000,551
22600,10000,556
22700,10000,542
22800,10000,534
22900,10000,517
23000,10000,508
23100,10000,510
23200,10000,504
23300,10000,495
23400,10000,489
23500,10000,481
23600,10000,468
23700,10000,470
23800,10000,463
23900,10000,463
24000,10000,464
24100,10000,455
24200,10000,456
24300,10000,453
24400,10000,455
24500,10000,453
24600,10000,449
24700,10000,438
24800,10000,428
24900,10000,424
25000,10000,423
25100,10000,432
25200,10000,427
25300,10000,427
25400,10000,428
25500,10000,414
25600,10000,411
25700,10000,406
25800,10000,402
25900,10000,401
26000,10000,397
26100,10000,395
26200,10000,391
26300,10000,381
26400,10000,383
26500,10000,382
26600,10000,383
26700,10000,389
26800,10000,385
26900,10000,379
27000,10000,382
27100,10000,388
27200,10000,384
27300,10000,386
27400,10000,380
27500,10000,384
27600,10000,389
27700,10000,390
27800,10000,380
27900,10000,383
28000,10000,388
28100,10000,378
28200,10000,383
28300,10000,377
28400,10000,378
28500,10000,375
28600,10000,379
28700,10000,372
28800,10000,365
28900,10000,370
29000,10000,365
29100,10000,367
29200,10000,366
29300,10000,371
29400,10000,374
29500,10000,372
29600,10000,371
29700,10000,374
29800,10000,381
29900,10000,372
30000,10000,374
30100,10000,373
30200,10000,369
30300,10000,359
30400,10000,356
30500,10000,350
30600,10000,343
30700,10000,345
30800,10000,341
30900,10000,336
31000,10000,339
31100,10000,340
31200,10000,338
31300,10000,331
31400,10000,335
31500,10000,335
31600,10000,338
31700,10000,348
31800,10000,344
31900,10000,342
32000,10000,350
32100,10000,355
32200,10000,369
32300,10000,365
32400,10000,368
32500,10000,368
32600,10000,361
32700,10000,357
32800,10000,356
32900,10000,357
33000,10000,360
33100,10000,364
33200,10000,365
33300,10000,364
33400,10000,367
33500,10000,367
33600,10000,366
33700,10000,359
33800,10000,358
33900,10000,351
34000,10000,348
34100,10000,345
34200,10000,343
34300,10000,347
34400,10000,350
34500,10000,350
34600,10000,361
34700,10000,356
34800,10000,359
34900,10000,357
35000,10000,349
35100,10000,343
35200,10000,346
35300,10000,345
35400,10000,342
35500,10000,338
35600,10000,340
35700,10000,341
35800,10000,345
35900,10000,349
36000,10000,343
36100,10000,344
36200,10000,351
36300,10000,350
36400,10000,341
36500,10000,350
36600,10000,353
36700,10000,352
36800,10000,355
36900,10000,353
37000,10000,348
37100,10000,352
37200,10000,357
37300,10000,351
37400,10000,349
37500,10000,349
37600,10000,349
37700,10000,352
37800,10000,350
37900,10000,343
38000,10000,352
38100,10000,358
38200,10000,354
38300,10000,362
38400,10000,358
38500,10000,361
38600,10000,355
38700,10000,356
38800,10000,357
38900,10000,348
39000,10000,343
39100,10000,347
39200,10000,342
39300,10000,341
39400,10000,338
39500,10000,334
39600,10000,335
39700,10000,330
39800,10000,325
39900,10000,328
40000,10000,331
40100,10000,327
40200,10000,326
40300,10000,317
40400,10000,313
40500,10000,310
40600,10000,315
40700,10000,319
40800,10000,322
40900,10000,318
41000,10000,322
41100,10000,314
41200,10000,310
41300,10000,309
41400,10000,304
41500,10000,295
41600,10000,293
41700,10000,295
41800,10000,295
41900,10000,297
42000,10000,293
42100,10000,290
42200,10000,291
42300,10000,289
42400,10000,288
42500,10000,290
42600,10000,289
42700,10000,293
42800,10000,295
42900,10000,296
43000,10000,300
43100,10000,295
43200,10000,296
43300,10000,298
43400,10000,298
43500,10000,299
43600,10000,299
43700,10000,296
43800,10000,296
43900,10000,296
44000,10000,295
44100,10000,299
44200,10000,300
44300,10000,300
44400,10000,296
44500,10000,295
44600,10000,291
44700,10000,288
44800,10000,289
44900,10000,288
45000,10000,290
45100,10000,294
45200,10000,287
45300,10000,276
45400,10000,277
45500,10000,284
45600,10000,284
45700,10000,277
45800,10000,275
45900,10000,270
46000,10000,267
46100,10000,267
46200,10000,266
46300,10000,268
46400,10000,276
46500,10000,277
46600,10000,276
46700,10000,274
46800,10000,272
46900,10000,282
47000,10000,272
47100,10000,274
47200,10000,272
47300,10000,271
47400,10000,270
47500,10000,267
47600,10000,273
47700,10000,274
47800,10000,282
47900,10000,284
48000,10000,283
48100,10000,285
48200,10000,277
48300,10000,273
48400,10000,271
48500,10000,268
48600,10000,273
48700,10000,275
48800,10000,273
48900,10000,278
49000,10000,275
49100,10000,274
49200,10000,281
49300,10000,279
49400,10000,285
49500,10000,283
49600,10000,280
49700,10000,274
49800,10000,274
49900,10000,281
50000,10000,284
50100,10000,284
50200,10000,289
50300,10000,287
50400,10000,280
50500,10000,291
50600,10000,293
50700,10000,288
50800,10000,288
50900,10000,289
51000,10000,291
51100,10000,295
51200,10000,289
51300,10000,289
51400,10000,289
51500,10000,287
51600,10000,284
51700,10000,280
51800,10000,279
51900,10000,276
52000,10000,279
52100,10000,281
52200,10000,282
52300,10000,278
52400,10000,273
52500,10000,278
52600,10000,280
52700,10000,277
52800,10000,273
52900,10000,274
53000,10000,276
53100,10000,281
53200,10000,278
53300,10000,283
53400,10000,284
53500,10000,286
53600,10000,287
53700,10000,280
53800,10000,281
53900,10000,286
54000,10000,285
54100,10000,285
54200,10000,290
54300,10000,284
54400,10000,276
54500,10000,273
54600,10000,277
54700,10000,275
54800,10000,269
54900,10000,275
55000,10000,276
55100,10000,277
55200,10000,262
55300,10000,270
55400,10000,270
55500,10000,269
55600,10000,264
55700,10000,263
55800,10000,263
55900,10000,274
56000,10000,273
56100,10000,273
56200,10000,275
56300,10000,285
56400,10000,294
56500,10000,294
56600,10000,291
56700,10000,296
56800,10000,304
56900,10000,293
57000,10000,298
57100,10000,303
57200,10000,307
57300,10000,301
57400,10000,296
57500,10000,299
57600,10000,301
57700,10000,304
57800,10000,307
57900,10000,309
58000,10000,313
58100,10000,318
58200,10000,319
58300,10000,318
58400,10000,320
58500,10000,318
58600,10000,315
58700,10000,312
58800,10000,312
58900,10000,307
59000,10000,307
59100,10000,315
59200,10000,310
59300,10000,311
59400,10000,312
59500,10000,306
59600,10000,317
59700,10000,320
59800,10000,324
59900,10000,327
60000,10000,330
60100,10000,324
60200,10000,319
60300,10000,320
60400,10000,320
60500,10000,319
60600,10000,323
60700,10000,331
60800,10000,327
60900,10000,321
61000,10000,328
61100,10000,326
61200,10000,325
61300,10000,325
61400,10000,318
61500,10000,317
61600,10000,322
61700,10000,321
61800,10000,321
61900,10000,321
62000,10000,324
62100,10000,331
62200,10000,336
62300,10000,338
62400,10000,330
62500,10000,327
62600,10000,322
62700,10000,321
62800,10000,322
62900,10000,327
63000,10000,328
63100,10000,328
63200,10000,333
63300,10000,335
63400,10000,339
63500,10000,337
63600,10000,334
63700,10000,332
63800,10000,332
63900,10000,332
64000,10000,328
64100,10000,324
64200,10000,318
64300,10000,315
64400,10000,317
64500,10000,314
64600,10000,316
64700,10000,316
64800,10000,315
64900,10000,312
65000,10000,312
65100,10000,308
65200,10000,299
65300,10000,299
65400,10000,315
65500,10000,318
65600,10000,319
65700,10000,314
65800,10000,319
65900,10000,315
66000,10000,322
66100,10000,321
66200,10000,327
66300,10000,326
66400,10000,329
66500,10000,332
66600,10000,331
66700,10000,323
66800,10000,316
66900,10000,326
67000,10000,323
67100,10000,327
67200,10000,334
67300,10000,337
67400,10000,329
67500,10000,332
67600,10000,331
67700,10000,329
67800,10000,328
67900,10000,323
68000,10000,325
68100,10000,326
68200,10000,330
68300,10000,336
68400,10000,331
68500,10000,324
68600,10000,317
68700,10000,320
68800,10000,323
68900,10000,319
69000,10000,321
69100,10000,311
69200,10000,311
69300,10000,315
69400,10000,312
69500,10000,310
69600,10000,311
69700,10000,321
69800,10000,317
69900,10000,321
70000,10000,323
70100,10000,316
70200,10000,320
70300,10000,313
70400,10000,311
70500,10000,308
70600,10000,308
70700,10000,312
70800,10000,303
70900,10000,304
71000,10000,308
71100,10000,307
71200,10000,303
71300,10000,300
71400,10000,295
71500,10000,304
71600,10000,305
71700,10000,310
71800,10000,301
71900,10000,310
72000,10000,311
72100,10000,315
72200,10000,316
72300,10000,318
72400,10000,317
72500,10000,312
72600,10000,311
72700,10000,312
72800,10000,311
72900,10000,313
73000,10000,328
73100,10000,323
73200,10000,322
73300,10000,320
73400,10000,314
73500,10000,315
73600,10000,314
73700,10000,317
73800,10000,322
73900,10000,326
74000,10000,321
74100,10000,314
74200,10000,314
74300,10000,313
74400,10000,315
74500,10000,320
74600,10000,333
74700,10000,327
74800,10000,331
74900,10000,332
75000,10000,335
75100,10000,331
75200,10000,338
75300,10000,330
75400,10000,333
75500,10000,332
75600,10000,332
75700,10000,328
75800,10000,325
75900,10000,321
76000,10000,323
76100,10000,324
76200,10000,321
76300,10000,334
76400,10000,330
76500,10000,326
76600,10000,331
76700,10000,324
76800,10000,335
76900,10000,338
77000,10000,345
77100,10000,339
77200,10000,335
77300,10000,338
77400,10000,337
77500,10000,330
77600,10000,336
77700,10000,331
77800,10000,323
77900,10000,318
78000,10000,313
78100,10000,317
78200,10000,319
78300,10000,310
78400,10000,303
78500,10000,320
78600,10000,319
78700,10000,317
78800,10000,313
78900,10000,315
79000,10000,317
79100,10000,321
79200,10000,326
79300,10000,327
79400,10000,331
79500,10000,330
79600,10000,331
79700,10000,331
79800,10000,340
79900,10000,331
80000,10000,334
80100,10000,334
80200,10000,335
80300,10000,331
80400,10000,331
80500,10000,325
80600,10000,329
80700,10000,321
80800,10000,324
80900,10000,323
81000,10000,316
81100,10000,316
81200,10000,322
81300,10000,320
81400,10000,318
81500,10000,317
81600,10000,324
81700,10000,329
81800,10000,330
81900,10000,328
82000,10000,328
82100,10000,319
82200,10000,317
82300,10000,318
82400,10000,316
82500,10000,308
82600,10000,311
82700,10000,316
82800,10000,316
82900,10000,320
83000,10000,324
83100,10000,332
83200,10000,331
83300,10000,325
83400,10000,318
83500,10000,320
83600,10000,320
83700,10000,325
83800,10000,329
83900,10000,325
84000,10000,331
84100,10000,325
84200,10000,320
84300,10000,318
84400,10000,316
84500,10000,321
84600,10000,325
84700,10000,326
84800,10000,327
84900,10000,327
85000,10000,327
85100,10000,322
85200,10000,327
85300,10000,335
85400,10000,336
85500,10000,337
85600,10000,327
85700,10000,316
85800,10000,315
85900,10000,320
86000,10000,326
86100,10000,333
86200,10000,322
86300,10000,320
86400,10000,317
86500,10000,315
86600,10000,313
86700,10000,316
86800,10000,315
86900,10000,303
87000,10000,303
87100,10000,298
87200,10000,294
87300,10000,296
87400,10000,293
87500,10000,306
87600,10000,309
87700,10000,310
87800,10000,317
87900,10000,312
88000,10000,308
88100,10000,302
88200,10000,301
88300,10000,295
88400,10000,295
88500,10000,289
88600,10000,285
88700,10000,292
88800,10000,293
88900,10000,291
89000,10000,287
89100,10000,291
89200,10000,289
89300,10000,282
89400,10000,285
89500,10000,288
89600,10000,292
89700,10000,297
89800,10000,298
89900,10000,297
90000,10000,297
90100,10000,302
90200,10000,298
90300,10000,297
90400,10000,297
90500,10000,292
90600,10000,300
90700,10000,300
90800,10000,293
90900,10000,294
91000,10000,301
91100,10000,305
91200,10000,302
91300,10000,304
91400,10000,308
91500,10000,312
91600,10000,312
91700,10000,310
91800,10000,307
91900,10000,311
92000,10000,309
92100,10000,310
92200,10000,310
92300,10000,312
92400,10000,313
92500,10000,311
92600,10000,308
92700,10000,313
92800,10000,310
92900,10000,313
93000,10000,314
93100,10000,318
93200,10000,318
93300,10000,313
93400,10000,320
93500,10000,325
93600,10000,328
93700,10000,319
93800,10000,317
93900,10000,314
94000,10000,317
94100,10000,316
94200,10000,312
94300,10000,317
94400,10000,303
94500,10000,302
94600,10000,312
94700,10000,307
94800,10000,314
94900,10000,316
95000,10000,319
95100,10000,317
95200,10000,308
95300,10000,305
95400,10000,308
95500,10000,312
95600,10000,315
95700,10000,318
95800,10000,311
95900,10000,312
96000,10000,312
96100,10000,308
96200,10000,307
96300,10000,306
96400,10000,302
96500,10000,306
96600,10000,307
96700,10000,304
96800,10000,307
96900,10000,312
97000,10000,310
97100,10000,312
97200,10000,310
97300,10000,307
97400,10000,306
97500,10000,301
97600,10000,306
97700,10000,305
97800,10000,309
97900,10000,319
98000,10000,311
98100,10000,307
98200,10000,300
98300,10000,294
98400,10000,294
98500,10000,297
98600,10000,303
98700,10000,300
98800,10000,296
98900,10000,301
99000,10000,297
99100,10000,302
99200,10000,304
99300,10000,302
99400,10000,299
99500,10000,300
99600,10000,306
99700,10000,298
99800,10000,293
99900,10000,295
100000,10000,294
