update,sym_points_earned,sym_donate_calls,sym_points_donated,sym_steal_calls,sym_points_stolen
0,0,0,0,0,0
100,191850,0,0,0,0
200,166235,0,0,0,0
300,166210,0,0,0,0
400,166200,0,0,0,0
500,166650,0,0,0,0
600,140975,0,0,0,0
700,130245,0,0,0,0
800,129845,0,0,0,0
900,129885,0,0,0,0
1000,130165,0,0,0,0
1100,116520,0,0,0,0
1200,102135,0,0,0,0
1300,101355,0,0,0,0
1400,101905,0,0,0,0
1500,102085,0,0,0,0
1600,96955,0,0,0,0
1700,80390,0,0,0,0
1800,80450,0,0,0,0
1900,81180,0,0,0,0
2000,80245,0,0,0,0
2100,79830,0,0,0,0
2200,64765,0,0,0,0
2300,64720,0,0,0,0
2400,64750,0,0,0,0
2500,64445,0,0,0,0
2600,65085,0,0,0,0
2700,55170,0,0,0,0
2800,52220,0,0,0,0
2900,53160,0,0,0,0
3000,53445,0,0,0,0
3100,52685,0,0,0,0
3200,48520,0,0,0,0
3300,44055,0,0,0,0
3400,43515,0,0,0,0
3500,43300,0,0,0,0
3600,43020,0,0,0,0
3700,41275,0,0,0,0
3800,36410,0,0,0,0
3900,37270,0,0,0,0
4000,37455,0,0,0,0
4100,37505,0,0,0,0
4200,37050,0,0,0,0
4300,31680,0,0,0,0
4400,32840,0,0,0,0
4500,33320,0,0,0,0
4600,32975,0,0,0,0
4700,32795,0,0,0,0
4800,28265,0,0,0,0
4900,28025,0,0,0,0
5000,28690,0,0,0,0
5100,28240,0,0,0,0
5200,28550,0,0,0,0
5300,25075,0,0,0,0
5400,23095,0,0,0,0
5500,23770,0,0,0,0
5600,24535,0,0,0,0
5700,25020,0,0,0,0
5800,24860,0,0,0,0
5900,23330,0,0,0,0
6000,23880,0,0,0,0
6100,24615,0,0,0,0
6200,25875,0,0,0,0
6300,26550,0,0,0,0
6400,22565,0,0,0,0
6500,24145,0,0,0,0
6600,24690,0,0,0,0
6700,25990,0,0,0,0
6800,26945,0,0,0,0
6900,26000,0,0,0,0
7000,31815,0,0,0,0
7100,36995,0,0,0,0
7200,42315,0,0,0,0
7300,47120,0,0,0,0
7400,49830,0,0,0,0
7500,58535,0,0,0,0
7600,63470,0,0,0,0
7700,73430,0,0,0,0
7800,82650,0,0,0,0
7900,95690,0,0,0,0
8000,98735,0,0,0,0
8100,111315,0,0,0,0
8200,115975,0,0,0,0
8300,119905,0,0,0,0
8400,129355,0,0,0,0
8500,117620,0,0,0,0
8600,126810,0,0,0,0
8700,131030,0,0,0,0
8800,125230,0,0,0,0
8900,121065,0,0,0,0
9000,114120,0,0,0,0
9100,112075,0,0,0,0
9200,122580,0,0,0,0
9300,120080,0,0,0,0
9400,126260,0,0,0,0
9500,120720,0,0,0,0
9600,113910,0,0,0,0
9700,113320,0,0,0,0
9800,121820,0,0,0,0
9900,122900,0,0,0,0
10000,127220,0,0,0,0
10100,121270,0,0,0,0
10200,112560,0,0,0,0
10300,101340,0,0,0,0
10400,96490,0,0,0,0
10500,99610,0,0,0,0
10600,108970,0,0,0,0
10700,102890,0,0,0,0
10800,100060,0,0,0,0
10900,106605,0,0,0,0
11000,103145,0,0,0,0
11100,104695,0,0,0,0
11200,95120,0,0,0,0
11300,97190,0,0,0,0
11400,96560,0,0,0,0
11500,94155,0,0,0,0
11600,81890,0,0,0,0
11700,91250,0,0,0,0
11800,93355,0,0,0,0
11900,88960,0,0,0,0
12000,88705,0,0,0,0
12100,83820,0,0,0,0
12200,80930,0,0,0,0
12300,82045,0,0,0,0
12400,88020,0,0,0,0
12500,79820,0,0,0,0
12600,85875,0,0,0,0
12700,89255,0,0,0,0
12800,85785,0,0,0,0
12900,87040,0,0,0,0
13000,84875,0,0,0,0
13100,77970,0,0,0,0
13200,77080,0,0,0,0
13300,72905,0,0,0,0
13400,72820,0,0,0,0
13500,78160,0,0,0,0
13600,77890,0,0,0,0
13700,77840,0,0,0,0
13800,72480,0,0,0,0
13900,70605,0,0,0,0
14000,68960,0,0,0,0
14100,70605,0,0,0,0
14200,68765,0,0,0,0
14300,70695,0,0,0,0
14400,71975,0,0,0,0
14500,70890,0,0,0,0
14600,74515,0,0,0,0
14700,63155,0,0,0,0
14800,67210,0,0,0,0
14900,60200,0,0,0,0
15000,52150,0,0,0,0
15100,55590,0,0,0,0
15200,60080,0,0,0,0
15300,63280,0,0,0,0
15400,53470,0,0,0,0
15500,51180,0,0,0,0
15600,56840,0,0,0,0
15700,59165,0,0,0,0
15800,58505,0,0,0,0
15900,57250,0,0,0,0
16000,59960,0,0,0,0
16100,58355,0,0,0,0
16200,54335,0,0,0,0
16300,58410,0,0,0,0
16400,57915,0,0,0,0
16500,58995,0,0,0,0
16600,53160,0,0,0,0
16700,44130,0,0,0,0
16800,47170,0,0,0,0
16900,51735,0,0,0,0
17000,50320,0,0,0,0
17100,49035,0,0,0,0
17200,54190,0,0,0,0
17300,51630,0,0,0,0
17400,51030,0,0,0,0
17500,52355,0,0,0,0
17600,53195,0,0,0,0
17700,50420,0,0,0,0
17800,54535,0,0,0,0
17900,57060,0,0,0,0
18000,54330,0,0,0,0
18100,48125,0,0,0,0
18200,49860,0,0,0,0
18300,45665,0,0,0,0
18400,50420,0,0,0,0
18500,50635,0,0,0,0
18600,51720,0,0,0,0
18700,46040,0,0,0,0
18800,41625,0,0,0,0
18900,46055,0,0,0,0
19000,50060,0,0,0,0
19100,48710,0,0,0,0
19200,44745,0,0,0,0
19300,46300,0,0,0,0
19400,44225,0,0,0,0
19500,44980,0,0,0,0
19600,42305,0,0,0,0
19700,43595,0,0,0,0
19800,43845,0,0,0,0
19900,39175,0,0,0,0
20000,43735,0,0,0,0
20100,43200,0,0,0,0
20200,42770,0,0,0,0
20300,39570,0,0,0,0
20400,36835,0,0,0,0
20500,41910,0,0,0,0
20600,36475,0,0,0,0
20700,29975,0,0,0,0
20800,37150,0,0,0,0
20900,39235,0,0,0,0
21000,36555,0,0,0,0
21100,41375,0,0,0,0
21200,36680,0,0,0,0
21300,29405,0,0,0,0
21400,29190,0,0,0,0
21500,31425,0,0,0,0
21600,31990,0,0,0,0
21700,34075,0,0,0,0
21800,33595,0,0,0,0
21900,39635,0,0,0,0
22000,35465,0,0,0,0
22100,37550,0,0,0,0
22200,34220,0,0,0,0
22300,36815,0,0,0,0
22400,31990,0,0,0,0
22500,33030,0,0,0,0
22600,28275,0,0,0,0
22700,26610,0,0,0,0
22800,33175,0,0,0,0
22900,33920,0,0,0,0
23000,36060,0,0,0,0
23100,33370,0,0,0,0
23200,33980,0,0,0,0
23300,32195,0,0,0,0
23400,32730,0,0,0,0
23500,33790,0,0,0,0
23600,30655,0,0,0,0
23700,33015,0,0,0,0
23800,30870,0,0,0,0
23900,32595,0,0,0,0
24000,33165,0,0,0,0
24100,32230,0,0,0,0
24200,27085,0,0,0,0
24300,24085,0,0,0,0
24400,26000,0,0,0,0
24500,30860,0,0,0,0
24600,28565,0,0,0,0
24700,28805,0,0,0,0
24800,32295,0,0,0,0
24900,28040,0,0,0,0
25000,23970,0,0,0,0
25100,30975,0,0,0,0
25200,37725,0,0,0,0
25300,32805,0,0,0,0
25400,33345,0,0,0,0
25500,31540,0,0,0,0
25600,30060,0,0,0,0
25700,27790,0,0,0,0
25800,25900,0,0,0,0
25900,30980,0,0,0,0
26000,36480,0,0,0,0
26100,33705,0,0,0,0
26200,32320,0,0,0,0
26300,30285,0,0,0,0
26400,31745,0,0,0,0
26500,31300,0,0,0,0
26600,31850,0,0,0,0
26700,32540,0,0,0,0
26800,30675,0,0,0,0
26900,28480,0,0,0,0
27000,30465,0,0,0,0
27100,30990,0,0,0,0
27200,30700,0,0,0,0
27300,27515,0,0,0,0
27400,25760,0,0,0,0
27500,25985,0,0,0,0
27600,25015,0,0,0,0
27700,24170,0,0,0,0
27800,26280,0,0,0,0
27900,29335,0,0,0,0
28000,30265,0,0,0,0
28100,31840,0,0,0,0
28200,30440,0,0,0,0
28300,30120,0,0,0,0
28400,29385,0,0,0,0
28500,26190,0,0,0,0
28600,26755,0,0,0,0
28700,32725,0,0,0,0
28800,31835,0,0,0,0
28900,34040,0,0,0,0
29000,31895,0,0,0,0
29100,29570,0,0,0,0
29200,25160,0,0,0,0
29300,25240,0,0,0,0
29400,27575,0,0,0,0
29500,25920,0,0,0,0
29600,25850,0,0,0,0
29700,25295,0,0,0,0
29800,21010,0,0,0,0
29900,26175,0,0,0,0
30000,25310,0,0,0,0
30100,25770,0,0,0,0
30200,24115,0,0,0,0
30300,30135,0,0,0,0
30400,30035,0,0,0,0
30500,32365,0,0,0,0
30600,27125,0,0,0,0
30700,26955,0,0,0,0
30800,26190,0,0,0,0
30900,23190,0,0,0,0
31000,25765,0,0,0,0
31100,25480,0,0,0,0
31200,27090,0,0,0,0
31300,22465,0,0,0,0
31400,22645,0,0,0,0
31500,21475,0,0,0,0
31600,20285,0,0,0,0
31700,18110,0,0,0,0
31800,17355,0,0,0,0
31900,20545,0,0,0,0
32000,23790,0,0,0,0
32100,25665,0,0,0,0
32200,26705,0,0,0,0
32300,28525,0,0,0,0
32400,24325,0,0,0,0
32500,19485,0,0,0,0
32600,21610,0,0,0,0
32700,22035,0,0,0,0
32800,17550,0,0,0,0
32900,21275,0,0,0,0
33000,24955,0,0,0,0
33100,24990,0,0,0,0
33200,24880,0,0,0,0
33300,26750,0,0,0,0
33400,27610,0,0,0,0
33500,28360,0,0,0,0
33600,24410,0,0,0,0
33700,24975,0,0,0,0
33800,21885,0,0,0,0
33900,21095,0,0,0,0
34000,20390,0,0,0,0
34100,21255,0,0,0,0
34200,27065,0,0,0,0
34300,25200,0,0,0,0
34400,22720,0,0,0,0
34500,18485,0,0,0,0
34600,20715,0,0,0,0
34700,24750,0,0,0,0
34800,22475,0,0,0,0
34900,23920,0,0,0,0
35000,24960,0,0,0,0
35100,24995,0,0,0,0
35200,23335,0,0,0,0
35300,23340,0,0,0,0
35400,20625,0,0,0,0
35500,20150,0,0,0,0
35600,22185,0,0,0,0
35700,21015,0,0,0,0
35800,20635,0,0,0,0
35900,21200,0,0,0,0
36000,23245,0,0,0,0
36100,22575,0,0,0,0
36200,20350,0,0,0,0
36300,20565,0,0,0,0
36400,20425,0,0,0,0
36500,17650,0,0,0,0
36600,19105,0,0,0,0
36700,22895,0,0,0,0
36800,24335,0,0,0,0
36900,25345,0,0,0,0
37000,22160,0,0,0,0
37100,23350,0,0,0,0
37200,21625,0,0,0,0
37300,21115,0,0,0,0
37400,20295,0,0,0,0
37500,17585,0,0,0,0
37600,19140,0,0,0,0
37700,17200,0,0,0,0
37800,21280,0,0,0,0
37900,21945,0,0,0,0
38000,18535,0,0,0,0
38100,18235,0,0,0,0
38200,19345,0,0,0,0
38300,20030,0,0,0,0
38400,19545,0,0,0,0
38500,19510,0,0,0,0
38600,17415,0,0,0,0
38700,18685,0,0,0,0
38800,20620,0,0,0,0
38900,21225,0,0,0,0
39000,23175,0,0,0,0
39100,24705,0,0,0,0
39200,20175,0,0,0,0
39300,21910,0,0,0,0
39400,21805,0,0,0,0
39500,18795,0,0,0,0
39600,21330,0,0,0,0
39700,20830,0,0,0,0
39800,20475,0,0,0,0
39900,18700,0,0,0,0
40000,18175,0,0,0,0
40100,18455,0,0,0,0
40200,18770,0,0,0,0
40300,16750,0,0,0,0
40400,18560,0,0,0,0
40500,23125,0,0,0,0
40600,21075,0,0,0,0
40700,19985,0,0,0,0
40800,20645,0,0,0,0
40900,22295,0,0,0,0
41000,23065,0,0,0,0
41100,22315,0,0,0,0
41200,20725,0,0,0,0
41300,16840,0,0,0,0
41400,17095,0,0,0,0
41500,20890,0,0,0,0
41600,24615,0,0,0,0
41700,23800,0,0,0,0
41800,22455,0,0,0,0
41900,22605,0,0,0,0
42000,22425,0,0,0,0
42100,24155,0,0,0,0
42200,27075,0,0,0,0
42300,26720,0,0,0,0
42400,27510,0,0,0,0
42500,26970,0,0,0,0
42600,28065,0,0,0,0
42700,29205,0,0,0,0
42800,27775,0,0,0,0
42900,28490,0,0,0,0
43000,27470,0,0,0,0
43100,28470,0,0,0,0
43200,23600,0,0,0,0
43300,25270,0,0,0,0
43400,26505,0,0,0,0
43500,24795,0,0,0,0
43600,21310,0,0,0,0
43700,22760,0,0,0,0
43800,25115,0,0,0,0
43900,26490,0,0,0,0
44000,27030,0,0,0,0
44100,25390,0,0,0,0
44200,27375,0,0,0,0
44300,27235,0,0,0,0
44400,28030,0,0,0,0
44500,23575,0,0,0,0
44600,21945,0,0,0,0
44700,21945,0,0,0,0
44800,24485,0,0,0,0
44900,24800,0,0,0,0
45000,25445,0,0,0,0
45100,26240,0,0,0,0
45200,24205,0,0,0,0
45300,25570,0,0,0,0
45400,26275,0,0,0,0
45500,26405,0,0,0,0
45600,26090,0,0,0,0
45700,25790,0,0,0,0
45800,24195,0,0,0,0
45900,24460,0,0,0,0
46000,22745,0,0,0,0
46100,22035,0,0,0,0
46200,23285,0,0,0,0
46300,24525,0,0,0,0
46400,26620,0,0,0,0
46500,25675,0,0,0,0
46600,23590,0,0,0,0
46700,21515,0,0,0,0
46800,22215,0,0,0,0
46900,21100,0,0,0,0
47000,21215,0,0,0,0
47100,21800,0,0,0,0
47200,21135,0,0,0,0
47300,21760,0,0,0,0
47400,19365,0,0,0,0
47500,20510,0,0,0,0
47600,20430,0,0,0,0
47700,20000,0,0,0,0
47800,22820,0,0,0,0
47900,24165,0,0,0,0
48000,22015,0,0,0,0
48100,18780,0,0,0,0
48200,20545,0,0,0,0
48300,20450,0,0,0,0
48400,22880,0,0,0,0
48500,23645,0,0,0,0
48600,19685,0,0,0,0
48700,17420,0,0,0,0
48800,17655,0,0,0,0
48900,19125,0,0,0,0
49000,19190,0,0,0,0
49100,19300,0,0,0,0
49200,19415,0,0,0,0
49300,18920,0,0,0,0
49400,16900,0,0,0,0
49500,18575,0,0,0,0
49600,17125,0,0,0,0
49700,18305,0,0,0,0
49800,18495,0,0,0,0
49900,19070,0,0,0,0
50000,18600,0,0,0,0
50100,18015,0,0,0,0
50200,18195,0,0,0,0
50300,16590,0,0,0,0
50400,18205,0,0,0,0
50500,20205,0,0,0,0
50600,20170,0,0,0,0
50700,21025,0,0,0,0
50800,18820,0,0,0,0
50900,18565,0,0,0,0
51000,21190,0,0,0,0
51100,21445,0,0,0,0
51200,21505,0,0,0,0
51300,20925,0,0,0,0
51400,21165,0,0,0,0
51500,20805,0,0,0,0
51600,18495,0,0,0,0
51700,18140,0,0,0,0
51800,16355,0,0,0,0
51900,17585,0,0,0,0
52000,19115,0,0,0,0
52100,20055,0,0,0,0
52200,18270,0,0,0,0
52300,20600,0,0,0,0
52400,20230,0,0,0,0
52500,17220,0,0,0,0
52600,16275,0,0,0,0
52700,17375,0,0,0,0
52800,18610,0,0,0,0
52900,17540,0,0,0,0
53000,20050,0,0,0,0
53100,19380,0,0,0,0
53200,18235,0,0,0,0
53300,17745,0,0,0,0
53400,16215,0,0,0,0
53500,14545,0,0,0,0
53600,16460,0,0,0,0
53700,19645,0,0,0,0
53800,22580,0,0,0,0
53900,21510,0,0,0,0
54000,20545,0,0,0,0
54100,17780,0,0,0,0
54200,19005,0,0,0,0
54300,20265,0,0,0,0
54400,20055,0,0,0,0
54500,19250,0,0,0,0
54600,20815,0,0,0,0
54700,20835,0,0,0,0
54800,22625,0,0,0,0
54900,20035,0,0,0,0
55000,17455,0,0,0,0
55100,18360,0,0,0,0
55200,19425,0,0,0,0
55300,20150,0,0,0,0
55400,18505,0,0,0,0
55500,18965,0,0,0,0
55600,16420,0,0,0,0
55700,18620,0,0,0,0
55800,20755,0,0,0,0
55900,19515,0,0,0,0
56000,20245,0,0,0,0
56100,21255,0,0,0,0
56200,21945,0,0,0,0
56300,23365,0,0,0,0
56400,20770,0,0,0,0
56500,17755,0,0,0,0
56600,18055,0,0,0,0
56700,15175,0,0,0,0
56800,16805,0,0,0,0
56900,16060,0,0,0,0
57000,18470,0,0,0,0
57100,17700,0,0,0,0
57200,21320,0,0,0,0
57300,21900,0,0,0,0
57400,22070,0,0,0,0
57500,20715,0,0,0,0
57600,22130,0,0,0,0
57700,20865,0,0,0,0
57800,23495,0,0,0,0
57900,20000,0,0,0,0
58000,16885,0,0,0,0
58100,19335,0,0,0,0
58200,21080,0,0,0,0
58300,20000,0,0,0,0
58400,19415,0,0,0,0
58500,17915,0,0,0,0
58600,17805,0,0,0,0
58700,18510,0,0,0,0
58800,18920,0,0,0,0
58900,20025,0,0,0,0
59000,20405,0,0,0,0
59100,18995,0,0,0,0
59200,16430,0,0,0,0
59300,18400,0,0,0,0
59400,17665,0,0,0,0
59500,16910,0,0,0,0
59600,16410,0,0,0,0
59700,15625,0,0,0,0
59800,17865,0,0,0,0
59900,17735,0,0,0,0
60000,15845,0,0,0,0
60100,16480,0,0,0,0
60200,18000,0,0,0,0
60300,16660,0,0,0,0
60400,18355,0,0,0,0
60500,18805,0,0,0,0
60600,16865,0,0,0,0
60700,20230,0,0,0,0
60800,21385,0,0,0,0
60900,21455,0,0,0,0
61000,22625,0,0,0,0
61100,21345,0,0,0,0
61200,18350,0,0,0,0
61300,18740,0,0,0,0
61400,22425,0,0,0,0
61500,20265,0,0,0,0
61600,17315,0,0,0,0
61700,18080,0,0,0,0
61800,21900,0,0,0,0
61900,22000,0,0,0,0
62000,22095,0,0,0,0
62100,18100,0,0,0,0
62200,20200,0,0,0,0
62300,19845,0,0,0,0
62400,18290,0,0,0,0
62500,24515,0,0,0,0
62600,22470,0,0,0,0
62700,21440,0,0,0,0
62800,23195,0,0,0,0
62900,23390,0,0,0,0
63000,23320,0,0,0,0
63100,23590,0,0,0,0
63200,25245,0,0,0,0
63300,23990,0,0,0,0
63400,22665,0,0,0,0
63500,23075,0,0,0,0
63600,21825,0,0,0,0
63700,23295,0,0,0,0
63800,19220,0,0,0,0
63900,22865,0,0,0,0
64000,25650,0,0,0,0
64100,23755,0,0,0,0
64200,21410,0,0,0,0
64300,18275,0,0,0,0
64400,18295,0,0,0,0
64500,17010,0,0,0,0
64600,17275,0,0,0,0
64700,19705,0,0,0,0
64800,23150,0,0,0,0
64900,21470,0,0,0,0
65000,22955,0,0,0,0
65100,20340,0,0,0,0
65200,19250,0,0,0,0
65300,24520,0,0,0,0
65400,20395,0,0,0,0
65500,20065,0,0,0,0
65600,20925,0,0,0,0
65700,22000,0,0,0,0
65800,22420,0,0,0,0
65900,18995,0,0,0,0
66000,18225,0,0,0,0
66100,17845,0,0,0,0
66200,18695,0,0,0,0
66300,18545,0,0,0,0
66400,18655,0,0,0,0
66500,21660,0,0,0,0
66600,22185,0,0,0,0
66700,21255,0,0,0,0
66800,20095,0,0,0,0
66900,19000,0,0,0,0
67000,18655,0,0,0,0
67100,18595,0,0,0,0
67200,19230,0,0,0,0
67300,20715,0,0,0,0
67400,20015,0,0,0,0
67500,19955,0,0,0,0
67600,20220,0,0,0,0
67700,21415,0,0,0,0
67800,20255,0,0,0,0
67900,20275,0,0,0,0
68000,20410,0,0,0,0
68100,20255,0,0,0,0
68200,23745,0,0,0,0
68300,28725,0,0,0,0
68400,26370,0,0,0,0
68500,24425,0,0,0,0
68600,28075,0,0,0,0
68700,21680,0,0,0,0
68800,20950,0,0,0,0
68900,22210,0,0,0,0
69000,24375,0,0,0,0
69100,23085,0,0,0,0
69200,20315,0,0,0,0
69300,15835,0,0,0,0
69400,14195,0,0,0,0
69500,14055,0,0,0,0
69600,14130,0,0,0,0
69700,15655,0,0,0,0
69800,21670,0,0,0,0
69900,18710,0,0,0,0
70000,19635,0,0,0,0
70100,22435,0,0,0,0
70200,23215,0,0,0,0
70300,26305,0,0,0,0
70400,25405,0,0,0,0
70500,26265,0,0,0,0
70600,26275,0,0,0,0
70700,22240,0,0,0,0
70800,22005,0,0,0,0
70900,20855,0,0,0,0
71000,20570,0,0,0,0
71100,22785,0,0,0,0
71200,21550,0,0,0,0
71300,20095,0,0,0,0
71400,16830,0,0,0,0
71500,18255,0,0,0,0
71600,18600,0,0,0,0
71700,16455,0,0,0,0
71800,16850,0,0,0,0
71900,15945,0,0,0,0
72000,14175,0,0,0,0
72100,16800,0,0,0,0
72200,16770,0,0,0,0
72300,16195,0,0,0,0
72400,15140,0,0,0,0
72500,16310,0,0,0,0
72600,17400,0,0,0,0
72700,17735,0,0,0,0
72800,16450,0,0,0,0
72900,18400,0,0,0,0
73000,18340,0,0,0,0
73100,18145,0,0,0,0
73200,16140,0,0,0,0
73300,18070,0,0,0,0
73400,16760,0,0,0,0
73500,15150,0,0,0,0
73600,14490,0,0,0,0
73700,16895,0,0,0,0
73800,19280,0,0,0,0
73900,17355,0,0,0,0
74000,14375,0,0,0,0
74100,16650,0,0,0,0
74200,19195,0,0,0,0
74300,22005,0,0,0,0
74400,22380,0,0,0,0
74500,18080,0,0,0,0
74600,20010,0,0,0,0
74700,24790,0,0,0,0
74800,22500,0,0,0,0
74900,20345,0,0,0,0
75000,18965,0,0,0,0
75100,19160,0,0,0,0
75200,19775,0,0,0,0
75300,26070,0,0,0,0
75400,25125,0,0,0,0
75500,23385,0,0,0,0
75600,21460,0,0,0,0
75700,21385,0,0,0,0
75800,20655,0,0,0,0
75900,21180,0,0,0,0
76000,23335,0,0,0,0
76100,21485,0,0,0,0
76200,22925,0,0,0,0
76300,25975,0,0,0,0
76400,22820,0,0,0,0
76500,22420,0,0,0,0
76600,24080,0,0,0,0
76700,23740,0,0,0,0
76800,27285,0,0,0,0
76900,29005,0,0,0,0
77000,24110,0,0,0,0
77100,27215,0,0,0,0
77200,24260,0,0,0,0
77300,22065,0,0,0,0
77400,20790,0,0,0,0
77500,19400,0,0,0,0
77600,20670,0,0,0,0
77700,21405,0,0,0,0
77800,19605,0,0,0,0
77900,18720,0,0,0,0
78000,20970,0,0,0,0
78100,21385,0,0,0,0
78200,22375,0,0,0,0
78300,19220,0,0,0,0
78400,22770,0,0,0,0
78500,22450,0,0,0,0
78600,23265,0,0,0,0
78700,21265,0,0,0,0
78800,20250,0,0,0,0
78900,16735,0,0,0,0
79000,18745,0,0,0,0
79100,21710,0,0,0,0
79200,22340,0,0,0,0
79300,22105,0,0,0,0
79400,22575,0,0,0,0
79500,25575,0,0,0,0
79600,21820,0,0,0,0
79700,22600,0,0,0,0
79800,26030,0,0,0,0
79900,26385,0,0,0,0
80000,24155,0,0,0,0
80100,22800,0,0,0,0
80200,23810,0,0,0,0
80300,28235,0,0,0,0
80400,26045,0,0,0,0
80500,24400,0,0,0,0
80600,23820,0,0,0,0
80700,22920,0,0,0,0
80800,18705,0,0,0,0
80900,21525,0,0,0,0
81000,22320,0,0,0,0
81100,17880,0,0,0,0
81200,18420,0,0,0,0
81300,22815,0,0,0,0
81400,22380,0,0,0,0
81500,17315,0,0,0,0
81600,18585,0,0,0,0
81700,22070,0,0,0,0
81800,21320,0,0,0,0
81900,22600,0,0,0,0
82000,26190,0,0,0,0
82100,23260,0,0,0,0
82200,19340,0,0,0,0
82300,20330,0,0,0,0
82400,25285,0,0,0,0
82500,23365,0,0,0,0
82600,21095,0,0,0,0
82700,24515,0,0,0,0
82800,21000,0,0,0,0
82900,21295,0,0,0,0
83000,21360,0,0,0,0
83100,23035,0,0,0,0
83200,21190,0,0,0,0
83300,18310,0,0,0,0
83400,15925,0,0,0,0
83500,14055,0,0,0,0
83600,13815,0,0,0,0
83700,13860,0,0,0,0
83800,13095,0,0,0,0
83900,12575,0,0,0,0
84000,16515,0,0,0,0
84100,18695,0,0,0,0
84200,17395,0,0,0,0
84300,17935,0,0,0,0
84400,18470,0,0,0,0
84500,21385,0,0,0,0
84600,22215,0,0,0,0
84700,20520,0,0,0,0
84800,17455,0,0,0,0
84900,19295,0,0,0,0
85000,21130,0,0,0,0
85100,23735,0,0,0,0
85200,20175,0,0,0,0
85300,22715,0,0,0,0
85400,21375,0,0,0,0
85500,23385,0,0,0,0
85600,23230,0,0,0,0
85700,22605,0,0,0,0
85800,20625,0,0,0,0
85900,18765,0,0,0,0
86000,18410,0,0,0,0
86100,20790,0,0,0,0
86200,21975,0,0,0,0
86300,19415,0,0,0,0
86400,15970,0,0,0,0
86500,18220,0,0,0,0
86600,17815,0,0,0,0
86700,17595,0,0,0,0
86800,19285,0,0,0,0
86900,19310,0,0,0,0
87000,23165,0,0,0,0
87100,21205,0,0,0,0
87200,19085,0,0,0,0
87300,17915,0,0,0,0
87400,17535,0,0,0,0
87500,21800,0,0,0,0
87600,20950,0,0,0,0
87700,16625,0,0,0,0
87800,14510,0,0,0,0
87900,15070,0,0,0,0
88000,16645,0,0,0,0
88100,15000,0,0,0,0
88200,13760,0,0,0,0
88300,14985,0,0,0,0
88400,19055,0,0,0,0
88500,23350,0,0,0,0
88600,27115,0,0,0,0
88700,25380,0,0,0,0
88800,21275,0,0,0,0
88900,21665,0,0,0,0
89000,21075,0,0,0,0
89100,21285,0,0,0,0
89200,24410,0,0,0,0
89300,25340,0,0,0,0
89400,24465,0,0,0,0
89500,26160,0,0,0,0
89600,27210,0,0,0,0
89700,26095,0,0,0,0
89800,25425,0,0,0,0
89900,23230,0,0,0,0
90000,21310,0,0,0,0
90100,22560,0,0,0,0
90200,24325,0,0,0,0
90300,20610,0,0,0,0
90400,21440,0,0,0,0
90500,26400,0,0,0,0
90600,23590,0,0,0,0
90700,21420,0,0,0,0
90800,21120,0,0,0,0
90900,24065,0,0,0,0
91000,18035,0,0,0,0
91100,23070,0,0,0,0
91200,26230,0,0,0,0
91300,23000,0,0,0,0
91400,23760,0,0,0,0
91500,27740,0,0,0,0
91600,25135,0,0,0,0
91700,25635,0,0,0,0
91800,24150,0,0,0,0
91900,21515,0,0,0,0
92000,21590,0,0,0,0
92100,20820,0,0,0,0
92200,24675,0,0,0,0
92300,21765,0,0,0,0
92400,26380,0,0,0,0
92500,24610,0,0,0,0
92600,20555,0,0,0,0
92700,24125,0,0,0,0
92800,26680,0,0,0,0
92900,26910,0,0,0,0
93000,26500,0,0,0,0
93100,24860,0,0,0,0
93200,24290,0,0,0,0
93300,26210,0,0,0,0
93400,24615,0,0,0,0
93500,21345,0,0,0,0
93600,18140,0,0,0,0
93700,22235,0,0,0,0
93800,24370,0,0,0,0
93900,23690,0,0,0,0
94000,19905,0,0,0,0
94100,16520,0,0,0,0
94200,18190,0,0,0,0
94300,20210,0,0,0,0
94400,19900,0,0,0,0
94500,18640,0,0,0,0
94600,20100,0,0,0,0
94700,23715,0,0,0,0
94800,22455,0,0,0,0
94900,23165,0,0,0,0
95000,25655,0,0,0,0
95100,28820,0,0,0,0
95200,27795,0,0,0,0
95300,27010,0,0,0,0
95400,32980,0,0,0,0
95500,26070,0,0,0,0
95600,25305,0,0,0,0
95700,26700,0,0,0,0
95800,23255,0,0,0,0
95900,28140,0,0,0,0
96000,30440,0,0,0,0
96100,24535,0,0,0,0
96200,25125,0,0,0,0
96300,24450,0,0,0,0
96400,27710,0,0,0,0
96500,30700,0,0,0,0
96600,27555,0,0,0,0
96700,28810,0,0,0,0
96800,26615,0,0,0,0
96900,24605,0,0,0,0
97000,24535,0,0,0,0
97100,21440,0,0,0,0
97200,24045,0,0,0,0
97300,25650,0,0,0,0
97400,26660,0,0,0,0
97500,25580,0,0,0,0
97600,27935,0,0,0,0
97700,26420,0,0,0,0
97800,30405,0,0,0,0
97900,27210,0,0,0,0
98000,25490,0,0,0,0
98100,26475,0,0,0,0
98200,25975,0,0,0,0
98300,24035,0,0,0,0
98400,23000,0,0,0,0
98500,23935,0,0,0,0
98600,23065,0,0,0,0
98700,23945,0,0,0,0
98800,25720,0,0,0,0
98900,22090,0,0,0,0
99000,24775,0,0,0,0
99100,24265,0,0,0,0
99200,28085,0,0,0,0
99300,25945,0,0,0,0
99400,25935,0,0,0,0
99500,24760,0,0,0,0
99600,25750,0,0,0,0
99700,23495,0,0,0,0
99800,22565,0,0,0,0
99900,22305,0,0,0,0
100000,22540,0,0,0,0
