update,host_task_NOT,sym_task_NOT,host_task_NAND,sym_task_NAND,host_task_AND,sym_task_AND,host_task_ORN,sym_task_ORN,host_task_OR,sym_task_OR,host_task_ANDN,sym_task_ANDN,host_task_NOR,sym_task_NOR,host_task_XOR,sym_task_XOR,host_task_EQU,sym_task_EQU
0,0,0,0,0,0,0,0,0,0,0,0,0,0,0,0,0,0,0
100,9997,38359,0,0,2,4,0,1,2,0,1,2,0,0,0,0,0,0
200,9995,33275,0,3,2,5,0,2,1,6,2,1,0,0,0,0,0,0
300,9993,33264,0,9,3,8,1,6,3,8,0,1,0,0,0,0,0,0
400,9995,33138,0,5,1,3,1,0,3,5,0,3,0,0,0,0,0,0
500,9994,33171,0,5,1,7,1,2,3,5,1,4,0,0,0,0,0,0
600,9992,28137,0,2,1,9,0,4,5,6,2,2,0,0,0,0,0,0
700,9991,25903,0,3,1,1,4,0,2,7,2,1,0,0,0,0,0,0
800,9985,25946,0,10,4,4,2,4,8,3,1,2,0,0,0,0,0,0
900,9994,25967,1,3,1,9,1,3,3,8,0,2,0,0,0,0,0,0
1000,9997,25917,0,7,2,4,0,5,1,6,0,2,0,0,0,0,0,0
1100,9995,23256,0,2,3,2,0,3,1,1,1,1,0,0,0,0,0,0
1200,9993,20449,0,6,1,2,4,6,2,5,0,3,0,0,0,0,0,0
1300,9994,20412,0,7,1,2,2,2,2,4,1,1,0,0,0,0,0,0
1400,9994,20367,0,7,2,5,1,1,2,8,1,1,0,0,0,0,0,0
1500,9987,20477,2,11,2,8,3,1,5,2,1,1,0,0,0,0,0,0
1600,9992,19395,1,1,1,2,3,3,1,2,2,3,0,0,0,0,0,0
1700,9981,16154,12,2,1,2,1,0,4,2,1,0,0,0,0,0,0,0
1800,9985,16052,10,3,2,3,1,2,2,5,0,2,0,0,0,0,0,0
1900,9980,16006,12,10,0,5,1,2,6,2,1,1,0,0,0,0,0,0
2000,9981,15985,14,5,1,3,1,1,3,1,0,0,0,0,0,0,0,0
2100,9978,16008,13,5,2,3,3,1,3,1,1,1,0,0,0,0,0,0
2200,9986,12984,5,3,3,5,3,1,2,2,1,1,0,0,0,0,0,0
2300,9985,12906,8,5,1,1,0,1,5,4,1,2,0,0,0,0,0,0
2400,9983,12694,7,3,2,1,3,1,5,2,0,0,0,0,0,0,0,0
2500,9988,12829,7,9,0,5,3,1,1,0,1,2,0,0,0,0,0,0
2600,9984,12700,6,4,3,4,2,0,3,2,2,1,0,0,0,0,0,0
2700,9981,10834,7,3,6,1,2,1,3,1,1,0,0,0,0,0,0,0
2800,9977,10405,12,3,2,4,4,0,4,3,1,1,0,0,0,0,0,0
2900,9978,10431,11,1,1,4,8,3,2,4,0,1,0,0,0,0,0,0
3000,9977,10657,12,1,2,1,4,0,3,2,2,1,0,0,0,0,0,0
3100,9971,10409,14,4,3,3,5,0,6,1,1,0,0,0,0,0,0,0
3200,9983,9369,7,4,4,1,5,2,1,1,0,1,0,0,0,0,0,0
3300,9987,8513,7,1,1,1,3,0,2,5,0,0,0,0,0,0,0,0
3400,9977,8505,6,7,3,0,6,0,8,0,0,0,0,0,0,0,0,0
3500,9984,8677,4,13,2,2,6,2,4,0,0,0,0,0,0,0,0,0
3600,9980,8683,5,1,3,1,7,3,1,0,3,1,1,0,0,0,0,0
3700,9978,8179,9,2,2,0,4,1,3,1,4,0,0,0,0,0,0,0
3800,9969,7112,17,6,3,4,5,0,6,4,0,1,0,0,0,0,0,0
3900,9970,7212,18,10,3,4,7,1,2,0,0,0,0,0,0,0,0,0
4000,9967,7272,23,5,1,1,4,1,5,1,0,1,0,0,0,0,0,0
4100,9965,7247,18,10,2,2,7,0,6,0,2,0,0,0,0,0,0,0
4200,9970,7208,22,13,2,1,4,0,2,1,0,0,0,0,0,0,0,0
4300,9964,6078,20,5,3,1,9,0,3,1,1,0,0,0,0,0,0,0
4400,9959,6239,21,11,2,1,10,1,7,1,1,0,0,0,0,0,0,0
4500,9969,6396,19,15,0,1,6,1,2,3,4,0,0,0,0,0,0,0
4600,9969,6417,18,13,2,1,6,0,4,2,1,1,0,0,0,0,0,0
4700,9970,6339,19,10,2,2,4,0,4,1,1,1,0,0,0,0,0,0
4800,9967,5741,22,12,1,0,6,0,3,0,1,1,0,0,0,0,0,0
4900,9961,5640,26,6,2,1,5,0,3,0,3,1,0,0,0,0,0,0
5000,9961,5818,25,8,1,1,9,1,4,0,0,0,0,0,0,0,0,0
5100,9960,5815,28,7,3,1,7,3,1,0,1,0,0,0,0,0,0,0
5200,9962,5875,28,8,0,0,6,3,2,3,2,0,0,0,0,0,0,0
5300,9966,5423,21,16,2,1,7,0,3,2,1,0,0,0,0,0,0,0
5400,9940,5135,42,18,3,3,7,0,5,2,3,2,0,0,0,0,0,0
5500,9937,5145,51,42,2,0,5,1,5,1,0,0,0,0,0,0,0,0
5600,9936,5237,49,23,1,0,9,2,3,2,2,0,0,2,0,0,0,0
5700,9926,5356,53,19,1,1,12,2,8,4,0,0,0,0,0,0,0,0
5800,9935,5166,47,27,4,1,10,2,3,0,1,0,0,0,0,0,0,0
5900,9943,4714,32,58,2,2,11,2,11,0,1,0,0,0,0,0,0,0
6000,9946,5430,27,57,4,0,13,3,7,4,3,1,0,0,0,0,0,0
6100,9950,6635,31,26,3,1,11,1,4,2,1,2,0,0,0,0,0,0
6200,9949,7879,27,65,5,1,13,6,5,9,1,1,0,0,0,0,0,0
6300,9949,9363,30,78,1,6,14,2,6,3,0,2,0,0,0,0,0,0
6400,9932,10423,46,93,2,1,12,3,6,2,2,2,0,0,0,0,0,0
6500,9928,13116,44,141,5,8,14,11,4,1,5,0,0,0,0,0,0,0
6600,9926,16495,43,216,3,16,21,14,4,4,3,1,0,0,0,0,0,0
6700,9898,17610,42,130,2,13,48,8,7,6,3,3,0,0,0,0,0,0
6800,9902,17885,37,96,6,25,50,8,2,4,1,2,2,0,0,0,0,0
6900,9897,17677,53,70,1,20,44,7,5,6,0,2,0,0,0,0,0,0
7000,9877,17784,60,62,0,8,51,3,11,7,1,0,0,0,0,0,0,0
7100,9881,17428,60,82,3,8,49,3,5,6,2,1,0,0,0,0,0,0
7200,9862,17677,72,79,2,14,56,4,4,7,4,2,0,0,0,0,0,0
7300,9868,16772,70,212,2,5,54,5,4,6,2,2,0,0,0,0,0,0
7400,9899,16553,64,208,3,3,28,5,4,6,1,4,1,0,0,0,0,0
7500,9914,17072,68,127,1,14,10,19,6,5,1,1,0,0,0,0,0,0
7600,9922,18980,60,99,2,13,9,10,4,7,3,0,0,0,0,0,0,0
7700,9916,19998,59,78,5,9,13,2,4,6,3,1,0,0,0,0,0,0
7800,9911,19083,73,69,3,16,6,8,2,5,5,0,0,1,0,0,0,0
7900,9915,18463,60,57,3,15,8,8,11,3,3,0,0,0,0,0,0,0
8000,9919,19273,65,83,2,4,7,5,5,4,1,1,1,0,0,0,0,0
8100,9905,20202,72,104,4,9,12,4,6,5,1,3,0,0,0,0,0,0
8200,9869,18710,76,100,5,4,37,6,11,6,2,2,0,0,0,0,0,0
8300,9876,18657,72,96,5,8,42,3,3,0,2,1,0,0,0,0,0,0
8400,9875,19632,76,114,3,4,40,4,5,4,1,1,0,0,0,0,0,0
8500,9889,20062,63,82,4,5,38,6,5,6,1,1,0,0,0,0,0,0
8600,9881,20653,70,93,3,9,36,6,6,3,3,1,1,0,0,0,0,0
8700,9875,20006,78,78,3,6,38,6,6,7,0,2,0,0,0,0,0,0
8800,9860,19040,87,73,4,4,42,4,3,2,4,2,0,0,0,0,0,0
8900,9860,20456,83,112,4,7,39,9,8,11,4,3,2,1,0,0,0,0
9000,9846,20286,88,133,8,3,44,6,8,4,6,1,0,0,0,0,0,0
9100,9834,21038,111,91,4,5,40,2,9,2,2,2,0,0,0,0,0,0
9200,9820,22051,116,40,9,4,43,4,6,1,6,1,0,0,0,0,0,0
9300,9780,21097,161,74,4,5,38,5,17,5,0,3,0,0,0,0,0,0
9400,9772,21667,174,137,2,2,40,7,9,4,3,3,0,0,0,0,0,0
9500,9718,21214,213,132,6,3,42,14,16,4,4,4,1,0,0,0,0,0
9600,9715,21346,217,173,2,4,46,15,15,3,5,0,0,0,0,0,0,0
9700,9687,22768,237,387,6,3,42,16,25,5,2,0,1,0,0,0,0,0
9800,9660,23261,266,412,4,15,43,9,24,6,2,1,1,0,0,0,0,0
9900,9648,22494,264,264,5,6,54,10,27,6,2,3,0,0,0,0,0,0
10000,9643,22020,265,323,6,7,59,6,26,4,1,2,0,0,0,0,0,0
10100,9646,21229,263,247,5,2,57,6,24,7,5,1,0,0,0,0,0,0
10200,9639,22843,263,297,10,4,55,10,31,5,1,0,1,0,0,0,0,0
10300,9638,23323,276,350,7,6,55,6,22,2,2,2,0,0,0,0,0,0
10400,9621,22550,264,354,7,4,74,6,28,4,6,3,0,0,0,0,0,0
10500,9628,21833,266,320,6,9,76,6,22,6,1,3,1,0,0,0,0,0
10600,9631,23870,247,320,8,1,90,10,22,6,2,3,0,0,0,0,0,0
10700,9634,23415,239,372,13,10,93,4,20,2,1,4,0,0,0,0,0,0
10800,9625,22192,254,743,7,9,90,3,23,4,1,1,0,0,0,0,0,0
10900,9663,23207,225,705,6,4,83,7,22,6,0,0,1,0,0,0,0,0
11000,9689,23222,204,778,9,6,75,8,20,3,1,5,2,0,0,0,0,0
11100,9645,22821,243,829,11,6,67,6,32,5,2,2,0,0,0,0,0,0
11200,9655,23397,244,798,5,5,75,5,18,4,3,4,0,0,0,0,0,0
11300,9557,22066,337,865,10,5,74,5,17,7,5,1,0,0,0,0,0,0
11400,9529,22040,362,967,10,9,78,5,18,7,3,6,0,0,0,0,0,0
11500,9435,21574,430,1154,5,6,102,6,22,5,6,0,0,0,0,0,0,0
11600,9416,22248,446,1424,3,4,111,1,20,7,4,2,0,0,0,0,0,0
11700,9428,22577,433,1341,5,5,110,4,22,12,2,2,0,0,0,0,0,0
11800,9445,20952,434,1209,5,9,98,1,13,3,5,6,0,0,0,0,0,0
11900,9470,22429,427,1211,1,6,83,6,18,4,1,1,0,0,0,0,0,0
12000,9461,21728,436,1477,3,3,71,6,22,3,7,3,0,0,0,0,0,0
12100,9443,22146,448,1515,11,4,78,6,18,5,2,1,0,0,0,0,0,0
12200,9461,21642,401,1477,45,1,75,5,17,3,1,0,0,0,0,0,0,0
12300,9500,21558,364,1596,41,9,80,2,12,9,3,2,0,0,0,0,0,0
12400,9486,20192,370,1202,37,7,94,5,12,8,1,3,0,0,0,0,0,0
12500,9443,21394,408,1086,37,4,92,5,13,12,7,2,0,0,0,0,0,0
12600,9437,21378,424,1238,39,5,80,8,16,4,4,3,0,0,0,0,0,0
12700,9441,19632,436,1151,27,3,83,3,10,6,3,3,0,0,0,0,0,0
12800,9428,18908,443,954,26,6,86,29,14,5,3,1,0,0,0,0,0,0
12900,9458,18817,413,921,31,4,82,20,12,9,3,3,1,0,0,0,0,0
13000,9368,18221,508,845,25,2,91,13,5,7,3,2,0,0,0,0,0,0
13100,9388,17538,499,746,24,2,77,4,8,4,4,4,0,0,0,0,0,0
13200,9369,16840,485,755,24,3,113,12,6,4,3,1,0,0,0,0,0,0
13300,9308,18186,546,906,18,2,123,14,5,3,0,1,0,0,0,0,0,0
13400,9230,17408,619,832,21,2,119,4,9,7,2,2,0,0,0,0,0,0
13500,9267,16368,611,793,14,7,94,8,9,3,5,2,0,0,0,0,0,0
13600,9294,17434,575,623,14,10,109,8,7,8,1,2,0,0,0,0,0,0
13700,9297,16206,567,486,12,1,109,2,11,1,4,1,0,0,0,0,0,0
13800,9307,16598,564,633,9,5,108,6,7,2,5,1,0,0,0,0,0,0
13900,9312,17131,553,851,8,10,119,7,7,5,1,3,0,0,0,0,0,0
14000,9237,16445,605,956,11,1,137,6,5,3,5,1,0,0,0,0,0,0
14100,9183,16192,585,891,57,5,164,4,8,5,3,3,0,0,0,0,0,0
14200,9133,16116,633,1219,60,3,162,2,7,4,5,4,0,0,0,0,0,0
14300,9146,15305,621,1232,60,2,169,3,2,5,1,0,1,0,0,0,0,0
14400,9183,14577,571,1089,60,5,175,3,8,9,3,2,0,0,0,0,0,0
14500,9220,14965,554,1095,62,3,159,2,3,0,2,1,0,0,0,0,0,0
14600,9273,14754,489,1018,59,4,166,11,11,1,2,0,0,0,0,0,0,0
14700,9252,16774,506,893,59,2,173,4,9,2,1,1,0,0,0,0,0,0
14800,9302,15936,488,744,22,1,168,3,10,8,10,1,0,0,0,0,0,0
14900,9318,15020,493,795,15,1,159,1,9,2,6,2,0,0,0,0,0,0
15000,9315,14419,463,1020,14,1,199,2,7,1,2,1,0,0,0,0,0,0
15100,9296,14896,457,1074,16,1,223,4,6,4,2,1,0,0,0,0,0,0
15200,9295,14353,486,1016,14,2,194,7,6,7,5,0,0,0,0,0,0,0
15300,9273,14952,521,1017,10,1,184,8,9,6,3,1,0,0,0,0,0,0
15400,9236,12937,571,987,11,3,170,7,8,2,4,2,0,0,0,0,0,0
15500,9220,11849,602,943,13,7,155,0,8,7,2,2,0,0,0,0,0,0
15600,9155,12828,669,1122,12,4,153,4,7,4,4,1,0,0,0,0,0,0
15700,9144,11556,666,1132,12,2,162,2,11,0,4,1,1,0,0,0,0,0
15800,9109,11034,723,1069,8,8,145,6,10,1,5,3,0,0,0,0,0,0
15900,9129,10740,713,1030,14,3,130,7,9,1,5,0,0,0,0,0,0,0
16000,9139,10835,688,1429,10,4,153,1,8,2,2,1,0,0,0,0,0,0
16100,9120,10795,708,1455,14,3,146,2,9,4,3,2,0,0,0,0,0,0
16200,9052,11662,761,1613,10,1,160,1,10,8,7,1,0,0,0,0,0,0
16300,9096,10649,722,1448,5,3,163,6,7,2,6,0,1,0,0,0,0,0
16400,9113,10691,716,1186,6,1,155,3,7,3,3,1,0,0,0,0,0,0
16500,9113,11216,740,874,4,2,132,3,5,1,5,1,1,0,0,0,0,0
16600,9082,11408,779,848,8,3,124,0,4,6,2,2,1,0,0,0,0,0
16700,9077,11506,791,596,4,0,118,1,7,1,3,1,0,0,0,0,0,0
16800,9098,10492,759,530,6,2,123,3,8,1,5,0,1,0,0,0,0,0
16900,9144,10039,713,611,7,2,121,2,7,2,6,1,2,0,0,0,0,0
17000,9143,9954,744,576,5,3,98,1,6,4,4,1,0,0,0,0,0,0
17100,9162,10829,739,670,7,0,85,3,4,2,3,0,0,0,0,0,0,0
17200,9321,10956,582,640,5,0,73,5,17,11,2,0,0,0,0,0,0,0
17300,9431,9897,474,655,8,2,78,6,4,3,5,0,0,0,0,0,0,0
17400,9423,10343,473,834,2,1,93,4,7,2,2,0,0,0,0,0,0,0
17500,9432,9152,477,961,3,1,78,1,9,8,1,0,0,0,0,0,0,0
17600,9464,9031,435,743,4,2,87,2,8,1,2,2,0,0,0,0,0,0
17700,9482,9025,422,686,4,5,82,11,7,3,3,0,0,0,0,0,0,0
17800,9502,8643,397,658,8,2,76,7,12,6,5,2,0,0,0,0,0,0
17900,9480,8487,427,513,5,5,77,5,8,3,3,1,0,0,0,0,0,0
18000,9425,9115,474,437,5,3,82,2,12,6,2,3,0,0,0,0,0,0
18100,9440,9588,471,494,4,6,75,3,8,3,2,2,0,0,0,0,0,0
18200,9411,8946,491,536,4,5,81,3,5,3,7,0,1,0,0,0,0,0
18300,9408,9778,495,801,25,2,58,3,11,1,3,2,0,0,0,0,0,0
18400,9404,9854,478,692,36,2,75,2,6,1,1,1,0,0,0,0,0,0
18500,9401,9045,483,749,38,0,73,1,2,3,3,1,0,0,0,0,0,0
18600,9378,8613,497,684,45,1,70,2,7,6,3,0,0,0,0,0,0,0
18700,9391,7922,498,696,32,1,67,2,6,2,6,1,0,0,0,0,0,0
18800,9354,8075,529,826,35,2,70,1,10,5,2,1,0,0,0,0,0,0
18900,9369,7258,526,969,38,2,57,0,6,4,4,1,0,0,0,0,0,0
19000,9359,6906,567,936,36,1,32,5,3,7,3,0,0,0,0,0,0,0
19100,9302,6674,618,812,37,1,29,3,9,2,5,2,0,0,0,0,0,0
19200,9336,6617,591,917,36,1,27,3,7,3,3,2,0,0,0,0,0,0
19300,9305,6501,617,1097,38,3,30,2,8,6,2,0,0,0,0,0,0,0
19400,9314,6962,616,918,37,1,25,1,3,7,5,3,0,0,0,0,0,0
19500,9303,7951,616,789,37,0,30,2,10,1,4,1,0,0,0,0,0,0
19600,9357,8445,569,767,42,5,21,1,9,2,2,2,0,0,0,0,0,0
19700,9341,7726,589,1017,38,6,23,2,6,1,3,0,0,0,0,0,0,0
19800,9370,7289,559,1088,39,12,24,3,5,2,3,0,0,0,0,0,0,0
19900,9450,7486,482,1358,37,1,21,2,6,1,4,0,0,0,0,0,0,0
20000,9492,7238,445,1208,46,6,12,5,4,4,1,0,0,1,0,0,0,0
20100,9528,7113,419,899,31,5,13,2,7,2,2,5,0,0,0,0,0,0
20200,9534,6956,410,886,28,1,20,4,5,3,3,2,0,0,0,0,0,0
20300,9551,7469,391,1007,29,5,18,0,9,3,2,0,0,0,0,0,0,0
20400,9552,8267,398,966,28,5,13,0,8,4,1,1,0,0,0,0,0,0
20500,9524,8187,430,1023,27,1,10,0,6,6,3,2,0,0,0,0,0,0
20600,9479,7574,472,664,23,1,15,0,9,3,2,2,0,0,0,0,0,0
20700,9526,6857,426,640,25,5,13,1,8,4,2,0,0,0,0,0,0,0
20800,9545,6879,410,609,26,3,7,8,9,1,3,0,0,0,0,0,0,0
20900,9555,5931,396,735,25,5,17,3,5,1,2,1,0,0,0,0,0,0
21000,9538,4903,413,944,29,29,7,1,11,4,2,2,0,0,0,0,0,0
21100,9464,6264,493,961,22,0,13,2,7,0,1,2,0,0,0,0,0,0
21200,9486,6042,471,867,24,5,8,0,8,2,2,1,1,0,0,0,0,0
21300,9486,5430,473,619,24,4,9,2,4,2,4,0,0,0,0,0,0,0
21400,9480,5740,471,765,33,1,10,2,4,7,2,0,0,0,0,0,0,0
21500,9482,6143,471,939,24,3,12,0,9,3,2,4,0,0,0,0,0,0
21600,9456,4989,484,1411,27,4,15,5,12,3,6,0,0,0,0,0,0,0
21700,9486,3993,470,1300,23,3,10,15,7,4,4,3,0,0,0,0,0,0
21800,9497,4193,469,981,23,6,3,7,7,2,1,2,0,0,0,0,0,0
21900,9471,4725,484,953,28,1,5,4,9,0,2,0,0,0,0,0,1,0
22000,9452,5236,507,838,25,1,10,2,5,0,1,1,0,0,0,0,0,0
22100,9462,4973,501,1012,26,2,6,5,2,1,3,0,0,0,0,0,0,0
22200,9535,5083,423,1005,24,2,6,2,9,1,3,1,0,0,0,0,0,0
22300,9553,5635,404,741,26,1,11,0,4,1,2,0,0,0,0,0,0,0
22400,9571,5742,386,626,23,3,5,1,11,1,4,1,0,0,0,0,0,0
22500,9572,5992,392,699,22,1,7,0,7,5,0,0,0,0,0,0,0,0
22600,9551,5394,408,680,21,2,6,0,11,0,3,0,0,0,0,0,0,0
22700,9535,4849,423,740,23,2,7,0,8,2,4,1,0,0,0,0,0,0
22800,9531,5282,432,702,16,3,10,2,8,1,2,0,0,0,0,0,1,0
22900,9544,5710,416,734,21,0,9,2,6,1,4,0,0,0,0,0,0,0
23000,9503,5988,439,724,22,2,25,2,7,1,4,1,0,0,0,0,0,0
23100,9540,5802,413,819,21,1,15,1,7,2,3,0,1,0,0,0,0,0
23200,9512,5830,449,793,18,4,16,5,4,1,0,2,0,0,0,0,1,0
23300,9473,5784,467,874,27,4,20,1,6,5,7,1,0,0,0,0,0,0
23400,9486,5459,466,1026,16,2,25,5,7,3,0,0,0,0,0,0,0,0
23500,9492,5161,470,1107,5,3,24,1,7,1,1,3,1,0,0,0,0,0
23600,9524,5224,435,1325,1,2,33,4,4,2,3,0,0,0,0,0,0,0
23700,9543,5658,395,982,2,0,53,2,5,1,2,0,0,0,0,0,0,0
23800,9563,5568,354,898,10,2,59,0,10,3,3,1,1,0,0,0,0,0
23900,9578,5510,349,927,4,1,59,1,7,1,3,1,0,0,0,0,0,0
24000,9630,5914,297,846,4,2,58,1,6,2,5,2,0,0,0,0,0,0
24100,9620,5134,309,987,3,2,52,4,10,1,6,1,0,0,0,0,0,0
24200,9600,4552,342,1029,2,3,51,8,3,3,2,3,0,0,0,0,0,0
24300,9612,4997,341,1061,4,2,22,1,16,3,5,0,0,0,0,0,0,0
24400,9636,5318,330,1082,2,2,23,1,9,2,0,1,0,0,0,0,0,0
24500,9611,5876,342,797,8,3,27,4,8,3,4,0,0,0,0,0,0,0
24600,9615,5614,345,660,5,6,24,4,9,4,2,1,0,0,0,0,0,0
24700,9606,5687,350,560,6,0,30,1,7,2,1,1,0,0,0,0,0,0
24800,9646,5139,309,485,10,2,24,0,8,3,3,0,0,0,0,0,0,0
24900,9692,5082,272,528,7,0,22,3,5,4,2,1,0,0,0,0,0,0
25000,9721,5160,237,662,21,0,13,1,5,1,3,1,0,0,0,0,0,0
25100,9735,6448,225,823,19,3,10,1,6,2,5,1,0,0,0,0,0,0
25200,9737,6288,215,950,21,2,14,5,10,5,3,0,0,0,0,0,0,0
25300,9753,6101,209,848,19,2,10,6,7,4,2,1,0,0,0,0,0,0
25400,9723,5888,232,903,22,2,12,6,8,3,3,2,0,0,0,0,0,0
25500,9733,5488,228,832,19,4,8,2,10,4,2,1,0,0,0,0,0,0
25600,9680,5259,271,914,19,3,17,2,4,5,9,0,0,0,0,0,0,0
25700,9654,5324,301,959,22,0,12,0,7,2,4,1,0,0,0,0,0,0
25800,9635,5232,325,745,16,2,19,6,3,1,2,2,0,0,0,0,0,0
25900,9652,5321,302,840,18,3,17,3,9,3,2,0,0,0,0,0,0,0
26000,9608,5886,345,931,15,2,23,1,5,6,4,0,0,0,0,0,0,0
26100,9584,6254,363,730,21,3,21,3,9,4,2,1,0,0,0,0,0,0
26200,9598,5319,356,619,18,1,17,1,6,0,5,2,0,0,0,0,0,0
26300,9603,5248,345,437,24,2,23,5,3,2,2,1,0,0,0,0,0,0
26400,9600,4866,338,403,22,2,26,1,7,3,7,1,0,0,0,0,0,0
26500,9626,5092,326,423,21,8,16,4,5,3,6,1,0,0,0,0,0,0
26600,9632,5303,319,355,21,3,20,1,7,3,1,2,0,0,0,0,0,0
26700,9628,5845,322,452,21,5,22,2,6,3,1,0,0,0,0,0,0,0
26800,9615,5913,330,520,19,4,26,1,7,5,3,0,0,0,0,0,0,0
26900,9595,4955,341,563,23,1,26,1,11,3,4,1,0,0,0,0,0,0
27000,9582,5349,359,625,19,3,27,1,9,3,4,2,0,0,0,0,0,0
27100,9578,5069,355,643,20,0,38,2,7,1,2,0,0,0,0,0,0,0
27200,9561,4794,370,657,17,4,43,3,4,4,5,1,0,0,0,0,0,0
27300,9571,4823,366,698,22,0,33,3,3,2,4,2,1,0,0,0,0,0
27400,9581,5440,356,812,18,1,39,1,4,3,2,2,0,0,0,0,0,0
27500,9601,4839,345,787,20,2,22,2,9,1,3,0,0,0,0,0,0,0
27600,9571,5225,382,727,19,3,21,1,5,3,2,2,0,0,0,0,0,0
27700,9553,4888,387,739,25,6,24,3,9,2,2,0,0,0,0,0,0,0
27800,9536,5222,399,645,34,6,26,1,4,5,1,0,0,0,0,0,0,0
27900,9484,4775,448,706,34,2,21,1,9,0,4,2,0,0,0,0,0,0
28000,9498,4438,434,810,36,2,27,2,4,5,1,1,0,0,0,0,0,0
28100,9484,4669,440,822,33,4,34,0,6,2,3,1,0,0,0,0,0,0
28200,9484,4828,441,860,31,4,34,5,7,1,3,1,0,0,0,0,0,0
28300,9494,5304,439,866,20,2,40,1,5,3,2,2,0,0,0,0,0,0
28400,9469,4847,467,910,23,5,28,3,9,3,4,0,0,0,0,0,0,0
28500,9392,4836,552,977,19,3,32,0,3,3,2,0,0,0,0,0,0,0
28600,9357,3903,573,789,19,4,38,2,11,7,2,0,0,0,0,0,0,0
28700,9370,3627,581,741,20,1,25,1,1,3,3,0,0,0,0,0,0,0
28800,9380,3803,577,806,21,3,16,8,4,1,2,1,0,0,0,0,0,0
28900,9290,3726,622,904,17,4,62,1,7,6,2,2,0,0,0,0,0,0
29000,9271,3971,633,1006,21,0,67,5,7,1,1,0,0,0,0,0,0,0
29100,9277,4067,635,821,18,6,59,2,6,5,5,4,0,0,0,0,0,0
29200,9269,3729,646,858,17,4,58,1,7,4,3,1,0,0,0,0,0,0
29300,9369,4528,537,954,19,3,54,2,20,3,1,0,0,0,0,0,0,0
29400,9354,4535,551,1062,16,4,69,7,8,4,1,0,1,0,0,0,0,0
29500,9300,3764,611,815,20,3,60,5,5,2,4,1,0,0,0,0,0,0
29600,9288,3324,621,760,23,2,61,3,7,1,0,1,0,0,0,0,0,0
29700,9301,3804,602,1000,19,1,65,6,8,3,5,2,0,0,0,0,0,0
29800,9298,4315,616,866,17,0,59,4,5,2,5,0,0,0,0,0,0,0
29900,9270,3950,641,899,18,1,65,2,5,3,1,2,0,0,0,0,0,0
30000,9213,3838,709,882,6,7,62,3,7,2,3,1,0,0,0,0,0,0
30100,9229,4431,702,994,4,1,56,1,6,4,3,1,0,0,0,0,0,0
30200,9163,5059,753,982,8,4,61,6,9,1,6,1,0,0,0,0,0,0
30300,9174,4892,746,986,5,5,61,0,11,4,3,0,0,0,0,0,0,0
30400,9192,4386,731,1083,6,1,56,3,12,1,3,2,0,0,0,0,0,0
30500,9215,4627,713,1132,7,5,55,1,7,3,3,0,0,0,0,0,0,0
30600,9291,4646,631,1093,12,3,53,3,12,4,1,1,0,0,0,0,0,0
30700,9334,4994,597,1104,5,17,55,7,4,3,5,2,0,0,0,0,0,0
30800,9353,4492,578,1038,7,4,51,3,8,2,3,1,0,0,0,0,0,0
30900,9383,4250,550,853,8,2,51,1,6,2,2,0,0,0,0,0,0,0
31000,9416,4627,516,832,7,2,55,1,3,3,2,0,1,0,0,0,0,0
31100,9460,4336,462,991,9,2,56,3,10,5,3,0,0,0,0,0,0,0
31200,9464,4517,460,1136,12,2,52,2,9,6,3,2,0,0,0,0,0,0
31300,9458,4592,517,957,10,2,9,1,5,2,1,2,0,0,0,0,0,0
31400,9440,4313,532,1057,6,1,10,3,8,3,4,1,0,0,0,0,0,0
31500,9411,4277,567,1027,5,0,8,3,6,2,3,2,0,0,0,0,0,0
31600,9411,4289,566,915,4,2,8,0,10,1,1,1,0,0,0,0,0,0
31700,9365,4128,613,903,7,1,7,0,7,3,1,1,0,0,0,0,0,0
31800,9357,5225,620,912,5,1,6,1,7,0,5,1,0,0,0,0,0,0
31900,9318,4444,657,838,3,0,7,7,12,0,3,0,0,0,0,0,0,0
32000,9363,4669,614,599,3,0,12,2,6,1,2,0,0,0,0,0,0,0
32100,9399,5052,573,653,5,1,10,2,9,1,4,2,0,0,0,0,0,0
32200,9374,4737,600,658,5,4,11,1,5,2,5,1,0,0,0,0,0,0
32300,9364,4524,618,747,3,1,7,4,7,2,1,1,0,0,0,0,0,0
32400,9352,4438,624,730,5,4,8,5,8,1,3,0,0,0,0,0,0,0
32500,9349,3839,628,720,2,1,14,5,5,2,2,0,0,0,0,0,0,0
32600,9336,4130,630,913,5,2,15,3,12,4,2,0,0,0,0,0,0,0
32700,9319,4046,658,980,4,1,4,2,13,1,2,2,0,0,0,0,0,0
32800,9278,3701,693,1006,9,3,8,1,9,1,3,1,0,0,0,0,0,0
32900,9279,3957,695,790,7,3,11,1,3,4,5,2,0,0,0,0,0,0
33000,9231,3771,751,703,4,6,10,0,4,6,0,0,0,0,0,0,0,0
33100,9263,3470,721,879,6,2,5,0,4,3,1,1,0,0,0,0,0,0
33200,9266,2853,713,881,4,0,7,0,8,1,2,0,0,0,0,0,0,0
33300,9289,3088,689,1012,6,2,10,2,4,2,2,4,0,0,0,0,0,0
33400,9220,3815,762,931,3,5,11,1,3,3,1,3,0,0,0,0,0,0
33500,9134,4563,852,1144,5,1,2,0,6,5,1,0,0,0,0,0,0,0
33600,9110,4515,866,1190,7,3,7,1,9,2,1,1,0,0,0,0,0,0
33700,9102,4312,873,1270,7,2,3,0,8,2,7,0,0,0,0,0,0,0
33800,9080,4111,906,1237,4,1,3,3,2,2,5,0,0,0,0,0,0,0
33900,9110,4094,875,1220,3,0,5,4,4,1,3,3,0,0,0,0,0,0
34000,9121,3510,866,999,4,0,2,1,4,3,3,2,0,0,0,0,0,0
34100,9134,3359,848,870,7,1,6,0,3,3,2,2,0,0,0,0,0,0
34200,9175,3837,808,1125,5,3,3,1,9,2,0,1,0,0,0,0,0,0
34300,9181,4683,789,1318,10,2,2,2,14,1,4,1,0,0,0,0,0,0
34400,9210,4948,775,1234,7,3,2,3,3,0,3,0,0,0,0,0,0,0
34500,9213,4991,771,1141,4,3,6,2,4,2,2,2,0,0,0,0,0,0
34600,9243,4927,715,883,5,6,19,2,14,1,4,0,0,0,0,0,0,0
34700,9258,5125,716,795,4,3,13,3,6,0,3,0,0,0,0,0,0,0
34800,9335,4659,633,925,10,0,13,2,7,1,2,0,0,0,0,0,0,0
34900,9342,5241,637,871,4,1,8,1,7,2,2,0,0,0,0,0,0,0
35000,9326,4615,643,1061,9,3,16,1,5,0,1,0,0,0,0,0,0,0
35100,9356,4555,619,1058,5,3,15,0,2,6,2,4,1,0,0,0,0,0
35200,9381,5092,590,1105,3,4,11,0,14,0,1,0,0,0,0,0,0,0
35300,9360,5448,605,833,4,6,20,2,8,3,2,0,1,0,0,0,0,0
35400,9360,5164,616,757,5,1,12,1,3,1,3,0,1,0,0,0,0,0
35500,9351,4035,623,890,7,0,13,1,6,1,0,0,0,0,0,0,0,0
35600,9346,3417,632,940,8,1,3,3,6,2,5,0,0,0,0,0,0,0
35700,9398,3370,588,850,5,0,1,5,6,1,2,1,0,0,0,0,0,0
35800,9424,4549,562,809,4,3,4,3,4,3,2,1,0,0,0,0,0,0
35900,9423,4898,564,533,7,0,1,0,2,2,3,0,0,0,0,0,0,0
36000,9368,5351,619,577,4,2,2,0,3,2,4,2,0,0,0,0,0,0
36100,9300,5183,682,690,6,3,4,2,4,3,4,0,0,0,0,0,0,0
36200,9324,4532,663,633,2,0,5,8,2,1,4,1,0,0,0,0,0,0
36300,9344,5169,630,614,8,1,6,1,9,0,3,1,0,0,0,0,0,0
36400,9389,5104,588,778,8,1,4,1,8,2,3,2,0,0,0,0,0,0
36500,9392,4882,584,756,4,1,8,1,8,0,4,0,0,0,0,0,0,0
36600,9373,4478,618,676,2,0,4,2,2,3,1,1,0,0,0,0,0,0
36700,9364,4734,611,557,5,5,5,1,13,1,2,2,0,0,0,0,0,0
36800,9384,5502,591,602,7,4,8,5,8,2,2,0,0,0,0,0,0,0
36900,9422,5736,558,633,7,2,5,2,6,1,2,2,0,0,0,0,0,0
37000,9490,5160,495,842,7,2,0,0,4,1,4,0,0,0,0,0,0,0
37100,9519,5085,465,839,4,2,4,1,2,4,6,1,0,0,0,0,0,0
37200,9582,4487,399,946,7,1,4,4,6,5,2,1,0,0,0,0,0,0
37300,9612,4935,374,915,2,0,3,0,7,0,2,1,0,0,0,0,0,0
37400,9544,4610,447,1031,1,0,2,0,4,2,2,0,0,0,0,0,0,0
37500,9512,5016,474,1180,4,0,1,3,8,6,1,0,0,0,0,0,0,0
37600,9490,4791,498,1147,2,2,2,1,5,5,3,3,0,0,0,0,0,0
37700,9495,4578,496,922,3,2,0,3,5,0,1,0,0,0,0,0,0,0
37800,9509,4379,479,877,3,0,4,5,3,0,2,0,0,0,0,0,0,0
37900,9573,4720,417,868,1,2,2,2,4,3,3,1,0,0,0,0,0,0
38000,9604,4252,380,1001,5,1,2,4,6,2,2,0,1,0,0,0,0,0
38100,9608,4431,379,951,2,1,2,1,5,6,4,3,0,0,0,0,0,0
38200,9587,4919,398,939,5,5,4,0,4,2,2,0,0,0,0,0,0,0
38300,9583,5179,402,993,2,1,1,1,7,2,5,1,0,0,0,0,0,0
38400,9531,4715,455,857,5,0,4,0,3,1,2,0,0,0,0,0,0,0
38500,9582,3722,409,753,1,1,2,0,5,0,1,0,0,0,0,0,0,0
38600,9609,4706,376,838,8,0,1,0,4,2,2,1,0,0,0,0,0,0
38700,9617,5430,366,840,3,3,7,0,5,2,2,0,0,0,0,0,0,0
38800,9638,4848,340,817,4,2,5,1,6,1,7,1,0,0,0,0,0,0
38900,9645,4254,337,830,3,3,8,0,4,0,3,0,0,0,0,0,0,0
39000,9667,3984,318,944,5,3,2,3,3,1,5,0,0,0,0,0,0,0
39100,9683,3525,296,978,8,1,3,2,6,2,4,3,0,0,0,0,0,0
39200,9694,3110,281,1025,7,2,4,0,10,2,4,2,0,0,0,0,0,0
39300,9687,3469,289,1098,8,2,5,3,7,0,4,0,0,0,0,0,0,0
39400,9655,3771,317,1013,16,0,1,2,10,0,1,0,0,0,0,0,0,0
39500,9615,3245,329,850,47,0,3,2,2,2,4,1,0,0,0,0,0,0
39600,9733,3335,238,763,17,0,3,3,6,1,3,0,0,0,0,0,0,0
39700,9757,4111,228,791,6,0,3,0,3,0,3,2,0,0,0,0,0,0
39800,9760,4196,231,650,4,3,1,3,3,1,1,1,0,0,0,0,0,0
39900,9765,4052,221,530,4,0,3,2,5,0,2,0,0,0,0,0,0,0
40000,9744,3870,241,426,3,2,4,0,5,1,3,1,0,0,0,0,0,0
40100,9758,4185,229,381,5,2,3,0,5,1,0,1,0,0,0,0,0,0
40200,9774,5013,216,383,1,4,0,4,4,3,5,2,0,0,0,0,0,0
40300,9735,4464,243,446,7,1,2,0,9,0,4,1,0,0,0,0,0,0
40400,9733,3408,255,495,1,0,2,1,5,1,3,0,0,0,0,0,1,0
40500,9702,3568,283,529,7,0,1,0,7,0,0,0,0,0,0,0,0,0
40600,9678,4096,303,659,6,0,3,5,8,3,2,0,0,0,0,0,0,0
40700,9678,4338,302,511,4,4,3,1,12,2,1,1,0,0,0,0,0,0
40800,9690,4822,297,525,7,0,2,5,3,0,1,0,0,0,0,0,0,0
40900,9692,4585,296,392,2,2,3,2,5,0,2,0,0,0,0,0,0,0
41000,9708,4271,279,251,3,2,1,0,6,3,3,0,0,0,0,0,0,0
41100,9734,3811,256,238,4,1,2,0,4,2,0,0,0,0,0,0,0,0
41200,9754,4236,234,260,2,0,4,0,4,0,2,0,0,0,0,0,0,0
41300,9749,4114,231,311,5,0,1,3,10,1,4,3,0,0,0,0,0,0
41400,9733,3581,245,328,10,2,3,1,6,0,3,1,0,0,0,0,0,0
41500,9697,3756,292,305,3,0,3,2,1,2,4,0,0,0,0,0,0,0
41600,9617,3680,360,298,6,0,2,0,11,0,3,1,1,0,0,0,0,0
41700,9574,3817,413,322,3,2,5,2,3,6,2,1,0,0,0,0,0,0
41800,9576,3501,410,356,1,1,4,0,8,0,0,0,1,0,0,0,0,0
41900,9553,3885,435,420,4,1,2,0,5,2,1,0,0,0,0,0,0,0
42000,9585,3569,405,449,1,1,2,0,5,4,2,0,0,0,0,0,0,0
42100,9593,3971,395,353,4,3,1,0,4,0,3,0,0,0,0,0,0,0
42200,9583,3640,405,356,4,1,1,1,6,3,1,0,0,0,0,0,0,0
42300,9600,4082,389,416,1,1,3,1,6,2,1,1,0,0,0,0,0,0
42400,9592,3931,399,467,2,1,2,0,3,4,2,0,0,0,0,0,0,0
42500,9590,3947,398,421,3,1,3,0,3,1,3,0,0,0,0,0,0,0
42600,9589,4600,397,391,8,1,3,3,3,2,0,1,0,0,0,0,0,0
42700,9592,4716,392,324,6,1,5,0,4,0,1,1,0,0,0,0,0,0
42800,9609,4955,379,340,3,2,1,0,7,3,1,2,0,0,0,0,0,0
42900,9621,4463,356,346,5,1,7,1,7,1,4,0,0,0,0,0,0,0
43000,9622,4270,365,309,3,2,7,0,1,1,2,0,0,0,0,0,0,0
43100,9572,4306,417,288,2,1,3,0,3,3,2,1,1,0,0,0,0,0
43200,9564,3605,417,268,5,0,6,2,4,0,4,0,0,0,0,0,0,0
43300,9564,4097,421,202,5,3,3,3,4,0,2,0,1,0,0,0,0,0
43400,9537,4368,450,195,2,0,5,2,4,3,2,0,0,0,0,0,0,0
43500,9541,4147,439,206,7,1,6,1,5,0,2,0,0,0,0,0,0,0
43600,9562,4069,417,224,3,0,8,0,8,1,2,0,0,0,0,0,0,0
43700,9587,4157,396,275,3,0,7,0,6,1,1,1,0,0,0,0,0,0
43800,9595,3673,388,238,3,0,9,2,3,0,2,0,0,0,0,0,0,0
43900,9616,4024,361,185,7,1,8,1,7,0,1,0,0,0,0,0,0,0
44000,9663,3615,311,185,5,0,13,0,6,1,2,0,0,0,0,0,0,0
44100,9677,3836,306,169,3,1,9,2,4,3,1,0,0,0,0,0,0,0
44200,9631,3656,362,160,2,1,3,5,1,1,1,0,0,0,0,0,0,0
44300,9611,4075,371,157,5,0,9,2,3,3,1,1,0,0,0,0,0,0
44400,9599,3779,386,167,0,0,6,2,6,1,3,0,0,0,0,0,0,0
44500,9591,3799,394,170,2,1,5,5,6,0,2,1,0,0,0,0,0,0
44600,9582,4108,399,164,5,0,5,8,7,1,2,1,0,0,0,0,0,0
44700,9595,4010,390,117,2,0,6,2,3,1,4,0,0,0,0,0,0,0
44800,9594,3982,390,215,6,0,3,0,6,0,1,2,0,0,0,0,0,0
44900,9601,4046,388,332,1,2,6,1,3,4,1,2,0,0,0,0,0,0
45000,9601,4113,389,335,3,1,3,0,3,1,1,2,0,0,0,0,0,0
45100,9635,4075,348,282,6,0,2,0,7,0,2,0,0,0,0,0,0,0
45200,9682,3833,310,330,2,1,3,0,2,0,1,2,0,0,0,0,0,0
45300,9680,4132,304,371,5,2,4,0,6,0,1,0,0,0,0,0,0,0
45400,9712,4619,273,339,4,1,6,2,4,0,1,0,0,0,0,0,0,0
45500,9720,4358,264,263,7,3,1,4,6,0,2,0,0,0,0,0,0,0
45600,9725,4693,264,382,2,1,6,1,2,3,1,0,0,0,0,0,0,0
45700,9744,4481,244,389,2,1,4,2,5,2,1,0,0,0,0,0,0,0
45800,9766,4215,218,375,2,0,7,0,5,1,2,1,0,0,0,0,0,0
45900,9770,4377,222,300,2,1,3,0,1,1,1,2,1,0,0,0,0,0
46000,9775,4390,204,316,5,2,11,0,5,0,0,0,0,0,0,0,0,0
46100,9797,4783,186,259,3,1,8,0,4,0,2,2,0,0,0,0,0,0
46200,9816,4815,162,250,4,1,12,3,6,2,0,1,0,0,0,0,0,0
46300,9852,4201,136,246,0,0,7,0,2,1,3,1,0,0,0,0,0,0
46400,9842,3801,141,238,4,0,10,4,3,1,0,0,0,0,0,0,0,0
46500,9844,3819,135,171,3,0,9,1,5,0,4,1,0,0,0,0,0,0
46600,9835,4132,140,170,4,1,14,1,7,2,0,0,0,0,0,0,0,0
46700,9814,3975,160,175,7,0,15,0,3,2,1,1,0,0,0,0,0,0
46800,9823,4424,153,152,2,0,19,0,1,2,2,0,0,0,0,0,0,0
46900,9817,4562,157,94,2,1,21,2,3,6,0,1,0,0,0,0,0,0
47000,9832,4463,137,117,3,1,21,2,4,0,3,1,0,0,0,0,0,0
47100,9816,4660,156,92,4,0,18,1,6,2,0,2,0,0,0,0,0,0
47200,9799,3834,179,108,2,1,15,1,4,2,1,0,0,0,0,0,0,0
47300,9794,3908,178,131,4,2,21,0,1,1,2,0,0,0,0,0,0,0
47400,9792,3616,181,96,6,1,17,3,1,2,3,0,0,0,0,0,0,0
47500,9795,3746,176,67,4,1,21,1,2,0,2,0,0,0,0,0,0,0
47600,9794,3839,175,61,4,1,17,2,6,1,4,2,0,0,0,0,0,0
47700,9788,4264,176,74,6,0,23,1,5,1,2,1,0,0,0,0,0,0
47800,9807,3632,175,126,4,1,12,0,1,2,1,1,0,0,0,0,0,0
47900,9797,3698,174,224,7,0,16,3,6,2,0,2,0,0,0,0,0,0
48000,9817,3955,175,258,1,1,4,12,2,0,1,0,0,0,0,0,0,0
48100,9814,3424,176,283,3,0,2,3,3,0,2,0,0,0,0,0,0,0
48200,9813,3070,173,337,4,0,7,0,2,1,1,0,0,0,0,0,0,0
48300,9834,3317,149,399,5,1,5,2,6,1,1,0,0,0,0,0,0,0
48400,9842,3050,149,424,2,0,4,1,3,0,0,0,0,0,0,0,0,0
48500,9840,3414,144,461,8,0,6,3,2,1,0,1,0,0,0,0,0,0
48600,9837,4409,147,490,6,0,8,0,0,2,2,2,0,0,0,0,0,0
48700,9830,4218,155,479,1,0,6,1,6,0,2,0,0,0,0,0,0,0
48800,9836,4040,148,569,5,2,6,0,5,1,0,0,0,0,0,0,0,0
48900,9834,3742,155,589,6,5,2,0,1,1,2,0,0,0,0,0,0,0
49000,9816,4519,166,565,2,0,8,0,6,0,2,0,0,0,0,0,0,0
49100,9816,4213,169,557,5,2,4,2,5,3,1,1,0,0,0,0,0,0
49200,9817,4425,169,453,4,1,4,0,5,3,1,1,0,0,0,0,0,0
49300,9817,4523,169,476,2,1,6,2,6,0,0,0,0,0,0,0,0,0
49400,9841,4538,148,440,2,0,6,1,2,0,1,0,0,0,0,0,0,0
49500,9860,4515,127,481,2,1,4,5,5,4,2,2,0,0,0,0,0,0
49600,9864,4066,123,338,3,0,4,1,5,0,1,0,0,0,0,0,0,0
49700,9861,3771,124,380,4,0,6,0,2,0,3,1,0,0,0,0,0,0
49800,9874,4093,113,370,3,0,3,0,5,1,2,1,0,0,0,0,0,0
49900,9876,3696,115,271,1,1,2,0,2,0,4,0,0,0,0,0,0,0
50000,9872,4106,116,242,3,0,1,1,4,1,4,1,0,0,0,0,0,0
50100,9877,4183,118,202,2,0,0,0,2,2,1,0,0,0,0,0,0,0
50200,9881,4437,115,204,0,0,1,1,1,3,2,0,0,0,0,0,0,0
50300,9881,4493,105,204,5,0,3,1,5,1,1,2,0,0,0,0,0,0
50400,9886,3735,100,193,4,1,1,0,7,2,2,0,0,0,0,0,0,0
50500,9889,3572,92,302,3,1,11,0,3,1,2,0,0,0,0,0,0,0
50600,9868,3634,116,209,2,2,11,0,1,1,2,0,0,0,0,0,0,0
50700,9824,3563,157,211,3,1,15,2,1,0,0,0,0,0,0,0,0,0
50800,9810,4129,166,166,5,2,15,1,2,0,2,0,0,0,0,0,0,0
50900,9821,4177,154,159,2,0,21,0,0,1,2,0,0,0,0,0,0,0
51000,9856,4246,128,224,3,2,10,3,1,1,2,0,0,0,0,0,0,0
51100,9859,3890,116,205,3,2,17,1,4,3,1,0,0,0,0,0,0,0
51200,9869,3952,114,168,4,0,4,0,4,0,5,1,0,0,0,0,0,0
51300,9829,3846,148,180,4,0,11,2,8,0,0,0,0,0,0,0,0,0
51400,9842,3481,142,189,1,1,12,0,2,1,1,2,0,0,0,0,0,0
51500,9842,3446,140,146,1,1,13,0,2,4,2,0,0,0,0,0,0,0
51600,9886,3564,94,120,2,2,9,1,5,3,4,0,0,0,0,0,0,0
51700,9909,3739,81,136,3,2,5,0,2,1,0,1,0,0,0,0,0,0
51800,9918,3631,73,115,2,1,3,1,2,0,2,0,0,0,0,0,0,0
51900,9918,3772,70,80,1,0,7,0,4,0,0,0,0,0,0,0,0,0
52000,9898,3774,92,81,2,0,2,0,5,0,1,0,0,0,0,0,0,0
52100,9889,3673,99,79,2,1,3,0,5,3,2,0,0,0,0,0,0,0
52200,9891,3525,100,77,2,1,4,0,3,2,0,0,0,0,0,0,0,0
52300,9886,3518,101,32,3,1,4,0,3,1,3,0,0,0,0,0,0,0
52400,9891,3198,101,33,0,2,5,1,1,2,2,1,0,0,0,0,0,0
52500,9881,2885,108,30,2,0,4,0,4,1,1,0,0,0,0,0,0,0
52600,9877,3294,116,40,3,0,2,0,1,0,1,0,0,0,0,0,0,0
52700,9880,3626,107,38,2,1,6,0,5,0,0,0,0,0,0,0,0,0
52800,9887,3435,101,37,3,2,2,0,4,0,3,0,0,0,0,0,0,0
52900,9887,2821,97,36,4,3,8,1,2,0,2,1,0,0,0,0,0,0
53000,9874,2923,108,46,3,1,5,0,9,0,1,0,0,0,0,0,0,0
53100,9874,3033,113,32,5,0,5,1,2,0,1,0,0,0,0,0,0,0
53200,9864,3176,120,38,2,0,9,0,2,0,3,0,0,0,0,0,0,0
53300,9868,3479,121,28,1,0,3,0,5,0,2,0,0,0,0,0,0,0
53400,9869,4257,120,58,3,0,3,1,2,1,3,1,0,0,0,0,0,0
53500,9870,4024,118,34,2,1,5,0,4,1,1,1,0,0,0,0,0,0
53600,9868,4346,118,28,5,1,5,1,3,1,1,0,0,0,0,0,0,0
53700,9866,4426,125,20,2,4,4,2,2,0,1,0,0,0,0,0,0,0
53800,9867,4273,118,17,6,2,5,0,3,3,1,0,0,0,0,0,0,0
53900,9888,4073,100,10,1,0,7,0,1,0,3,0,0,0,0,0,0,0
54000,9898,4024,91,12,2,0,4,1,3,0,2,0,0,0,0,0,0,0
54100,9919,4156,70,18,1,0,5,0,4,3,1,0,0,0,0,0,0,0
54200,9897,4729,93,12,3,0,3,2,3,0,1,1,0,0,0,0,0,0
54300,9885,5340,110,7,1,1,0,2,2,0,2,0,0,0,0,0,0,0
54400,9886,5024,103,9,2,0,2,4,6,1,1,0,0,0,0,0,0,0
54500,9887,3884,104,15,1,1,3,0,2,2,2,0,1,0,0,0,0,0
54600,9891,4206,101,21,2,0,3,2,2,0,1,0,0,0,0,0,0,0
54700,9897,4090,99,29,1,1,2,1,0,4,1,0,0,0,0,0,0,0
54800,9889,3777,97,30,3,3,2,0,9,1,0,0,0,0,0,0,0,0
54900,9901,3748,86,27,2,2,3,0,7,2,1,0,0,0,0,0,0,0
55000,9913,3936,77,21,5,2,1,0,3,3,1,0,0,0,0,0,0,0
55100,9903,4309,82,20,6,1,4,2,5,4,0,0,0,0,0,0,0,0
55200,9869,3261,125,8,3,1,1,3,0,2,2,0,0,0,0,0,0,0
55300,9864,3126,125,6,2,0,0,1,7,1,2,0,0,0,0,0,0,0
55400,9873,3852,118,6,2,1,2,0,5,1,0,0,0,0,0,0,0,0
55500,9883,2977,116,7,0,1,0,2,0,1,1,0,0,0,0,0,0,0
55600,9875,2977,118,11,2,0,0,1,2,1,3,0,0,0,0,0,0,0
55700,9874,3623,120,15,2,0,2,0,2,2,0,2,0,0,0,0,0,0
55800,9907,3382,88,17,3,1,1,4,1,1,0,0,0,0,0,0,0,0
55900,9939,2529,51,8,2,1,4,2,2,3,2,0,0,0,0,0,0,0
56000,9943,2621,50,13,2,0,2,2,2,0,1,0,0,0,0,0,0,0
56100,9934,2548,51,9,3,1,6,0,5,0,1,0,0,0,0,0,0,0
56200,9942,2697,50,6,3,0,1,0,4,0,0,0,0,0,0,0,0,0
56300,9939,2548,55,8,1,3,0,3,3,0,2,0,0,0,0,0,0,0
56400,9945,2904,51,7,0,0,2,1,0,0,2,0,0,0,0,0,0,0
56500,9939,2903,52,8,4,0,3,0,2,1,0,0,0,0,0,0,0,0
56600,9944,2579,50,6,2,4,0,1,2,0,2,0,0,0,0,0,0,0
56700,9941,2923,51,7,4,0,2,1,2,0,0,1,0,0,0,0,0,0
56800,9969,3396,27,8,0,2,2,2,0,2,1,0,1,0,0,0,0,0
56900,9997,3224,1,10,1,1,0,3,1,3,0,0,0,0,0,0,0,0
57000,9987,2837,1,11,2,0,2,1,5,1,3,0,0,0,0,0,0,0
57100,9991,3277,1,18,3,0,1,1,2,0,2,0,0,0,0,0,0,0
57200,9995,3518,0,17,2,0,2,3,0,0,1,0,0,0,0,0,0,0
57300,9986,3890,1,11,4,0,5,0,4,0,0,0,0,0,0,0,0,0
57400,9990,3359,1,24,2,0,2,1,4,0,1,0,0,0,0,0,0,0
57500,9986,3186,8,14,1,0,1,0,3,3,1,0,0,0,0,0,0,0
57600,9988,2860,5,15,4,2,1,1,1,0,1,0,0,0,0,0,0,0
57700,9978,2525,10,8,4,0,4,0,4,2,0,0,0,0,0,0,0,0
57800,9983,2412,7,7,5,1,2,0,2,1,1,0,0,0,0,0,0,0
57900,9982,2301,10,6,3,0,2,0,3,0,0,0,0,0,0,0,0,0
58000,9983,2602,6,15,4,0,4,0,1,0,2,0,0,0,0,0,0,0
58100,9991,2699,5,15,1,0,0,0,1,0,2,0,0,0,0,0,0,0
58200,9988,2627,7,15,0,1,2,0,2,0,1,0,0,0,0,0,0,0
58300,9987,2891,3,15,3,0,2,0,3,0,2,1,0,0,0,0,0,0
58400,9983,3029,9,32,4,1,1,5,3,1,0,0,0,0,0,0,0,0
58500,9986,3038,7,9,1,0,0,0,2,1,4,1,0,0,0,0,0,0
58600,9989,3489,4,15,1,1,2,0,4,1,0,1,0,0,0,0,0,0
58700,9989,2897,4,16,4,0,1,0,2,1,0,0,0,0,0,0,0,0
58800,9988,2783,6,19,2,1,2,1,2,0,0,0,0,0,0,0,0,0
58900,9986,3522,5,76,3,1,1,0,3,1,2,0,0,0,0,0,0,0
59000,9989,2885,6,17,1,2,2,0,1,0,1,0,0,0,0,0,0,0
59100,9986,2582,8,11,4,0,1,0,0,0,1,2,0,0,0,0,0,0
59200,9989,2365,7,25,0,1,4,1,0,0,0,0,0,0,0,0,0,0
59300,9991,2593,5,16,1,1,1,0,2,0,0,0,0,0,0,0,0,0
59400,9992,2594,5,23,1,0,2,0,0,1,0,0,0,0,0,0,0,0
59500,9991,2373,6,15,0,1,1,1,2,1,0,0,0,0,0,0,0,0
59600,9988,2555,6,29,1,0,3,1,0,0,2,0,0,0,0,0,0,0
59700,9986,2236,6,32,3,2,2,0,2,1,1,1,0,0,0,0,0,0
59800,9982,2262,11,22,1,0,3,0,3,0,0,0,0,0,0,0,0,0
59900,9983,2346,8,20,3,0,2,1,2,2,2,0,0,0,0,0,0,0
60000,9989,2240,5,26,3,0,2,1,1,0,0,0,0,0,0,0,0,0
60100,9993,2265,4,12,1,0,2,0,0,0,0,0,0,0,0,0,0,0
60200,9982,2561,5,14,4,0,1,0,5,0,3,0,0,0,0,0,0,0
60300,9989,2933,4,11,2,1,0,1,2,0,3,0,0,0,0,0,0,0
60400,9955,2973,31,13,3,1,5,1,5,1,1,0,0,0,0,0,0,0
60500,9929,2454,67,17,0,0,2,1,1,0,1,0,0,1,0,0,0,0
60600,9925,2466,67,27,2,0,2,1,3,0,1,1,0,0,0,0,0,0
60700,9922,2731,69,74,2,0,3,0,4,0,0,0,0,0,0,0,0,0
60800,9924,3188,70,14,2,1,2,1,1,1,1,0,0,0,0,0,0,0
60900,9924,3772,69,11,2,0,2,0,2,0,1,0,0,0,0,0,0,0
61000,9920,3569,68,10,1,0,2,0,8,0,1,0,0,0,0,0,0,0
61100,9929,3237,67,22,2,0,1,3,1,1,0,2,0,0,0,0,0,0
61200,9927,3032,69,20,1,1,0,0,2,3,1,1,0,0,0,0,0,0
61300,9924,3415,68,8,2,0,2,0,4,0,0,0,0,0,0,0,0,0
61400,9922,3683,68,14,1,2,3,0,6,1,0,1,0,0,0,0,0,0
61500,9924,3642,68,13,2,0,3,0,2,0,1,0,0,0,0,0,0,0
61600,9917,2921,67,18,7,0,3,3,6,1,0,0,0,0,0,0,0,0
61700,9917,2912,67,79,9,2,2,0,4,0,1,1,0,0,0,0,0,0
61800,9909,2887,71,57,11,0,5,1,3,0,1,0,0,0,0,0,0,0
61900,9914,2894,68,64,10,0,6,0,1,0,1,0,0,0,0,0,0,0
62000,9904,2688,80,21,9,1,0,0,5,1,2,0,0,0,0,0,0,0
62100,9901,3044,82,10,11,0,1,0,4,0,1,1,0,0,0,0,0,0
62200,9898,2492,87,8,11,0,0,0,4,2,0,0,0,0,0,0,0,0
62300,9896,3030,88,12,11,0,0,4,4,0,1,0,0,0,0,0,0,0
62400,9892,3626,87,11,12,1,2,0,5,0,2,0,0,0,0,0,0,0
62500,9896,3728,89,21,12,1,1,1,2,0,0,1,0,0,0,0,0,0
62600,9927,3379,56,5,8,0,2,1,3,0,4,0,0,0,0,1,0,0
62700,9974,3363,11,7,11,1,1,0,3,0,0,0,0,0,0,0,0,0
62800,9941,3217,47,11,10,0,1,3,1,4,0,0,0,0,0,0,0,0
62900,9917,3172,68,13,10,0,4,0,1,0,0,0,0,0,0,0,0,0
63000,9935,2917,47,9,12,2,0,0,4,0,2,1,0,0,0,0,0,0
63100,9983,2984,1,7,10,0,1,0,5,1,0,0,0,0,0,0,0,0
63200,9982,2640,5,12,9,1,2,1,2,1,0,0,0,0,0,0,0,0
63300,9981,2439,7,9,9,0,3,0,0,0,0,1,0,0,0,0,0,0
63400,9986,2165,1,8,11,1,1,1,0,1,1,1,0,0,0,0,0,0
63500,9964,2406,18,7,11,1,4,0,3,1,0,1,0,0,0,0,0,0
63600,9959,2445,22,9,8,2,7,0,1,2,3,1,0,0,0,0,0,0
63700,9958,2818,22,9,11,0,0,1,6,0,3,0,0,0,0,0,0,0
63800,9964,3179,23,10,10,0,1,3,1,1,1,0,0,0,0,0,0,0
63900,9966,3092,19,13,8,0,2,1,5,0,0,0,0,0,0,0,0,0
64000,9963,2457,21,51,10,0,1,0,3,1,2,1,0,0,0,0,0,0
64100,9965,2452,21,59,13,1,0,0,0,2,1,0,0,0,0,0,0,0
64200,9963,2376,25,56,12,1,0,0,0,0,0,0,0,0,0,0,0,0
64300,9955,2952,30,21,10,1,1,0,4,1,0,0,0,0,0,0,0,0
64400,9937,3052,49,4,11,1,3,1,0,0,0,0,0,0,0,0,0,0
64500,9914,2529,71,1,11,1,1,3,1,0,2,0,0,0,0,0,0,0
64600,9919,2578,70,3,10,0,0,0,1,1,0,0,0,0,0,0,0,0
64700,9925,2845,66,0,5,0,1,0,2,4,1,0,0,0,0,0,0,0
64800,9944,3589,50,0,2,0,1,0,1,0,2,0,0,0,0,0,0,0
64900,9952,3891,43,0,2,0,1,0,2,0,0,1,0,0,0,0,0,0
65000,9948,3761,44,0,2,0,2,0,2,0,2,0,0,0,0,0,0,0
65100,9943,3271,53,0,0,0,0,0,4,0,0,1,0,0,0,0,0,0
65200,9945,2847,47,1,1,0,1,0,4,0,2,1,0,0,0,0,0,0
65300,9937,2765,51,3,2,2,5,0,3,0,2,0,0,0,0,0,0,0
65400,9943,3146,48,3,2,0,1,2,4,0,2,0,0,0,0,0,0,0
65500,9950,3118,50,0,0,1,0,1,0,0,0,0,0,0,0,0,0,0
65600,9934,3038,55,0,2,0,3,0,5,1,1,0,0,0,0,0,0,0
65700,9936,2399,57,4,2,0,1,0,3,0,1,0,0,0,0,0,0,0
65800,9949,2261,43,9,5,1,0,0,1,0,2,0,0,0,0,0,0,0
65900,9967,2868,25,8,2,0,0,1,4,0,2,0,0,0,0,0,0,0
66000,9965,3086,27,0,3,1,1,0,2,0,2,0,0,0,0,0,0,0
66100,9967,3132,27,2,0,0,0,0,5,1,1,0,0,0,0,0,0,0
66200,9968,3172,26,2,1,1,0,4,4,1,1,1,0,0,0,0,0,0
66300,9964,3029,28,12,0,0,6,1,0,1,2,0,0,0,0,0,0,0
66400,9966,2959,24,10,2,0,3,1,5,0,0,1,0,0,0,0,0,0
66500,9964,2839,27,10,2,0,3,0,3,0,1,0,0,0,0,0,0,0
66600,9967,3024,29,1,2,0,0,0,2,0,0,0,0,0,0,0,0,0
66700,9962,2608,27,0,3,1,3,0,3,0,2,0,0,0,0,0,0,0
66800,9959,2383,26,0,4,0,5,2,6,2,0,1,0,0,0,0,0,0
66900,9967,2214,25,16,0,3,5,5,2,2,1,0,0,0,0,0,0,0
67000,9968,2217,27,0,2,0,1,1,2,0,0,0,0,0,0,0,0,0
67100,9964,2947,26,4,3,2,3,0,1,1,2,0,1,0,0,0,0,0
67200,9992,2637,3,1,1,0,1,2,0,1,3,1,0,0,0,0,0,0
67300,9983,2331,7,3,2,0,3,0,5,0,0,0,0,0,0,0,0,0
67400,9987,2637,8,0,1,0,1,0,2,0,1,0,0,0,0,0,0,0
67500,9985,2802,10,2,2,0,1,0,1,0,1,0,0,0,0,0,0,0
67600,9983,2312,9,5,4,0,2,1,2,1,0,0,0,0,0,0,0,0
67700,9986,2525,9,3,1,0,2,0,1,1,1,0,0,0,0,0,0,0
67800,9989,2719,6,2,0,0,2,1,2,1,1,0,0,0,0,0,0,0
67900,9990,2380,3,0,2,0,0,3,1,0,4,1,0,0,0,0,0,0
68000,9990,3075,6,4,0,0,2,1,1,0,1,0,0,0,0,0,0,0
68100,9980,3229,13,3,1,3,4,0,1,1,1,0,0,0,0,0,0,0
68200,9990,3336,2,13,5,1,0,2,2,1,1,1,0,0,0,0,0,0
68300,9983,2810,10,49,1,1,2,1,2,0,2,0,0,0,0,0,0,0
68400,9987,2837,6,20,0,2,3,1,3,3,1,0,0,0,0,0,0,0
68500,9990,2877,4,31,3,2,2,1,1,4,0,0,0,0,0,0,0,0
68600,9994,3134,2,2,2,3,0,1,1,3,1,0,0,0,0,0,0,0
68700,9990,3481,4,0,1,0,1,2,4,2,0,0,0,0,0,0,0,0
68800,9994,3509,1,17,2,0,0,1,3,1,0,0,0,0,0,0,0,0
68900,9988,3375,2,20,4,0,0,0,4,0,2,0,0,0,0,0,0,0
69000,9978,2700,4,23,7,2,5,0,6,0,0,0,0,0,0,0,0,0
69100,9992,3275,2,21,4,0,1,2,1,1,0,0,0,0,0,0,0,0
69200,9991,2790,1,19,3,2,1,1,1,0,3,1,0,0,0,0,0,0
69300,9989,2452,4,3,1,0,3,0,2,1,1,0,0,0,0,0,0,0
69400,9984,2436,4,8,1,1,5,0,6,1,0,0,0,0,0,0,0,0
69500,9980,2403,10,9,2,0,3,0,5,0,0,0,0,0,0,0,0,0
69600,9985,2704,8,8,3,1,0,1,3,0,1,0,0,0,0,0,0,0
69700,9989,2927,8,3,0,0,1,2,2,1,0,2,0,0,0,0,0,0
69800,9987,2536,10,13,2,0,0,0,1,0,0,1,0,0,0,0,0,0
69900,9973,2506,9,9,1,0,13,0,4,0,0,0,0,0,0,0,0,0
70000,9978,2859,13,0,4,1,0,0,3,0,2,0,0,0,0,0,0,0
70100,9979,2527,9,3,2,0,4,1,3,2,3,0,0,0,0,0,0,0
70200,9989,3245,9,0,1,2,0,0,0,0,1,0,0,0,0,0,0,0
70300,9978,3231,7,2,0,1,11,0,2,0,2,0,0,0,0,0,0,0
70400,9968,3337,11,4,2,0,15,1,2,0,2,1,0,0,0,0,0,0
70500,9970,2916,12,4,1,0,16,1,1,0,0,0,0,0,0,0,0,0
70600,9974,3129,10,1,1,0,12,2,3,0,0,0,0,0,0,0,0,0
70700,9971,3751,7,2,2,1,17,1,2,1,1,0,0,0,0,0,0,0
70800,9970,3575,7,4,4,0,12,0,4,0,3,0,0,0,0,0,0,0
70900,9977,3111,6,2,3,0,14,0,0,3,0,0,0,0,0,0,0,0
71000,9976,2853,9,0,1,0,12,0,1,0,1,0,0,0,0,0,0,0
71100,9975,2359,6,1,3,0,13,0,2,3,1,0,0,0,0,0,0,0
71200,9972,2651,9,4,1,4,14,0,4,2,0,0,0,0,0,0,0,0
71300,9969,2568,10,18,2,3,16,0,3,0,0,0,0,0,0,0,0,0
71400,9965,2766,8,14,3,1,19,0,5,1,0,0,0,0,0,0,0,0
71500,9974,2498,7,12,2,0,12,0,4,2,1,0,0,0,0,0,0,0
71600,9981,2360,2,29,3,0,13,0,0,1,1,0,0,0,0,0,0,0
71700,9970,3076,10,3,2,0,14,3,3,0,1,0,0,0,0,0,0,0
71800,9962,2790,9,6,1,0,15,1,13,1,0,0,0,0,0,0,0,0
71900,9976,2887,4,9,1,0,15,0,4,1,0,0,0,0,0,0,0,0
72000,9966,3187,12,9,2,0,12,0,7,1,1,0,0,0,0,0,0,0
72100,9975,3318,16,12,0,2,5,1,3,0,1,0,0,0,0,0,0,0
72200,9974,3567,19,11,3,0,1,1,2,0,1,0,0,0,0,0,0,0
72300,9972,3935,20,13,2,1,4,1,1,1,1,0,0,0,0,0,0,0
72400,9971,3456,21,13,3,0,2,1,3,1,0,2,0,0,0,0,0,0
72500,9966,3478,21,20,2,1,7,0,3,1,1,1,0,0,0,0,0,0
72600,9963,3519,24,11,1,0,6,0,1,1,5,1,0,0,0,0,0,0
72700,9972,3329,20,6,3,0,0,0,5,0,0,0,0,0,0,0,0,0
72800,9969,3354,21,10,0,0,8,7,2,0,0,0,0,0,0,0,0,0
72900,9976,3232,18,5,1,0,1,0,4,0,0,0,0,0,0,0,0,0
73000,9971,3550,24,4,1,0,1,2,3,1,0,0,0,0,0,0,0,0
73100,9970,3426,22,0,3,0,1,0,2,0,2,1,0,0,0,0,0,0
73200,9965,3746,27,3,2,1,1,1,4,2,1,0,0,0,0,0,0,0
73300,9964,3562,27,3,1,0,2,4,6,1,0,0,0,0,0,0,0,0
73400,9970,3314,23,0,2,0,1,1,4,0,0,0,0,0,0,0,0,0
73500,9973,3141,23,1,0,1,2,0,2,5,0,0,0,0,0,0,0,0
73600,9963,3073,27,0,2,0,5,0,2,2,1,0,0,0,0,0,0,0
73700,9963,3343,22,11,3,0,7,0,4,3,1,0,0,0,0,0,0,0
73800,9970,2969,24,38,2,0,1,0,1,1,2,0,0,0,0,0,0,0
73900,9967,2824,28,0,0,1,1,2,3,1,1,0,0,0,0,0,0,0
74000,9955,2505,35,1,2,0,2,1,3,1,3,0,0,0,0,0,0,0
74100,9961,3104,32,4,1,0,3,1,3,0,0,0,0,0,0,0,0,0
74200,9971,2846,22,3,1,0,1,0,4,0,1,0,0,0,0,0,0,0
74300,9982,2656,10,0,1,1,4,1,2,0,1,0,0,0,0,0,0,0
74400,9975,2578,12,0,2,0,0,3,9,1,2,0,0,0,0,0,0,0
74500,9991,3057,7,0,0,0,0,0,2,0,0,0,0,0,0,0,0,0
74600,9986,2958,8,0,1,1,1,4,4,0,0,1,0,0,0,0,0,0
74700,9985,3010,6,4,1,1,4,4,3,1,1,0,0,0,0,0,0,0
74800,9985,2757,5,9,2,1,3,2,2,0,3,0,0,0,0,0,0,0
74900,9986,2393,6,2,4,1,1,2,3,3,0,0,0,0,0,0,0,0
75000,9992,2641,6,16,0,1,0,0,1,0,1,0,0,0,0,0,0,0
75100,9983,2521,4,19,4,1,4,1,4,0,1,0,0,0,0,0,0,0
75200,9987,2420,5,15,1,0,1,0,2,0,4,0,0,0,0,0,0,0
75300,9986,2112,10,18,2,1,0,1,0,0,2,0,0,0,0,0,0,0
75400,9990,2325,5,2,3,1,0,2,2,1,0,0,0,0,0,0,0,0
75500,9990,2223,5,5,0,0,1,1,3,2,1,0,0,0,0,0,0,0
75600,9989,2616,6,11,1,1,3,0,1,0,0,0,0,0,0,0,0,0
75700,9994,2394,5,9,0,2,0,0,1,0,0,0,0,0,0,0,0,0
75800,9989,2830,6,10,1,0,1,0,2,0,1,0,0,0,0,0,0,0
75900,9990,3273,5,2,1,1,2,0,2,1,0,0,0,0,0,0,0,0
76000,9987,3478,6,0,1,1,3,0,3,0,0,0,0,0,0,0,0,0
76100,9982,3109,6,2,3,0,5,0,3,0,1,1,0,0,0,0,0,0
76200,9987,2657,6,8,0,0,2,1,4,1,1,1,0,0,0,0,0,0
76300,9989,2353,6,1,1,1,2,0,1,0,1,0,0,0,0,0,0,0
76400,9982,2115,12,0,3,0,1,0,2,0,0,1,0,0,0,0,0,0
76500,9985,2704,9,2,1,1,1,0,3,0,1,0,0,0,0,0,0,0
76600,9982,3057,11,5,2,0,1,0,0,0,4,0,0,0,0,0,0,0
76700,9983,2701,12,1,1,0,1,0,2,0,1,0,0,0,0,0,0,0
76800,9980,2044,9,2,3,0,2,0,6,3,0,0,0,0,0,0,0,0
76900,9984,2896,11,0,1,1,3,0,1,0,0,0,0,0,0,0,0,0
77000,9969,2864,21,3,3,1,3,0,2,1,2,2,0,0,0,0,0,0
77100,9973,3197,22,1,1,1,2,1,0,0,2,0,0,0,0,0,0,0
77200,9976,3267,21,3,1,1,1,2,0,1,1,0,0,0,0,0,0,0
77300,9976,3180,21,2,1,0,1,0,1,1,0,1,0,0,0,0,0,0
77400,9968,3653,26,2,0,0,1,0,3,1,2,0,0,0,0,0,0,0
77500,9972,3497,20,2,0,0,4,0,2,0,2,0,0,0,0,0,0,0
77600,9972,3269,22,7,1,0,3,1,1,0,1,0,0,0,0,0,0,0
77700,9968,2670,22,12,3,1,3,0,4,2,0,0,0,0,0,0,0,0
77800,9972,2811,21,17,1,0,2,0,4,0,0,2,0,0,0,0,0,0
77900,9973,3187,23,7,1,0,1,1,1,2,1,0,0,0,0,0,0,0
78000,9973,3101,23,1,1,1,1,0,1,5,1,1,0,0,0,0,0,0
78100,9970,2854,22,8,3,1,3,1,1,1,1,0,0,0,0,0,0,0
78200,9972,2611,23,7,1,1,3,2,1,1,0,0,0,0,0,0,0,0
78300,9969,3219,20,3,3,1,2,0,6,2,0,0,0,0,0,0,0,0
78400,9967,3032,27,30,1,0,2,0,3,1,0,0,0,0,0,0,0,0
78500,9966,2730,24,6,2,0,4,1,2,1,2,0,0,0,0,0,0,0
78600,9970,2547,21,7,3,4,1,0,5,1,0,0,0,0,0,0,0,0
78700,9974,2752,21,19,2,4,1,0,0,0,2,0,0,0,0,0,0,0
78800,9976,2712,21,50,2,0,0,0,1,0,0,0,0,0,0,0,0,0
78900,9964,3068,25,39,3,0,5,1,1,3,2,0,0,0,0,0,0,0
79000,9966,2585,21,4,4,0,3,0,4,0,2,1,0,0,0,0,0,0
79100,9966,2097,26,3,3,0,1,0,3,3,1,1,0,0,0,0,0,0
79200,9957,2326,27,5,3,0,7,0,4,0,2,0,0,0,0,0,0,0
79300,9960,2652,32,4,2,0,1,0,3,0,2,0,0,0,0,0,0,0
79400,9961,2669,32,6,1,0,2,1,4,0,0,0,0,0,0,0,0,0
79500,9948,2775,36,43,3,0,1,1,8,2,4,0,0,0,0,0,0,0
79600,9954,3125,41,40,3,0,0,0,1,0,1,0,0,1,0,0,0,0
79700,9954,3179,42,0,1,0,0,0,1,0,2,0,0,0,0,0,0,0
79800,9950,2590,41,0,2,0,1,0,6,0,0,0,0,0,0,0,0,0
79900,9961,2430,32,4,4,0,2,1,0,1,1,0,0,0,0,0,0,0
80000,9967,2329,29,27,0,1,1,0,2,0,1,0,0,0,0,0,0,0
80100,9969,2216,23,5,3,0,4,0,0,4,1,0,0,0,0,0,0,0
80200,9971,2101,19,5,2,0,2,2,5,0,1,0,0,0,0,0,0,0
80300,9967,2185,19,1,4,0,3,0,6,0,1,0,0,0,0,0,0,0
80400,9944,2314,41,2,4,3,4,1,3,2,4,0,0,0,0,0,0,0
80500,9942,2058,55,4,1,1,0,0,1,0,1,0,0,0,0,0,0,0
80600,9923,2533,67,2,1,0,7,0,0,0,2,1,0,0,0,0,0,0
80700,9935,3054,56,2,0,4,4,0,4,0,1,1,0,0,0,0,0,0
80800,9936,2958,59,11,0,9,1,1,4,1,0,1,0,0,0,0,0,0
80900,9929,3060,67,5,2,0,0,0,2,0,0,0,0,0,0,0,0,0
81000,9921,2866,65,3,4,0,1,1,8,0,1,0,0,0,0,0,0,0
81100,9920,3125,68,6,4,0,3,1,3,1,2,0,0,0,0,0,0,0
81200,9922,3231,72,22,3,0,1,0,2,0,0,0,0,0,0,0,0,0
81300,9912,3474,79,15,2,0,4,0,2,0,0,0,1,0,0,0,0,0
81400,9913,3528,73,0,5,1,4,0,5,0,0,0,0,0,0,0,0,0
81500,9915,3776,74,5,0,0,5,1,5,3,1,0,0,0,0,0,0,0
81600,9931,2458,65,2,1,0,0,0,2,1,1,0,0,0,0,0,0,0
81700,9929,2652,62,0,5,1,3,0,1,0,0,0,0,0,0,0,0,0
81800,9932,2758,65,0,2,1,0,1,0,1,1,0,0,0,0,0,0,0
81900,9920,2764,63,0,2,0,7,1,5,2,3,1,0,0,0,0,0,0
82000,9927,2784,62,1,3,1,3,0,5,2,0,1,0,0,0,0,0,0
82100,9934,2896,57,1,2,4,1,0,4,1,2,0,0,0,0,0,0,0
82200,9948,2692,46,1,2,5,4,0,0,1,0,0,0,0,0,0,0,0
82300,9944,2484,48,1,1,3,4,0,1,4,2,0,0,0,0,0,0,0
82400,9949,2763,47,6,2,0,2,2,0,1,0,0,0,0,0,0,0,0
82500,9954,2988,41,13,2,0,0,1,0,0,3,0,0,0,0,0,0,0
82600,9972,3119,20,24,2,0,1,0,4,0,1,0,0,0,0,0,0,0
82700,9968,3006,22,22,4,0,4,0,2,0,0,0,0,0,0,0,0,0
82800,9974,3077,21,11,3,0,0,1,2,2,0,0,0,0,0,0,0,0
82900,9973,3181,18,59,3,0,2,0,4,3,0,1,0,0,0,0,0,0
83000,9969,2979,22,24,4,3,3,0,2,1,0,0,0,0,0,0,0,0
83100,9965,2444,24,1,2,5,2,0,4,0,3,0,0,0,0,0,0,0
83200,9963,2480,25,0,4,2,2,0,3,0,3,0,0,0,0,0,0,0
83300,9967,2330,25,0,1,2,4,0,2,0,1,0,0,0,0,0,0,0
83400,9972,2201,23,0,0,0,3,0,2,2,0,0,0,0,0,0,0,0
83500,9967,2092,23,4,2,0,1,1,3,1,4,0,0,0,0,0,0,0
83600,9971,2254,24,1,2,2,0,0,3,0,0,1,0,0,0,0,0,0
83700,9972,2400,20,5,4,1,1,2,3,0,0,0,0,0,0,0,0,0
83800,9960,2725,28,6,2,0,1,14,5,0,4,0,0,0,0,0,0,0
83900,9967,2279,20,8,4,0,3,1,6,0,0,1,0,0,0,0,0,0
84000,9968,1886,21,10,3,0,1,0,6,0,1,0,0,0,0,0,0,0
84100,9967,2223,20,3,3,0,2,0,6,0,2,0,0,0,0,0,0,0
84200,9965,2142,27,2,2,1,1,0,4,1,1,0,0,0,0,0,0,0
84300,9966,2036,24,4,3,0,5,0,1,0,1,0,0,0,0,0,0,0
84400,9962,2467,29,4,0,0,3,1,3,0,3,0,0,0,0,0,0,0
84500,9965,2876,26,2,2,0,2,1,3,1,2,0,0,0,0,0,0,0
84600,9970,2853,25,7,1,0,1,1,3,0,0,0,0,0,0,0,0,0
84700,9963,2756,31,6,2,1,2,1,1,0,1,0,0,0,0,0,0,0
84800,9969,2801,30,4,0,0,0,2,1,1,0,0,0,0,0,0,0,0
84900,9964,2515,28,8,3,1,2,1,3,1,0,0,0,0,0,0,0,0
85000,9962,2245,33,5,3,0,1,1,1,0,0,0,0,0,0,0,0,0
85100,9950,2731,39,2,3,1,4,0,4,1,0,0,0,0,0,0,0,0
85200,9956,3361,36,1,2,0,2,0,3,2,1,0,0,0,0,0,0,0
85300,9960,3281,35,71,1,1,1,0,2,0,1,0,0,0,0,0,0,0
85400,9954,2901,42,50,0,1,0,0,2,1,2,0,0,0,0,0,0,0
85500,9955,2767,37,10,2,0,3,0,2,0,1,0,0,0,0,0,0,0
85600,9955,2531,41,5,1,0,2,0,0,0,1,0,0,0,0,0,0,0
85700,9948,3129,41,2,5,1,5,1,1,2,0,0,0,0,0,0,0,0
85800,9953,2959,41,3,3,0,0,0,3,0,0,0,0,0,0,0,0,0
85900,9959,2124,38,7,2,0,1,0,0,0,0,0,0,0,0,0,0,0
86000,9956,2253,39,5,2,0,1,0,1,0,1,1,0,0,0,0,0,0
86100,9946,2592,49,70,3,0,2,0,0,3,0,0,0,0,0,0,0,0
86200,9952,3325,44,56,0,1,3,1,1,0,0,0,0,0,0,0,0,0
86300,9944,3435,52,13,2,1,2,1,0,4,0,0,0,0,0,0,0,0
86400,9915,3210,80,7,1,2,1,0,2,2,1,1,0,0,0,0,0,0
86500,9905,3548,87,34,2,0,3,0,1,0,2,0,0,0,0,0,0,0
86600,9939,2523,53,108,1,0,1,0,4,1,2,1,0,0,0,0,0,0
86700,9941,2602,50,102,2,1,3,1,2,3,2,0,0,0,0,0,0,0
86800,9943,3121,52,15,1,0,3,2,1,2,0,0,0,0,0,0,0,0
86900,9946,2521,49,4,2,1,0,0,2,0,1,0,0,0,0,0,0,0
87000,9940,2549,47,6,0,0,9,1,3,0,1,1,0,0,0,0,0,0
87100,9945,2445,47,6,2,1,3,0,2,1,1,0,0,0,0,0,0,0
87200,9955,2447,42,7,1,1,0,0,1,1,1,0,0,0,0,0,0,0
87300,9941,2462,44,3,1,0,10,0,3,0,1,0,0,0,0,0,0,0
87400,9947,2118,39,4,4,0,0,1,8,0,2,0,0,0,0,0,0,0
87500,9948,1882,45,4,3,0,1,2,1,0,2,0,0,0,0,0,0,0
87600,9942,1659,47,4,4,1,1,2,4,0,2,0,0,0,0,0,0,0
87700,9954,2016,37,8,7,5,0,1,2,0,0,0,0,0,0,0,0,0
87800,9957,1544,38,14,2,2,2,0,0,0,1,0,0,0,0,0,0,0
87900,9955,1549,39,16,1,2,1,0,3,1,1,0,0,0,0,0,0,0
88000,9960,1822,33,12,0,3,4,0,2,0,1,0,0,0,0,0,0,0
88100,9958,1455,37,15,4,9,1,0,0,0,0,0,0,0,0,0,0,0
88200,9946,1067,43,13,3,11,1,1,6,1,1,1,0,0,0,0,0,0
88300,9945,1247,45,6,2,10,5,0,2,1,1,0,0,0,0,0,0,0
88400,9951,1379,40,5,2,9,2,1,4,0,1,0,0,0,0,0,0,0
88500,9958,1313,30,3,3,7,3,0,4,0,2,0,0,0,0,0,0,0
88600,9975,1360,15,0,1,0,5,0,4,0,0,0,0,0,0,0,0,0
88700,9967,1426,23,0,3,1,5,1,1,0,1,0,0,0,0,0,0,0
88800,9971,1145,23,0,1,0,2,3,3,1,0,1,0,0,0,0,0,0
88900,9968,1229,27,0,4,1,0,0,1,0,0,0,0,0,0,0,0,0
89000,9967,1328,25,0,2,0,3,0,1,0,2,0,0,0,0,0,0,0
89100,9976,1311,19,0,2,0,2,0,1,0,0,0,0,0,0,0,0,0
89200,9972,1317,23,1,3,0,1,1,0,0,1,0,0,0,0,0,0,0
89300,9961,1414,25,0,5,0,4,0,2,0,3,1,0,0,0,0,0,0
89400,9962,1833,23,2,0,1,7,0,6,0,2,0,0,0,0,0,0,0
89500,9970,2019,22,1,1,1,4,0,2,0,1,0,0,0,0,0,0,0
89600,9963,1976,25,2,2,0,7,0,2,1,1,0,0,0,0,0,0,0
89700,9961,1700,27,0,2,1,7,0,1,0,2,0,0,0,0,0,0,0
89800,9958,1754,28,0,1,1,6,2,4,0,3,0,0,0,0,0,0,0
89900,9953,1903,29,0,3,0,11,0,3,0,1,0,0,0,0,0,0,0
90000,9951,1607,33,1,0,1,11,0,4,1,1,0,0,0,0,0,0,0
90100,9932,1846,46,2,3,1,15,1,2,0,2,0,0,0,0,0,0,0
90200,9926,2468,54,0,2,2,13,0,5,0,0,0,0,0,0,0,0,0
90300,9925,2252,58,0,1,1,14,3,2,0,0,0,0,0,0,0,0,0
90400,9921,1737,62,0,0,1,10,1,7,1,0,1,0,0,0,0,0,0
90500,9928,1760,57,0,2,1,8,1,4,0,1,0,0,0,0,0,0,0
90600,9929,1784,54,9,4,0,7,2,5,0,1,0,0,0,0,0,0,0
90700,9931,1932,50,10,1,0,13,3,3,0,2,0,0,0,0,0,0,0
90800,9938,1757,53,2,2,2,6,4,1,1,0,0,0,0,0,0,0,0
90900,9935,1981,57,2,0,0,5,2,3,1,0,0,0,0,0,0,0,0
91000,9940,1722,53,3,2,0,4,0,1,0,0,0,0,0,0,0,0,0
91100,9913,1785,75,1,3,0,6,0,2,0,1,0,0,0,0,0,0,0
91200,9879,2174,119,1,1,0,0,0,0,0,1,0,0,0,0,0,0,0
91300,9874,2617,118,5,1,0,6,0,1,0,0,0,0,0,0,0,0,0
91400,9891,2586,103,5,1,0,0,0,4,0,1,1,0,0,0,0,0,0
91500,9890,2674,104,4,2,0,2,2,1,0,1,0,0,0,0,0,0,0
91600,9883,3007,105,2,0,0,5,2,5,2,2,0,0,0,0,0,0,0
91700,9893,2395,99,8,1,1,7,0,0,0,0,0,0,0,0,0,0,0
91800,9889,2182,90,13,13,1,5,1,3,0,0,0,0,0,0,0,0,0
91900,9920,2078,45,8,24,1,5,0,5,0,1,0,0,0,0,0,0,0
92000,9921,1917,46,5,25,1,3,0,5,0,0,0,0,0,0,0,0,0
92100,9923,1433,44,12,25,0,1,0,7,0,0,0,0,0,0,0,0,0
92200,9934,1566,38,12,25,0,0,0,3,0,0,0,0,0,0,0,0,0
92300,9930,2010,45,4,20,0,1,0,3,1,1,0,0,0,0,0,0,0
92400,9935,2691,43,4,18,0,0,2,4,0,0,0,0,0,0,0,0,0
92500,9929,2549,42,4,23,1,2,1,3,1,1,0,0,0,0,0,0,0
92600,9925,2307,41,1,27,0,3,1,4,0,0,0,0,0,0,0,0,0
92700,9922,2409,41,1,32,0,1,0,3,2,1,1,0,0,0,0,0,0
92800,9931,2426,49,0,16,0,0,1,4,2,0,0,0,0,0,0,0,0
92900,9940,2692,40,6,18,0,0,1,2,0,0,0,0,0,0,0,0,0
93000,9949,2519,31,2,16,1,0,0,2,0,2,0,0,0,0,0,0,0
93100,9946,2269,34,0,17,1,2,1,1,0,0,0,0,0,0,0,0,0
93200,9941,2152,35,0,20,0,2,0,1,0,1,0,0,0,0,0,0,0
93300,9943,1885,37,1,17,0,1,1,0,0,2,0,0,0,0,0,0,0
93400,9956,1925,23,1,20,0,1,0,0,3,0,0,0,0,0,0,0,0
93500,9950,2219,32,0,17,0,1,1,0,0,0,0,0,0,0,0,0,0
93600,9944,2351,27,0,22,3,1,1,4,1,2,0,0,0,0,0,0,0
93700,9937,2610,36,5,22,1,1,0,4,1,0,2,0,0,0,0,0,0
93800,9951,3202,28,9,17,1,1,0,3,3,0,0,0,0,0,0,0,0
93900,9946,2709,33,11,19,0,0,1,2,0,0,1,0,0,0,0,0,0
94000,9948,2171,33,16,16,0,0,0,2,0,1,0,0,0,0,0,0,0
94100,9935,2535,37,8,18,0,4,0,4,0,2,1,0,0,0,0,0,0
94200,9940,2395,38,10,17,0,3,0,2,1,0,1,0,0,0,0,0,0
94300,9951,1985,27,4,16,0,1,1,4,1,1,0,0,0,0,0,0,0
94400,9943,2297,41,6,14,1,0,1,2,0,0,0,0,0,0,0,0,0
94500,9933,2284,44,24,15,1,2,1,4,1,2,0,0,0,0,0,0,0
94600,9937,2873,37,14,16,1,4,0,5,1,1,1,0,0,0,0,0,0
94700,9945,2578,32,19,15,2,4,0,2,0,2,1,0,0,0,0,0,0
94800,9942,2551,36,6,16,1,1,1,5,0,0,0,0,0,0,0,0,0
94900,9936,2875,40,9,17,0,1,2,5,1,1,0,0,0,0,0,0,0
95000,9949,3100,35,1,9,0,2,1,3,0,2,0,0,0,0,0,0,0
95100,9951,2461,33,1,7,0,4,1,5,0,0,0,0,0,0,0,0,0
95200,9950,3067,36,1,9,2,5,0,0,0,0,0,0,0,0,0,0,0
95300,9955,3275,34,1,7,0,1,0,2,0,1,0,0,0,0,0,0,0
95400,9959,3397,31,4,4,0,3,1,2,0,1,0,0,0,0,0,0,0
95500,9962,2832,34,2,2,0,2,0,0,1,0,0,0,0,0,0,0,0
95600,9954,2951,37,4,3,2,3,0,2,0,1,0,0,0,0,0,0,0
95700,9940,2581,49,6,2,0,8,0,1,1,0,0,0,0,0,0,0,0
95800,9946,2822,46,5,1,0,5,0,2,1,0,1,0,1,0,0,0,0
95900,9944,2894,52,9,1,0,2,0,0,1,1,0,0,0,0,0,0,0
96000,9947,2481,47,17,1,0,3,1,1,0,1,0,0,0,0,0,0,0
96100,9950,2758,40,10,0,1,8,3,2,1,0,0,0,0,0,0,0,0
96200,9929,3033,45,14,0,0,19,23,4,0,3,1,0,0,0,0,0,0
96300,9927,2975,57,9,0,3,12,22,4,1,0,0,0,0,0,0,0,0
96400,9933,2836,48,3,1,2,13,2,5,1,0,0,0,0,0,0,0,0
96500,9950,3463,38,1,0,0,11,2,1,0,0,0,0,0,0,0,0,0
96600,9946,3568,39,4,1,1,11,1,3,1,0,2,0,0,0,0,0,0
96700,9947,3011,33,13,1,0,14,0,2,0,3,0,0,0,0,0,0,0
96800,9942,3446,40,2,3,0,11,8,3,0,1,0,0,0,0,0,0,0
96900,9955,3704,31,4,1,0,12,0,1,0,0,0,0,0,0,0,0,0
97000,9960,4048,25,2,0,0,12,1,3,0,0,0,0,0,0,0,0,0
97100,9960,3976,24,4,0,0,14,1,2,1,0,0,0,0,0,0,0,0
97200,9956,3456,27,0,1,2,13,0,1,0,2,0,0,0,0,0,0,0
97300,9961,3592,22,2,1,0,13,0,3,2,0,0,0,0,0,0,0,0
97400,9955,3280,26,0,2,0,13,0,3,0,1,0,0,0,0,0,0,0
97500,9963,3234,22,3,3,0,11,0,1,2,0,0,0,0,0,0,0,0
97600,9965,2779,19,3,2,2,12,0,2,4,0,0,0,0,0,0,0,0
97700,9962,2783,22,25,3,0,12,0,1,1,0,0,0,0,0,0,0,0
97800,9963,3229,15,27,7,0,11,0,3,1,1,0,0,0,0,0,0,0
97900,9968,2884,19,15,9,6,2,2,1,0,1,0,0,0,0,0,0,0
98000,9968,2925,23,5,5,0,1,0,3,1,0,0,0,0,0,0,0,0
98100,9965,3344,25,1,4,1,3,0,1,0,2,1,0,0,0,0,0,0
98200,9975,3368,15,2,1,1,7,0,2,0,0,0,0,0,0,0,0,0
98300,9963,3839,20,3,3,3,9,0,4,1,1,0,0,0,0,0,0,0
98400,9972,4536,14,4,0,1,7,1,6,1,1,0,0,0,0,0,0,0
98500,9980,4275,8,0,0,0,4,0,5,1,3,0,0,0,0,0,0,0
98600,9976,3158,14,6,0,0,7,1,3,0,0,0,0,0,0,0,0,0
98700,9975,2867,15,4,3,0,4,0,3,0,0,0,0,0,0,0,0,0
98800,9977,3492,15,12,0,2,6,0,1,4,1,0,0,0,0,0,0,0
98900,9976,3869,13,11,4,0,6,0,0,0,1,0,0,1,0,0,0,0
99000,9970,3685,12,27,2,1,9,0,5,0,2,1,0,0,0,0,0,0
99100,9976,3583,12,32,2,0,8,0,0,1,2,1,0,0,0,0,0,0
99200,9978,3014,8,27,3,2,7,0,2,0,2,0,0,0,0,0,0,0
99300,9981,2727,10,20,4,2,5,3,0,0,0,0,0,0,0,0,0,0
99400,9981,3131,6,19,3,1,5,3,5,0,0,0,0,0,0,0,0,0
99500,9987,3426,4,22,1,0,5,1,1,0,1,1,1,1,0,0,0,0
99600,9983,3140,11,24,0,0,3,0,2,1,1,1,0,0,0,0,0,0
99700,9987,3181,7,20,2,0,2,0,2,1,0,1,0,0,0,0,0,0
99800,9977,3198,13,17,0,0,6,0,4,0,0,0,0,0,0,0,0,0
99900,9969,3802,21,20,1,0,6,2,3,0,0,0,0,0,0,0,0,0
100000,9978,4431,12,5,1,1,3,3,6,0,0,0,0,0,0,0,0,0
