update,host_task_NOT,sym_task_NOT,host_task_NAND,sym_task_NAND,host_task_AND,sym_task_AND,host_task_ORN,sym_task_ORN,host_task_OR,sym_task_OR,host_task_ANDN,sym_task_ANDN,host_task_NOR,sym_task_NOR,host_task_XOR,sym_task_XOR,host_task_EQU,sym_task_EQU
0,0,0,0,0,0,0,0,0,0,0,0,0,0,0,0,0,0,0
100,10001,0,0,0,0,0,1,0,0,0,0,0,0,0,0,0,0,0
200,9995,0,0,0,1,0,1,0,3,0,0,0,0,0,0,0,0,0
300,9995,0,0,0,0,0,0,0,2,0,3,0,0,0,0,0,0,0
400,9991,0,0,0,1,0,4,0,2,0,2,0,0,0,0,0,0,0
500,9997,0,0,0,1,0,0,0,1,0,1,0,0,0,0,0,0,0
600,9996,0,1,0,1,0,0,0,0,0,2,0,0,0,0,0,0,0
700,9994,0,0,0,1,0,0,0,3,0,2,0,0,0,0,0,0,0
800,9992,0,0,0,4,0,1,0,1,0,2,0,0,0,0,0,0,0
900,9991,0,0,0,1,0,1,0,6,0,1,0,0,0,0,0,0,0
1000,9995,0,1,0,2,0,0,0,1,0,1,0,0,0,0,0,0,0
1100,9992,0,2,0,2,0,1,0,3,0,0,0,0,0,0,0,0,0
1200,9987,0,4,0,4,0,0,0,5,0,0,0,0,0,0,0,0,0
1300,9988,0,5,0,0,0,2,0,3,0,2,0,0,0,0,0,0,0
1400,9988,0,5,0,0,0,1,0,6,0,0,0,0,0,0,0,0,0
1500,9989,0,4,0,1,0,6,0,0,0,0,0,0,0,0,0,0,0
1600,9992,0,4,0,1,0,0,0,1,0,2,0,0,0,0,0,0,0
1700,9985,0,5,0,4,0,1,0,4,0,1,0,0,0,0,0,0,0
1800,9985,0,6,0,2,0,2,0,3,0,2,0,0,0,0,0,0,0
1900,9988,0,6,0,3,0,2,0,0,0,1,0,0,0,0,0,0,0
2000,9988,0,4,0,2,0,1,0,4,0,1,0,0,0,0,0,0,0
2100,9988,0,7,0,0,0,1,0,3,0,1,0,0,0,0,0,0,0
2200,9987,0,6,0,0,0,2,0,4,0,1,0,0,0,0,0,0,0
2300,9991,0,4,0,1,0,0,0,3,0,1,0,0,0,0,0,0,0
2400,9984,0,4,0,2,0,4,0,5,0,1,0,0,0,0,0,0,0
2500,9990,0,4,0,0,0,2,0,1,0,3,0,0,0,0,0,0,0
2600,9987,0,4,0,2,0,4,0,2,0,1,0,0,0,0,0,0,0
2700,9982,0,8,0,3,0,4,0,2,0,1,0,0,0,0,0,0,0
2800,9982,0,8,0,1,0,5,0,3,0,1,0,0,0,0,0,0,0
2900,9983,0,8,0,3,0,2,0,3,0,1,0,0,0,0,0,0,0
3000,9982,0,11,0,3,0,1,0,3,0,0,0,0,0,0,0,0,0
3100,9979,0,11,0,2,0,2,0,3,0,3,0,0,0,0,0,0,0
3200,9980,0,9,0,3,0,4,0,1,0,3,0,0,0,0,0,0,0
3300,9977,0,9,0,4,0,5,0,4,0,1,0,0,0,0,0,0,0
3400,9975,0,9,0,1,0,7,0,5,0,1,0,2,0,0,0,0,0
3500,9977,0,12,0,1,0,8,0,0,0,1,0,1,0,0,0,0,0
3600,9976,0,10,0,2,0,5,0,6,0,1,0,0,0,0,0,0,0
3700,9979,0,13,0,1,0,6,0,1,0,0,0,0,0,0,0,0,0
3800,9973,0,13,0,5,0,7,0,0,0,2,0,0,0,0,0,0,0
3900,9972,0,13,0,3,0,8,0,4,0,0,0,0,0,0,0,0,0
4000,9969,0,18,0,3,0,6,0,4,0,0,0,0,0,0,0,0,0
4100,9977,0,14,0,1,0,6,0,1,0,1,0,0,0,0,0,0,0
4200,9971,0,17,0,4,0,5,0,3,0,0,0,0,0,0,0,0,0
4300,9973,0,16,0,1,0,7,0,2,0,1,0,0,0,0,0,0,0
4400,9968,0,18,0,1,0,7,0,6,0,0,0,0,0,0,0,0,0
4500,9968,0,22,0,3,0,5,0,1,0,1,0,0,0,0,0,0,0
4600,9962,0,21,0,2,0,6,0,7,0,2,0,0,0,0,0,0,0
4700,9964,0,22,0,1,0,6,0,7,0,0,0,0,0,0,0,0,0
4800,9958,0,28,0,3,0,7,0,2,0,2,0,0,0,0,0,0,0
4900,9951,0,32,0,4,0,10,0,2,0,1,0,0,0,0,0,0,0
5000,9947,0,39,0,0,0,9,0,3,0,2,0,0,0,0,0,0,0
5100,9949,0,36,0,1,0,11,0,2,0,0,0,1,0,0,0,0,0
5200,9952,0,34,0,1,0,9,0,4,0,0,0,0,0,0,0,0,0
5300,9942,0,43,0,3,0,5,0,6,0,1,0,0,0,0,0,0,0
5400,9935,0,52,0,4,0,8,0,1,0,0,0,0,0,0,0,0,0
5500,9930,0,53,0,2,0,8,0,6,0,1,0,0,0,0,0,0,0
5600,9930,0,52,0,4,0,7,0,6,0,1,0,0,0,0,0,0,0
5700,9930,0,53,0,2,0,9,0,5,0,1,0,0,0,0,0,0,0
5800,9927,0,56,0,2,0,9,0,5,0,1,0,0,0,0,0,0,0
5900,9931,0,57,0,1,0,7,0,1,0,2,0,1,0,0,0,0,0
6000,9920,0,55,0,2,0,16,0,3,0,3,0,1,0,0,0,0,0
6100,9932,0,55,0,2,0,6,0,3,0,2,0,0,0,0,0,0,0
6200,9928,0,53,0,5,0,10,0,1,0,2,0,1,0,0,0,0,0
6300,9901,0,58,0,2,0,27,0,11,0,1,0,0,0,0,0,0,0
6400,9897,0,73,0,1,0,23,0,5,0,1,0,0,0,0,0,0,0
6500,9890,0,79,0,2,0,25,0,3,0,1,0,0,0,0,0,0,0
6600,9896,0,75,0,2,0,23,0,3,0,1,0,0,0,0,0,0,0
6700,9891,0,76,0,3,0,24,0,3,0,3,0,0,0,0,0,0,0
6800,9885,0,79,0,2,0,27,0,6,0,1,0,0,0,0,0,0,0
6900,9900,0,70,0,3,0,25,0,2,0,0,0,0,0,0,0,0,0
7000,9907,0,63,0,2,0,20,0,7,0,1,0,0,0,0,0,0,0
7100,9895,0,67,0,3,0,26,0,5,0,3,0,1,0,0,0,0,0
7200,9896,0,71,0,1,0,25,0,6,0,1,0,0,0,0,0,0,0
7300,9889,0,63,0,2,0,38,0,7,0,1,0,0,0,0,0,0,0
7400,9893,0,66,0,0,0,36,0,5,0,0,0,0,0,0,0,0,0
7500,9894,0,72,0,0,0,24,0,5,0,5,0,0,0,0,0,0,0
7600,9902,0,71,0,1,0,19,0,7,0,0,0,0,0,0,0,0,0
7700,9887,0,71,0,3,0,33,0,2,0,4,0,0,0,0,0,0,0
7800,9862,0,70,0,4,0,57,0,4,0,3,0,0,0,0,0,0,0
7900,9838,0,91,0,3,0,59,0,8,0,1,0,0,0,0,0,0,0
8000,9838,0,99,0,3,0,54,0,5,0,1,0,0,0,0,0,0,0
8100,9835,0,98,0,3,0,53,0,7,0,4,0,0,0,0,0,0,0
8200,9820,0,105,0,5,0,60,0,5,0,3,0,2,0,0,0,0,0
8300,9810,0,117,0,4,0,59,0,9,0,1,0,0,0,0,0,0,0
8400,9798,0,142,0,1,0,52,0,5,0,2,0,0,0,0,0,0,0
8500,9784,0,143,0,1,0,62,0,6,0,4,0,0,0,0,0,0,0
8600,9782,0,143,0,6,0,54,0,9,0,6,0,0,0,0,0,0,0
8700,9788,0,146,0,1,0,55,0,5,0,5,0,0,0,0,0,0,0
8800,9772,0,164,0,1,0,59,0,4,0,0,0,0,0,0,0,0,0
8900,9771,0,164,0,5,0,55,0,4,0,1,0,0,0,0,0,0,0
9000,9740,0,186,0,5,0,62,0,5,0,2,0,0,0,0,0,0,0
9100,9734,0,197,0,4,0,58,0,3,0,4,0,0,0,0,0,0,0
9200,9745,0,183,0,1,0,60,0,10,0,1,0,0,0,0,0,0,0
9300,9769,0,163,0,1,0,59,0,5,0,3,0,0,0,0,0,0,0
9400,9739,0,198,0,3,0,52,0,6,0,1,0,1,0,0,0,0,0
9500,9700,0,219,0,9,0,65,0,7,0,0,0,0,0,0,0,0,0
9600,9746,0,193,0,7,0,44,0,5,0,5,0,0,0,0,0,0,0
9700,9749,0,195,0,7,0,36,0,10,0,3,0,0,0,0,0,0,0
9800,9758,0,187,0,6,0,41,0,6,0,2,0,0,0,0,0,0,0
9900,9726,0,210,0,10,0,42,0,11,0,1,0,0,0,0,0,0,0
10000,9754,0,210,0,9,0,16,0,8,0,3,0,0,0,0,0,0,0
10100,9771,0,209,0,7,0,9,0,4,0,0,0,0,0,0,0,0,0
10200,9772,0,197,0,14,0,7,0,8,0,2,0,0,0,0,0,0,0
10300,9771,0,211,0,4,0,4,0,7,0,3,0,0,0,0,0,0,0
10400,9810,0,175,0,7,0,2,0,4,0,2,0,0,0,0,0,0,0
10500,9809,0,170,0,6,0,4,0,7,0,4,0,0,0,0,0,0,0
10600,9819,0,161,0,6,0,7,0,4,0,3,0,0,0,0,0,0,0
10700,9866,0,121,0,4,0,5,0,4,0,0,0,0,0,0,0,0,0
10800,9865,0,109,0,5,0,13,0,4,0,4,0,0,0,0,0,0,0
10900,9864,0,114,0,6,0,3,0,7,0,6,0,0,0,0,0,0,0
11000,9855,0,119,0,6,0,8,0,9,0,3,0,0,0,0,0,0,0
11100,9863,0,121,0,5,0,7,0,2,0,2,0,0,0,0,0,0,0
11200,9876,0,102,0,11,0,4,0,4,0,2,0,1,0,0,0,0,0
11300,9872,0,107,0,10,0,5,0,3,0,3,0,0,0,0,0,0,0
11400,9875,0,108,0,10,0,2,0,2,0,2,0,1,0,0,0,0,0
11500,9882,0,102,0,7,0,6,0,1,0,2,0,0,0,0,0,0,0
11600,9856,0,126,0,9,0,6,0,2,0,1,0,0,0,0,0,0,0
11700,9818,0,162,0,8,0,5,0,4,0,2,0,0,0,0,0,1,0
11800,9780,0,200,0,8,0,5,0,5,0,2,0,0,0,0,0,0,0
11900,9739,0,238,0,9,0,5,0,7,0,2,0,0,0,0,0,0,0
12000,9741,0,248,0,6,0,2,0,3,0,0,0,0,0,0,0,0,0
12100,9685,0,296,0,8,0,5,0,2,0,4,0,0,0,0,0,0,0
12200,9685,0,292,0,8,0,2,0,11,0,2,0,0,0,0,0,0,0
12300,9704,0,268,0,8,0,4,0,12,0,4,0,0,0,0,0,0,0
12400,9717,0,262,0,10,0,3,0,3,0,5,0,0,0,0,0,0,0
12500,9726,0,255,0,8,0,5,0,5,0,1,0,0,0,0,0,0,0
12600,9774,0,214,0,6,0,2,0,2,0,2,0,0,0,0,0,0,0
12700,9755,0,226,0,10,0,4,0,5,0,0,0,0,0,0,0,0,0
12800,9709,0,263,0,7,0,3,0,15,0,3,0,0,0,0,0,0,0
12900,9702,0,278,0,10,0,5,0,4,0,1,0,0,0,0,0,0,0
13000,9633,0,344,0,7,0,8,0,7,0,1,0,0,0,0,0,0,0
13100,9601,0,375,0,8,0,7,0,7,0,2,0,0,0,0,0,0,0
13200,9598,0,386,0,6,0,6,0,4,0,0,0,0,0,0,0,0,0
13300,9633,0,343,0,4,0,8,0,9,0,3,0,0,0,0,0,0,0
13400,9633,0,348,0,7,0,3,0,6,0,3,0,0,0,0,0,0,0
13500,9600,0,388,0,5,0,2,0,4,0,1,0,0,0,0,0,0,0
13600,9513,0,475,0,2,0,6,0,4,0,0,0,0,0,0,0,0,0
13700,9431,0,554,0,5,0,4,0,6,0,0,0,0,0,0,0,0,0
13800,9418,0,562,0,6,0,5,0,9,0,0,0,0,0,0,0,0,0
13900,9432,0,550,0,8,0,5,0,3,0,2,0,0,0,0,0,0,0
14000,9461,0,520,0,7,0,3,0,5,0,3,0,1,0,0,0,0,0
14100,9469,0,521,0,2,0,6,0,2,0,0,0,0,0,0,0,0,0
14200,9439,0,548,0,2,0,6,0,5,0,0,0,0,0,0,0,0,0
14300,9432,0,552,0,3,0,9,0,3,0,1,0,0,0,0,0,0,0
14400,9425,0,558,0,1,0,9,0,6,0,1,0,0,0,0,0,0,0
14500,9460,0,520,0,2,0,9,0,7,0,2,0,0,0,0,0,0,0
14600,9497,0,478,0,4,0,9,0,9,0,2,0,1,0,0,0,0,0
14700,9504,0,477,0,4,0,7,0,6,0,2,0,0,0,0,0,0,0
14800,9488,0,494,0,4,0,7,0,4,0,3,0,0,0,0,0,0,0
14900,9508,0,476,0,2,0,7,0,5,0,2,0,0,0,0,0,0,0
15000,9514,0,473,0,4,0,7,0,1,0,1,0,0,0,0,0,0,0
15100,9558,0,423,0,4,0,7,0,8,0,0,0,0,0,0,0,0,0
15200,9616,0,369,0,1,0,6,0,7,0,1,0,0,0,0,0,0,0
15300,9603,0,380,0,6,0,4,0,7,0,0,0,0,0,0,0,0,0
15400,9584,0,398,0,7,0,6,0,4,0,1,0,0,0,0,0,0,0
15500,9586,0,397,0,5,0,9,0,3,0,0,0,0,0,0,0,0,0
15600,9619,0,362,0,3,0,11,0,4,0,1,0,0,0,0,0,0,0
15700,9616,0,365,0,4,0,6,0,8,0,1,0,0,0,0,0,0,0
15800,9647,0,336,0,5,0,4,0,4,0,4,0,0,0,0,0,0,0
15900,9623,0,365,0,5,0,2,0,3,0,2,0,0,0,0,0,0,0
16000,9686,0,289,0,6,0,7,0,11,0,1,0,0,0,0,0,0,0
16100,9739,0,245,0,3,0,5,0,6,0,2,0,0,0,0,0,0,0
16200,9711,0,274,0,6,0,4,0,3,0,2,0,0,0,0,0,0,0
16300,9732,0,253,0,2,0,9,0,3,0,1,0,0,0,0,0,0,0
16400,9763,0,217,0,6,0,4,0,7,0,3,0,0,0,0,0,0,0
16500,9766,0,214,0,1,0,8,0,8,0,3,0,0,0,0,0,0,0
16600,9763,0,217,0,2,0,9,0,6,0,3,0,0,0,0,0,0,0
16700,9780,0,203,0,3,0,4,0,6,0,4,0,0,0,0,0,0,0
16800,9764,0,213,0,4,0,8,0,7,0,3,0,1,0,0,0,0,0
16900,9775,0,200,0,7,0,4,0,12,0,2,0,0,0,0,0,0,0
17000,9782,0,208,0,1,0,1,0,6,0,2,0,0,0,0,0,0,0
17100,9809,0,178,0,6,0,2,0,4,0,1,0,0,0,0,0,0,0
17200,9826,0,163,0,2,0,3,0,5,0,1,0,0,0,0,0,0,0
17300,9834,0,149,0,5,0,5,0,5,0,2,0,0,0,0,0,0,0
17400,9848,0,143,0,5,0,1,0,3,0,0,0,0,0,0,0,0,0
17500,9808,0,164,0,4,0,5,0,13,0,6,0,0,0,0,0,0,0
17600,9818,0,167,0,5,0,3,0,6,0,1,0,0,0,0,0,0,0
17700,9831,0,161,0,2,0,1,0,4,0,1,0,0,0,0,0,0,0
17800,9848,0,137,0,4,0,6,0,2,0,3,0,0,0,0,0,0,0
17900,9847,0,141,0,4,0,2,0,2,0,4,0,0,0,0,0,0,0
18000,9851,0,129,0,9,0,3,0,7,0,1,0,0,0,0,0,0,0
18100,9872,0,121,0,2,0,1,0,2,0,2,0,0,0,0,0,0,0
18200,9860,0,126,0,1,0,5,0,3,0,5,0,0,0,0,0,0,0
18300,9856,0,129,0,4,0,5,0,4,0,2,0,0,0,0,0,0,0
18400,9850,0,132,0,8,0,4,0,5,0,1,0,0,0,0,0,0,0
18500,9848,0,124,0,14,0,5,0,7,0,2,0,0,0,0,0,0,0
18600,9835,0,148,0,2,0,7,0,6,0,2,0,0,0,0,0,0,0
18700,9844,0,141,0,1,0,6,0,8,0,0,0,0,0,0,0,0,0
18800,9874,0,112,0,2,0,5,0,5,0,1,0,1,0,0,0,0,0
18900,9875,0,105,0,7,0,7,0,3,0,3,0,0,0,0,0,0,0
19000,9888,0,101,0,5,0,3,0,2,0,1,0,0,0,0,0,0,0
19100,9882,0,100,0,5,0,3,0,8,0,2,0,0,0,0,0,0,0
19200,9883,0,98,0,4,0,7,0,6,0,2,0,0,0,0,0,0,0
19300,9891,0,95,0,3,0,4,0,6,0,1,0,0,0,0,0,0,0
19400,9894,0,93,0,3,0,4,0,6,0,0,0,0,0,0,0,0,0
19500,9880,0,112,0,2,0,1,0,3,0,1,0,1,0,0,0,0,0
19600,9869,0,115,0,6,0,3,0,3,0,4,0,0,0,0,0,0,0
19700,9830,0,152,0,7,0,3,0,6,0,1,0,1,0,0,0,0,0
19800,9821,0,163,0,5,0,1,0,5,0,5,0,0,0,0,0,0,0
19900,9810,0,178,0,2,0,0,0,6,0,4,0,0,0,0,0,0,0
20000,9817,0,173,0,2,0,4,0,2,0,2,0,0,0,0,0,0,0
20100,9804,0,177,0,4,0,4,0,8,0,3,0,0,0,0,0,0,0
20200,9802,0,178,0,7,0,8,0,4,0,1,0,0,0,0,0,0,0
20300,9805,0,176,0,5,0,3,0,9,0,2,0,0,0,0,0,0,0
20400,9816,0,171,0,3,0,5,0,3,0,2,0,0,0,0,0,0,0
20500,9804,0,176,0,5,0,6,0,9,0,0,0,0,0,0,0,0,0
20600,9777,0,213,0,2,0,5,0,2,0,1,0,0,0,0,0,0,0
20700,9720,0,257,0,2,0,17,0,3,0,1,0,0,0,0,0,0,0
20800,9714,0,253,0,4,0,19,0,8,0,2,0,0,0,0,0,0,0
20900,9757,0,226,0,1,0,10,0,4,0,2,0,0,0,0,0,0,0
21000,9767,0,205,0,5,0,18,0,3,0,1,0,1,0,0,0,0,0
21100,9712,0,257,0,3,0,19,0,4,0,5,0,0,0,0,0,0,0
21200,9713,0,264,0,4,0,15,0,3,0,1,0,0,0,0,0,0,0
21300,9696,0,296,0,1,0,4,0,2,0,1,0,0,0,0,0,0,0
21400,9687,0,301,0,3,0,3,0,4,0,2,0,0,0,0,0,0,0
21500,9700,0,287,0,3,0,3,0,4,0,3,0,0,0,0,0,0,0
21600,9730,0,258,0,3,0,1,0,5,0,3,0,0,0,0,0,0,0
21700,9736,0,255,0,2,0,3,0,4,0,0,0,0,0,0,0,0,0
21800,9769,0,216,0,8,0,4,0,2,0,1,0,0,0,0,0,0,0
21900,9758,0,219,0,4,0,10,0,7,0,2,0,0,0,0,0,0,0
22000,9788,0,200,0,8,0,0,0,3,0,1,0,0,0,0,0,0,0
22100,9800,0,190,0,2,0,1,0,2,0,5,0,0,0,0,0,0,0
22200,9723,0,250,0,5,0,9,0,9,0,4,0,0,0,0,0,0,0
22300,9752,0,233,0,3,0,3,0,7,0,2,0,0,0,0,0,0,0
22400,9746,0,243,0,3,0,0,0,4,0,4,0,0,0,0,0,0,0
22500,9720,0,268,0,4,0,1,0,5,0,2,0,0,0,0,0,0,0
22600,9688,0,300,0,4,0,3,0,4,0,1,0,0,0,0,0,0,0
22700,9682,0,301,0,6,0,5,0,6,0,0,0,0,0,0,0,0,0
22800,9696,0,287,0,7,0,2,0,4,0,4,0,0,0,0,0,0,0
22900,9679,0,309,0,4,0,2,0,5,0,1,0,0,0,0,0,0,0
23000,9690,0,292,0,3,0,5,0,9,0,1,0,0,0,0,0,0,0
23100,9691,0,293,0,4,0,3,0,7,0,2,0,0,0,0,0,0,0
23200,9668,0,311,0,3,0,9,0,8,0,1,0,0,0,0,0,0,0
23300,9669,0,310,0,12,0,2,0,6,0,1,0,0,0,0,0,0,0
23400,9682,0,303,0,2,0,5,0,5,0,3,0,0,0,0,0,0,0
23500,9659,0,325,0,5,0,6,0,3,0,1,0,1,0,0,0,0,0
23600,9676,0,313,0,7,0,2,0,2,0,0,0,0,0,0,0,0,0
23700,9669,0,315,0,3,0,3,0,8,0,2,0,0,0,0,0,0,0
23800,9695,0,284,0,3,0,6,0,10,0,2,0,0,0,0,0,0,0
23900,9710,0,267,0,7,0,7,0,7,0,2,0,0,0,0,0,0,0
24000,9719,0,267,0,2,0,5,0,5,0,2,0,0,0,0,0,0,0
24100,9776,0,209,0,2,0,9,0,2,0,2,0,0,0,0,0,0,0
24200,9797,0,187,0,4,0,6,0,4,0,2,0,0,0,0,0,0,0
24300,9784,0,203,0,4,0,6,0,1,0,2,0,0,0,0,0,0,0
24400,9822,0,166,0,3,0,3,0,5,0,1,0,0,0,0,0,0,0
24500,9854,0,132,0,2,0,4,0,2,0,6,0,0,0,0,0,0,0
24600,9869,0,119,0,3,0,3,0,5,0,1,0,0,0,0,0,0,0
24700,9868,0,115,0,6,0,4,0,4,0,3,0,0,0,0,0,0,0
24800,9874,0,108,0,0,0,8,0,9,0,1,0,0,0,0,0,0,0
24900,9834,0,154,0,2,0,4,0,3,0,3,0,0,0,0,0,0,0
25000,9827,0,156,0,5,0,5,0,4,0,3,0,0,0,0,0,0,0
25100,9817,0,168,0,4,0,6,0,3,0,2,0,0,0,0,0,0,0
25200,9814,0,165,0,7,0,4,0,6,0,4,0,0,0,0,0,0,0
25300,9812,0,168,0,3,0,7,0,9,0,1,0,0,0,0,0,0,0
25400,9810,0,167,0,5,0,11,0,4,0,3,0,0,0,0,0,0,0
25500,9819,0,168,0,4,0,5,0,3,0,1,0,0,0,0,0,0,0
25600,9800,0,187,0,2,0,6,0,3,0,2,0,0,0,0,0,0,0
25700,9806,0,180,0,3,0,8,0,1,0,2,0,0,0,0,0,0,0
25800,9765,0,223,0,3,0,7,0,2,0,0,0,0,0,0,0,0,0
25900,9765,0,213,0,5,0,7,0,8,0,2,0,0,0,0,0,0,0
26000,9767,0,205,0,3,0,11,0,13,0,1,0,0,0,0,0,0,0
26100,9789,0,196,0,1,0,9,0,2,0,3,0,0,0,0,0,0,0
26200,9820,0,160,0,7,0,8,0,5,0,0,0,0,0,0,0,0,0
26300,9824,0,164,0,2,0,3,0,6,0,1,0,0,0,0,0,0,0
26400,9818,0,165,0,2,0,12,0,1,0,2,0,0,0,0,0,0,0
26500,9809,0,178,0,2,0,7,0,4,0,0,0,0,0,0,0,0,0
26600,9793,0,185,0,6,0,9,0,5,0,2,0,0,0,0,0,0,0
26700,9777,0,191,0,5,0,11,0,12,0,4,0,0,0,0,0,0,0
26800,9747,0,237,0,5,0,6,0,2,0,2,0,1,0,0,0,0,0
26900,9777,0,194,0,6,0,15,0,6,0,2,0,0,0,0,0,0,0
27000,9843,0,138,0,6,0,5,0,7,0,1,0,0,0,0,0,0,0
27100,9839,0,140,0,6,0,8,0,4,0,3,0,0,0,0,0,0,0
27200,9850,0,130,0,5,0,6,0,6,0,3,0,0,0,0,0,0,0
27300,9866,0,128,0,1,0,1,0,2,0,2,0,0,0,0,0,0,0
27400,9824,0,160,0,5,0,5,0,6,0,0,0,0,0,0,0,0,0
27500,9819,0,168,0,5,0,5,0,3,0,0,0,0,0,0,0,0,0
27600,9834,0,150,0,2,0,8,0,3,0,3,0,0,0,0,0,0,0
27700,9868,0,119,0,3,0,3,0,6,0,1,0,0,0,0,0,0,0
27800,9866,0,119,0,4,0,6,0,4,0,1,0,0,0,0,0,0,0
27900,9875,0,117,0,1,0,4,0,3,0,0,0,0,0,0,0,0,0
28000,9902,0,74,0,5,0,9,0,5,0,5,0,0,0,0,0,0,0
28100,9909,0,74,0,5,0,4,0,8,0,0,0,0,0,0,0,0,0
28200,9909,0,78,0,4,0,3,0,5,0,1,0,0,0,0,0,0,0
28300,9923,0,63,0,3,0,4,0,5,0,2,0,0,0,0,0,0,0
28400,9900,0,79,0,5,0,6,0,9,0,1,0,0,0,0,0,0,0
28500,9838,0,140,0,6,0,8,0,5,0,3,0,0,0,0,0,0,0
28600,9848,0,136,0,6,0,3,0,6,0,1,0,0,0,0,0,0,0
28700,9862,0,120,0,8,0,3,0,2,0,5,0,0,0,0,0,0,0
28800,9856,0,128,0,5,0,3,0,8,0,0,0,0,0,0,0,0,0
28900,9836,0,149,0,8,0,5,0,1,0,1,0,0,0,0,0,0,0
29000,9792,0,184,0,8,0,5,0,10,0,1,0,0,0,0,0,0,0
29100,9798,0,181,0,8,0,6,0,4,0,3,0,0,0,0,0,0,0
29200,9806,0,177,0,5,0,5,0,5,0,2,0,0,0,0,0,0,0
29300,9797,0,177,0,10,0,4,0,7,0,4,0,1,0,0,0,0,0
29400,9786,0,183,0,10,0,11,0,9,0,1,0,0,0,0,0,0,0
29500,9795,0,180,0,6,0,11,0,5,0,3,0,0,0,0,0,0,0
29600,9816,0,169,0,3,0,4,0,5,0,3,0,0,0,0,0,0,0
29700,9803,0,182,0,8,0,4,0,2,0,1,0,0,0,0,0,0,0
29800,9818,0,173,0,1,0,3,0,2,0,3,0,0,0,0,0,0,0
29900,9769,0,209,0,8,0,9,0,2,0,3,0,0,0,0,0,0,0
30000,9759,0,216,0,10,0,10,0,4,0,1,0,0,0,0,0,0,0
30100,9796,0,192,0,3,0,6,0,2,0,1,0,0,0,0,0,0,0
30200,9782,0,195,0,7,0,8,0,7,0,1,0,0,0,0,0,0,0
30300,9786,0,203,0,5,0,4,0,0,0,2,0,0,0,0,0,0,0
30400,9826,0,155,0,4,0,9,0,3,0,3,0,0,0,0,0,0,0
30500,9867,0,107,0,8,0,5,0,8,0,5,0,0,0,0,0,0,0
30600,9924,0,65,0,6,0,2,0,3,0,0,0,0,0,0,0,0,0
30700,9935,0,49,0,7,0,3,0,3,0,3,0,0,0,0,0,0,0
30800,9927,0,60,0,7,0,1,0,3,0,1,0,0,0,0,0,1,0
30900,9934,0,47,0,10,0,2,0,7,0,0,0,0,0,0,0,0,0
31000,9936,0,49,0,2,0,9,0,2,0,2,0,0,0,0,0,0,0
31100,9932,0,50,0,7,0,6,0,4,0,1,0,0,0,0,0,0,0
31200,9941,0,45,0,5,0,5,0,3,0,1,0,0,0,0,0,0,0
31300,9939,0,43,0,7,0,6,0,5,0,0,0,0,0,0,0,0,0
31400,9934,0,52,0,5,0,4,0,3,0,2,0,0,0,0,0,0,0
31500,9931,0,51,0,5,0,6,0,6,0,1,0,0,0,0,0,0,0
31600,9913,0,71,0,10,0,3,0,3,0,0,0,0,0,0,0,0,0
31700,9928,0,61,0,4,0,1,0,5,0,1,0,0,0,0,0,0,0
31800,9934,0,56,0,4,0,1,0,4,0,0,0,1,0,0,0,0,0
31900,9930,0,55,0,4,0,2,0,4,0,5,0,0,0,0,0,0,0
32000,9931,0,58,0,4,0,5,0,1,0,1,0,0,0,0,0,0,0
32100,9923,0,53,0,8,0,6,0,8,0,2,0,0,0,0,0,0,0
32200,9936,0,47,0,4,0,8,0,4,0,1,0,0,0,0,0,0,0
32300,9930,0,50,0,5,0,11,0,3,0,1,0,0,0,0,0,0,0
32400,9929,0,51,0,7,0,6,0,5,0,2,0,0,0,0,0,0,0
32500,9916,0,58,0,2,0,11,0,8,0,5,0,0,0,0,0,0,0
32600,9899,0,73,0,7,0,16,0,4,0,1,0,0,0,0,0,0,0
32700,9880,0,106,0,5,0,3,0,5,0,1,0,0,0,0,0,0,0
32800,9879,0,103,0,4,0,7,0,4,0,3,0,0,0,0,0,0,0
32900,9875,0,104,0,7,0,7,0,5,0,2,0,0,0,0,0,0,0
33000,9867,0,117,0,5,0,7,0,3,0,1,0,0,0,0,0,0,0
33100,9901,0,83,0,2,0,8,0,5,0,1,0,0,0,0,0,0,0
33200,9905,0,67,0,10,0,9,0,9,0,0,0,0,0,0,0,0,0
33300,9921,0,58,0,9,0,7,0,3,0,2,0,0,0,0,0,0,0
33400,9909,0,64,0,6,0,8,0,11,0,2,0,0,0,0,0,0,0
33500,9916,0,64,0,5,0,8,0,5,0,2,0,0,0,0,0,0,0
33600,9929,0,47,0,9,0,10,0,3,0,2,0,0,0,0,0,0,0
33700,9915,0,58,0,13,0,6,0,6,0,2,0,0,0,0,0,0,0
33800,9925,0,51,0,10,0,5,0,8,0,1,0,0,0,0,0,0,0
33900,9938,0,38,0,13,0,9,0,2,0,0,0,0,0,0,0,0,0
34000,9941,0,33,0,14,0,10,0,1,0,1,0,0,0,0,0,0,0
34100,9949,0,23,0,7,0,13,0,6,0,2,0,0,0,0,0,0,0
34200,9951,0,27,0,10,0,8,0,2,0,2,0,0,0,0,0,0,0
34300,9952,0,21,0,13,0,10,0,1,0,2,0,1,0,0,0,0,0
34400,9966,0,17,0,2,0,11,0,3,0,1,0,0,0,0,0,0,0
34500,9960,0,25,0,4,0,5,0,2,0,4,0,0,0,0,0,0,0
34600,9949,0,23,0,10,0,8,0,10,0,0,0,0,0,0,0,0,0
34700,9957,0,24,0,4,0,10,0,5,0,0,0,0,0,0,0,0,0
34800,9951,0,22,0,4,0,13,0,5,0,5,0,0,0,0,0,0,0
34900,9958,0,15,0,6,0,12,0,8,0,1,0,0,0,0,0,0,0
35000,9956,0,15,0,10,0,12,0,4,0,3,0,0,0,0,0,0,0
35100,9958,0,16,0,3,0,13,0,8,0,2,0,0,0,0,0,0,0
35200,9958,0,19,0,11,0,10,0,1,0,1,0,0,0,0,0,0,0
35300,9960,0,17,0,6,0,11,0,2,0,4,0,0,0,0,0,0,0
35400,9957,0,16,0,7,0,12,0,6,0,2,0,0,0,0,0,0,0
35500,9964,0,21,0,4,0,8,0,2,0,1,0,0,0,0,0,0,0
35600,9957,0,17,0,10,0,7,0,7,0,1,0,1,0,0,0,0,0
35700,9963,0,18,0,6,0,10,0,2,0,1,0,0,0,0,0,0,0
35800,9965,0,18,0,7,0,8,0,1,0,1,0,0,0,0,0,0,0
35900,9969,0,15,0,4,0,6,0,3,0,2,0,1,0,0,0,0,0
36000,9956,0,19,0,6,0,13,0,4,0,2,0,0,0,0,0,0,0
36100,9961,0,20,0,5,0,4,0,7,0,3,0,0,0,0,0,0,0
36200,9963,0,14,0,4,0,12,0,6,0,1,0,0,0,0,0,0,0
36300,9940,0,41,0,0,0,16,0,3,0,0,0,0,0,0,0,0,0
36400,9928,0,52,0,5,0,14,0,0,0,1,0,0,0,0,0,0,0
36500,9927,0,53,0,3,0,13,0,1,0,3,0,0,0,0,0,0,0
36600,9928,0,59,0,4,0,5,0,2,0,2,0,0,0,0,0,0,0
36700,9939,0,49,0,5,0,3,0,3,0,1,0,0,0,0,0,0,0
36800,9943,0,49,0,3,0,4,0,0,0,1,0,0,0,0,0,0,0
36900,9933,0,53,0,3,0,4,0,6,0,1,0,0,0,0,0,0,0
37000,9931,0,54,0,3,0,7,0,2,0,3,0,0,0,0,0,0,0
37100,9933,0,52,0,3,0,3,0,3,0,5,0,1,0,0,0,0,0
37200,9936,0,49,0,5,0,5,0,3,0,1,0,1,0,0,0,0,0
37300,9933,0,51,0,3,0,9,0,4,0,0,0,0,0,0,0,0,0
37400,9914,0,72,0,2,0,7,0,4,0,1,0,0,0,0,0,0,0
37500,9896,0,94,0,1,0,6,0,2,0,1,0,0,0,0,0,0,0
37600,9896,0,82,0,7,0,5,0,7,0,3,0,0,0,0,0,0,0
37700,9908,0,80,0,6,0,3,0,1,0,2,0,0,0,0,0,0,0
37800,9910,0,81,0,4,0,3,0,2,0,0,0,0,0,0,0,0,0
37900,9912,0,78,0,3,0,2,0,3,0,2,0,0,0,0,0,0,0
38000,9941,0,46,0,2,0,6,0,2,0,3,0,0,0,0,0,0,0
38100,9938,0,49,0,4,0,2,0,7,0,0,0,0,0,0,0,0,0
38200,9888,0,81,0,2,0,22,0,5,0,2,0,0,0,0,0,0,0
38300,9852,0,102,0,6,0,37,0,3,0,0,0,0,0,0,0,0,0
38400,9825,0,126,0,7,0,35,0,6,0,1,0,0,0,0,0,0,0
38500,9824,0,129,0,4,0,35,0,6,0,2,0,0,0,0,0,0,0
38600,9832,0,122,0,3,0,37,0,5,0,1,0,0,0,0,0,0,0
38700,9832,0,124,0,3,0,37,0,4,0,0,0,0,0,0,0,0,0
38800,9837,0,115,0,5,0,34,0,8,0,1,0,0,0,0,0,0,0
38900,9896,0,88,0,3,0,8,0,5,0,0,0,0,0,0,0,0,0
39000,9894,0,87,0,2,0,15,0,1,0,1,0,0,0,0,0,0,0
39100,9897,0,86,0,4,0,9,0,2,0,2,0,0,0,0,0,0,0
39200,9889,0,89,0,5,0,12,0,4,0,1,0,0,0,0,0,0,0
39300,9892,0,104,0,0,0,3,0,0,0,1,0,0,0,0,0,0,0
39400,9873,0,101,0,7,0,11,0,5,0,3,0,0,0,0,0,0,0
39500,9875,0,101,0,3,0,13,0,6,0,2,0,0,0,0,0,0,0
39600,9882,0,101,0,7,0,7,0,2,0,1,0,0,0,0,0,0,0
39700,9886,0,102,0,1,0,0,0,7,0,4,0,0,0,0,0,0,0
39800,9882,0,103,0,3,0,4,0,6,0,2,0,0,0,0,0,0,0
39900,9886,0,105,0,1,0,5,0,3,0,0,0,0,0,0,0,0,0
40000,9889,0,100,0,3,0,2,0,4,0,2,0,0,0,0,0,0,0
40100,9854,0,136,0,2,0,3,0,4,0,1,0,0,0,0,0,0,0
40200,9858,0,129,0,3,0,2,0,3,0,5,0,0,0,0,0,0,0
40300,9886,0,106,0,2,0,0,0,4,0,2,0,0,0,0,0,0,0
40400,9887,0,103,0,4,0,2,0,3,0,1,0,0,0,0,0,0,0
40500,9896,0,94,0,0,0,3,0,6,0,1,0,0,0,0,0,0,0
40600,9929,0,62,0,4,0,2,0,3,0,0,0,0,0,0,0,0,0
40700,9931,0,62,0,3,0,3,0,1,0,0,0,0,0,0,0,0,0
40800,9936,0,59,0,1,0,1,0,3,0,0,0,0,0,0,0,0,0
40900,9910,0,81,0,1,0,3,0,2,0,3,0,0,0,0,0,0,0
41000,9930,0,63,0,4,0,1,0,2,0,0,0,0,0,0,0,0,0
41100,9936,0,49,0,3,0,3,0,8,0,1,0,0,0,0,0,0,0
41200,9937,0,53,0,2,0,3,0,3,0,2,0,0,0,0,0,0,0
41300,9934,0,55,0,3,0,1,0,4,0,3,0,0,0,0,0,0,0
41400,9945,0,51,0,1,0,2,0,1,0,0,0,0,0,0,0,0,0
41500,9943,0,48,0,6,0,1,0,1,0,1,0,0,0,0,0,0,0
41600,9930,0,57,0,3,0,5,0,2,0,3,0,0,0,0,0,0,0
41700,9930,0,58,0,3,0,6,0,1,0,2,0,0,0,0,0,0,0
41800,9940,0,51,0,2,0,4,0,2,0,1,0,0,0,0,0,0,0
41900,9937,0,47,0,4,0,4,0,7,0,1,0,0,0,0,0,0,0
42000,9940,0,48,0,4,0,2,0,6,0,0,0,0,0,0,0,0,0
42100,9947,0,47,0,2,0,1,0,2,0,1,0,0,0,0,0,0,0
42200,9937,0,50,0,1,0,8,0,4,0,0,0,0,0,0,0,0,0
42300,9941,0,48,0,1,0,1,0,6,0,3,0,0,0,0,0,0,0
42400,9940,0,55,0,3,0,0,0,2,0,0,0,0,0,0,0,0,0
42500,9945,0,48,0,2,0,0,0,4,0,1,0,0,0,0,0,0,0
42600,9944,0,51,0,3,0,0,0,2,0,0,0,0,0,0,0,0,0
42700,9946,0,45,0,1,0,5,0,2,0,1,0,0,0,0,0,0,0
42800,9950,0,42,0,3,0,3,0,2,0,0,0,0,0,0,0,0,0
42900,9989,0,3,0,2,0,5,0,1,0,0,0,0,0,0,0,0,0
43000,9986,0,2,0,3,0,2,0,6,0,1,0,0,0,0,0,0,0
43100,9983,0,6,0,6,0,0,0,2,0,3,0,0,0,0,0,0,0
43200,9963,0,17,0,4,0,4,0,9,0,3,0,0,0,0,0,0,0
43300,9975,0,17,0,2,0,3,0,1,0,2,0,0,0,0,0,0,0
43400,9979,0,16,0,1,0,0,0,3,0,1,0,0,0,0,0,0,0
43500,9975,0,18,0,1,0,2,0,2,0,2,0,0,0,0,0,0,0
43600,9973,0,20,0,3,0,2,0,2,0,0,0,0,0,0,0,0,0
43700,9958,0,26,0,2,0,3,0,9,0,2,0,0,0,0,0,0,0
43800,9968,0,24,0,1,0,3,0,2,0,2,0,0,0,0,0,0,0
43900,9963,0,22,0,4,0,3,0,6,0,2,0,0,0,0,0,0,0
44000,9972,0,19,0,1,0,3,0,3,0,2,0,0,0,0,0,0,0
44100,9963,0,23,0,2,0,7,0,3,0,2,0,0,0,0,0,0,0
44200,9972,0,23,0,0,0,2,0,1,0,2,0,0,0,0,0,0,0
44300,9970,0,23,0,2,0,1,0,3,0,1,0,0,0,0,0,0,0
44400,9970,0,22,0,3,0,2,0,2,0,1,0,0,0,0,0,0,0
44500,9970,0,23,0,1,0,2,0,2,0,2,0,0,0,0,0,0,0
44600,9970,0,23,0,2,0,1,0,4,0,0,0,0,0,0,0,0,0
44700,9971,0,23,0,4,0,1,0,0,0,1,0,0,0,0,0,0,0
44800,9972,0,23,0,2,0,2,0,1,0,0,0,0,0,0,0,0,0
44900,9987,0,5,0,3,0,2,0,2,0,1,0,0,0,0,0,0,0
45000,9991,0,1,0,3,0,2,0,1,0,2,0,0,0,0,0,0,0
45100,9991,0,0,0,0,0,6,0,3,0,0,0,0,0,0,0,0,0
45200,9984,0,1,0,4,0,2,0,6,0,3,0,0,0,0,0,0,0
45300,9990,0,0,0,8,0,0,0,0,0,2,0,0,0,0,0,0,0
45400,9974,0,3,0,11,0,2,0,7,0,3,0,0,0,0,0,0,0
45500,9985,0,5,0,3,0,4,0,1,0,2,0,0,0,0,0,0,0
45600,9982,0,0,0,10,0,4,0,2,0,2,0,0,0,0,0,0,0
45700,9990,0,1,0,1,0,4,0,4,0,0,0,0,0,0,0,0,0
45800,9990,0,1,0,4,0,1,0,4,0,0,0,0,0,0,0,0,0
45900,9990,0,2,0,1,0,3,0,0,0,4,0,0,0,0,0,0,0
46000,9988,0,4,0,6,0,0,0,2,0,0,0,0,0,0,0,0,0
46100,9982,0,7,0,5,0,1,0,3,0,2,0,0,0,0,0,0,0
46200,9988,0,2,0,3,0,1,0,4,0,2,0,0,0,0,0,0,0
46300,9980,0,3,0,4,0,5,0,4,0,4,0,0,0,0,0,0,0
46400,9985,0,7,0,4,0,1,0,3,0,0,0,0,0,0,0,0,0
46500,9992,0,1,0,2,0,0,0,4,0,1,0,0,0,0,0,0,0
46600,9982,0,5,0,4,0,3,0,3,0,3,0,0,0,0,0,0,0
46700,9976,0,17,0,2,0,0,0,5,0,0,0,0,0,0,0,0,0
46800,9973,0,12,0,4,0,3,0,6,0,2,0,0,0,0,0,0,0
46900,9981,0,13,0,2,0,1,0,2,0,1,0,0,0,0,0,0,0
47000,9973,0,21,0,3,0,1,0,1,0,1,0,0,0,0,0,0,0
47100,9971,0,23,0,2,0,0,0,4,0,0,0,0,0,0,0,0,0
47200,9964,0,23,0,5,0,2,0,6,0,0,0,0,0,0,0,0,0
47300,9968,0,22,0,5,0,0,0,1,0,4,0,0,0,0,0,0,0
47400,9961,0,22,0,4,0,6,0,6,0,1,0,0,0,0,0,0,0
47500,9971,0,23,0,4,0,0,0,2,0,0,0,0,0,0,0,0,0
47600,9965,0,26,0,1,0,3,0,3,0,2,0,0,0,0,0,0,0
47700,9972,0,23,0,2,0,0,0,1,0,1,0,1,0,0,0,0,0
47800,9979,0,16,0,4,0,0,0,1,0,0,0,0,0,0,0,0,0
47900,9978,0,11,0,4,0,6,0,0,0,1,0,0,0,0,0,0,0
48000,9981,0,13,0,2,0,1,0,1,0,2,0,0,0,0,0,0,0
48100,9977,0,14,0,4,0,2,0,2,0,1,0,0,0,0,0,0,0
48200,9978,0,13,0,1,0,1,0,5,0,1,0,1,0,0,0,0,0
48300,9984,0,11,0,1,0,1,0,2,0,1,0,0,0,0,0,0,0
48400,9987,0,10,0,1,0,0,0,1,0,1,0,0,0,0,0,0,0
48500,9978,0,16,0,3,0,1,0,2,0,0,0,0,0,0,0,0,0
48600,9976,0,19,0,0,0,2,0,1,0,2,0,0,0,0,0,0,0
48700,9976,0,18,0,0,0,1,0,4,0,1,0,0,0,0,0,0,0
48800,9979,0,15,0,3,0,0,0,0,0,3,0,0,0,0,0,0,0
48900,9984,0,15,0,0,0,1,0,0,0,0,0,0,0,0,0,0,0
49000,9973,0,16,0,4,0,3,0,4,0,0,0,0,0,0,0,0,0
49100,9983,0,14,0,1,0,0,0,2,0,0,0,0,0,0,0,0,0
49200,9977,0,15,0,3,0,2,0,3,0,0,0,0,0,0,0,0,0
49300,9982,0,14,0,1,0,1,0,1,0,1,0,0,0,0,0,0,0
49400,9972,0,19,0,2,0,3,0,1,0,3,0,0,0,0,0,0,0
49500,9979,0,15,0,0,0,2,0,2,0,2,0,0,0,0,0,0,0
49600,9981,0,13,0,4,0,0,0,2,0,0,0,0,0,0,0,0,0
49700,9981,0,13,0,3,0,0,0,1,0,2,0,0,0,0,0,0,0
49800,9974,0,18,0,1,0,4,0,0,0,3,0,0,0,0,0,0,0
49900,9980,0,13,0,2,0,0,0,3,0,2,0,0,0,0,0,0,0
50000,9982,0,14,0,1,0,0,0,3,0,0,0,0,0,0,0,0,0
50100,9982,0,15,0,0,0,0,0,2,0,1,0,0,0,0,0,0,0
50200,9981,0,15,0,1,0,0,0,1,0,2,0,0,0,0,0,0,0
50300,9976,0,17,0,0,0,4,0,3,0,0,0,0,0,0,0,0,0
50400,9976,0,15,0,0,0,2,0,6,0,1,0,0,0,0,0,0,0
50500,9980,0,16,0,1,0,2,0,0,0,1,0,0,0,0,0,0,0
50600,9965,0,25,0,4,0,2,0,2,0,2,0,0,0,0,0,0,0
50700,9969,0,28,0,0,0,1,0,2,0,0,0,0,0,0,0,0,0
50800,9963,0,30,0,1,0,3,0,2,0,1,0,0,0,0,0,0,0
50900,9974,0,22,0,1,0,0,0,3,0,0,0,0,0,0,0,0,0
51000,9969,0,24,0,1,0,2,0,4,0,0,0,0,0,0,0,0,0
51100,9970,0,19,0,2,0,2,0,4,0,3,0,0,0,0,0,0,0
51200,9977,0,15,0,3,0,0,0,5,0,0,0,0,0,0,0,0,0
51300,9963,0,27,0,3,0,4,0,2,0,1,0,0,0,0,0,0,0
51400,9963,0,29,0,4,0,1,0,2,0,1,0,0,0,0,0,0,0
51500,9967,0,25,0,3,0,2,0,3,0,0,0,0,0,0,0,0,0
51600,9965,0,29,0,1,0,1,0,1,0,3,0,0,0,0,0,0,0
51700,9969,0,27,0,1,0,2,0,1,0,0,0,0,0,0,0,0,0
51800,9958,0,27,0,1,0,7,0,7,0,0,0,0,0,0,0,0,0
51900,9972,0,24,0,2,0,0,0,0,0,2,0,0,0,0,0,0,0
52000,9970,0,22,0,3,0,0,0,5,0,0,0,0,0,0,0,0,0
52100,9970,0,27,0,0,0,0,0,2,0,1,0,0,0,0,0,0,0
52200,9968,0,21,0,1,0,7,0,3,0,0,0,0,0,0,0,0,0
52300,9975,0,18,0,2,0,1,0,3,0,1,0,0,0,0,0,0,0
52400,9979,0,18,0,1,0,0,0,1,0,1,0,0,0,0,0,0,0
52500,9978,0,13,0,3,0,1,0,5,0,0,0,0,0,0,0,0,0
52600,9971,0,14,0,2,0,1,0,10,0,1,0,1,0,0,0,0,0
52700,9973,0,18,0,2,0,1,0,4,0,1,0,1,0,0,0,0,0
52800,9975,0,17,0,3,0,0,0,3,0,1,0,1,0,0,0,0,0
52900,9971,0,18,0,6,0,1,0,3,0,1,0,0,0,0,0,0,0
53000,9971,0,20,0,3,0,1,0,3,0,1,0,1,0,0,0,0,0
53100,9972,0,22,0,1,0,4,0,1,0,0,0,0,0,0,0,0,0
53200,9965,0,24,0,2,0,5,0,2,0,2,0,0,0,0,0,0,0
53300,9975,0,21,0,2,0,1,0,1,0,0,0,0,0,0,0,0,0
53400,9970,0,19,0,2,0,5,0,2,0,2,0,0,0,0,0,0,0
53500,9968,0,20,0,1,0,3,0,7,0,1,0,0,0,0,0,0,0
53600,9972,0,19,0,1,0,5,0,2,0,0,0,1,0,0,0,0,0
53700,9981,0,15,0,0,0,1,0,3,0,0,0,0,0,0,0,0,0
53800,9968,0,25,0,1,0,1,0,5,0,0,0,0,0,0,0,0,0
53900,9966,0,32,0,1,0,0,0,1,0,0,0,0,0,0,0,0,0
54000,9966,0,30,0,1,0,1,0,1,0,1,0,0,0,0,0,0,0
54100,9967,0,30,0,0,0,0,0,2,0,1,0,0,0,0,0,0,0
54200,9960,0,32,0,3,0,0,0,5,0,0,0,0,0,0,0,0,0
54300,9961,0,33,0,2,0,3,0,1,0,0,0,0,0,0,0,0,0
54400,9961,0,30,0,1,0,2,0,5,0,1,0,0,0,0,0,0,0
54500,9969,0,25,0,2,0,2,0,2,0,0,0,0,0,0,0,0,0
54600,9979,0,18,0,1,0,0,0,0,0,2,0,0,0,0,0,0,0
54700,9977,0,18,0,1,0,2,0,1,0,1,0,0,0,0,0,0,0
54800,9977,0,13,0,3,0,3,0,4,0,0,0,0,0,0,0,0,0
54900,9977,0,13,0,0,0,4,0,3,0,3,0,0,0,0,0,0,0
55000,9984,0,13,0,0,0,0,0,2,0,1,0,0,0,0,0,0,0
55100,9976,0,14,0,0,0,6,0,2,0,2,0,0,0,0,0,0,0
55200,9980,0,13,0,2,0,1,0,2,0,2,0,0,0,0,0,0,0
55300,9980,0,14,0,2,0,1,0,3,0,0,0,0,0,0,0,0,0
55400,9980,0,15,0,2,0,1,0,1,0,1,0,0,0,0,0,0,0
55500,9978,0,15,0,2,0,1,0,2,0,2,0,0,0,0,0,0,0
55600,9983,0,13,0,1,0,3,0,0,0,0,0,0,0,0,0,0,0
55700,9983,0,15,0,0,0,2,0,0,0,0,0,0,0,0,0,0,0
55800,9983,0,13,0,3,0,1,0,0,0,0,0,0,0,0,0,0,0
55900,9981,0,14,0,2,0,2,0,0,0,1,0,0,0,0,0,0,0
56000,9980,0,14,0,3,0,0,0,2,0,1,0,0,0,0,0,0,0
56100,9980,0,13,0,3,0,1,0,2,0,1,0,0,0,0,0,0,0
56200,9974,0,20,0,1,0,0,0,4,0,1,0,0,0,0,0,0,0
56300,9966,0,26,0,2,0,1,0,5,0,0,0,0,0,0,0,0,0
56400,9972,0,24,0,2,0,0,0,2,0,0,0,0,0,0,0,0,0
56500,9971,0,26,0,2,0,0,0,1,0,0,0,0,0,0,0,0,0
56600,9965,0,29,0,2,0,3,0,1,0,0,0,0,0,0,0,0,0
56700,9970,0,26,0,2,0,2,0,0,0,0,0,0,0,0,0,0,0
56800,9964,0,29,0,0,0,4,0,2,0,1,0,0,0,0,0,0,0
56900,9970,0,27,0,2,0,0,0,1,0,0,0,0,0,0,0,0,0
57000,9967,0,27,0,1,0,2,0,2,0,1,0,0,0,0,0,0,0
57100,9967,0,25,0,0,0,1,0,6,0,1,0,0,0,0,0,0,0
57200,9963,0,29,0,2,0,2,0,3,0,1,0,0,0,0,0,0,0
57300,9964,0,27,0,2,0,0,0,4,0,3,0,0,0,0,0,0,0
57400,9969,0,29,0,1,0,1,0,0,0,0,0,0,0,0,0,0,0
57500,9963,0,29,0,1,0,0,0,4,0,3,0,0,0,0,0,0,0
57600,9964,0,28,0,5,0,1,0,2,0,0,0,0,0,0,0,0,0
57700,9966,0,31,0,2,0,1,0,0,0,0,0,0,0,0,0,0,0
57800,9963,0,26,0,3,0,6,0,1,0,1,0,0,0,0,0,0,0
57900,9964,0,28,0,1,0,0,0,5,0,2,0,0,0,0,0,0,0
58000,9967,0,27,0,0,0,3,0,1,0,2,0,0,0,0,0,0,0
58100,9966,0,27,0,1,0,0,0,5,0,1,0,0,0,0,0,0,0
58200,9975,0,20,0,1,0,0,0,3,0,1,0,0,0,0,0,0,0
58300,9958,0,27,0,4,0,7,0,4,0,0,0,0,0,0,0,0,0
58400,9965,0,25,0,3,0,3,0,2,0,2,0,0,0,0,0,0,0
58500,9967,0,24,0,1,0,3,0,3,0,2,0,0,0,0,0,0,0
58600,9975,0,21,0,0,0,0,0,4,0,0,0,0,0,0,0,0,0
58700,9972,0,22,0,3,0,1,0,1,0,1,0,0,0,0,0,0,0
58800,9952,0,37,0,1,0,3,0,6,0,1,0,0,0,0,0,0,0
58900,9950,0,42,0,2,0,1,0,4,0,1,0,0,0,0,0,0,0
59000,9944,0,50,0,0,0,1,0,3,0,2,0,0,0,0,0,0,0
59100,9953,0,40,0,2,0,1,0,3,0,1,0,0,0,0,0,0,0
59200,9954,0,40,0,0,0,2,0,2,0,2,0,0,0,0,0,0,0
59300,9954,0,41,0,1,0,3,0,1,0,0,0,0,0,0,0,0,0
59400,9949,0,40,0,1,0,1,0,9,0,0,0,0,0,0,0,0,0
59500,9959,0,39,0,0,0,0,0,1,0,1,0,0,0,0,0,0,0
59600,9942,0,55,0,1,0,1,0,1,0,0,0,0,0,0,0,0,0
59700,9942,0,49,0,5,0,2,0,1,0,1,0,0,0,0,0,0,0
59800,9948,0,41,0,4,0,4,0,1,0,2,0,0,0,0,0,0,0
59900,9954,0,39,0,2,0,2,0,3,0,0,0,0,0,0,0,0,0
60000,9953,0,40,0,2,0,1,0,2,0,2,0,0,0,0,0,0,0
60100,9947,0,43,0,4,0,1,0,5,0,0,0,0,0,0,0,0,0
60200,9957,0,39,0,0,0,0,0,3,0,1,0,0,0,0,0,0,0
60300,9948,0,42,0,2,0,4,0,3,0,1,0,0,0,0,0,0,0
60400,9955,0,37,0,2,0,1,0,3,0,2,0,0,0,0,0,0,0
60500,9942,0,40,0,3,0,8,0,4,0,3,0,0,0,0,0,0,0
60600,9947,0,40,0,4,0,1,0,7,0,1,0,0,0,0,0,0,0
60700,9951,0,43,0,2,0,0,0,3,0,1,0,0,0,0,0,0,0
60800,9957,0,39,0,1,0,0,0,3,0,0,0,0,0,0,0,0,0
60900,9935,0,56,0,1,0,2,0,6,0,0,0,0,0,0,0,0,0
61000,9936,0,57,0,2,0,1,0,2,0,2,0,0,0,0,0,0,0
61100,9935,0,57,0,3,0,1,0,3,0,1,0,0,0,0,0,0,0
61200,9937,0,58,0,2,0,1,0,2,0,0,0,0,0,0,0,0,0
61300,9934,0,58,0,2,0,4,0,2,0,0,0,0,0,0,0,0,0
61400,9939,0,54,0,3,0,1,0,0,0,3,0,0,0,0,0,0,0
61500,9936,0,58,0,2,0,0,0,4,0,0,0,0,0,0,0,0,0
61600,9943,0,52,0,1,0,3,0,1,0,0,0,0,0,0,0,0,0
61700,9943,0,52,0,3,0,0,0,1,0,1,0,0,0,0,0,0,0
61800,9937,0,53,0,4,0,0,0,3,0,3,0,0,0,0,0,0,0
61900,9935,0,51,0,2,0,7,0,4,0,1,0,0,0,0,0,0,0
62000,9937,0,54,0,3,0,0,0,5,0,1,0,0,0,0,0,0,0
62100,9957,0,38,0,1,0,1,0,1,0,2,0,0,0,0,0,0,0
62200,9949,0,41,0,1,0,4,0,2,0,3,0,0,0,0,0,0,0
62300,9953,0,42,0,0,0,2,0,1,0,2,0,0,0,0,0,0,0
62400,9959,0,39,0,1,0,1,0,0,0,0,0,0,0,0,0,0,0
62500,9955,0,34,0,1,0,5,0,4,0,1,0,0,0,0,0,0,0
62600,9961,0,27,0,5,0,0,0,7,0,0,0,0,0,0,0,0,0
62700,9966,0,29,0,0,0,3,0,2,0,0,0,0,0,0,0,0,0
62800,9966,0,23,0,5,0,0,0,6,0,0,0,0,0,0,0,0,0
62900,9961,0,31,0,2,0,2,0,4,0,0,0,0,0,0,0,0,0
63000,9965,0,27,0,2,0,0,0,4,0,2,0,0,0,0,0,0,0
63100,9971,0,22,0,3,0,1,0,3,0,0,0,0,0,0,0,0,0
63200,9969,0,23,0,3,0,0,0,4,0,1,0,0,0,0,0,0,0
63300,9972,0,20,0,2,0,3,0,1,0,2,0,0,0,0,0,0,0
63400,9971,0,20,0,3,0,4,0,2,0,0,0,0,0,0,0,0,0
63500,9969,0,19,0,3,0,4,0,5,0,0,0,0,0,0,0,0,0
63600,9971,0,21,0,6,0,0,0,2,0,0,0,0,0,0,0,0,0
63700,9974,0,18,0,5,0,1,0,1,0,1,0,0,0,0,0,0,0
63800,9962,0,23,0,4,0,6,0,1,0,4,0,0,0,0,0,0,0
63900,9973,0,20,0,3,0,2,0,1,0,1,0,0,0,0,0,0,0
64000,9972,0,18,0,4,0,2,0,2,0,2,0,0,0,0,0,0,0
64100,9972,0,21,0,2,0,2,0,3,0,0,0,0,0,0,0,0,0
64200,9977,0,18,0,1,0,2,0,1,0,1,0,0,0,0,0,0,0
64300,9972,0,16,0,3,0,4,0,4,0,1,0,0,0,0,0,0,0
64400,9961,0,19,0,7,0,10,0,1,0,2,0,0,0,0,0,0,0
64500,9974,0,17,0,3,0,1,0,4,0,1,0,0,0,0,0,0,0
64600,9970,0,19,0,3,0,5,0,2,0,1,0,0,0,0,0,0,0
64700,9971,0,17,0,3,0,7,0,2,0,0,0,0,0,0,0,0,0
64800,9978,0,15,0,3,0,3,0,1,0,0,0,0,0,0,0,0,0
64900,9977,0,18,0,3,0,1,0,0,0,1,0,0,0,0,0,0,0
65000,9977,0,16,0,3,0,4,0,0,0,0,0,0,0,0,0,0,0
65100,9971,0,15,0,4,0,6,0,4,0,0,0,0,0,0,0,0,0
65200,9970,0,16,0,6,0,4,0,2,0,2,0,0,0,0,0,0,0
65300,9977,0,14,0,1,0,4,0,4,0,0,0,0,0,0,0,0,0
65400,9978,0,16,0,2,0,1,0,1,0,2,0,0,0,0,0,0,0
65500,9970,0,17,0,3,0,4,0,4,0,2,0,0,0,0,0,0,0
65600,9979,0,15,0,3,0,1,0,2,0,0,0,0,0,0,0,0,0
65700,9981,0,16,0,0,0,1,0,0,0,2,0,0,0,0,0,0,0
65800,9971,0,26,0,2,0,0,0,1,0,0,0,0,0,0,0,0,0
65900,9963,0,29,0,2,0,4,0,2,0,0,0,0,0,0,0,0,0
66000,9959,0,30,0,3,0,4,0,4,0,0,0,0,0,0,0,0,0
66100,9960,0,34,0,1,0,2,0,1,0,2,0,0,0,0,0,0,0
66200,9947,0,44,0,4,0,3,0,1,0,1,0,0,0,0,0,0,0
66300,9940,0,48,0,1,0,5,0,4,0,2,0,0,0,0,0,0,0
66400,9946,0,49,0,1,0,1,0,1,0,2,0,0,0,0,0,0,0
66500,9949,0,46,0,0,0,0,0,5,0,0,0,0,0,0,0,0,0
66600,9941,0,52,0,4,0,3,0,0,0,0,0,0,0,0,0,0,0
66700,9940,0,51,0,2,0,1,0,3,0,3,0,0,0,0,0,0,0
66800,9948,0,46,0,3,0,2,0,1,0,0,0,0,0,0,0,0,0
66900,9946,0,48,0,2,0,2,0,2,0,0,0,0,0,0,0,0,0
67000,9943,0,50,0,1,0,3,0,1,0,2,0,0,0,0,0,0,0
67100,9949,0,47,0,0,0,0,0,4,0,0,0,0,0,0,0,0,0
67200,9952,0,44,0,2,0,1,0,1,0,0,0,0,0,0,0,0,0
67300,9953,0,39,0,2,0,2,0,2,0,2,0,0,0,0,0,0,0
67400,9955,0,42,0,1,0,2,0,0,0,0,0,0,0,0,0,0,0
67500,9951,0,40,0,2,0,0,0,3,0,4,0,0,0,0,0,0,0
67600,9959,0,35,0,3,0,3,0,0,0,0,0,0,0,0,0,0,0
67700,9955,0,35,0,4,0,4,0,2,0,0,0,0,0,0,0,0,0
67800,9957,0,37,0,0,0,3,0,2,0,1,0,0,0,0,0,0,0
67900,9955,0,38,0,2,0,1,0,4,0,0,0,0,0,0,0,0,0
68000,9958,0,32,0,3,0,5,0,0,0,2,0,0,0,0,0,0,0
68100,9961,0,38,0,0,0,1,0,0,0,0,0,0,0,0,0,0,0
68200,9954,0,39,0,3,0,4,0,0,0,0,0,0,0,0,0,0,0
68300,9951,0,43,0,0,0,1,0,4,0,1,0,0,0,0,0,0,0
68400,9951,0,41,0,2,0,0,0,5,0,1,0,0,0,0,0,0,0
68500,9951,0,44,0,1,0,2,0,2,0,0,0,0,0,0,0,0,0
68600,9956,0,42,0,0,0,1,0,1,0,0,0,0,0,0,0,0,0
68700,9959,0,38,0,1,0,0,0,1,0,1,0,0,0,0,0,0,0
68800,9954,0,42,0,2,0,1,0,1,0,0,0,0,0,0,0,0,0
68900,9954,0,43,0,2,0,1,0,0,0,0,0,0,0,0,0,0,0
69000,9953,0,43,0,1,0,0,0,3,0,0,0,0,0,0,0,0,0
69100,9946,0,44,0,4,0,5,0,0,0,1,0,0,0,0,0,0,0
69200,9955,0,38,0,1,0,3,0,1,0,2,0,0,0,0,0,0,0
69300,9949,0,41,0,4,0,4,0,2,0,0,0,0,0,0,0,0,0
69400,9947,0,42,0,3,0,2,0,4,0,2,0,0,0,0,0,0,0
69500,9951,0,39,0,1,0,6,0,3,0,0,0,0,0,0,0,0,0
69600,9954,0,42,0,0,0,1,0,2,0,1,0,0,0,0,0,0,0
69700,9946,0,47,0,1,0,3,0,1,0,2,0,0,0,0,0,0,0
69800,9951,0,42,0,4,0,1,0,2,0,0,0,0,0,0,0,0,0
69900,9952,0,43,0,1,0,2,0,1,0,1,0,0,0,0,0,0,0
70000,9945,0,47,0,1,0,1,0,3,0,3,0,0,0,0,0,0,0
70100,9952,0,42,0,3,0,1,0,2,0,0,0,0,0,0,0,0,0
70200,9946,0,47,0,1,0,1,0,4,0,1,0,0,0,0,0,0,0
70300,9945,0,45,0,1,0,4,0,4,0,1,0,0,0,0,0,0,0
70400,9952,0,41,0,1,0,2,0,3,0,1,0,0,0,0,0,0,0
70500,9943,0,44,0,4,0,3,0,4,0,2,0,0,0,0,0,0,0
70600,9922,0,70,0,0,0,1,0,6,0,1,0,0,0,0,0,0,0
70700,9910,0,84,0,1,0,2,0,3,0,0,0,0,0,0,0,0,0
70800,9911,0,86,0,1,0,0,0,2,0,0,0,0,0,0,0,0,0
70900,9911,0,80,0,2,0,4,0,2,0,1,0,0,0,0,0,0,0
71000,9914,0,77,0,5,0,1,0,2,0,1,0,0,0,0,0,0,0
71100,9942,0,48,0,0,0,5,0,3,0,2,0,0,0,0,0,0,0
71200,9952,0,46,0,1,0,1,0,0,0,0,0,0,0,0,0,0,0
71300,9945,0,49,0,1,0,1,0,1,0,3,0,0,0,0,0,0,0
71400,9952,0,45,0,2,0,1,0,0,0,0,0,0,0,0,0,0,0
71500,9947,0,44,0,5,0,1,0,3,0,0,0,0,0,0,0,0,0
71600,9954,0,41,0,0,0,2,0,2,0,1,0,0,0,0,0,0,0
71700,9948,0,40,0,3,0,5,0,4,0,0,0,0,0,0,0,0,0
71800,9952,0,40,0,3,0,3,0,1,0,0,0,0,0,0,0,1,0
71900,9953,0,40,0,1,0,5,0,0,0,1,0,0,0,0,0,0,0
72000,9968,0,27,0,0,0,1,0,0,0,4,0,0,0,0,0,0,0
72100,9954,0,35,0,0,0,1,0,8,0,2,0,0,0,0,0,0,0
72200,9961,0,31,0,1,0,2,0,3,0,2,0,0,0,0,0,0,0
72300,9963,0,31,0,2,0,2,0,2,0,0,0,0,0,0,0,0,0
72400,9946,0,46,0,3,0,1,0,3,0,1,0,0,0,0,0,0,0
72500,9948,0,42,0,3,0,1,0,6,0,0,0,0,0,0,0,0,0
72600,9953,0,40,0,1,0,2,0,3,0,1,0,0,0,0,0,0,0
72700,9956,0,42,0,1,0,1,0,0,0,0,0,0,0,0,0,0,0
72800,9953,0,43,0,0,0,0,0,3,0,1,0,0,0,0,0,0,0
72900,9944,0,46,0,3,0,5,0,2,0,0,0,0,0,0,0,0,0
73000,9956,0,40,0,2,0,2,0,0,0,0,0,0,0,0,0,0,0
73100,9959,0,34,0,1,0,1,0,4,0,1,0,0,0,0,0,0,0
73200,9960,0,36,0,1,0,1,0,2,0,0,0,0,0,0,0,0,0
73300,9952,0,37,0,2,0,1,0,5,0,3,0,0,0,0,0,0,0
73400,9961,0,35,0,2,0,1,0,0,0,1,0,0,0,0,0,0,0
73500,9958,0,34,0,3,0,1,0,3,0,1,0,0,0,0,0,0,0
73600,9953,0,38,0,1,0,3,0,5,0,0,0,0,0,0,0,0,0
73700,9950,0,41,0,1,0,4,0,3,0,1,0,0,0,0,0,0,0
73800,9959,0,34,0,3,0,0,0,3,0,1,0,0,0,0,0,0,0
73900,9957,0,36,0,3,0,0,0,4,0,0,0,0,0,0,0,0,0
74000,9956,0,34,0,4,0,4,0,1,0,1,0,0,0,0,0,0,0
74100,9955,0,35,0,5,0,0,0,5,0,0,0,0,0,0,0,0,0
74200,9962,0,35,0,2,0,0,0,1,0,0,0,0,0,0,0,0,0
74300,9963,0,32,0,0,0,2,0,2,0,1,0,0,0,0,0,0,0
74400,9956,0,40,0,0,0,2,0,1,0,1,0,0,0,0,0,0,0
74500,9951,0,44,0,1,0,1,0,2,0,1,0,0,0,0,0,0,0
74600,9938,0,45,0,2,0,8,0,5,0,2,0,0,0,0,0,0,0
74700,9947,0,41,0,4,0,3,0,5,0,0,0,0,0,0,0,0,0
74800,9946,0,44,0,4,0,1,0,4,0,1,0,0,0,0,0,0,0
74900,9950,0,39,0,2,0,5,0,3,0,1,0,0,0,0,0,0,0
75000,9966,0,32,0,1,0,1,0,0,0,0,0,0,0,0,0,0,0
75100,9956,0,32,0,2,0,2,0,8,0,0,0,0,0,0,0,0,0
75200,9945,0,49,0,0,0,4,0,2,0,0,0,0,0,0,0,0,0
75300,9945,0,50,0,2,0,0,0,3,0,0,0,0,0,0,0,0,0
75400,9942,0,52,0,0,0,1,0,4,0,1,0,0,0,0,0,0,0
75500,9939,0,53,0,0,0,1,0,4,0,3,0,0,0,0,0,0,0
75600,9925,0,67,0,2,0,3,0,2,0,1,0,0,0,0,0,0,0
75700,9924,0,68,0,0,0,1,0,6,0,1,0,0,0,0,0,0,0
75800,9934,0,60,0,0,0,0,0,6,0,0,0,0,0,0,0,0,0
75900,9943,0,50,0,1,0,4,0,1,0,1,0,0,0,0,0,0,0
76000,9928,0,63,0,4,0,1,0,3,0,1,0,0,0,0,0,0,0
76100,9931,0,63,0,3,0,2,0,1,0,0,0,0,0,0,0,0,0
76200,9941,0,56,0,0,0,0,0,3,0,0,0,0,0,0,0,0,0
76300,9931,0,61,0,3,0,1,0,3,0,1,0,0,0,0,0,0,0
76400,9933,0,58,0,2,0,4,0,2,0,1,0,0,0,0,0,0,0
76500,9936,0,60,0,1,0,3,0,0,0,0,0,0,0,0,0,0,0
76600,9943,0,50,0,1,0,1,0,2,0,3,0,0,0,0,0,0,0
76700,9940,0,50,0,2,0,5,0,2,0,0,0,0,0,1,0,0,0
76800,9928,0,61,0,4,0,2,0,4,0,1,0,0,0,0,0,0,0
76900,9934,0,59,0,2,0,2,0,3,0,0,0,0,0,0,0,0,0
77000,9947,0,48,0,3,0,2,0,0,0,0,0,0,0,0,0,0,0
77100,9956,0,33,0,4,0,3,0,3,0,1,0,0,0,0,0,0,0
77200,9955,0,36,0,4,0,0,0,4,0,1,0,0,0,0,0,0,0
77300,9965,0,32,0,0,0,0,0,3,0,0,0,0,0,0,0,0,0
77400,9959,0,36,0,1,0,2,0,1,0,1,0,0,0,0,0,0,0
77500,9954,0,39,0,2,0,2,0,3,0,0,0,0,0,0,0,0,0
77600,9961,0,32,0,3,0,2,0,1,0,1,0,0,0,0,0,0,0
77700,9948,0,44,0,3,0,0,0,5,0,0,0,0,0,0,0,0,0
77800,9956,0,35,0,3,0,1,0,4,0,1,0,0,0,0,0,0,0
77900,9962,0,33,0,0,0,1,0,4,0,0,0,0,0,0,0,0,0
78000,9971,0,24,0,2,0,0,0,3,0,0,0,0,0,0,0,0,0
78100,9965,0,20,0,4,0,3,0,6,0,2,0,0,0,0,0,0,0
78200,9974,0,20,0,0,0,1,0,5,0,0,0,0,0,0,0,0,0
78300,9978,0,17,0,2,0,0,0,1,0,2,0,0,0,0,0,0,0
78400,9975,0,19,0,1,0,1,0,4,0,0,0,0,0,0,0,0,0
78500,9979,0,16,0,2,0,1,0,1,0,1,0,0,0,0,0,0,0
78600,9988,0,7,0,2,0,1,0,2,0,0,0,0,0,0,0,0,0
78700,9988,0,1,0,2,0,4,0,3,0,2,0,0,0,0,0,0,0
78800,9984,0,2,0,4,0,4,0,4,0,2,0,0,0,0,0,0,0
78900,9991,0,7,0,1,0,0,0,1,0,0,0,0,0,0,0,0,0
79000,9980,0,17,0,0,0,0,0,3,0,0,0,0,0,0,0,0,0
79100,9974,0,17,0,1,0,4,0,2,0,2,0,0,0,0,0,0,0
79200,9970,0,20,0,3,0,1,0,4,0,2,0,0,0,0,0,0,0
79300,9975,0,16,0,0,0,2,0,5,0,2,0,0,0,0,0,0,0
79400,9982,0,13,0,2,0,0,0,2,0,1,0,0,0,0,0,0,0
79500,9991,0,3,0,4,0,0,0,1,0,1,0,0,0,0,0,0,0
79600,9988,0,8,0,1,0,0,0,3,0,0,0,0,0,0,0,0,0
79700,9984,0,8,0,2,0,2,0,3,0,1,0,0,0,0,0,0,0
79800,9986,0,7,0,1,0,2,0,2,0,2,0,0,0,0,0,0,0
79900,9984,0,8,0,3,0,2,0,2,0,1,0,0,0,0,0,0,0
80000,9987,0,7,0,2,0,1,0,3,0,0,0,0,0,0,0,0,0
80100,9977,0,10,0,3,0,5,0,3,0,2,0,0,0,0,0,0,0
80200,9982,0,11,0,2,0,0,0,4,0,1,0,0,0,0,0,0,0
80300,9981,0,12,0,2,0,1,0,4,0,0,0,0,0,0,0,0,0
80400,9984,0,14,0,0,0,0,0,1,0,1,0,0,0,0,0,0,0
80500,9970,0,21,0,3,0,2,0,2,0,2,0,0,0,0,0,0,0
80600,9982,0,12,0,1,0,5,0,0,0,0,0,0,0,0,0,0,0
80700,9970,0,17,0,0,0,8,0,5,0,0,0,0,0,0,0,0,0
80800,9947,0,32,0,7,0,7,0,6,0,1,0,0,0,0,0,0,0
80900,9936,0,55,0,2,0,6,0,1,0,0,0,0,0,0,0,0,0
81000,9930,0,55,0,0,0,8,0,5,0,2,0,0,0,0,0,0,0
81100,9943,0,48,0,1,0,7,0,1,0,0,0,0,0,0,0,0,0
81200,9930,0,59,0,2,0,6,0,2,0,1,0,0,0,0,0,0,0
81300,9944,0,46,0,1,0,6,0,2,0,1,0,0,0,0,0,0,0
81400,9933,0,51,0,3,0,8,0,4,0,1,0,0,0,0,0,0,0
81500,9929,0,60,0,2,0,6,0,2,0,1,0,0,0,0,0,0,0
81600,9908,0,77,0,6,0,5,0,2,0,2,0,0,0,0,0,0,0
81700,9895,0,92,0,2,0,5,0,5,0,1,0,0,0,0,0,0,0
81800,9875,0,112,0,0,0,12,0,1,0,0,0,0,0,0,0,0,0
81900,9884,0,106,0,2,0,7,0,1,0,0,0,0,0,0,0,0,0
82000,9871,0,117,0,2,0,7,0,1,0,2,0,0,0,0,0,0,0
82100,9846,0,140,0,4,0,6,0,2,0,2,0,0,0,0,0,0,0
82200,9834,0,156,0,2,0,6,0,2,0,0,0,0,0,0,0,0,0
82300,9818,0,157,0,4,0,17,0,3,0,1,0,0,0,0,0,0,0
82400,9832,0,158,0,1,0,6,0,1,0,2,0,0,0,0,0,0,0
82500,9842,0,148,0,3,0,6,0,1,0,0,0,0,0,0,0,0,0
82600,9851,0,130,0,4,0,6,0,9,0,0,0,0,0,0,0,0,0
82700,9858,0,122,0,5,0,8,0,6,0,1,0,0,0,0,0,0,0
82800,9855,0,124,0,5,0,9,0,6,0,1,0,0,0,0,0,0,0
82900,9856,0,132,0,0,0,6,0,5,0,1,0,0,0,0,0,0,0
83000,9858,0,128,0,1,0,10,0,2,0,1,0,0,0,0,0,0,0
83100,9857,0,125,0,5,0,9,0,4,0,0,0,0,0,0,0,0,0
83200,9864,0,128,0,2,0,5,0,0,0,1,0,0,0,0,0,0,0
83300,9854,0,126,0,5,0,5,0,7,0,1,0,2,0,0,0,0,0
83400,9863,0,123,0,2,0,7,0,2,0,3,0,0,0,0,0,0,0
83500,9854,0,132,0,2,0,8,0,3,0,1,0,0,0,0,0,0,0
83600,9846,0,138,0,3,0,9,0,1,0,3,0,0,0,0,0,0,0
83700,9861,0,119,0,1,0,9,0,6,0,4,0,0,0,0,0,0,0
83800,9882,0,103,0,5,0,4,0,6,0,0,0,0,0,0,0,0,0
83900,9881,0,96,0,2,0,9,0,11,0,1,0,0,0,0,0,0,0
84000,9879,0,105,0,2,0,10,0,3,0,1,0,0,0,0,0,0,0
84100,9874,0,107,0,6,0,10,0,2,0,1,0,0,0,0,0,0,0
84200,9869,0,119,0,3,0,6,0,0,0,3,0,0,0,0,0,0,0
84300,9892,0,91,0,3,0,8,0,4,0,2,0,0,0,0,0,0,0
84400,9933,0,54,0,3,0,8,0,0,0,2,0,0,0,0,0,0,0
84500,9928,0,61,0,3,0,5,0,2,0,1,0,0,0,0,0,0,0
84600,9937,0,43,0,3,0,10,0,5,0,1,0,1,0,0,0,0,0
84700,9962,0,24,0,2,0,8,0,3,0,1,0,0,0,0,0,0,0
84800,9953,0,31,0,5,0,8,0,1,0,2,0,0,0,0,0,0,0
84900,9947,0,33,0,3,0,11,0,5,0,1,0,0,0,0,0,0,0
85000,9954,0,30,0,1,0,6,0,6,0,3,0,0,0,0,0,0,0
85100,9889,0,92,0,4,0,12,0,3,0,0,0,0,0,0,0,0,0
85200,9875,0,110,0,1,0,8,0,4,0,2,0,0,0,0,0,0,0
85300,9875,0,114,0,2,0,6,0,2,0,1,0,0,0,0,0,0,0
85400,9881,0,104,0,3,0,8,0,2,0,2,0,0,0,0,0,0,0
85500,9881,0,109,0,1,0,7,0,0,0,2,0,0,0,0,0,0,0
85600,9880,0,108,0,2,0,9,0,1,0,0,0,0,0,0,0,0,0
85700,9883,0,105,0,0,0,9,0,3,0,0,0,0,0,0,0,0,0
85800,9867,0,120,0,1,0,10,0,0,0,2,0,0,0,0,0,0,0
85900,9870,0,117,0,1,0,5,0,5,0,2,0,0,0,0,0,0,0
86000,9878,0,109,0,3,0,6,0,2,0,2,0,0,0,0,0,0,0
86100,9903,0,85,0,2,0,7,0,3,0,0,0,0,0,0,0,0,0
86200,9955,0,26,0,4,0,8,0,3,0,4,0,0,0,0,0,0,0
86300,9950,0,38,0,2,0,5,0,5,0,0,0,0,0,0,0,0,0
86400,9949,0,29,0,2,0,7,0,8,0,5,0,0,0,0,0,0,0
86500,9955,0,36,0,2,0,6,0,0,0,1,0,0,0,0,0,0,0
86600,9961,0,29,0,1,0,4,0,3,0,2,0,0,0,0,0,0,0
86700,9966,0,27,0,3,0,2,0,0,0,2,0,0,0,0,0,0,0
86800,9968,0,23,0,2,0,3,0,2,0,2,0,0,0,0,0,0,0
86900,9963,0,26,0,2,0,5,0,2,0,2,0,0,0,0,0,0,0
87000,9961,0,26,0,5,0,5,0,2,0,1,0,0,0,0,0,0,0
87100,9965,0,29,0,1,0,1,0,2,0,2,0,0,0,0,0,0,0
87200,9968,0,25,0,2,0,2,0,1,0,2,0,0,0,0,0,0,0
87300,9963,0,31,0,1,0,3,0,0,0,2,0,0,0,0,0,0,0
87400,9976,0,21,0,2,0,0,0,1,0,0,0,0,0,0,0,0,0
87500,9974,0,24,0,1,0,1,0,0,0,0,0,0,0,0,0,0,0
87600,9972,0,20,0,3,0,3,0,0,0,2,0,0,0,0,0,0,0
87700,9950,0,26,0,2,0,17,0,4,0,1,0,0,0,0,0,0,0
87800,9953,0,24,0,4,0,18,0,1,0,0,0,0,0,0,0,0,0
87900,9951,0,24,0,2,0,18,0,4,0,1,0,0,0,0,0,0,0
88000,9956,0,22,0,2,0,20,0,0,0,0,0,0,0,0,0,0,0
88100,9953,0,25,0,0,0,15,0,7,0,0,0,0,0,0,0,0,0
88200,9951,0,23,0,2,0,18,0,2,0,3,0,1,0,0,0,0,0
88300,9955,0,26,0,1,0,17,0,1,0,0,0,0,0,0,0,0,0
88400,9956,0,23,0,2,0,18,0,1,0,0,0,0,0,0,0,0,0
88500,9950,0,30,0,0,0,17,0,2,0,1,0,0,0,0,0,0,0
88600,9948,0,24,0,1,0,22,0,3,0,2,0,0,0,0,0,0,0
88700,9957,0,22,0,0,0,19,0,1,0,1,0,0,0,0,0,0,0
88800,9958,0,20,0,1,0,19,0,1,0,1,0,0,0,0,0,0,0
88900,9961,0,18,0,3,0,17,0,0,0,1,0,0,0,0,0,0,0
89000,9957,0,17,0,4,0,21,0,1,0,0,0,0,0,0,0,0,0
89100,9957,0,22,0,4,0,15,0,2,0,0,0,0,0,0,0,0,0
89200,9959,0,23,0,2,0,15,0,1,0,0,0,0,0,0,0,0,0
89300,9955,0,22,0,3,0,17,0,1,0,2,0,0,0,0,0,0,0
89400,9956,0,20,0,3,0,16,0,3,0,2,0,0,0,0,0,0,0
89500,9961,0,20,0,0,0,18,0,1,0,0,0,0,0,0,0,0,0
89600,9962,0,19,0,1,0,15,0,0,0,3,0,0,0,0,0,0,0
89700,9954,0,20,0,2,0,19,0,3,0,2,0,0,0,0,0,0,0
89800,9956,0,19,0,6,0,18,0,1,0,0,0,0,0,0,0,0,0
89900,9959,0,20,0,3,0,17,0,0,0,1,0,0,0,0,0,0,0
90000,9958,0,21,0,1,0,19,0,1,0,0,0,0,0,0,0,0,0
90100,9962,0,18,0,2,0,16,0,1,0,1,0,0,0,0,0,0,0
90200,9960,0,20,0,0,0,18,0,1,0,1,0,0,0,0,0,0,0
90300,9958,0,17,0,1,0,16,0,8,0,0,0,0,0,0,0,0,0
90400,9968,0,14,0,0,0,17,0,0,0,1,0,0,0,0,0,0,0
90500,9966,0,15,0,0,0,19,0,0,0,0,0,0,0,0,0,0,0
90600,9955,0,22,0,2,0,16,0,5,0,0,0,0,0,0,0,0,0
90700,9961,0,19,0,0,0,19,0,0,0,1,0,0,0,0,0,0,0
90800,9965,0,15,0,0,0,19,0,1,0,0,0,0,0,0,0,0,0
90900,9965,0,16,0,0,0,17,0,2,0,0,0,0,0,0,0,0,0
91000,9960,0,17,0,0,0,19,0,4,0,0,0,0,0,0,0,0,0
91100,9952,0,14,0,3,0,23,0,6,0,2,0,0,0,0,0,0,0
91200,9969,0,13,0,1,0,15,0,0,0,2,0,0,0,0,0,0,0
91300,9964,0,16,0,1,0,17,0,1,0,1,0,0,0,0,0,0,0
91400,9964,0,15,0,2,0,19,0,0,0,0,0,0,0,0,0,0,0
91500,9963,0,17,0,2,0,16,0,0,0,2,0,0,0,0,0,0,0
91600,9962,0,17,0,4,0,17,0,0,0,0,0,0,0,0,0,0,0
91700,9956,0,23,0,1,0,17,0,2,0,1,0,0,0,0,0,0,0
91800,9964,0,17,0,0,0,15,0,4,0,0,0,0,0,0,0,0,0
91900,9957,0,20,0,3,0,16,0,3,0,1,0,0,0,0,0,0,0
92000,9955,0,20,0,2,0,17,0,4,0,2,0,0,0,0,0,0,0
92100,9957,0,22,0,2,0,16,0,2,0,1,0,0,0,0,0,0,0
92200,9960,0,18,0,0,0,15,0,5,0,2,0,0,0,0,0,0,0
92300,9960,0,16,0,2,0,19,0,2,0,1,0,0,0,0,0,0,0
92400,9959,0,15,0,3,0,16,0,5,0,2,0,0,0,0,0,0,0
92500,9962,0,16,0,4,0,15,0,3,0,0,0,0,0,0,0,0,0
92600,9962,0,16,0,1,0,16,0,2,0,3,0,0,0,0,0,0,0
92700,9965,0,13,0,2,0,16,0,3,0,1,0,0,0,0,0,0,0
92800,9961,0,15,0,2,0,19,0,3,0,0,0,0,0,0,0,0,0
92900,9953,0,21,0,4,0,20,0,2,0,0,0,0,0,0,0,0,0
93000,9963,0,16,0,2,0,16,0,2,0,1,0,0,0,0,0,0,0
93100,9963,0,14,0,2,0,15,0,3,0,3,0,0,0,0,0,0,0
93200,9959,0,17,0,1,0,19,0,2,0,2,0,0,0,0,0,0,0
93300,9965,0,14,0,1,0,16,0,4,0,0,0,0,0,0,0,0,0
93400,9967,0,14,0,1,0,16,0,1,0,1,0,0,0,0,0,0,0
93500,9968,0,14,0,0,0,15,0,2,0,1,0,0,0,0,0,0,0
93600,9967,0,8,0,1,0,22,0,2,0,0,0,0,0,0,0,0,0
93700,9967,0,12,0,1,0,18,0,2,0,0,0,0,0,0,0,0,0
93800,9970,0,10,0,1,0,15,0,2,0,2,0,0,0,0,0,0,0
93900,9975,0,4,0,2,0,16,0,3,0,0,0,0,0,0,0,0,0
94000,9971,0,5,0,2,0,16,0,6,0,0,0,0,0,0,0,0,0
94100,9970,0,5,0,3,0,16,0,6,0,0,0,0,0,0,0,0,0
94200,9966,0,3,0,2,0,21,0,5,0,3,0,0,0,0,0,0,0
94300,9973,0,8,0,2,0,15,0,2,0,0,0,0,0,0,0,0,0
94400,9973,0,5,0,1,0,18,0,2,0,1,0,0,0,0,0,0,0
94500,9973,0,4,0,0,0,21,0,0,0,2,0,0,0,0,0,0,0
94600,9977,0,5,0,1,0,15,0,2,0,0,0,0,0,0,0,0,0
94700,9972,0,6,0,2,0,18,0,2,0,0,0,0,0,0,0,0,0
94800,9972,0,5,0,2,0,18,0,1,0,2,0,0,0,0,0,0,0
94900,9974,0,5,0,1,0,17,0,1,0,2,0,0,0,0,0,0,0
95000,9969,0,8,0,2,0,18,0,3,0,0,0,0,0,0,0,0,0
95100,9890,0,85,0,2,0,20,0,3,0,0,0,0,0,0,0,0,0
95200,9889,0,85,0,5,0,19,0,2,0,0,0,0,0,0,0,0,0
95300,9890,0,84,0,5,0,16,0,2,0,3,0,0,0,0,0,0,0
95400,9900,0,80,0,2,0,16,0,2,0,0,0,0,0,0,0,0,0
95500,9908,0,73,0,0,0,17,0,1,0,1,0,0,0,0,0,0,0
95600,9901,0,77,0,1,0,17,0,2,0,2,0,0,0,0,0,0,0
95700,9901,0,77,0,1,0,16,0,4,0,1,0,0,0,0,0,0,0
95800,9898,0,79,0,2,0,16,0,2,0,3,0,0,0,0,0,0,0
95900,9898,0,77,0,4,0,16,0,3,0,2,0,0,0,0,0,0,0
96000,9900,0,80,0,2,0,18,0,0,0,0,0,0,0,0,0,0,0
96100,9822,0,163,0,1,0,10,0,4,0,0,0,0,0,0,0,0,0
96200,9823,0,167,0,1,0,2,0,7,0,0,0,0,0,0,0,0,0
96300,9828,0,167,0,1,0,2,0,1,0,1,0,0,0,0,0,0,0
96400,9821,0,173,0,1,0,3,0,2,0,0,0,0,0,0,0,0,0
96500,9827,0,169,0,1,0,1,0,0,0,2,0,0,0,0,0,0,0
96600,9827,0,167,0,0,0,2,0,3,0,1,0,0,0,0,0,0,0
96700,9819,0,169,0,5,0,4,0,3,0,0,0,0,0,0,0,0,0
96800,9825,0,167,0,3,0,1,0,3,0,1,0,0,0,0,0,0,0
96900,9823,0,168,0,3,0,2,0,4,0,0,0,0,0,0,0,0,0
97000,9827,0,163,0,2,0,4,0,1,0,3,0,0,0,0,0,0,0
97100,9885,0,105,0,3,0,2,0,4,0,1,0,0,0,0,0,0,0
97200,9898,0,89,0,5,0,2,0,5,0,1,0,0,0,0,0,0,0
97300,9905,0,85,0,6,0,2,0,2,0,0,0,0,0,0,0,0,0
97400,9903,0,85,0,6,0,2,0,3,0,1,0,0,0,0,0,0,0
97500,9900,0,86,0,7,0,2,0,5,0,0,0,0,0,0,0,0,0
97600,9902,0,88,0,6,0,2,0,0,0,2,0,0,0,0,0,0,0
97700,9896,0,93,0,5,0,3,0,2,0,1,0,0,0,0,0,0,0
97800,9893,0,94,0,8,0,0,0,2,0,3,0,0,0,0,0,0,0
97900,9897,0,93,0,6,0,1,0,2,0,1,0,0,0,0,0,0,0
98000,9902,0,91,0,4,0,0,0,2,0,1,0,0,0,0,0,0,0
98100,9899,0,91,0,6,0,1,0,2,0,1,0,0,0,0,0,0,0
98200,9898,0,94,0,5,0,0,0,3,0,0,0,0,0,0,0,0,0
98300,9898,0,91,0,5,0,1,0,4,0,1,0,0,0,0,0,0,0
98400,9900,0,86,0,7,0,6,0,1,0,0,0,0,0,0,0,0,0
98500,9903,0,86,0,4,0,1,0,5,0,1,0,0,0,0,0,0,0
98600,9898,0,92,0,5,0,2,0,2,0,1,0,0,0,0,0,0,0
98700,9897,0,89,0,4,0,0,0,6,0,4,0,0,0,0,0,0,0
98800,9907,0,85,0,5,0,0,0,2,0,1,0,0,0,0,0,0,0
98900,9904,0,86,0,6,0,0,0,3,0,1,0,0,0,0,0,0,0
99000,9903,0,84,0,4,0,3,0,4,0,2,0,0,0,0,0,0,0
99100,9907,0,85,0,6,0,0,0,1,0,1,0,0,0,0,0,0,0
99200,9909,0,88,0,0,0,1,0,1,0,1,0,0,0,0,0,0,0
99300,9905,0,89,0,3,0,1,0,2,0,0,0,0,0,0,0,0,0
99400,9909,0,85,0,0,0,3,0,2,0,1,0,0,0,0,0,0,0
99500,9899,0,92,0,0,0,5,0,4,0,0,0,0,0,0,0,0,0
99600,9888,0,109,0,1,0,1,0,0,0,1,0,0,0,0,0,0,0
99700,9900,0,95,0,4,0,1,0,0,0,0,0,0,0,0,0,0,0
99800,9902,0,93,0,1,0,4,0,0,0,0,0,0,0,0,0,0,0
99900,9903,0,92,0,3,0,2,0,0,0,0,0,0,0,0,0,0,0
100000,9891,0,101,0,1,0,6,0,0,0,1,0,0,0,0,0,0,0
