update,host_task_NOT,sym_task_NOT,host_task_NAND,sym_task_NAND,host_task_AND,sym_task_AND,host_task_ORN,sym_task_ORN,host_task_OR,sym_task_OR,host_task_ANDN,sym_task_ANDN,host_task_NOR,sym_task_NOR,host_task_XOR,sym_task_XOR,host_task_EQU,sym_task_EQU
0,0,0,0,0,0,0,0,0,0,0,0,0,0,0,0,0,0,0
100,9999,38256,0,0,1,6,0,0,2,1,0,2,0,0,0,0,0,0
200,9998,33156,0,2,0,5,2,4,0,10,0,4,0,0,0,0,0,0
300,9990,33133,0,5,2,8,1,3,6,9,1,3,0,0,0,0,0,0
400,9994,33182,0,3,3,4,0,3,3,5,0,3,0,0,0,0,0,0
500,9996,33160,0,2,2,9,1,6,1,4,0,4,0,0,0,0,0,0
600,9994,27946,0,3,1,6,3,6,1,7,1,5,0,0,0,0,0,0
700,9990,25870,2,3,3,5,1,1,3,2,1,4,0,0,0,0,0,0
800,9996,25908,0,6,1,7,1,1,2,6,0,3,0,0,0,0,0,0
900,9989,25926,1,7,4,6,2,0,2,4,2,2,0,0,0,0,0,0
1000,9998,25872,0,6,1,4,1,2,0,9,0,4,0,0,0,0,0,0
1100,9990,23108,0,4,2,4,1,3,6,5,1,2,0,0,0,0,0,0
1200,9993,20200,0,7,4,5,1,1,2,5,0,1,0,0,0,0,0,0
1300,9987,20337,0,1,3,6,0,4,7,1,3,0,0,0,0,0,0,0
1400,9992,20307,0,9,3,3,1,1,0,5,4,4,0,0,0,0,0,0
1500,9993,20256,0,2,2,5,4,2,1,4,0,2,0,0,0,0,0,0
1600,9992,19160,1,0,3,4,1,3,3,4,0,2,0,0,0,0,0,0
1700,9992,15999,1,4,2,4,2,1,3,4,0,2,0,0,0,0,0,0
1800,9987,16031,1,5,1,1,1,0,10,2,0,0,0,0,0,0,0,0
1900,9987,16074,1,2,3,1,2,1,6,2,1,1,0,0,0,0,0,0
2000,9989,15994,0,2,1,1,5,1,5,1,0,2,0,0,0,0,0,0
2100,9988,16012,1,2,4,2,1,1,4,0,2,2,0,0,0,0,0,0
2200,9986,12819,5,2,1,1,3,1,3,3,2,1,0,0,0,0,0,0
2300,9981,12914,7,13,1,2,2,0,6,2,3,0,0,0,0,0,0,0
2400,9984,12758,7,17,1,0,6,3,0,4,2,0,0,0,0,0,0,0
2500,9987,12738,4,4,1,0,6,1,2,1,0,1,0,0,0,0,0,0
2600,9988,12998,4,6,0,3,2,7,5,4,1,0,0,0,0,0,0,0
2700,9985,10868,7,6,2,2,3,0,3,3,0,0,0,0,0,0,0,0
2800,9982,10470,10,3,1,4,3,2,3,4,1,2,0,0,0,0,0,0
2900,9982,10378,9,3,2,1,1,0,4,1,2,0,0,0,0,0,0,0
3000,9979,10504,9,10,1,1,3,0,7,2,1,1,0,0,0,0,0,0
3100,9985,10634,8,8,1,1,3,0,2,5,1,2,0,0,0,0,0,0
3200,9985,9506,11,9,1,1,1,1,2,1,0,1,0,0,0,0,0,0
3300,9978,8682,12,9,4,3,1,4,3,2,2,0,0,0,0,0,0,0
3400,9978,8807,12,10,3,1,4,1,3,0,0,0,0,0,0,0,0,0
3500,9977,8741,14,8,1,2,5,1,2,1,1,3,0,0,0,0,0,0
3600,9978,8711,15,4,4,1,1,1,2,3,0,2,0,0,0,0,0,0
3700,9979,8257,15,5,2,2,0,2,1,4,3,1,0,0,0,0,0,0
3800,9961,7015,25,15,0,1,8,1,4,3,2,0,0,0,0,0,0,0
3900,9970,7359,21,13,0,1,6,1,3,2,0,3,0,0,0,0,0,0
4000,9966,7404,24,9,2,2,5,2,2,1,1,1,0,0,0,0,0,0
4100,9971,7416,23,14,1,1,1,2,4,3,0,1,0,0,0,0,0,0
4200,9964,7294,26,3,5,3,2,0,2,2,1,1,0,0,0,0,0,0
4300,9964,5954,23,6,1,0,7,1,5,3,0,1,0,0,0,0,0,0
4400,9963,6130,25,7,3,3,6,1,3,1,0,2,0,0,0,0,0,0
4500,9975,6246,21,13,2,0,1,2,0,3,1,1,0,0,0,0,0,0
4600,9964,6348,23,13,2,1,2,3,7,3,2,0,0,0,0,0,0,0
4700,9975,6322,18,12,1,0,2,0,2,1,2,0,0,0,0,0,0,0
4800,9967,5475,25,19,3,3,3,0,2,2,0,0,0,0,0,0,0,0
4900,9956,5416,34,19,2,1,6,0,2,3,0,1,0,0,0,0,0,0
5000,9962,5680,29,15,3,2,2,4,2,0,2,0,0,0,0,0,0,0
5100,9961,6010,29,10,2,2,4,2,2,3,2,0,0,0,0,0,0,0
5200,9957,6179,35,8,1,2,2,1,5,2,0,2,0,0,0,0,0,0
5300,9949,6590,35,9,1,2,6,2,8,1,1,0,0,0,0,0,0,0
5400,9948,7551,46,18,1,0,2,7,2,3,1,3,0,1,0,0,0,0
5500,9953,8680,42,22,0,4,2,6,3,1,0,0,0,0,0,0,0,0
5600,9948,8987,44,46,0,6,2,1,6,6,0,2,0,0,0,0,0,0
5700,9944,10155,40,112,4,1,3,4,8,4,1,1,0,0,0,0,0,0
5800,9952,11274,39,165,1,1,4,6,3,2,1,1,0,0,0,0,0,0
5900,9945,12026,35,67,4,2,2,12,12,4,2,2,0,1,0,0,0,0
6000,9951,13524,35,65,1,8,6,6,5,2,2,1,0,0,0,0,0,0
6100,9952,15409,34,62,0,2,7,8,5,1,2,2,0,0,0,0,0,0
6200,9959,16468,31,67,3,8,2,10,4,6,1,2,0,0,0,0,0,0
6300,9953,16749,33,59,4,18,5,8,4,6,1,2,0,0,0,0,0,0
6400,9943,15378,43,61,1,6,7,5,2,1,4,2,0,0,0,0,0,0
6500,9948,17428,44,132,1,5,0,11,7,7,0,3,0,0,0,0,0,0
6600,9942,17937,46,69,1,15,4,7,6,2,1,3,0,0,0,0,0,0
6700,9946,18220,43,89,1,0,4,9,3,4,3,4,0,1,0,0,0,0
6800,9935,18017,54,120,3,6,4,5,3,6,1,2,0,0,0,0,0,0
6900,9930,15144,56,225,1,6,5,3,6,5,2,1,0,0,0,0,0,0
7000,9938,16725,51,263,2,11,4,5,1,5,3,2,1,0,0,0,0,0
7100,9941,18671,51,175,2,7,2,1,2,5,2,0,0,0,0,0,0,0
7200,9937,19328,56,212,2,5,2,6,3,3,0,3,0,0,0,0,0,0
7300,9939,19417,51,207,3,3,3,9,1,7,3,2,0,0,0,0,0,0
7400,9934,19982,58,180,3,2,2,8,3,3,0,2,0,0,0,0,0,0
7500,9920,21432,69,169,1,8,8,5,1,2,1,3,0,0,0,0,0,0
7600,9914,22359,67,173,4,4,9,6,5,0,1,0,0,0,0,0,0,0
7700,9911,24379,68,221,2,7,6,6,10,3,3,1,0,0,0,0,0,0
7800,9921,25264,64,162,0,6,4,5,7,9,4,2,0,0,0,0,0,0
7900,9922,24148,68,143,1,4,4,4,3,11,2,4,0,0,0,0,0,0
8000,9928,23809,56,103,2,8,7,0,4,1,3,3,0,0,0,0,0,0
8100,9920,26043,67,145,1,1,3,1,4,2,3,1,2,0,0,0,0,0
8200,9926,28076,61,97,2,3,4,7,6,6,1,1,0,0,0,0,0,0
8300,9918,27127,64,124,6,5,4,6,7,9,1,2,0,0,0,0,0,0
8400,9910,30342,82,100,3,3,4,10,1,11,0,3,0,0,0,0,0,0
8500,9911,28010,80,158,2,3,4,4,2,2,1,0,0,0,0,0,0,0
8600,9899,29260,86,182,3,5,2,3,8,17,2,0,0,0,0,0,0,0
8700,9906,28090,79,168,5,0,5,7,2,3,3,2,0,0,0,0,0,0
8800,9901,27882,87,143,2,10,7,6,1,5,2,0,0,0,0,0,0,0
8900,9887,28466,93,129,4,1,10,8,5,2,1,2,0,0,0,0,0,0
9000,9896,29318,80,160,3,3,11,8,7,8,3,0,0,0,0,0,0,0
9100,9877,28474,104,130,3,3,6,5,7,7,3,1,0,0,0,0,0,0
9200,9885,29485,100,116,2,16,4,9,5,4,3,2,1,0,0,0,0,0
9300,9875,28834,103,105,8,8,7,4,6,7,1,4,0,0,0,0,0,0
9400,9886,28427,101,115,3,5,2,6,6,2,2,1,0,0,0,0,0,0
9500,9881,27028,103,114,4,5,5,3,6,2,1,1,0,0,0,0,0,0
9600,9870,27280,118,136,2,6,3,16,2,2,5,2,0,0,0,0,0,0
9700,9871,27185,119,100,2,10,1,11,6,7,1,4,0,0,0,0,0,0
9800,9855,28482,125,83,3,6,6,5,9,3,2,1,0,0,0,0,0,0
9900,9862,28948,116,85,2,2,8,9,10,4,2,2,0,0,0,0,0,0
10000,9857,28605,122,84,4,4,8,7,7,5,2,5,0,0,0,0,0,0
10100,9864,28694,120,121,4,1,5,3,5,7,2,4,0,0,0,0,0,0
10200,9839,31607,139,119,6,3,8,7,7,12,1,1,0,0,0,0,0,0
10300,9844,33709,138,74,4,8,7,4,5,4,1,3,1,0,0,0,0,0
10400,9807,34495,166,101,5,5,5,4,13,8,3,3,1,0,0,0,0,0
10500,9791,36341,186,144,5,9,5,5,9,12,3,2,0,0,0,0,1,0
10600,9761,35787,221,63,4,6,6,2,6,5,2,6,0,0,0,0,0,0
10700,9746,36445,230,35,6,21,7,0,8,5,3,2,0,0,0,0,0,0
10800,9737,34831,242,133,6,20,4,8,9,1,2,0,0,0,0,0,0,0
10900,9754,35213,224,47,3,18,9,11,6,1,4,3,0,0,0,0,0,0
11000,9782,36071,199,29,2,16,10,11,5,9,2,3,0,0,0,0,0,0
11100,9780,36943,201,47,2,23,7,4,7,7,2,3,1,0,0,0,0,0
11200,9774,35799,201,97,3,18,13,7,8,8,1,2,0,0,0,0,0,0
11300,9747,36638,234,44,6,24,3,4,8,5,1,0,1,0,0,0,0,0
11400,9719,36872,231,42,23,21,15,5,7,8,4,3,1,0,0,0,0,0
11500,9724,38360,232,64,36,20,4,3,2,5,2,2,0,0,0,0,0,0
11600,9701,35636,248,76,35,21,4,5,8,3,4,1,0,0,0,0,0,0
11700,9707,36985,243,140,30,22,5,0,12,7,3,1,0,0,0,0,0,0
11800,9714,39294,243,80,33,21,5,4,3,18,2,2,0,0,0,0,0,0
11900,9653,35934,285,90,40,30,13,13,4,7,5,0,0,0,0,0,0,0
12000,9684,33206,271,69,24,19,8,2,9,3,4,3,0,0,0,0,0,0
12100,9730,34932,221,43,26,19,5,4,6,5,11,2,1,0,0,0,0,0
12200,9762,35895,195,87,24,21,9,5,6,3,3,4,0,0,1,0,0,0
12300,9767,35417,198,92,20,21,9,6,4,9,2,0,0,0,0,0,0,0
12400,9761,34113,201,80,20,19,7,3,6,4,5,5,0,0,0,0,0,0
12500,9724,34317,250,72,11,17,4,8,8,7,3,3,0,0,0,0,0,0
12600,9715,34867,259,86,13,21,4,11,6,9,3,1,0,1,0,0,0,0
12700,9705,32511,255,35,16,18,6,4,13,7,5,2,0,0,0,0,0,0
12800,9646,30673,324,90,12,15,8,3,4,6,6,1,0,0,0,0,0,0
12900,9656,29862,317,77,13,4,6,3,4,5,4,2,0,0,0,0,0,0
13000,9672,31853,306,84,6,9,6,1,7,11,3,0,0,0,0,0,0,0
13100,9643,33783,336,107,8,4,6,3,3,3,4,1,0,0,0,0,0,0
13200,9608,30960,369,47,4,3,5,10,7,8,7,2,0,0,0,0,0,0
13300,9566,30094,414,99,4,1,5,5,10,5,1,1,0,0,0,0,0,0
13400,9576,30822,393,76,7,1,9,8,9,2,6,0,0,0,0,0,0,0
13500,9565,29068,406,92,11,1,7,4,6,2,5,1,0,0,0,0,0,0
13600,9508,29232,467,64,8,4,8,3,7,1,2,3,0,0,0,0,0,0
13700,9508,29258,464,80,8,4,9,8,8,12,3,3,0,0,0,0,0,0
13800,9512,26123,461,78,5,7,9,6,4,10,9,1,0,0,0,0,0,0
13900,9524,26844,446,64,8,1,12,4,5,5,5,3,0,0,0,0,0,0
14000,9560,27006,413,64,3,2,11,8,9,2,4,1,0,0,0,0,0,0
14100,9488,26015,479,62,11,6,14,8,2,4,6,2,0,0,0,0,0,0
14200,9492,25857,469,69,6,1,16,14,9,4,8,3,0,0,0,0,0,0
14300,9563,26196,408,43,9,2,11,13,7,7,2,2,0,0,0,0,0,0
14400,9559,26234,406,52,10,2,17,11,5,5,3,0,0,0,0,0,0,0
14500,9529,26417,429,21,12,7,19,11,7,9,4,1,0,0,0,0,0,0
14600,9552,24679,422,50,6,3,13,12,4,3,3,2,0,0,0,0,0,0
14700,9542,22947,428,90,9,2,9,10,5,1,6,2,1,0,0,0,0,0
14800,9529,22580,439,31,5,2,16,9,9,14,2,0,0,0,0,0,0,0
14900,9540,22339,424,27,9,2,17,9,4,0,5,1,1,0,0,0,0,0
15000,9620,23363,344,35,7,2,11,11,12,5,5,1,1,0,0,0,0,0
15100,9586,22925,383,19,9,2,13,4,5,4,4,0,0,0,0,0,0,0
15200,9578,22337,384,33,8,1,17,4,9,6,4,0,0,0,0,0,0,0
15300,9588,21051,380,24,7,3,11,0,10,6,4,0,0,0,0,0,0,0
15400,9574,20473,398,100,8,0,11,4,5,4,4,2,0,0,0,0,0,0
15500,9548,21136,425,24,5,2,11,5,8,4,3,0,0,0,0,0,0,0
15600,9468,21716,497,15,10,1,19,6,6,8,0,1,0,0,0,0,0,0
15700,9361,21441,605,13,10,2,16,3,4,1,4,1,0,0,0,0,0,0
15800,9348,21853,616,19,8,3,16,1,9,4,2,1,1,0,0,0,0,0
15900,9403,20332,567,26,8,2,11,4,7,3,3,1,1,0,0,0,0,0
16000,9398,19380,564,38,5,2,21,0,7,4,4,1,1,0,0,0,0,0
16100,9378,20230,587,33,8,1,15,0,7,1,5,1,0,0,0,0,0,0
16200,9319,20324,641,42,9,3,25,6,4,3,2,0,0,0,0,0,0,0
16300,9299,20736,665,15,13,8,15,2,6,5,2,2,0,0,0,0,0,0
16400,9291,19768,681,14,8,1,12,3,5,2,2,1,1,0,0,0,0,0
16500,9278,18658,684,9,14,3,11,6,9,2,4,4,0,0,0,0,0,0
16600,9279,17490,679,5,7,5,18,2,12,7,5,2,0,0,0,0,0,0
16700,9292,17608,681,22,7,1,13,3,5,6,2,1,0,0,0,0,0,0
16800,9311,18709,657,9,16,2,5,2,6,5,5,1,0,0,0,0,0,0
16900,9314,16902,645,17,20,3,9,0,7,3,5,1,0,0,0,0,0,0
17000,9297,15187,668,85,16,0,7,5,7,4,5,0,0,0,0,0,0,0
17100,9310,15306,652,39,19,5,10,1,4,2,5,0,0,0,0,0,0,0
17200,9328,15386,633,24,16,2,9,3,7,3,7,0,0,0,0,0,0,0
17300,9382,14762,588,9,10,4,12,1,5,4,3,0,0,0,0,0,0,0
17400,9379,15068,576,15,17,1,15,4,8,5,5,3,0,0,0,0,0,0
17500,9371,15425,584,20,22,1,13,2,5,1,5,0,0,0,0,0,0,0
17600,9361,15582,601,14,18,0,11,4,5,3,4,0,0,0,0,0,0,0
17700,9374,15708,590,8,18,2,7,1,7,6,4,0,0,0,0,0,0,0
17800,9385,15030,585,13,14,3,8,0,7,1,1,0,0,0,0,0,0,0
17900,9407,14298,563,7,11,2,10,3,7,5,2,2,0,0,0,0,0,0
18000,9482,15734,480,22,13,3,13,5,9,4,3,0,0,0,0,0,0,0
18100,9491,16385,468,11,13,2,13,1,7,3,7,2,1,0,0,0,0,0
18200,9522,15652,444,18,15,5,10,5,6,2,3,2,0,0,0,0,0,0
18300,9562,16124,400,18,9,0,12,3,16,6,1,1,0,0,0,0,0,0
18400,9566,14619,411,18,5,4,12,7,5,4,1,0,0,0,0,0,0,0
18500,9577,13786,395,18,3,3,17,1,5,1,3,1,0,0,0,0,0,0
18600,9520,13554,456,29,6,3,8,2,6,4,3,1,1,0,0,0,0,0
18700,9439,13468,535,17,5,3,15,2,2,3,4,0,0,0,0,0,0,0
18800,9392,14569,574,17,8,0,16,0,5,3,5,1,0,0,0,0,0,0
18900,9380,15175,588,56,5,2,14,1,7,1,6,0,0,1,0,0,0,0
19000,9388,12562,581,13,7,3,11,1,9,2,4,3,0,0,0,0,0,0
19100,9388,12469,585,19,3,2,14,0,6,1,4,0,0,0,0,0,0,0
19200,9392,14360,576,11,5,4,20,1,5,0,2,0,0,0,0,0,0,0
19300,9399,12135,578,25,5,0,13,4,1,4,4,1,0,0,0,0,0,0
19400,9401,12123,571,76,8,0,9,3,8,4,3,3,0,0,0,0,0,0
19500,9408,11197,564,38,7,1,12,1,6,1,3,1,0,0,0,0,0,0
19600,9391,10244,567,18,7,0,25,6,6,4,4,0,0,0,0,0,0,0
19700,9382,11773,578,43,6,3,24,1,9,6,1,1,0,0,0,0,0,0
19800,9387,11135,572,16,6,0,25,3,5,7,4,0,1,0,0,0,0,0
19900,9370,10046,593,96,3,4,26,1,5,1,3,5,0,0,0,0,0,0
20000,9396,11374,568,11,4,1,24,2,8,5,0,1,0,0,0,0,0,0
20100,9394,11901,566,13,7,0,24,0,4,1,5,0,0,0,0,0,0,0
20200,9370,11452,590,14,6,0,22,6,10,3,2,0,0,0,0,0,0,0
20300,9402,11567,563,12,4,0,20,3,9,0,2,1,0,0,0,0,0,0
20400,9412,11050,545,9,6,0,27,1,9,0,1,0,0,0,0,0,0,0
20500,9475,11046,491,4,5,1,20,1,7,4,2,0,0,0,0,0,0,0
20600,9515,11187,464,36,4,1,14,0,2,4,1,1,0,0,0,0,0,0
20700,9512,9882,451,5,3,0,27,1,3,0,3,0,1,0,0,0,0,0
20800,9511,9588,450,7,7,0,22,5,6,1,4,0,0,0,0,0,0,0
20900,9530,10139,442,5,4,1,15,2,3,0,6,0,0,0,0,0,0,0
21000,9526,11513,448,8,4,1,8,1,6,7,8,0,0,0,0,0,0,0
21100,9586,11236,384,16,3,0,17,1,7,2,3,1,0,0,0,0,0,0
21200,9652,9725,322,42,7,1,13,0,5,3,1,1,0,0,0,0,0,0
21300,9653,9392,323,37,4,1,10,3,7,4,2,0,1,0,0,0,0,0
21400,9634,11268,332,7,11,1,11,0,7,5,5,0,0,0,0,0,0,0
21500,9626,10227,348,6,4,1,13,3,7,5,2,0,0,0,0,0,0,0
21600,9682,10148,284,7,6,1,18,0,7,2,3,0,0,0,0,0,0,0
21700,9718,9839,257,3,2,3,11,0,8,0,4,0,0,0,0,0,0,0
21800,9724,8818,257,28,1,0,9,2,6,2,3,0,0,0,0,0,0,0
21900,9703,10330,269,2,6,4,14,2,5,3,3,0,0,0,0,0,0,0
22000,9674,11579,305,4,1,0,12,0,7,4,1,0,0,0,0,0,0,0
22100,9650,10702,319,15,10,1,14,5,5,3,2,0,0,0,0,0,0,0
22200,9675,10833,297,13,8,0,11,1,6,2,3,2,0,0,0,0,0,0
22300,9601,10926,378,3,4,3,13,1,3,4,1,1,0,0,0,0,0,0
22400,9556,10776,410,4,3,0,19,3,9,0,3,0,0,0,0,0,0,0
22500,9561,10892,411,9,8,1,14,7,4,3,1,0,1,0,0,0,0,0
22600,9571,10128,405,7,4,1,9,8,7,2,4,0,0,0,0,0,0,0
22700,9523,8905,457,1,3,1,13,4,3,4,1,1,0,0,0,0,0,0
22800,9462,10082,512,3,4,1,12,0,9,3,1,0,0,0,0,0,0,0
22900,9479,9430,505,8,3,3,8,4,3,2,1,0,1,0,0,0,0,0
23000,9458,10576,522,35,7,1,5,2,3,4,4,0,1,0,0,0,0,0
23100,9550,8564,429,38,8,0,5,0,7,2,1,0,0,0,0,0,0,0
23200,9563,9246,419,51,0,1,11,1,3,2,2,1,2,0,0,0,0,0
23300,9551,10050,430,48,5,1,9,0,5,5,0,0,0,0,0,0,0,0
23400,9558,9571,418,68,9,2,9,0,4,1,2,0,0,0,0,0,0,0
23500,9561,10032,415,36,5,0,12,2,2,2,5,1,0,0,0,0,0,0
23600,9578,8795,398,27,6,5,11,2,6,0,1,0,0,0,0,0,0,0
23700,9586,8121,391,51,5,2,8,2,6,2,4,1,0,0,0,0,0,0
23800,9569,8605,405,38,4,0,10,3,8,3,4,0,0,0,0,0,0,0
23900,9574,8580,405,36,5,2,9,0,6,2,1,2,0,0,0,0,0,0
24000,9576,8575,398,35,5,0,10,0,8,1,3,0,0,0,0,0,0,0
24100,9601,8848,382,39,0,1,11,1,4,1,2,0,0,0,0,0,0,0
24200,9525,9011,453,35,5,0,10,0,3,4,4,0,0,0,0,0,0,0
24300,9450,9783,533,44,2,2,14,0,0,0,1,1,0,0,0,0,0,0
24400,9408,9096,567,47,4,0,14,4,4,1,2,1,1,1,0,0,0,0
24500,9429,8482,546,30,6,3,9,2,7,6,3,1,0,0,0,0,0,0
24600,9425,9554,545,61,8,3,14,1,6,1,2,1,0,0,0,0,0,0
24700,9434,8383,543,89,6,2,9,1,4,4,4,1,0,0,0,0,0,0
24800,9463,7702,516,33,3,2,11,1,6,2,1,0,0,0,0,0,0,0
24900,9483,8996,490,40,6,0,8,3,8,3,5,0,0,0,0,0,0,0
25000,9465,8163,489,48,6,2,31,4,8,2,1,2,0,0,0,0,0,0
25100,9443,7983,514,35,8,0,28,0,5,2,2,0,0,0,0,0,0,0
25200,9401,8156,554,31,7,1,30,0,4,2,4,0,0,0,0,0,0,0
25300,9436,7037,520,28,5,3,30,1,4,2,5,0,0,0,0,0,0,0
25400,9456,7328,501,57,4,2,29,3,7,2,3,0,0,0,0,0,0,0
25500,9439,7357,512,3,7,3,35,2,4,1,3,1,0,0,0,0,0,0
25600,9493,6936,469,6,6,1,25,0,3,2,4,2,0,0,0,0,0,0
25700,9484,6716,480,12,3,1,28,1,2,2,3,0,0,0,0,0,0,0
25800,9413,6760,545,45,1,0,29,1,8,3,4,1,0,0,0,0,0,0
25900,9405,6521,543,42,7,1,35,2,7,2,3,0,0,0,0,0,0,0
26000,9423,6854,532,26,4,25,34,0,6,0,1,0,0,0,0,0,0,0
26100,9411,7818,545,19,5,4,34,1,3,2,2,0,0,0,0,0,0,0
26200,9454,5661,502,35,6,1,34,2,4,4,0,0,0,0,0,0,0,0
26300,9474,6356,480,5,6,0,33,2,5,1,2,0,0,0,0,0,0,0
26400,9504,6286,469,17,2,2,12,5,11,3,2,0,0,0,0,0,0,0
26500,9544,6770,442,19,1,4,6,1,4,6,3,0,0,0,0,0,0,0
26600,9531,6873,440,28,10,1,11,0,6,1,2,0,0,0,0,0,0,0
26700,9513,7395,461,23,4,1,15,0,6,0,1,0,0,0,0,0,0,0
26800,9466,7089,517,28,2,0,7,3,6,0,2,0,0,0,0,0,0,0
26900,9455,6335,520,19,4,2,15,1,2,1,4,0,0,0,0,0,0,0
27000,9456,5913,523,23,7,0,7,4,7,0,0,0,0,0,0,0,0,0
27100,9460,6590,506,20,4,0,18,3,11,1,1,1,0,0,0,0,0,0
27200,9482,7198,493,15,5,0,13,2,5,1,2,0,0,0,0,0,0,0
27300,9479,6608,495,34,5,0,14,0,5,0,2,1,0,0,0,0,0,0
27400,9504,6628,476,25,4,2,12,0,3,3,1,0,0,0,0,0,0,0
27500,9480,5615,468,24,6,0,35,0,8,0,3,0,0,0,0,0,0,0
27600,9416,6255,516,30,5,1,61,0,2,1,0,0,0,0,0,0,0,0
27700,9438,5699,490,56,5,1,62,1,4,0,1,0,0,0,0,0,0,0
27800,9463,5929,460,31,3,0,64,0,9,0,1,1,0,0,0,0,0,0
27900,9496,4868,434,28,1,2,64,6,5,0,0,0,0,0,0,0,0,0
28000,9518,5041,409,21,2,8,66,1,3,1,2,1,0,0,0,0,0,0
28100,9537,6303,388,131,2,0,64,1,4,6,5,0,0,0,0,0,0,0
28200,9500,6249,414,118,3,2,70,2,8,0,5,0,0,0,0,0,0,0
28300,9500,5853,425,38,5,2,65,0,5,2,0,1,0,0,0,0,0,0
28400,9536,6057,392,17,7,0,56,1,6,1,2,2,1,0,0,0,0,0
28500,9518,5497,402,13,3,1,66,0,7,2,4,0,0,0,0,0,0,0
28600,9518,6490,413,10,7,0,57,0,3,1,2,0,0,0,0,0,0,0
28700,9507,6716,411,12,5,1,65,2,8,0,4,0,0,0,0,0,0,0
28800,9505,6748,418,5,7,1,63,1,5,4,2,0,0,0,0,0,0,0
28900,9478,6248,441,7,7,2,60,3,9,2,3,0,2,0,0,0,0,0
29000,9449,5297,473,7,7,1,65,0,4,1,2,0,0,0,0,0,0,0
29100,9463,6567,461,13,6,1,65,0,5,0,0,0,0,0,0,0,0,0
29200,9493,6595,428,8,5,0,63,1,9,1,2,0,0,0,0,0,0,0
29300,9510,6353,408,15,3,1,71,2,5,2,3,1,0,0,0,0,0,0
29400,9488,6185,428,3,2,0,71,3,10,1,1,0,0,0,0,0,0,0
29500,9495,4694,422,2,8,0,71,3,4,0,0,0,0,0,0,0,0,0
29600,9492,5713,434,3,4,0,67,0,3,1,0,1,0,0,0,0,0,0
29700,9426,5510,490,4,5,4,70,1,1,1,8,0,0,0,0,0,0,0
29800,9483,4877,437,7,6,0,69,2,4,1,1,0,0,0,0,0,0,0
29900,9475,5470,446,3,5,6,67,1,6,1,1,0,0,0,0,0,0,0
30000,9456,5768,469,10,2,4,67,0,6,0,0,2,0,0,0,0,0,0
30100,9469,5494,461,5,5,5,61,0,4,1,0,1,0,0,0,0,0,0
30200,9429,5749,490,11,2,0,70,0,6,0,3,1,0,0,0,0,0,0
30300,9380,6073,541,19,4,2,69,0,3,1,3,0,0,0,0,0,0,0
30400,9381,6154,538,17,4,2,66,1,7,1,4,1,0,0,0,0,0,0
30500,9365,6087,566,3,2,0,63,2,2,0,2,1,0,0,0,0,0,0
30600,9412,4924,512,3,3,4,65,1,7,2,1,1,0,0,0,0,0,0
30700,9398,5428,513,2,4,13,76,1,8,2,1,0,0,0,0,0,0,0
30800,9347,5076,533,1,2,12,107,3,10,1,1,0,0,0,0,0,0,0
30900,9236,5217,643,15,5,13,108,1,6,4,2,0,0,0,0,0,0,0
31000,9224,4979,656,26,3,12,112,1,3,0,2,0,0,0,0,0,0,0
31100,9202,4801,666,19,6,12,108,4,13,0,5,0,0,0,0,0,0,0
31200,9225,4659,662,8,3,15,107,3,1,1,2,0,0,0,0,0,0,0
31300,9224,4489,660,1,9,15,101,1,5,1,1,0,0,0,0,0,0,0
31400,9209,4571,671,6,2,13,111,2,3,1,4,0,0,0,0,0,0,0
31500,9227,5040,661,11,1,14,107,1,2,0,2,0,0,0,0,0,0,0
31600,9262,4938,623,0,3,12,104,3,5,1,3,0,0,0,0,0,0,0
31700,9213,5340,671,6,2,13,110,1,3,1,1,0,0,0,0,0,0,0
31800,9274,5733,610,13,2,12,105,0,8,0,1,0,0,0,0,0,0,0
31900,9304,6098,583,29,4,15,105,0,3,1,1,0,0,0,0,0,0,0
32000,9382,5777,500,21,1,19,107,0,3,4,7,0,0,0,0,0,0,0
32100,9357,5468,520,6,1,11,105,6,6,2,11,0,0,0,0,0,0,0
32200,9284,5095,553,13,3,14,143,3,5,2,12,0,0,0,0,0,0,0
32300,9237,4802,585,13,1,14,161,2,6,0,10,0,0,0,0,0,0,0
32400,9208,4321,612,16,6,11,159,1,6,1,9,0,0,0,0,0,0,0
32500,9151,4990,674,7,4,1,155,2,5,0,11,0,0,0,0,0,0,0
32600,9186,5335,637,4,6,4,160,4,6,0,5,2,0,0,0,0,0,0
32700,9210,5560,617,14,4,5,156,2,5,0,7,0,1,0,0,0,0,0
32800,9231,5541,569,2,4,3,177,4,11,2,8,1,0,0,0,0,0,0
32900,9182,5108,592,3,7,1,208,0,5,0,6,0,0,0,0,0,0,0
33000,9130,4813,649,0,4,0,203,1,6,2,8,0,0,0,0,0,0,0
33100,9015,4908,725,5,2,0,245,0,5,1,8,1,0,0,0,0,0,0
33200,8960,4555,776,5,7,0,240,1,7,0,10,0,0,0,0,0,0,0
33300,8992,4867,783,4,4,1,206,0,9,1,6,0,0,0,0,0,0,0
33400,8959,4257,861,7,4,1,164,0,4,1,8,1,0,0,0,0,0,0
33500,8941,4429,885,1,4,0,157,1,6,3,7,0,0,0,0,0,0,0
33600,8922,4893,901,2,6,1,156,1,3,0,12,0,0,0,0,0,0,0
33700,8915,5023,900,4,7,1,157,1,10,0,11,0,0,0,0,0,0,0
33800,8969,4953,863,3,3,2,155,3,1,2,9,0,0,0,0,0,0,0
33900,8922,5225,920,4,4,3,143,1,9,4,2,0,0,0,0,0,0,0
34000,8981,5534,899,18,4,2,107,0,8,1,1,0,0,0,0,0,0,0
34100,8981,4920,867,2,3,0,144,2,4,2,1,0,0,0,0,0,0,0
34200,8984,4768,862,3,1,0,149,3,3,2,1,0,0,0,0,0,0,0
34300,9037,4739,810,9,1,4,148,0,2,1,2,0,0,0,0,0,0,0
34400,9008,4444,830,10,3,6,152,3,6,1,1,0,0,0,0,0,0,0
34500,9001,4055,833,9,4,1,155,0,3,0,4,0,0,0,0,0,0,0
34600,9027,4254,791,103,5,1,171,0,3,5,3,0,0,0,0,0,0,0
34700,8964,4647,813,79,2,1,211,0,5,0,4,0,1,0,0,0,0,0
34800,9000,4342,784,0,1,3,211,1,2,0,2,0,0,0,0,0,0,0
34900,8979,4500,798,2,7,6,212,3,2,1,2,1,0,0,0,0,0,0
35000,8969,4526,809,2,3,1,212,1,6,1,1,0,0,0,0,0,0,0
35100,8929,4750,846,8,4,2,211,1,6,1,3,0,1,0,0,0,0,0
35200,8925,4323,859,2,3,0,207,1,5,0,1,0,0,0,0,0,0,0
35300,8935,4557,855,2,0,0,202,0,4,2,4,1,0,0,0,0,0,0
35400,8911,5361,874,1,7,3,201,0,6,2,1,1,0,0,0,0,0,0
35500,8858,4809,927,3,8,5,198,1,7,0,1,2,1,0,0,0,0,0
35600,8874,4193,919,5,6,10,197,3,3,0,1,1,0,0,0,0,0,0
35700,8846,4909,949,1,6,1,191,6,8,0,0,0,0,0,0,0,0,0
35800,8882,4420,984,6,7,3,117,3,9,0,1,0,0,0,0,0,0,0
35900,8912,4498,981,19,3,1,98,2,3,1,3,1,0,0,0,0,0,0
36000,8927,4668,964,8,3,3,97,4,7,0,2,1,0,0,0,0,0,0
36100,9008,4595,911,12,5,0,68,1,5,0,3,0,0,0,0,0,0,0
36200,9031,4939,901,24,2,1,57,1,8,4,1,0,0,0,0,0,0,0
36300,8956,5625,959,4,7,1,71,3,6,1,1,0,0,0,0,0,0,0
36400,8912,5690,979,1,3,0,96,1,6,1,4,0,0,0,0,0,0,0
36500,8933,5339,949,52,8,2,101,0,7,1,2,0,0,0,0,0,0,0
36600,8979,5711,908,20,10,4,96,0,5,0,2,1,0,0,0,0,0,0
36700,8982,6103,895,4,9,1,102,2,9,1,3,0,0,0,0,0,0,0
36800,8990,5772,897,2,6,2,101,1,2,2,3,2,1,0,0,0,0,0
36900,8987,5534,905,3,4,1,97,1,7,0,0,2,0,0,0,0,0,0
37000,8934,5588,969,7,3,3,82,0,7,3,5,0,0,0,0,0,0,0
37100,8883,5640,1036,4,3,0,72,1,2,0,4,1,0,0,0,0,0,0
37200,8974,4999,925,8,3,0,91,1,6,0,1,0,0,0,0,0,0,0
37300,9028,5377,872,0,4,0,90,1,3,0,3,2,0,0,0,0,0,0
37400,9071,5828,821,11,1,0,90,1,15,1,2,0,0,0,0,0,0,0
37500,9064,5396,840,12,6,1,83,0,5,0,2,0,0,0,0,0,0,0
37600,9078,5489,838,5,6,2,75,0,3,2,0,1,0,0,0,0,0,0
37700,9098,5956,813,7,5,0,77,2,2,0,5,0,0,0,0,0,0,0
37800,9043,5634,861,8,3,1,83,6,7,3,3,0,0,0,0,0,0,0
37900,8957,5068,953,1,3,1,83,1,4,3,0,0,0,0,0,0,0,0
38000,8910,5069,1028,7,5,0,54,0,3,0,0,0,0,0,0,0,0,0
38100,8913,5318,1027,20,0,2,56,1,3,1,1,0,0,0,0,0,0,0
38200,8936,4664,1001,49,4,3,54,1,4,3,1,1,0,0,0,0,0,0
38300,8888,4066,1045,15,8,0,53,1,5,2,1,1,0,0,0,0,0,0
38400,8968,4077,967,14,4,0,55,3,5,0,1,0,0,0,0,0,0,0
38500,9002,5127,941,0,4,0,51,2,1,0,1,2,0,0,0,0,0,0
38600,9013,5361,925,1,3,0,54,0,4,2,1,1,0,0,0,0,0,0
38700,9091,4555,841,7,8,18,52,2,7,1,1,0,0,0,0,0,0,0
38800,9155,4638,809,10,4,32,31,0,0,4,1,0,0,0,0,0,0,0
38900,9180,4046,807,6,1,28,3,0,6,0,3,0,0,0,0,0,0,0
39000,9166,3791,823,3,0,30,5,2,4,0,2,1,0,0,0,0,0,0
39100,9162,4533,825,9,2,3,7,0,4,0,0,0,0,0,0,0,0,0
39200,9152,4870,831,8,3,2,9,1,4,1,1,1,0,0,0,0,0,0
39300,9131,4314,849,4,6,0,4,1,9,0,1,0,0,0,0,0,0,0
39400,9080,3431,901,6,6,1,8,0,4,1,1,0,0,0,0,0,0,0
39500,9077,4500,911,4,5,3,1,1,4,2,2,0,0,0,0,0,0,0
39600,9085,5099,890,0,5,0,6,1,11,2,3,0,0,0,0,0,0,0
39700,9131,5303,857,5,3,0,5,0,4,0,0,0,0,0,0,0,0,0
39800,9172,4969,811,9,4,0,10,0,3,2,0,1,0,0,0,0,0,0
39900,9161,5286,829,12,3,1,4,0,3,0,0,0,0,0,0,0,0,0
40000,9143,5627,839,14,4,1,6,1,6,2,2,0,0,0,0,0,0,0
40100,9189,5440,790,35,5,1,12,6,2,1,2,0,0,0,0,0,0,0
40200,9261,5090,713,139,6,0,7,4,12,3,1,1,0,0,0,0,0,0
40300,9278,5205,702,69,3,2,8,5,7,2,2,0,0,0,0,0,0,0
40400,9294,5412,692,26,2,1,8,0,3,2,1,0,0,0,0,0,0,0
40500,9278,5494,699,0,6,1,7,0,9,0,1,0,0,0,0,0,0,0
40600,9312,5940,670,35,1,1,12,0,2,0,3,0,0,0,0,0,0,0
40700,9288,6120,701,9,1,1,5,1,1,4,4,1,0,0,0,0,0,0
40800,9301,5904,683,10,2,0,5,3,8,1,1,2,0,0,0,0,0,0
40900,9348,4826,638,1,2,0,10,0,0,0,2,0,0,0,0,0,0,0
41000,9386,4576,597,14,3,0,8,4,5,0,1,2,0,0,0,0,0,0
41100,9351,4686,625,13,2,2,13,0,5,1,4,0,0,0,0,0,0,0
41200,9350,4586,634,8,4,2,7,3,5,1,0,0,0,0,0,0,0,0
41300,9343,4722,639,3,2,1,8,1,7,0,1,2,0,0,0,0,0,0
41400,9342,4555,639,5,2,1,9,0,4,0,4,1,0,0,0,0,0,0
41500,9292,4865,687,21,3,0,12,1,5,4,1,0,0,0,0,0,0,0
41600,9288,5134,698,6,1,0,4,0,7,5,1,1,0,0,1,0,0,0
41700,9326,5002,657,5,2,2,4,1,7,1,4,0,0,0,0,0,0,0
41800,9310,4933,670,3,2,1,6,0,10,0,2,1,0,1,0,0,0,0
41900,9203,4366,789,2,1,2,2,2,3,0,2,1,0,0,0,0,0,0
42000,9203,5375,786,2,0,0,3,1,8,0,0,0,0,0,0,0,0,0
42100,9252,5555,741,1,1,0,1,0,3,1,2,2,0,0,0,0,0,0
42200,9237,4691,749,9,5,0,6,1,3,0,0,0,0,0,0,0,0,0
42300,9254,5246,736,3,4,1,2,0,4,0,0,0,0,0,0,0,0,0
42400,9255,5405,735,10,2,0,4,1,4,2,0,0,0,0,0,0,0,0
42500,9287,5533,702,8,2,0,2,0,5,1,2,0,0,0,0,0,0,0
42600,9290,5871,686,6,5,0,11,2,7,1,1,0,0,0,0,0,0,0
42700,9267,5521,715,9,4,1,2,0,12,0,0,0,0,0,0,0,0,0
42800,9250,5412,729,14,5,0,3,0,9,4,4,0,0,0,0,0,0,0
42900,9245,5269,744,7,2,2,5,0,3,0,1,1,0,0,0,0,0,0
43000,9244,4961,746,11,2,0,5,0,2,7,1,0,0,0,0,0,0,0
43100,9226,5511,756,64,6,1,3,0,5,2,4,0,0,0,0,0,0,0
43200,9235,5463,757,2,1,1,2,0,5,3,0,0,0,0,0,0,0,0
43300,9283,4977,711,13,3,0,1,2,1,2,1,0,0,0,0,0,0,0
43400,9315,5029,671,5,3,1,3,2,4,0,4,0,0,0,0,0,0,0
43500,9357,4984,637,3,1,1,0,0,3,0,2,0,0,0,0,0,0,0
43600,9303,5135,686,1,4,1,5,0,0,0,2,1,0,0,0,0,0,0
43700,9196,4578,783,2,6,1,7,0,6,0,2,2,0,0,0,0,0,0
43800,9261,4774,723,11,3,0,5,0,6,0,2,0,0,0,0,0,0,0
43900,9239,4404,746,13,1,1,9,0,4,1,1,1,0,0,0,0,0,0
44000,9273,4207,711,16,0,0,8,1,5,3,3,0,0,0,0,0,0,0
44100,9328,3710,656,12,4,2,2,1,7,3,2,0,1,0,0,0,0,0
44200,9327,3970,656,9,6,0,6,0,3,0,2,0,0,0,0,0,0,0
44300,9297,4890,691,11,1,0,7,0,2,0,2,0,0,0,0,0,0,0
44400,9339,4660,649,12,4,1,5,2,2,2,0,0,1,0,0,0,0,0
44500,9364,4684,618,22,5,1,4,3,6,1,3,1,0,0,0,0,0,0
44600,9380,4650,583,22,7,0,12,0,11,2,7,0,0,0,0,0,0,0
44700,9425,4699,565,17,3,2,1,0,3,1,3,0,0,0,0,0,0,0
44800,9407,4969,578,12,5,1,4,3,5,0,1,0,0,0,0,0,0,0
44900,9407,4857,578,13,5,0,3,1,5,0,2,0,0,0,0,0,0,0
45000,9402,5585,585,11,6,0,3,1,1,1,3,0,0,0,0,0,0,0
45100,9405,5341,588,9,3,0,0,1,2,2,2,0,0,0,0,0,0,0
45200,9396,5158,595,11,3,0,1,1,3,0,2,0,0,0,0,0,0,0
45300,9363,5208,624,9,3,1,3,0,5,2,2,1,0,0,0,0,0,0
45400,9421,4795,570,10,4,0,1,1,2,0,2,0,0,0,0,0,0,0
45500,9431,5315,555,9,2,0,6,5,4,0,2,1,0,0,0,0,0,0
45600,9466,6336,521,20,4,8,4,0,4,1,1,0,0,0,0,0,0,0
45700,9517,5924,477,40,3,0,2,2,1,0,0,0,0,0,0,0,0,0
45800,9509,6099,485,33,2,0,0,0,3,2,1,0,0,0,0,0,0,0
45900,9496,4282,492,10,2,0,1,1,6,1,3,2,0,0,0,0,0,0
46000,9515,4161,467,9,3,0,4,2,8,3,2,0,1,0,0,0,0,0
46100,9557,5372,421,13,8,0,8,4,2,0,4,0,0,0,0,0,0,0
46200,9592,5258,398,9,4,0,2,6,4,0,0,3,0,0,0,0,0,0
46300,9568,5120,423,14,1,0,2,0,4,1,2,0,0,0,0,0,0,0
46400,9628,5155,355,12,6,1,3,3,5,5,3,0,0,0,0,0,0,0
46500,9679,4726,311,20,2,1,2,2,2,5,4,0,0,0,0,0,0,0
46600,9656,5269,333,22,2,2,1,2,4,2,4,0,0,0,0,0,0,0
46700,9633,5620,353,16,3,0,6,0,2,2,3,0,0,0,0,0,0,0
46800,9590,5353,388,16,4,1,6,0,8,1,4,0,0,0,0,0,0,0
46900,9585,4891,401,25,1,3,5,1,6,1,2,1,0,0,0,0,0,0
47000,9596,4682,385,15,3,1,8,1,7,0,1,0,0,0,0,0,0,0
47100,9597,4931,393,11,2,0,6,1,1,0,1,1,0,0,0,0,0,0
47200,9526,5114,450,10,6,3,9,1,7,1,2,0,0,0,0,0,0,0
47300,9525,4537,455,11,1,4,14,3,3,1,2,0,0,0,0,0,0,0
47400,9528,5147,457,13,0,6,9,2,5,0,1,0,0,0,0,0,0,0
47500,9531,4769,453,10,4,2,5,1,4,3,3,0,0,0,0,0,0,0
47600,9526,4732,458,20,2,0,11,0,2,0,1,0,0,0,0,0,0,0
47700,9528,5186,460,14,4,1,5,0,3,0,0,2,0,0,0,0,0,0
47800,9519,5831,460,15,4,2,8,0,8,0,1,0,0,0,0,0,0,0
47900,9520,5281,465,11,4,0,6,1,4,1,1,0,0,0,0,0,0,0
48000,9545,5299,445,12,0,1,8,1,2,0,0,0,0,0,0,0,0,0
48100,9595,5022,393,11,3,0,7,1,2,1,0,0,0,0,0,0,0,0
48200,9588,5067,398,12,2,1,6,0,3,0,3,1,0,0,0,0,0,0
48300,9619,4545,371,18,2,0,6,0,1,1,1,1,0,0,0,0,0,0
48400,9615,4673,368,8,1,0,8,0,5,1,3,0,0,0,0,0,0,0
48500,9617,4436,360,5,2,1,9,0,11,0,1,1,0,0,0,0,0,0
48600,9587,4680,394,5,2,2,11,0,5,1,1,0,0,0,0,0,0,0
48700,9566,4500,416,0,3,1,8,0,5,1,2,1,0,0,0,0,0,0
48800,9571,4140,415,4,5,0,6,0,2,2,1,1,0,0,0,0,0,0
48900,9571,3835,418,20,2,0,6,1,2,2,1,0,0,0,0,0,0,0
49000,9646,4364,341,14,1,1,6,0,6,2,0,0,0,0,0,0,0,0
49100,9640,4613,337,1,5,1,12,2,4,1,2,1,0,0,0,0,0,0
49200,9628,4396,357,8,2,0,4,1,8,1,1,1,0,0,0,0,0,0
49300,9567,4348,409,9,7,0,10,0,5,0,2,0,0,0,0,0,0,0
49400,9547,4592,436,9,4,2,6,4,6,1,0,0,1,0,0,0,0,0
49500,9547,4809,427,2,9,1,10,2,6,0,1,0,0,0,0,0,0,0
49600,9556,3781,426,45,2,2,8,0,4,0,4,0,0,0,0,0,0,0
49700,9600,4564,376,35,7,4,8,0,7,2,2,0,0,0,0,0,0,0
49800,9660,4648,327,5,1,2,6,4,4,2,2,1,0,0,0,0,0,0
49900,9666,4814,322,9,4,2,6,4,1,3,0,1,1,0,0,0,0,0
50000,9704,6428,278,34,3,0,7,1,3,2,5,0,0,0,0,0,0,0
50100,9701,6219,288,27,0,1,7,2,3,3,1,1,0,0,0,0,0,0
50200,9674,5867,315,21,2,1,6,1,2,0,1,1,0,0,0,0,0,0
50300,9633,5450,350,18,4,1,5,1,6,0,2,2,0,0,0,0,0,0
50400,9616,5287,363,8,9,2,10,0,2,1,0,0,0,0,0,0,0,0
50500,9670,4834,318,11,2,0,5,0,1,1,4,0,0,0,0,0,0,0
50600,9670,4262,314,16,1,0,9,3,6,1,0,2,0,0,0,0,0,0
50700,9703,4401,287,30,1,1,6,11,2,1,1,2,0,0,0,0,0,0
50800,9661,4159,326,10,5,12,2,8,5,1,1,0,0,0,0,0,0,0
50900,9659,4649,330,21,2,0,6,9,2,0,1,0,0,0,0,0,0,0
51000,9614,4844,369,12,4,1,6,2,7,0,0,0,0,0,0,0,0,0
51100,9618,4454,367,40,1,2,7,1,5,0,2,0,0,0,0,0,0,0
51200,9613,4685,376,22,2,2,5,0,2,0,2,0,0,0,0,0,0,0
51300,9631,4770,357,3,2,1,8,0,2,0,0,1,0,0,0,0,0,0
51400,9695,5075,292,0,0,0,6,0,4,1,3,0,0,0,0,0,0,0
51500,9678,4508,304,2,3,0,6,0,9,1,0,0,0,0,0,0,0,0
51600,9701,4057,291,4,3,0,5,0,0,0,0,0,0,0,0,0,0,0
51700,9690,4257,298,28,2,2,4,0,5,1,1,0,0,0,0,0,0,0
51800,9697,3867,296,28,3,1,3,1,0,0,1,0,0,0,0,0,0,0
51900,9700,3983,286,26,3,1,6,0,2,4,3,0,0,0,0,0,0,0
52000,9679,4108,301,12,5,0,12,1,2,2,1,0,0,0,0,0,0,0
52100,9651,4241,332,48,1,0,6,2,7,1,3,0,0,0,0,0,0,0
52200,9619,4256,355,99,3,1,16,1,7,0,0,1,0,0,0,0,0,0
52300,9666,3940,301,0,5,3,22,3,4,0,2,0,0,0,0,0,0,0
52400,9678,3652,280,5,6,0,24,1,10,2,2,0,0,0,0,0,0,0
52500,9685,4093,284,3,3,0,18,0,6,0,4,1,0,0,0,0,0,0
52600,9686,3720,285,12,4,2,18,1,4,0,3,0,0,0,0,0,0,0
52700,9702,4819,279,3,2,2,15,3,1,1,1,0,0,0,0,0,0,0
52800,9682,5421,289,12,4,1,19,4,4,0,2,1,0,0,0,0,0,0
52900,9653,4689,322,8,2,0,16,0,4,0,3,0,0,0,0,0,0,0
53000,9661,4538,316,9,3,1,13,1,6,4,1,1,0,0,0,0,0,0
53100,9665,4114,310,19,1,1,16,0,3,0,5,0,0,0,0,0,0,0
53200,9666,4795,307,19,5,1,13,1,5,0,4,0,0,0,0,0,0,0
53300,9674,3895,298,10,5,1,16,4,5,0,2,0,0,0,0,0,0,0
53400,9624,4062,349,4,8,1,16,1,3,0,0,0,0,0,0,0,0,0
53500,9618,3766,358,1,4,1,15,0,5,2,0,0,0,0,0,0,0,0
53600,9628,4417,356,0,1,0,13,0,2,0,0,1,0,0,0,0,0,0
53700,9597,5485,379,7,1,1,15,0,4,0,4,0,0,0,0,0,0,0
53800,9552,5129,423,14,5,0,16,1,4,3,0,0,0,0,0,0,0,0
53900,9593,4308,386,43,1,1,18,0,1,1,1,0,0,0,0,0,0,0
54000,9613,3377,357,23,3,0,19,1,4,0,4,0,0,0,0,0,0,0
54100,9603,3707,367,4,6,1,17,0,5,2,2,0,0,0,0,0,0,0
54200,9580,4000,388,3,6,2,15,1,10,0,1,0,0,0,0,0,0,0
54300,9540,4429,437,7,4,1,15,3,3,0,1,0,0,0,0,0,0,0
54400,9577,4301,396,3,3,1,14,0,7,0,3,0,0,0,0,0,0,0
54500,9581,5070,400,0,1,0,13,3,5,0,0,0,0,0,0,0,0,0
54600,9626,4140,345,1,4,0,17,0,4,0,4,0,0,0,0,0,0,0
54700,9696,4167,280,7,2,8,15,1,5,3,2,0,0,0,0,0,0,0
54800,9699,4671,280,4,6,14,12,0,1,2,2,0,0,0,0,0,0,0
54900,9722,5276,257,8,1,15,18,0,1,0,1,0,0,0,0,0,0,0
55000,9715,5501,257,2,3,1,18,1,6,0,1,0,0,0,0,0,0,0
55100,9707,5907,274,9,2,0,14,1,2,0,1,0,0,0,0,0,0,0
55200,9707,5697,263,1,3,1,23,1,4,1,0,0,0,0,0,0,0,0
55300,9729,4675,246,6,4,1,17,0,3,4,1,0,0,0,0,0,0,0
55400,9715,5265,258,6,3,0,15,2,4,0,5,1,0,0,0,0,0,0
55500,9698,4662,272,13,5,1,21,0,2,0,2,0,0,0,0,0,0,0
55600,9655,5127,308,18,6,0,20,3,10,5,1,2,0,0,0,0,0,0
55700,9671,5809,305,13,4,1,16,1,2,0,2,0,0,0,0,0,0,0
55800,9659,5635,302,30,3,1,25,0,8,1,3,0,0,0,0,0,0,0
55900,9693,5070,270,25,8,1,19,4,9,0,1,0,0,0,0,0,0,0
56000,9720,4319,247,41,5,5,20,1,6,0,2,0,0,0,0,0,0,0
56100,9748,5744,218,40,3,2,24,5,4,1,3,0,0,0,0,0,0,0
56200,9751,5481,222,36,1,0,20,0,3,1,3,1,0,0,0,0,0,0
56300,9758,6394,209,104,9,2,16,0,6,3,2,0,0,0,0,0,0,0
56400,9738,6369,242,10,3,1,14,1,2,2,1,0,0,0,0,0,0,0
56500,9698,6518,275,5,3,2,15,1,7,1,2,0,0,0,0,0,0,0
56600,9706,6892,265,6,3,4,18,2,7,1,1,1,0,0,0,0,0,0
56700,9707,6293,268,2,3,2,19,3,2,2,1,0,0,0,0,0,0,0
56800,9706,6413,267,9,3,0,20,3,4,1,0,0,0,0,0,0,0,0
56900,9690,5748,272,4,4,2,25,1,6,1,3,1,0,0,0,0,0,0
57000,9701,5407,267,0,4,1,22,0,5,1,1,0,0,0,0,0,0,0
57100,9714,5175,260,30,3,0,15,0,6,0,2,0,0,0,0,0,0,0
57200,9706,5352,270,17,4,0,16,4,4,1,0,2,0,0,0,0,0,0
57300,9709,5519,265,10,2,2,18,1,3,1,3,0,0,0,0,0,0,0
57400,9713,5248,263,68,1,0,17,1,3,1,3,0,0,0,0,0,0,0
57500,9689,4682,288,59,2,1,18,1,2,0,1,1,0,0,0,0,0,0
57600,9615,4628,362,5,4,0,15,0,3,1,1,1,0,0,0,0,0,0
57700,9593,4633,385,6,3,0,16,1,3,0,0,0,0,0,0,0,0,0
57800,9575,4905,396,8,3,2,21,1,3,0,2,1,0,0,0,0,0,0
57900,9549,4566,415,3,6,0,19,0,10,0,1,0,0,0,0,0,0,0
58000,9576,4882,407,3,1,4,12,0,2,3,2,0,0,0,0,0,0,0
58100,9588,5485,386,12,4,1,16,0,5,0,1,0,0,0,0,0,0,0
58200,9548,5012,430,8,4,1,14,0,3,1,1,0,0,0,0,0,0,0
58300,9520,5205,458,11,1,0,14,0,6,1,1,0,0,1,0,0,0,0
58400,9526,5899,450,5,5,0,16,0,1,0,2,0,0,0,0,0,0,0
58500,9528,5066,447,7,2,0,12,3,10,1,1,0,0,0,0,0,0,0
58600,9526,4569,450,46,6,0,13,3,3,3,2,1,0,0,0,0,0,0
58700,9537,4792,437,100,4,0,15,1,4,0,3,0,0,0,0,0,0,0
58800,9492,5033,482,105,7,1,14,2,4,3,1,0,0,0,0,0,0,0
58900,9404,4821,575,40,4,1,13,2,4,0,0,1,0,0,0,0,0,0
59000,9377,5526,601,1,6,0,14,0,1,0,1,0,0,0,0,0,0,0
59100,9399,6106,572,39,7,1,18,1,3,1,1,0,0,0,0,0,0,0
59200,9362,5546,615,6,2,0,18,0,2,1,1,1,0,0,0,0,0,0
59300,9367,4804,605,3,4,1,18,0,6,1,0,0,0,0,0,0,0,0
59400,9400,4619,583,7,1,1,13,1,2,3,0,0,1,0,0,0,0,0
59500,9400,5330,575,8,5,0,17,0,2,0,1,0,0,0,0,0,0,0
59600,9349,4629,627,13,2,1,18,0,3,0,1,0,0,0,0,0,0,0
59700,9365,4647,609,7,4,0,15,1,6,5,1,0,0,0,0,0,0,0
59800,9403,4505,581,0,2,1,12,3,2,2,0,1,0,0,0,0,0,0
59900,9403,4869,572,7,3,2,16,3,3,0,3,1,0,0,0,0,0,0
60000,9397,5112,571,2,6,1,16,3,6,1,4,0,0,0,0,0,0,0
60100,9438,4289,537,1,2,0,17,0,3,0,3,0,0,0,0,0,0,0
60200,9443,4472,534,2,4,1,12,0,6,1,1,0,0,0,0,0,0,0
60300,9459,4728,524,3,2,0,12,0,1,1,2,0,0,0,0,0,0,0
60400,9466,4697,512,6,5,0,16,3,1,0,0,1,0,0,0,0,0,0
60500,9462,4741,515,1,3,1,15,0,4,4,1,1,0,0,0,0,0,0
60600,9429,5287,550,10,3,0,13,2,4,2,1,0,0,0,0,0,0,0
60700,9450,4814,519,9,5,4,15,2,8,3,3,1,0,0,0,0,0,0
60800,9412,5004,566,10,4,4,15,1,1,2,2,0,0,0,0,0,0,0
60900,9385,6006,599,12,1,0,15,0,0,3,0,0,0,0,0,0,0,0
61000,9371,7087,609,4,2,0,13,1,5,1,0,0,0,0,0,0,0,0
61100,9382,4985,596,56,2,0,13,1,5,1,2,0,0,0,0,0,0,0
61200,9437,5508,539,89,3,2,12,1,7,2,2,0,0,0,0,0,0,0
61300,9414,5369,570,35,2,0,12,0,2,0,0,0,0,0,0,0,0,0
61400,9370,4429,611,18,4,1,11,0,1,0,3,0,0,0,0,0,0,0
61500,9342,4923,631,16,4,1,16,4,6,0,1,0,0,0,0,0,0,0
61600,9273,3716,696,34,5,0,17,4,7,1,2,0,0,0,0,0,0,0
61700,9281,3874,698,25,1,0,14,3,4,1,2,1,0,0,0,0,0,0
61800,9266,3872,708,18,5,1,14,0,6,1,1,1,0,0,0,0,0,0
61900,9287,3636,692,21,3,0,13,0,5,0,0,1,0,0,0,0,0,0
62000,9291,3999,689,1,2,1,14,1,2,0,2,0,0,0,0,0,0,0
62100,9211,3708,773,3,3,1,9,2,4,2,0,1,0,0,0,0,0,0
62200,9210,4186,779,3,4,1,2,1,3,1,2,0,0,0,0,0,0,0
62300,9219,4842,775,1,2,1,1,0,3,3,0,1,0,0,0,0,0,0
62400,9231,5311,753,6,5,2,3,0,7,1,1,0,0,0,0,0,0,0
62500,9221,4162,763,8,5,1,1,0,10,1,0,0,0,0,0,0,0,0
62600,9246,4028,750,15,2,2,1,0,1,0,0,0,0,0,0,0,0,0
62700,9240,3913,753,9,3,2,0,2,2,1,2,0,0,0,0,0,0,0
62800,9276,3936,717,54,2,3,4,0,1,1,0,0,0,0,0,0,0,0
62900,9261,4031,732,41,2,2,1,3,2,1,2,1,0,0,0,0,0,0
63000,9247,4602,737,5,4,2,0,2,9,1,3,0,0,0,0,0,0,0
63100,9257,4581,734,3,2,1,2,0,2,1,3,1,0,0,0,0,0,0
63200,9268,4384,723,11,0,1,3,0,3,1,3,1,0,0,0,0,0,0
63300,9238,5003,749,22,2,0,2,2,5,0,3,1,1,0,0,0,0,0
63400,9272,5573,716,18,4,2,2,0,3,1,3,0,0,0,0,0,0,0
63500,9188,5755,800,5,2,0,3,1,4,0,3,1,0,0,0,0,0,0
63600,9184,4872,796,7,2,1,4,1,5,0,9,0,0,0,0,0,0,0
63700,9256,4170,737,10,0,0,0,2,6,6,1,0,0,0,0,0,0,0
63800,9241,4039,748,2,2,0,2,1,5,3,2,2,0,0,0,0,0,0
63900,9235,4546,752,10,3,0,3,0,4,1,3,0,0,0,0,0,0,0
64000,9280,4217,703,4,4,4,5,0,5,1,3,0,0,0,0,0,0,0
64100,9313,4620,679,14,2,1,1,3,4,2,1,1,0,0,0,0,0,0
64200,9365,5507,628,3,1,0,2,2,3,0,1,0,0,0,0,0,0,0
64300,9356,4919,629,10,6,0,3,0,4,1,2,1,0,0,0,0,0,0
64400,9376,5458,610,7,4,0,6,0,3,0,1,0,0,0,0,0,0,0
64500,9375,5419,613,59,3,0,2,0,5,1,2,0,0,0,0,0,0,0
64600,9248,5391,746,12,1,0,2,0,2,3,1,0,0,0,0,0,0,0
64700,9227,4798,765,7,3,0,1,0,0,1,4,0,0,0,0,0,0,0
64800,9213,4128,772,8,7,0,5,0,2,2,1,1,0,0,0,0,0,0
64900,9176,3855,807,4,8,0,5,1,3,0,1,0,0,0,0,0,0,0
65000,9163,3670,827,2,5,1,0,1,1,2,4,0,0,0,0,0,0,0
65100,9130,3560,860,69,3,1,3,2,3,1,1,1,0,0,0,0,0,0
65200,9099,3888,876,28,4,5,13,2,4,0,4,1,0,0,0,0,0,0
65300,9042,4494,947,28,3,5,4,0,3,0,1,0,0,0,0,0,0,0
65400,9067,4897,917,21,3,0,5,0,6,1,2,1,0,0,0,0,0,0
65500,9078,4207,907,2,5,3,3,1,5,1,2,0,0,0,0,0,0,0
65600,9114,3952,876,95,2,1,4,1,3,1,1,0,0,1,0,0,0,0
65700,9113,4372,870,29,3,0,8,0,6,2,0,1,0,0,0,0,0,0
65800,9072,3405,914,10,2,0,9,2,2,1,1,0,0,0,0,0,0,0
65900,9060,2990,923,5,5,0,4,0,7,1,1,0,0,0,0,0,0,0
66000,9071,3415,915,5,3,1,4,0,6,2,1,0,0,0,0,0,0,0
66100,9064,3323,919,4,3,1,11,0,2,1,1,0,0,0,0,0,0,0
66200,9039,3499,949,33,0,0,7,2,5,0,0,1,0,0,0,0,0,0
66300,9025,3532,954,14,5,0,9,0,4,1,3,0,0,0,0,0,0,0
66400,8985,3820,1003,20,4,1,3,1,4,2,1,0,0,0,0,0,0,0
66500,9027,3774,961,24,4,0,3,1,3,2,2,1,0,0,0,0,0,0
66600,9168,4391,819,20,5,2,5,0,1,1,2,0,0,0,0,0,0,0
66700,9116,3604,869,31,3,1,3,0,4,2,5,0,0,0,0,0,0,0
66800,9097,4187,893,25,4,0,4,0,1,1,1,0,0,0,0,0,0,0
66900,9104,3544,888,13,4,1,0,0,2,2,2,0,0,0,0,0,0,0
67000,9115,4207,878,68,2,1,2,2,3,0,0,1,0,0,0,0,0,0
67100,9182,3726,809,2,2,1,2,1,2,1,3,1,0,0,0,0,0,0
67200,9185,4408,800,1,4,2,3,0,4,1,4,2,0,0,0,0,0,0
67300,9239,4557,752,6,0,0,2,3,7,1,0,0,0,0,0,0,0,0
67400,9254,4111,731,2,4,1,10,1,1,2,0,0,0,0,0,0,0,0
67500,9302,4319,683,9,6,1,4,5,2,0,3,0,0,0,0,0,0,0
67600,9283,5185,704,0,2,0,5,0,3,0,3,0,0,0,0,0,0,0
67700,9269,4830,724,5,4,0,1,0,2,0,0,0,0,0,0,0,0,0
67800,9260,5222,733,4,1,2,3,0,1,3,2,0,0,0,0,0,0,0
67900,9233,5048,751,13,5,0,5,0,3,0,3,0,0,0,0,0,0,0
68000,9227,4731,761,11,3,1,3,0,4,1,2,0,0,0,0,0,0,0
68100,9194,4399,790,4,2,1,8,0,5,0,1,1,0,0,0,0,0,0
68200,9218,4243,770,12,3,1,6,6,2,2,1,0,0,0,0,0,0,0
68300,9216,4452,771,8,2,1,7,3,3,0,1,1,0,0,0,0,0,0
68400,9183,5260,801,1,3,3,6,0,5,0,2,0,0,0,0,0,0,0
68500,9179,5058,810,3,0,0,6,2,4,2,1,1,0,0,0,0,0,0
68600,9204,5309,781,6,4,0,6,1,5,0,0,0,0,0,0,0,0,0
68700,9301,5046,685,6,6,0,3,0,4,0,1,1,0,0,0,0,0,0
68800,9306,5087,679,1,1,0,6,1,7,2,0,0,1,0,0,0,0,0
68900,9355,4251,635,4,3,0,4,5,2,2,1,1,0,0,0,0,0,0
69000,9361,4590,628,6,3,0,4,1,2,0,2,0,0,0,0,0,0,0
69100,9365,4018,623,11,3,0,5,1,2,1,2,0,0,0,0,0,0,0
69200,9374,3925,611,8,3,1,3,0,9,0,0,0,0,0,0,0,0,0
69300,9381,4146,599,1,2,1,9,0,7,0,2,0,0,0,0,0,0,0
69400,9382,3572,598,12,1,0,10,1,7,0,2,1,0,0,0,0,0,0
69500,9437,3021,553,4,2,1,5,0,1,1,2,0,0,0,0,0,0,0
69600,9498,2894,489,16,3,1,4,0,6,1,0,0,0,0,0,0,0,0
69700,9509,3017,482,8,0,1,5,2,1,0,2,0,1,0,0,0,0,0
69800,9501,3785,479,3,4,0,8,1,5,0,3,0,0,0,0,0,0,0
69900,9502,4382,477,5,4,0,14,0,2,1,1,1,0,0,0,0,0,0
70000,9464,4225,524,3,1,2,7,0,3,1,1,0,0,0,0,0,0,0
70100,9467,4643,526,4,1,1,5,0,0,2,1,0,0,0,0,0,0,0
70200,9408,4735,578,10,3,0,6,1,4,1,1,0,0,0,0,0,0,0
70300,9418,4705,564,6,8,1,5,3,3,1,2,0,0,0,0,0,0,0
70400,9425,4439,563,10,2,0,4,0,3,0,3,0,0,0,0,0,0,0
70500,9412,3969,570,11,4,2,9,0,3,1,2,1,0,0,0,0,0,0
70600,9438,5095,549,68,2,0,7,0,4,0,0,0,0,0,0,0,0,0
70700,9469,5646,518,2,2,1,5,0,6,1,0,1,0,0,0,0,0,0
70800,9394,4706,597,1,3,0,6,0,0,2,0,0,0,0,0,0,0,0
70900,9442,4803,545,7,2,3,8,1,3,1,0,0,0,0,0,0,0,0
71000,9479,4969,513,9,0,1,5,0,2,6,1,1,0,0,0,0,0,0
71100,9489,5299,497,17,2,0,7,0,2,2,3,0,0,0,0,0,0,0
71200,9471,4886,515,4,3,0,6,1,4,1,1,0,0,0,0,0,0,0
71300,9492,5130,492,1,1,1,9,0,3,0,3,1,0,0,0,0,0,0
71400,9499,5324,490,13,2,0,5,0,3,2,1,2,0,1,0,0,0,0
71500,9548,6013,439,34,4,0,9,0,0,5,0,2,0,0,0,0,0,0
71600,9570,5689,412,18,2,0,13,0,1,1,2,0,0,0,0,0,0,0
71700,9621,4973,370,18,1,1,5,1,2,1,1,0,0,0,0,0,0,0
71800,9606,4902,379,13,3,5,7,1,2,5,3,1,0,0,0,0,0,0
71900,9606,5083,377,12,2,2,11,2,2,1,1,0,1,0,0,0,0,0
72000,9612,5105,381,43,2,2,3,0,2,2,0,1,0,0,0,0,0,0
72100,9633,4723,352,30,5,0,5,1,4,1,1,1,0,0,0,0,0,0
72200,9638,4701,351,15,4,0,5,5,1,1,1,1,0,0,0,0,0,0
72300,9657,4648,336,16,2,2,2,0,3,1,0,0,0,0,0,0,0,0
72400,9662,4485,321,22,3,0,7,4,4,0,3,0,0,0,0,0,0,0
72500,9711,4056,281,18,1,0,4,0,2,0,1,1,0,0,0,0,0,0
72600,9726,4800,268,22,1,0,3,0,2,0,0,1,0,0,0,0,0,0
72700,9708,4838,286,20,2,2,3,0,1,2,0,0,0,0,0,0,0,0
72800,9714,5301,272,18,2,3,2,0,7,0,3,1,0,0,0,0,0,0
72900,9734,6173,256,18,2,0,2,0,2,0,4,0,0,0,0,0,0,0
73000,9752,6380,241,18,3,2,0,0,3,0,1,1,0,0,0,0,0,0
73100,9751,5918,244,19,2,0,0,3,3,0,0,0,0,0,0,0,0,0
73200,9751,4914,243,55,2,0,1,0,0,2,3,0,0,0,0,0,0,0
73300,9767,4467,225,79,0,1,0,1,8,0,0,0,0,0,0,0,0,0
73400,9822,4941,168,78,2,0,2,1,5,1,1,0,0,0,0,0,0,0
73500,9845,5673,148,21,3,1,3,6,0,4,1,0,0,0,0,0,0,0
73600,9848,5728,146,12,3,1,0,0,3,0,0,0,0,0,0,0,0,0
73700,9854,5529,139,14,2,0,2,1,2,1,1,0,0,0,0,0,0,0
73800,9865,5076,128,28,2,1,4,2,0,1,1,0,0,0,0,0,0,0
73900,9870,4865,125,8,2,0,0,1,3,0,0,0,0,0,0,0,0,0
74000,9868,5113,126,7,3,2,2,0,1,4,0,0,0,0,0,0,0,0
74100,9879,4366,113,7,2,3,2,0,3,5,0,1,0,0,1,0,0,0
74200,9879,4126,107,2,6,2,2,0,6,1,0,0,0,0,0,0,0,0
74300,9885,4434,108,5,0,2,1,0,5,1,1,1,0,0,0,0,0,0
74400,9887,4409,104,15,5,3,1,0,2,3,1,0,0,0,0,0,0,0
74500,9885,5423,108,33,2,0,0,0,3,0,2,1,0,0,0,0,0,0
74600,9890,5221,105,104,0,0,0,0,3,2,2,0,0,0,0,0,0,0
74700,9886,4793,106,29,1,0,2,1,4,0,1,1,0,0,0,0,0,0
74800,9882,4752,109,30,0,0,3,0,5,1,1,0,0,0,0,0,0,0
74900,9883,3947,106,2,4,1,1,1,5,1,1,0,0,0,0,0,0,0
75000,9874,4549,109,23,5,1,5,0,6,1,1,1,0,0,0,0,0,0
75100,9884,4895,111,4,0,1,1,2,3,1,1,0,0,0,0,0,0,0
75200,9878,5153,113,2,4,4,2,1,3,3,0,0,0,0,0,0,0,0
75300,9872,5333,112,2,5,1,5,0,2,0,4,0,0,0,0,0,0,0
75400,9855,5070,136,4,3,2,0,0,5,0,1,1,0,0,0,0,0,0
75500,9852,5162,137,7,2,1,1,0,6,0,2,1,0,0,0,0,0,0
75600,9878,5432,106,67,5,1,3,1,7,2,1,0,0,0,0,0,0,0
75700,9884,4976,107,94,1,1,7,0,1,1,0,0,0,0,0,0,0,0
75800,9880,5130,104,59,8,1,1,0,4,1,3,2,0,0,0,0,0,0
75900,9887,4881,109,8,1,1,2,0,1,0,0,1,0,0,0,0,0,0
76000,9886,5055,107,12,2,0,2,1,1,0,2,1,0,0,0,0,0,0
76100,9883,4948,110,12,1,0,0,0,5,1,1,0,0,0,0,0,0,0
76200,9877,5063,111,3,2,2,5,0,4,1,1,0,0,0,0,0,0,0
76300,9884,5193,108,28,2,2,0,1,3,0,3,0,0,0,0,0,0,0
76400,9895,5362,99,101,0,1,1,0,3,0,2,1,0,0,0,0,0,0
76500,9937,5000,59,12,1,1,1,1,2,0,0,0,0,0,0,0,0,0
76600,9927,5083,68,8,1,3,0,1,4,0,0,0,0,0,0,0,0,0
76700,9922,5031,73,4,3,2,1,1,1,0,0,0,0,0,0,0,0,0
76800,9922,5013,62,4,5,0,6,1,3,1,1,0,1,0,0,0,0,0
76900,9917,5227,69,5,5,0,4,0,4,1,1,2,0,0,0,0,0,0
77000,9922,4985,67,12,3,1,3,0,3,1,2,0,0,0,0,0,0,0
77100,9928,4928,63,36,2,2,3,0,4,0,0,2,0,0,0,0,0,0
77200,9924,4844,66,19,1,3,5,3,2,0,2,0,0,0,0,0,0,0
77300,9922,5190,66,5,3,1,3,2,3,1,2,1,0,0,0,0,1,0
77400,9928,4858,59,8,4,1,4,1,4,1,1,0,0,0,0,0,0,0
77500,9911,4657,72,2,4,3,7,4,5,0,1,0,0,0,0,0,0,0
77600,9925,4705,66,0,3,0,4,1,1,0,1,1,0,0,0,0,0,0
77700,9927,4933,67,4,1,0,3,0,2,1,0,1,0,0,0,0,0,0
77800,9921,4884,66,2,6,1,0,1,6,1,1,0,0,0,0,0,0,0
77900,9924,5446,68,0,2,2,2,2,2,2,2,1,0,0,0,0,0,0
78000,9923,5023,70,7,3,0,1,3,1,1,2,1,0,0,0,0,0,0
78100,9930,5092,65,15,2,2,0,1,2,2,1,0,0,0,0,0,0,0
78200,9929,3732,64,2,1,2,5,0,1,2,0,0,0,0,0,0,0,0
78300,9919,4423,73,8,4,1,3,2,1,0,0,0,0,0,0,0,0,0
78400,9907,4621,81,9,3,2,3,3,1,0,5,0,0,0,0,0,0,0
78500,9909,4469,87,13,2,0,1,0,1,5,0,0,0,0,0,0,0,0
78600,9907,4738,83,9,6,1,3,0,1,3,0,0,0,0,0,0,0,0
78700,9905,4114,88,0,1,0,1,1,3,1,2,0,0,0,0,0,0,0
78800,9868,4434,122,8,2,0,3,0,3,0,2,0,0,0,0,0,0,0
78900,9851,3678,140,8,3,0,2,0,2,0,2,0,0,0,0,0,0,0
79000,9853,3735,140,8,1,0,3,1,3,0,0,0,0,0,0,0,0,0
79100,9855,4529,139,4,2,1,2,0,0,0,2,0,0,0,0,0,0,0
79200,9850,4482,139,7,3,1,3,1,3,0,2,0,0,0,0,0,0,0
79300,9853,4338,136,5,2,1,8,0,1,2,0,0,0,0,0,0,0,0
79400,9850,4171,138,3,2,2,4,0,4,0,2,1,0,0,0,0,0,0
79500,9857,4133,136,0,2,0,1,1,4,0,0,0,0,0,0,0,0,0
79600,9852,4207,139,8,5,2,1,0,2,2,1,0,0,0,0,0,0,0
79700,9860,4893,135,5,1,0,2,0,1,0,1,1,0,0,0,0,0,0
79800,9817,4189,175,3,1,1,3,4,4,0,0,0,0,0,0,0,0,0
79900,9801,3788,187,22,4,0,5,0,2,4,1,0,0,0,0,0,0,0
80000,9849,3674,146,12,1,0,2,0,2,4,0,0,0,0,0,0,0,0
80100,9903,3747,80,6,3,1,8,1,5,1,1,0,0,0,0,0,0,0
80200,9927,3673,71,5,1,0,0,0,1,0,0,1,0,0,0,0,0,0
80300,9922,3616,74,3,0,1,1,2,2,3,0,0,1,0,0,0,0,0
80400,9907,3527,84,40,2,6,1,0,4,0,2,0,0,0,0,0,0,0
80500,9908,3696,79,14,6,10,5,1,2,0,0,1,0,0,0,0,0,0
80600,9912,4549,79,11,2,8,0,1,6,2,1,0,0,0,0,0,0,0
80700,9917,4743,80,8,0,3,0,2,2,0,1,1,0,0,0,0,0,0
80800,9924,4554,75,6,0,1,0,5,0,3,1,0,0,0,0,0,0,0
80900,9916,4695,78,6,3,3,1,1,1,2,1,0,0,0,0,0,0,0
81000,9902,5578,84,15,4,1,4,1,6,0,0,0,0,0,0,0,0,0
81100,9901,4973,84,27,1,4,8,1,5,0,1,0,0,0,0,0,0,0
81200,9883,5829,103,38,3,2,5,0,4,3,2,0,0,0,0,0,0,0
81300,9886,5862,93,67,6,0,12,0,2,0,1,0,0,0,0,0,0,0
81400,9888,5379,94,3,3,1,13,2,1,2,1,0,0,0,0,0,0,0
81500,9930,4584,50,17,2,0,8,1,4,0,5,0,0,0,1,0,0,0
81600,9937,4158,50,11,1,0,10,0,2,0,0,0,0,0,0,0,0,0
81700,9934,4741,49,89,1,0,11,2,3,2,2,0,0,1,0,0,0,0
81800,9916,4212,62,29,7,1,11,0,1,1,3,0,0,0,0,0,0,0
81900,9897,4215,88,13,1,0,9,1,5,1,0,0,0,1,0,0,0,0
82000,9886,4776,100,8,1,0,9,0,2,2,2,0,0,0,0,0,0,0
82100,9872,5127,113,8,1,0,8,0,5,2,1,0,0,0,0,0,0,0
82200,9872,4912,118,4,4,2,4,1,2,2,0,1,0,0,0,0,0,0
82300,9861,4133,122,4,2,3,10,3,3,1,1,0,1,0,0,0,0,0
82400,9871,4301,116,0,1,0,10,0,0,1,2,1,0,0,0,0,0,0
82500,9870,4331,115,3,2,1,13,0,0,0,0,1,0,0,0,0,0,0
82600,9873,3705,119,87,1,0,5,0,0,0,2,0,0,0,0,0,0,0
82700,9880,4115,109,0,2,0,7,1,1,0,1,0,0,0,0,0,0,0
82800,9876,3553,116,3,2,1,5,0,1,0,0,0,0,0,0,0,0,0
82900,9873,4651,118,2,2,0,5,0,2,1,0,0,0,0,0,0,0,0
83000,9888,4985,109,0,1,1,2,0,0,0,0,0,0,0,0,0,0,0
83100,9886,4797,106,3,5,1,1,0,0,2,2,1,0,0,0,0,0,0
83200,9877,4189,118,16,0,0,2,1,3,0,0,0,0,0,0,0,0,0
83300,9904,4582,89,18,1,1,3,0,3,0,0,0,0,0,0,0,0,0
83400,9934,4305,60,23,0,7,4,2,0,0,2,0,0,0,0,0,0,0
83500,9940,5055,56,16,1,1,2,0,1,1,0,0,0,0,0,0,0,0
83600,9932,5246,59,14,3,3,3,0,3,0,0,0,0,0,0,0,0,0
83700,9939,4960,56,19,2,0,1,3,1,0,1,0,0,0,0,0,0,0
83800,9940,4578,54,16,2,2,0,0,4,0,0,0,0,0,0,0,0,0
83900,9939,4158,57,15,2,1,0,0,0,1,2,0,0,0,0,0,0,0
84000,9927,4265,58,15,3,0,5,4,4,1,3,0,0,0,0,0,0,0
84100,9937,4281,56,18,1,1,0,1,4,0,2,0,0,0,0,0,0,0
84200,9925,3744,60,20,1,1,3,1,8,0,3,0,0,0,0,0,0,0
84300,9927,3517,68,21,1,1,0,1,3,1,1,1,0,0,0,0,0,0
84400,9923,3640,70,15,2,0,1,4,0,0,4,0,0,0,0,0,0,0
84500,9929,3254,68,26,1,0,0,0,1,0,1,0,0,0,0,0,0,0
84600,9926,4230,71,23,0,1,1,0,0,1,1,0,1,0,0,0,0,0
84700,9923,4766,70,14,0,3,5,1,2,2,0,0,0,0,0,0,0,0
84800,9927,4988,65,21,3,1,0,0,3,1,2,0,0,0,0,0,0,0
84900,9938,4772,57,18,2,0,1,1,1,1,1,0,0,0,0,0,0,0
85000,9929,3671,55,27,5,0,3,1,5,1,3,0,0,0,0,0,0,0
85100,9928,3688,58,16,6,1,1,3,5,3,2,0,0,0,0,0,0,0
85200,9935,4687,55,25,2,0,0,1,7,0,1,0,0,0,0,0,0,0
85300,9941,4330,53,28,3,0,1,0,2,0,0,0,0,0,0,0,0,0
85400,9933,4485,50,20,6,0,5,0,5,3,1,0,0,0,0,0,0,0
85500,9941,4637,53,19,2,6,3,1,1,1,0,1,0,0,0,0,0,0
85600,9940,3808,50,19,5,4,1,1,3,0,1,0,0,0,0,0,0,0
85700,9946,4122,50,17,1,4,0,0,3,0,0,0,0,0,0,0,0,0
85800,9943,4478,49,19,2,0,4,0,2,0,0,0,0,0,0,0,0,0
85900,9941,4280,50,33,3,0,2,0,3,0,1,0,0,0,0,0,0,0
86000,9987,5012,9,96,0,0,2,1,2,2,0,0,0,0,0,0,0,0
86100,9991,4824,3,21,1,0,3,2,1,0,1,0,0,0,0,0,0,0
86200,9990,4667,1,16,2,0,3,2,2,0,2,0,0,0,0,0,0,0
86300,9987,4362,3,15,0,0,4,0,5,1,1,0,0,0,0,0,0,0
86400,9981,4749,8,28,3,0,4,1,3,1,1,0,0,0,0,0,0,0
86500,9989,4722,3,25,1,0,3,0,3,0,1,0,0,0,0,0,0,0
86600,9975,4756,5,16,3,0,7,3,8,1,2,0,0,0,0,0,0,0
86700,9987,4855,9,18,0,0,0,0,3,4,1,0,0,0,0,0,0,0
86800,9994,4782,5,18,1,0,0,1,0,1,0,0,0,0,0,0,0,0
86900,9987,3941,1,18,2,1,3,0,6,3,1,0,0,0,0,0,0,0
87000,9986,4208,0,20,4,0,6,3,4,0,0,1,0,0,0,0,0,0
87100,9954,4485,40,20,2,1,2,0,2,1,0,1,0,0,0,0,0,0
87200,9944,5001,49,16,2,1,3,0,2,1,0,1,0,0,0,0,0,0
87300,9941,5427,51,23,1,0,5,1,1,2,1,0,0,0,0,0,0,0
87400,9906,4904,81,19,3,0,2,2,8,4,0,0,0,0,0,0,0,0
87500,9901,4518,94,21,2,2,1,2,2,0,0,2,0,0,0,0,0,0
87600,9891,4019,97,28,0,1,7,0,4,0,1,2,0,0,0,0,0,0
87700,9899,4393,96,35,1,0,0,0,3,1,1,0,0,0,0,0,0,0
87800,9891,3782,100,30,5,1,2,1,2,0,0,0,0,0,0,0,0,0
87900,9891,4146,97,34,2,0,1,1,8,1,1,0,0,0,0,0,0,0
88000,9891,4541,98,32,2,0,1,0,5,0,3,1,0,0,0,0,0,0
88100,9893,4413,102,47,2,0,1,0,1,0,1,3,0,0,0,0,0,0
88200,9892,4769,104,40,1,1,1,2,1,0,1,1,0,0,0,0,0,0
88300,9898,4331,100,60,1,2,1,1,0,1,0,0,0,0,0,0,0,0
88400,9891,4334,101,72,1,0,2,0,5,1,0,0,0,0,0,0,0,0
88500,9889,4056,101,39,3,0,1,0,6,2,0,1,0,0,0,0,0,0
88600,9888,4124,106,11,1,3,1,0,1,1,3,0,0,0,0,0,0,0
88700,9892,4338,105,6,0,3,1,0,1,1,1,0,0,0,0,0,0,0
88800,9900,4752,90,26,2,0,1,1,4,1,3,1,0,0,0,0,0,0
88900,9937,4513,54,8,1,1,3,0,4,0,1,0,0,0,0,0,0,0
89000,9934,4426,60,7,2,1,1,0,3,0,0,0,0,0,0,0,0,0
89100,9940,4947,52,10,2,1,1,1,5,1,0,0,0,0,0,0,0,0
89200,9933,4002,56,13,2,0,1,0,7,0,1,0,0,0,0,0,0,0
89300,9922,3844,62,8,2,0,2,5,9,4,3,0,0,0,0,0,0,0
89400,9928,3827,63,7,3,0,0,0,5,2,1,0,0,0,0,0,0,0
89500,9930,4092,57,8,1,1,2,1,10,1,0,0,0,0,0,0,0,0
89600,9924,4972,58,5,1,1,5,1,12,1,0,0,0,0,0,0,0,0
89700,9928,3879,59,16,1,1,3,4,8,0,1,0,0,0,0,0,0,0
89800,9936,3422,52,43,2,4,0,1,9,0,1,0,0,0,0,0,0,0
89900,9939,3986,54,51,0,1,0,2,5,0,2,0,0,0,0,0,0,0
90000,9931,5201,52,16,2,1,0,2,13,2,1,0,1,0,0,0,0,0
90100,9905,5388,86,5,1,1,1,0,6,2,1,0,0,0,0,0,0,0
90200,9909,4337,80,8,1,1,0,0,8,0,2,1,0,0,0,0,0,0
90300,9986,4876,5,14,0,2,5,0,4,0,0,0,0,0,0,0,0,0
90400,9991,4545,2,12,1,0,1,2,3,0,2,0,0,0,0,0,0,0
90500,9979,5951,16,7,0,2,1,0,2,0,2,0,0,0,0,0,0,0
90600,9981,5093,16,8,0,2,1,1,1,2,1,0,0,0,0,0,0,0
90700,9970,5809,17,8,3,2,0,0,6,0,3,0,1,0,0,0,0,0
90800,9976,6297,20,18,0,1,2,1,1,1,1,0,0,0,0,0,0,0
90900,9981,5926,16,8,0,0,1,0,2,1,0,0,0,0,0,0,0,0
91000,9977,5731,22,8,0,2,0,1,1,2,0,0,0,0,0,0,0,0
91100,9970,5171,24,0,0,0,1,0,2,0,2,0,1,0,0,0,0,0
91200,9979,4627,15,6,1,1,1,2,4,2,0,0,0,0,0,0,0,0
91300,9976,4947,17,4,0,2,5,1,2,0,0,0,0,0,0,0,0,0
91400,9968,4802,24,3,1,3,3,2,3,2,1,0,0,0,0,0,0,0
91500,9934,4882,57,9,2,2,4,0,3,1,0,0,0,0,0,0,0,0
91600,9900,4578,86,7,3,1,5,0,4,0,2,1,0,0,0,0,0,0
91700,9904,5826,85,12,4,0,6,0,1,1,0,0,0,0,0,0,0,0
91800,9864,5937,128,3,0,1,6,2,1,1,1,0,0,0,0,0,0,0
91900,9848,6036,141,6,1,0,7,1,2,0,1,1,0,0,0,0,0,0
92000,9847,5408,144,8,1,10,5,1,3,3,0,0,0,0,0,0,0,0
92100,9837,5107,154,5,0,0,3,2,6,1,0,1,0,0,0,0,0,0
92200,9880,5030,109,8,3,1,5,4,2,2,1,0,0,0,0,0,0,0
92300,9890,5516,103,4,2,2,4,0,0,3,1,1,0,0,0,0,0,0
92400,9886,5123,103,13,1,1,4,1,5,0,1,0,0,0,0,0,0,0
92500,9878,5932,104,13,1,2,7,1,9,0,1,0,0,0,0,0,0,0
92600,9876,4793,113,8,3,1,3,2,4,1,1,0,0,0,0,0,0,0
92700,9884,4341,108,12,1,0,5,0,2,1,0,0,0,0,0,0,0,0
92800,9870,4812,116,38,2,1,9,2,3,2,0,0,0,0,0,0,0,0
92900,9896,5349,96,17,2,1,3,1,3,1,0,0,0,0,0,0,0,0
93000,9901,4947,87,4,2,0,6,0,2,1,2,1,0,0,0,0,0,0
93100,9890,4647,101,5,3,5,2,0,3,0,1,0,0,0,0,0,0,0
93200,9898,4558,93,3,2,1,4,5,2,3,1,0,0,0,0,0,0,0
93300,9903,4646,82,5,5,1,8,3,2,2,0,0,0,0,0,0,0,0
93400,9897,4705,90,56,4,0,5,0,3,0,1,1,0,0,0,0,0,0
93500,9908,4067,89,117,0,3,2,0,0,2,1,0,0,0,0,0,0,0
93600,9911,4247,88,31,1,0,0,0,0,0,0,0,0,0,0,0,0,0
93700,9910,4697,83,9,3,0,0,1,3,2,1,2,0,0,0,0,0,0
93800,9928,4617,62,38,4,1,2,1,2,1,2,0,0,0,0,0,0,0
93900,9932,3990,63,1,0,0,0,1,4,2,1,0,0,0,0,0,0,0
94000,9948,3604,45,0,2,0,0,1,3,2,2,0,0,0,0,0,0,0
94100,9971,3592,13,8,6,1,7,4,1,4,2,0,0,0,0,0,0,0
94200,9960,4288,25,8,10,0,2,0,3,1,0,1,0,1,0,0,0,0
94300,9922,4814,61,5,9,0,2,0,5,0,1,0,0,0,0,0,0,0
94400,9930,5122,56,16,9,5,0,2,3,0,2,0,0,0,0,0,0,0
94500,9918,4587,74,13,6,1,0,0,1,0,1,0,0,0,0,0,0,0
94600,9912,4123,74,6,8,0,1,0,5,2,0,0,0,0,0,0,0,0
94700,9915,4162,69,6,8,0,2,0,5,0,1,0,0,0,0,0,0,0
94800,9914,4719,72,7,7,0,1,0,4,0,2,0,0,0,0,0,0,0
94900,9915,4924,69,5,7,1,5,0,3,2,1,0,0,0,0,0,0,0
95000,9904,4187,76,18,7,2,6,0,3,1,4,1,0,0,0,0,0,0
95100,9903,3947,82,9,8,2,6,4,1,0,0,2,0,0,0,0,0,0
95200,9901,4400,73,7,7,0,12,0,4,0,3,0,0,0,0,0,0,0
95300,9913,4154,64,3,11,2,6,3,4,0,2,1,0,0,0,0,0,0
95400,9920,3885,67,9,5,2,3,0,5,0,0,1,0,0,0,0,0,0
95500,9916,4094,64,21,7,1,11,2,1,1,1,0,0,0,0,0,0,0
95600,9923,3869,61,29,6,0,4,0,2,0,4,0,0,0,0,0,0,0
95700,9931,4467,60,15,6,1,2,0,0,0,1,0,0,0,0,0,0,0
95800,9912,4829,64,7,12,0,6,1,5,0,1,0,0,0,0,0,0,0
95900,9924,4687,56,11,8,0,8,0,3,1,1,1,0,0,0,0,0,0
96000,9933,5160,51,18,6,2,4,0,3,0,1,1,2,0,0,0,0,0
96100,9927,5551,51,6,11,0,6,1,5,2,0,0,0,0,0,0,0,0
96200,9933,5495,52,13,8,1,5,1,2,0,0,1,0,0,0,0,0,0
96300,9933,4782,53,20,6,4,3,0,4,0,1,0,0,0,0,0,0,0
96400,9924,4355,56,12,9,3,6,0,5,0,0,0,0,0,0,0,0,0
96500,9931,5303,55,10,6,2,3,0,4,0,1,1,0,0,0,0,0,0
96600,9930,5210,57,12,7,3,2,7,2,1,2,0,0,0,0,0,0,0
96700,9936,5706,54,44,6,3,1,1,3,2,0,1,0,0,0,0,0,0
96800,9931,5813,52,14,7,1,2,2,6,0,2,0,0,0,0,0,0,0
96900,9934,5057,51,91,8,0,1,0,5,0,1,0,0,0,0,0,0,0
97000,9934,4647,50,133,8,0,5,1,1,0,2,0,0,0,0,0,0,0
97100,9934,5290,52,158,6,2,4,0,3,3,1,0,0,0,0,0,0,0
97200,9935,5147,51,29,9,0,1,0,3,0,1,1,0,0,0,0,0,0
97300,9933,4612,50,11,11,3,3,0,3,2,0,0,0,0,0,0,0,0
97400,9931,5271,54,3,9,1,2,0,2,3,1,0,1,0,0,0,0,0
97500,9927,6129,59,92,9,0,2,0,3,0,0,0,0,0,0,0,0,0
97600,9926,5803,58,14,9,0,2,0,4,2,1,1,0,0,0,0,0,0
97700,9929,5628,58,70,6,0,5,2,0,0,2,0,0,0,0,0,0,0
97800,9933,5630,57,104,8,0,1,2,0,0,1,0,0,0,0,0,0,0
97900,9932,5495,58,42,7,1,0,5,0,1,3,0,0,0,0,0,0,0
98000,9937,5062,56,15,6,2,1,5,0,2,0,0,0,0,0,0,0,0
98100,9877,5007,108,54,11,0,1,1,1,0,2,0,0,0,0,0,0,0
98200,9913,5059,67,116,9,1,5,0,4,3,2,1,0,0,0,0,0,0
98300,9926,5108,61,73,9,2,2,1,1,0,1,0,0,0,0,0,0,0
98400,9927,5783,59,8,8,1,1,0,4,3,1,0,0,0,0,0,0,0
98500,9921,4645,64,4,9,0,1,2,3,1,2,0,0,0,0,0,0,0
98600,9928,4872,57,5,6,1,4,0,3,0,2,0,0,0,0,0,0,0
98700,9930,4598,55,19,10,0,3,1,1,0,1,0,0,0,0,0,0,0
98800,9933,4717,55,3,7,0,1,2,2,3,2,0,0,0,0,0,0,0
98900,9980,5254,18,23,2,0,0,3,0,3,0,0,0,0,0,0,0,0
99000,9983,4398,3,5,1,1,4,0,8,1,1,0,0,0,0,0,0,0
99100,9987,3996,5,6,5,2,1,1,1,0,1,1,0,0,0,0,0,0
99200,9990,5005,3,0,1,0,2,0,3,2,1,0,0,0,0,0,0,0
99300,9988,5142,3,0,3,1,2,1,2,0,2,0,0,0,0,0,0,0
99400,9988,6104,4,2,2,0,2,4,1,0,3,0,0,0,0,0,0,0
99500,9987,5157,6,3,0,1,3,0,4,0,0,0,0,0,0,0,0,0
99600,9986,4771,6,5,2,0,1,0,4,0,1,0,0,0,0,0,0,0
99700,9986,5740,6,2,1,1,3,2,4,4,0,1,0,0,0,0,0,0
99800,9976,5117,6,3,3,1,8,0,5,0,2,0,0,0,0,0,0,0
99900,9985,4430,7,4,1,1,1,0,6,0,0,0,0,0,0,0,0,0
100000,9976,5598,5,0,3,1,4,1,11,0,1,0,0,0,0,0,0,0
