update,host_task_NOT,sym_task_NOT,host_task_NAND,sym_task_NAND,host_task_AND,sym_task_AND,host_task_ORN,sym_task_ORN,host_task_OR,sym_task_OR,host_task_ANDN,sym_task_ANDN,host_task_NOR,sym_task_NOR,host_task_XOR,sym_task_XOR,host_task_EQU,sym_task_EQU
0,0,0,0,0,0,0,0,0,0,0,0,0,0,0,0,0,0,0
100,9995,38316,0,2,1,6,1,1,4,2,1,2,0,0,0,0,0,0
200,9997,33186,0,3,1,4,1,0,0,4,1,2,0,0,0,0,0,0
300,9992,33113,0,3,2,4,1,6,2,11,3,5,0,0,0,0,0,0
400,9998,33088,0,4,0,8,0,5,2,6,0,1,0,0,0,0,0,0
500,9995,33187,0,1,3,5,0,0,1,8,1,3,0,0,0,0,0,0
600,9989,28003,6,1,0,9,1,4,2,7,2,4,0,0,0,0,0,0
700,9986,25961,8,9,3,4,1,5,1,5,1,2,0,0,0,0,0,0
800,9980,25853,8,5,2,4,3,7,4,4,3,5,0,0,0,0,0,0
900,9987,25884,8,2,3,5,0,7,2,2,0,2,0,0,0,0,0,0
1000,9989,25829,8,3,1,6,0,1,2,7,0,3,0,0,0,0,0,0
1100,9983,23117,9,4,2,8,1,1,2,8,3,3,0,2,0,0,0,0
1200,9983,20284,12,5,1,7,1,6,3,3,0,2,0,0,0,0,0,0
1300,9982,20226,12,10,0,5,3,1,2,3,1,1,0,0,0,0,0,0
1400,9985,20232,12,8,2,3,0,4,1,4,0,0,0,0,0,0,0,0
1500,9980,20190,12,2,4,3,2,1,2,2,0,1,0,0,0,0,0,0
1600,9982,19207,11,1,4,4,2,2,1,6,0,1,0,0,0,0,0,0
1700,9985,16300,8,5,2,4,1,2,4,4,0,4,0,0,0,0,0,0
1800,9977,16056,9,5,5,3,4,2,3,4,2,1,0,0,0,0,0,0
1900,9982,16056,8,11,5,4,1,0,3,1,1,0,0,0,0,0,0,0
2000,9981,16073,8,5,4,5,2,3,4,3,1,0,0,0,0,0,0,0
2100,9981,15996,9,2,4,0,2,2,4,2,0,1,0,0,0,0,0,0
2200,9983,12963,8,5,3,1,1,1,5,5,0,0,0,0,0,0,0,0
2300,9977,12877,11,8,2,1,4,0,6,2,0,1,0,0,0,0,0,0
2400,9984,12792,8,11,4,5,2,3,2,2,0,2,0,0,0,0,0,0
2500,9985,12964,8,13,0,1,0,3,6,1,1,0,0,0,0,0,0,0
2600,9982,12864,9,3,3,3,3,3,3,7,0,1,0,0,0,0,0,0
2700,9979,11125,11,1,2,4,2,2,4,3,2,1,0,0,0,0,0,0
2800,9983,10538,10,2,6,4,0,0,0,1,1,2,0,0,0,0,0,0
2900,9978,10468,11,15,1,2,2,2,7,7,1,2,0,0,0,0,0,0
3000,9980,10487,11,13,3,2,1,0,3,0,2,2,0,0,0,0,0,0
3100,9986,10488,8,9,1,1,1,1,1,0,3,0,0,0,0,0,0,0
3200,9983,9483,9,5,2,2,2,0,1,2,3,0,0,0,0,0,0,0
3300,9989,8701,8,7,1,1,0,0,0,2,2,1,0,0,0,0,0,0
3400,9978,8671,11,13,3,4,2,2,4,1,2,3,0,0,0,0,0,0
3500,9984,8720,9,20,2,3,3,2,2,1,0,2,0,0,0,0,0,0
3600,9985,8817,11,14,0,0,0,0,4,2,0,1,0,0,0,0,0,0
3700,9977,8405,13,6,4,2,2,3,4,1,0,2,0,0,0,0,0,0
3800,9969,7433,20,6,1,0,4,2,5,2,1,1,0,0,0,0,0,0
3900,9967,7384,22,7,0,1,6,7,5,2,0,0,0,0,0,0,0,0
4000,9972,7338,20,11,2,0,1,5,4,1,1,0,0,0,0,0,0,0
4100,9966,7445,22,12,4,1,2,2,4,0,2,2,0,0,0,0,0,0
4200,9969,7487,21,9,2,1,2,1,5,1,1,1,0,0,0,0,0,0
4300,9969,6209,16,10,4,0,3,2,8,4,0,0,0,0,0,0,0,0
4400,9974,6403,18,13,3,1,2,0,3,0,0,0,0,0,0,0,0,0
4500,9977,6467,17,11,2,0,3,0,1,0,0,0,0,0,0,0,0,0
4600,9974,6394,16,12,2,0,2,3,6,1,0,0,0,0,0,0,0,0
4700,9965,6448,21,10,4,0,1,1,8,1,0,0,1,0,0,0,0,0
4800,9968,5805,22,9,1,1,4,0,3,3,2,1,0,0,0,0,0,0
4900,9969,5747,22,8,0,0,2,0,7,2,0,0,0,0,0,0,0,0
5000,9969,5835,23,9,2,0,2,3,4,2,0,0,0,0,0,0,0,0
5100,9963,5751,25,5,3,2,2,2,5,0,2,0,0,0,0,0,0,0
5200,9971,5743,20,11,3,2,4,1,2,1,0,0,0,0,0,0,0,0
5300,9969,5359,19,7,2,3,4,1,5,0,1,1,0,0,0,0,0,0
5400,9970,5194,20,4,0,1,5,5,5,3,0,0,0,0,0,0,0,0
5500,9969,5265,21,4,2,0,1,4,6,0,1,0,0,0,0,0,0,0
5600,9973,5230,22,11,3,1,0,1,1,0,1,1,0,0,0,0,0,0
5700,9965,5263,19,17,2,1,5,0,8,2,1,1,0,1,0,0,0,0
5800,9964,5217,20,17,2,2,8,1,4,1,2,0,0,0,0,0,0,0
5900,9975,4788,15,13,2,3,4,0,4,0,0,0,0,0,0,0,0,0
6000,9976,4880,13,17,2,0,4,2,3,0,2,0,0,0,0,0,0,0
6100,9969,4933,16,14,5,2,6,6,4,1,0,1,0,0,0,0,0,0
6200,9976,4865,16,10,0,0,4,3,2,3,2,0,0,0,0,0,0,0
6300,9965,4877,21,10,4,2,4,1,4,2,2,1,0,0,0,0,0,0
6400,9968,4179,23,12,5,0,2,1,2,2,0,0,0,0,0,0,0,0
6500,9965,4375,22,22,4,2,3,0,6,0,0,1,0,1,0,0,0,0
6600,9966,4505,23,22,3,1,2,1,6,1,0,0,0,0,0,0,0,0
6700,9966,4526,27,19,3,0,1,4,2,2,1,0,0,0,0,0,0,0
6800,9961,4438,25,19,7,1,3,5,2,1,2,0,0,0,0,0,0,0
6900,9952,3996,33,29,6,2,4,6,4,1,1,2,0,0,0,0,0,0
7000,9954,3978,39,20,2,0,3,7,1,4,1,0,0,0,0,0,0,0
7100,9947,4085,37,21,5,1,4,3,5,2,1,0,1,0,0,0,0,0
7200,9944,4101,37,28,9,0,4,7,2,2,4,0,0,0,0,0,0,0
7300,9909,4292,70,40,5,0,5,1,11,1,0,1,0,0,0,0,0,0
7400,9909,4698,71,28,5,1,7,2,6,1,2,1,0,0,0,0,0,0
7500,9924,6029,60,44,3,1,4,3,7,3,2,1,0,0,0,0,0,0
7600,9923,8187,63,145,0,2,5,5,5,9,4,3,0,0,0,0,0,0
7700,9918,8821,63,167,4,2,5,6,5,3,5,2,0,0,0,0,0,0
7800,9921,9897,63,241,5,5,5,4,5,8,1,2,0,0,0,0,0,0
7900,9909,9741,73,235,6,2,5,7,4,7,3,0,0,0,0,0,0,0
8000,9902,9962,75,163,6,1,5,3,10,3,2,4,0,0,0,0,0,0
8100,9841,10580,135,218,9,3,5,2,7,4,3,2,0,0,0,0,0,0
8200,9832,11795,145,219,8,4,7,6,7,3,1,4,0,0,0,0,0,0
8300,9829,12041,143,243,7,10,9,7,9,8,3,3,0,0,0,0,0,0
8400,9844,12340,134,198,6,5,11,5,5,8,0,3,0,0,0,0,0,0
8500,9846,11988,129,176,6,4,10,9,7,2,2,1,0,0,0,0,0,0
8600,9862,12935,118,293,2,4,8,3,7,6,3,3,0,0,0,0,0,0
8700,9843,13414,132,257,7,8,12,2,1,5,5,1,0,0,0,0,0,0
8800,9809,14508,163,289,13,4,8,4,6,8,1,4,0,0,0,0,0,0
8900,9836,14143,145,187,9,7,4,9,4,8,2,1,0,0,0,0,0,0
9000,9857,14084,125,119,7,29,3,10,7,6,1,1,0,0,0,0,0,0
9100,9887,14713,101,117,4,8,3,5,4,9,1,0,0,0,0,0,0,0
9200,9892,13771,93,197,9,3,2,3,4,3,0,1,0,0,0,0,0,0
9300,9876,13474,108,232,5,5,4,8,6,2,1,3,0,0,0,0,0,0
9400,9851,13019,115,156,23,5,6,4,4,4,1,3,0,0,0,0,0,0
9500,9809,13157,132,131,37,3,10,10,12,7,0,0,0,0,0,0,0,0
9600,9802,13203,132,146,38,4,18,4,8,4,2,3,0,0,0,0,0,0
9700,9779,14063,130,122,72,7,12,2,5,4,2,3,0,0,0,0,0,0
9800,9715,14010,166,84,99,4,8,0,8,4,4,2,0,0,0,0,0,0
9900,9705,14047,167,101,107,3,11,7,7,2,1,1,2,0,0,0,0,0
10000,9674,13851,166,128,135,1,15,3,8,5,1,3,1,0,0,0,0,0
10100,9666,12580,164,89,148,3,8,7,8,2,6,0,0,0,0,0,0,0
10200,9699,12955,147,93,138,5,10,4,5,12,1,1,0,0,0,0,0,0
10300,9692,13053,159,219,121,5,11,11,11,3,6,0,0,0,0,0,0,0
10400,9720,14004,158,187,107,1,9,3,5,2,1,1,0,0,0,0,0,0
10500,9704,14119,171,116,115,5,5,6,5,5,0,1,0,0,0,0,0,0
10600,9694,13921,167,144,121,6,7,6,9,1,2,3,0,0,0,0,0,0
10700,9673,14566,165,141,143,6,10,5,9,3,0,17,0,0,0,0,0,0
10800,9671,15946,163,132,144,2,12,7,9,0,1,13,0,0,0,0,0,0
10900,9699,15812,144,135,144,3,5,4,8,5,0,1,0,0,0,0,0,0
11000,9704,14711,140,175,142,16,8,1,6,4,0,1,0,0,0,0,0,0
11100,9719,14869,128,324,132,3,8,9,9,7,4,1,0,0,0,0,0,0
11200,9726,14010,113,213,143,6,9,7,7,4,2,0,0,0,0,0,0,0
11300,9765,14483,84,144,136,5,9,9,5,5,1,1,0,0,0,0,0,0
11400,9777,15183,83,211,121,4,8,6,10,5,1,2,0,0,0,0,0,0
11500,9726,13936,138,148,114,2,8,2,8,1,6,3,0,0,0,0,0,0
11600,9717,12688,151,145,119,7,2,0,8,3,3,1,0,0,0,0,0,0
11700,9699,12278,163,89,123,2,8,9,7,4,0,1,0,0,0,0,0,0
11800,9689,12586,169,88,122,4,10,3,8,0,2,2,0,0,0,0,0,0
11900,9695,12159,174,170,116,3,5,2,8,8,2,2,0,0,0,0,0,0
12000,9670,12597,176,109,142,3,5,5,5,5,2,1,0,0,0,0,0,0
12100,9665,12229,172,113,151,3,5,4,6,1,1,3,0,0,0,0,0,0
12200,9652,12059,169,152,163,8,5,7,7,4,4,0,0,0,0,0,0,0
12300,9653,12560,155,267,175,13,9,4,7,4,1,1,0,0,0,0,0,0
12400,9620,12762,155,281,194,4,22,10,5,7,4,2,0,0,0,0,0,0
12500,9639,12476,146,275,196,4,13,3,6,3,0,4,0,0,0,0,0,0
12600,9636,12042,154,344,194,1,12,1,3,3,1,1,0,0,0,0,0,0
12700,9608,11718,185,275,187,2,8,11,8,4,4,4,0,0,0,0,0,0
12800,9632,12428,172,243,179,5,10,4,6,8,1,1,0,0,0,0,0,0
12900,9619,11887,185,266,178,2,7,5,6,4,5,2,0,0,0,0,0,0
13000,9620,11606,175,293,187,8,12,7,6,8,0,1,0,0,0,0,0,0
13100,9628,11228,166,400,181,3,13,2,10,2,2,0,0,0,0,0,0,0
13200,9645,11727,166,301,174,4,10,5,4,3,1,0,0,0,0,0,0,0
13300,9624,12563,186,351,176,4,2,2,10,3,1,1,0,0,0,0,1,0
13400,9668,11266,178,505,139,2,4,2,6,4,5,3,0,0,0,0,0,0
13500,9682,11650,176,453,132,4,5,5,5,7,0,2,0,0,0,0,0,0
13600,9692,12489,156,419,136,5,3,5,9,4,4,2,0,0,0,0,0,0
13700,9758,12099,101,253,129,4,4,2,8,3,0,1,0,0,0,0,0,0
13800,9777,11531,85,281,124,0,5,2,6,2,2,2,1,0,0,0,0,0
13900,9753,10787,94,323,133,2,5,7,14,1,1,1,0,0,0,0,0,0
14000,9761,10234,100,264,127,3,3,1,7,6,2,2,0,0,0,0,0,0
14100,9740,11232,108,242,140,0,5,3,5,10,2,3,0,0,0,0,0,0
14200,9723,9453,101,274,157,2,5,9,10,2,4,0,0,0,0,0,0,0
14300,9772,9351,97,219,117,2,3,0,9,0,2,1,0,0,0,0,0,0
14400,9781,8880,116,229,87,3,4,2,11,4,1,0,0,0,0,0,0,0
14500,9757,10271,144,195,83,3,4,3,10,2,2,1,0,0,0,0,0,0
14600,9721,10486,184,158,85,6,2,2,7,4,1,4,0,0,0,0,0,0
14700,9754,10122,183,214,56,6,3,3,3,7,1,1,0,0,0,0,0,0
14800,9764,9870,170,275,49,3,9,0,7,2,1,2,0,0,0,0,0,0
14900,9772,9682,172,201,45,19,4,1,6,4,1,1,0,0,0,0,0,0
15000,9761,9233,182,131,45,2,3,0,5,4,4,2,0,0,0,0,0,0
15100,9779,9320,165,217,44,2,2,9,8,5,2,0,0,0,0,0,0,0
15200,9764,10303,167,154,47,1,8,4,11,4,3,2,0,0,0,0,0,0
15300,9786,9437,162,152,40,3,7,2,4,3,1,3,0,0,0,0,0,0
15400,9724,9092,212,109,49,1,6,3,7,2,2,0,0,0,0,0,0,0
15500,9711,9793,225,109,50,3,6,2,4,3,4,2,0,0,0,0,0,0
15600,9703,9363,231,92,47,3,5,2,12,6,2,2,0,0,0,0,0,0
15700,9688,9771,245,104,47,0,14,6,5,1,1,1,0,0,0,0,0,0
15800,9672,8745,244,108,47,0,29,3,8,3,0,0,0,0,0,0,0,0
15900,9664,8827,245,119,45,0,33,7,11,1,2,0,0,0,0,0,0,0
16000,9695,8300,229,157,47,3,24,0,5,3,0,1,0,0,0,0,0,0
16100,9669,8255,229,244,52,1,40,1,10,4,0,0,0,0,0,0,0,0
16200,9669,8603,231,186,53,1,40,6,5,2,2,1,0,0,0,0,0,0
16300,9681,8561,231,212,50,2,28,1,6,0,4,0,0,0,0,0,0,0
16400,9674,8503,217,274,53,1,46,1,7,2,3,0,0,0,0,0,0,0
16500,9700,7927,204,188,48,2,36,5,7,2,5,2,0,0,0,0,0,0
16600,9702,8099,209,186,52,5,28,3,7,0,2,0,0,0,0,0,0,0
16700,9670,8161,240,215,51,3,30,1,6,5,3,1,0,0,0,0,0,0
16800,9638,8119,265,119,51,2,39,1,4,2,3,2,0,0,0,0,0,0
16900,9656,6656,252,93,52,3,28,5,7,4,5,0,0,0,0,0,0,0
17000,9622,6672,280,86,55,1,35,3,7,3,1,0,0,0,0,0,0,0
17100,9622,7455,286,81,52,0,31,3,7,5,2,0,0,0,0,0,0,0
17200,9627,6803,281,103,55,5,27,2,9,0,0,0,1,0,0,0,0,0
17300,9633,6888,280,56,53,4,29,1,5,4,0,0,0,0,0,0,0,0
17400,9656,6464,254,43,54,1,29,4,5,1,1,1,0,0,1,0,0,0
17500,9680,6902,232,97,52,2,29,0,4,0,2,0,1,0,0,0,0,0
17600,9722,7561,190,77,52,2,31,6,4,3,0,1,1,0,0,0,0,0
17700,9722,6864,201,55,42,2,27,0,6,3,2,3,0,0,0,0,0,0
17800,9652,7317,256,59,44,1,34,2,11,1,3,3,0,0,0,0,0,0
17900,9668,6830,248,53,42,2,34,12,7,4,1,2,0,0,0,0,0,0
18000,9669,7063,255,55,42,1,27,0,6,3,1,3,0,0,0,0,0,0
18100,9641,7083,281,45,42,0,30,2,4,3,0,2,2,0,0,0,0,0
18200,9608,6627,317,81,43,4,25,4,6,3,1,2,0,0,0,0,0,0
18300,9607,6736,317,160,41,1,32,4,0,3,3,2,0,0,0,0,0,0
18400,9591,6346,323,45,45,4,36,2,3,8,1,1,1,0,0,0,0,0
18500,9606,5871,324,46,22,1,39,3,8,3,1,0,0,0,0,0,0,0
18600,9625,6272,329,37,2,0,40,2,4,1,0,0,0,0,0,0,0,0
18700,9636,6431,326,28,4,3,31,3,1,2,2,3,0,0,0,0,0,0
18800,9617,6000,336,12,4,1,34,0,7,0,2,5,0,0,0,0,0,0
18900,9633,5927,328,31,5,2,31,2,2,2,1,0,0,0,0,0,0,0
19000,9674,7386,290,15,4,0,26,2,5,3,1,1,0,0,0,0,0,0
19100,9693,6294,271,92,3,0,25,1,6,2,2,0,0,0,0,0,0,0
19200,9711,6042,250,55,1,2,36,1,0,4,2,1,0,0,0,0,0,0
19300,9673,6684,283,65,6,3,28,0,8,4,2,2,0,0,0,0,0,0
19400,9683,5903,277,16,4,1,32,1,3,3,1,2,0,0,0,0,0,0
19500,9673,6533,278,9,7,1,32,0,7,3,3,4,0,0,0,0,0,0
19600,9681,5642,278,55,4,2,29,3,5,5,3,1,0,0,0,0,0,0
19700,9667,5128,282,2,4,0,37,0,7,5,3,0,0,0,0,0,0,0
19800,9677,5588,283,2,4,1,31,1,0,1,5,3,0,0,0,0,0,0
19900,9681,5862,275,4,3,2,36,2,4,2,1,0,0,0,0,0,0,0
20000,9692,6105,265,16,3,2,37,3,2,4,1,2,0,0,0,0,0,0
20100,9652,6216,303,24,2,1,35,1,5,6,3,0,0,0,0,0,0,0
20200,9662,6050,299,9,3,1,29,1,5,0,2,2,0,0,0,0,0,0
20300,9654,5204,299,1,3,2,41,1,3,3,0,1,0,0,0,0,0,0
20400,9681,5061,272,5,1,2,40,4,5,0,1,0,0,0,0,0,0,0
20500,9718,5234,231,12,5,6,33,3,10,6,3,2,0,0,0,0,0,0
20600,9724,5023,228,48,1,9,44,3,3,2,0,0,0,0,0,0,0,0
20700,9722,4765,232,5,2,1,37,1,4,2,3,0,0,0,0,0,0,0
20800,9739,5540,217,57,1,0,39,2,2,1,1,0,1,1,0,0,0,0
20900,9828,6084,127,89,5,1,34,4,3,3,3,0,0,0,0,0,0,0
21000,9842,5157,106,47,4,4,38,1,7,1,3,0,0,0,0,0,0,0
21100,9850,5737,99,1,3,2,42,1,4,1,2,0,0,0,0,0,0,0
21200,9889,5237,75,3,4,1,29,1,2,1,1,1,0,0,0,0,0,0
21300,9880,4794,68,7,3,0,40,0,7,2,2,0,0,0,0,0,0,0
21400,9884,4435,75,1,3,1,33,3,4,1,1,1,0,0,0,0,0,0
21500,9889,4892,67,35,2,4,36,2,1,4,3,1,2,0,0,0,0,0
21600,9891,5668,72,100,1,1,33,1,1,0,2,0,0,0,0,0,0,0
21700,9890,5607,66,29,1,0,34,4,7,0,2,0,0,0,0,0,0,0
21800,9909,5534,53,33,4,1,29,1,4,1,1,1,0,0,0,0,0,0
21900,9890,5150,57,65,6,1,36,2,8,2,3,1,0,0,0,0,0,0
22000,9905,5131,54,6,2,0,34,1,4,2,1,0,0,0,0,0,0,0
22100,9908,4674,53,10,2,3,35,5,1,0,1,2,0,0,0,0,0,0
22200,9895,5404,57,18,5,0,40,0,3,3,0,0,0,0,0,0,0,0
22300,9908,4545,53,35,1,1,32,1,4,4,2,1,0,0,0,0,0,0
22400,9897,4377,57,53,2,1,39,1,4,4,1,0,0,0,0,0,0,0
22500,9915,4673,53,52,2,3,28,0,2,3,0,0,0,0,0,0,0,0
22600,9878,5739,68,96,2,2,48,0,3,3,1,0,0,0,0,0,0,0
22700,9877,5980,86,174,4,1,31,0,2,0,0,1,0,0,0,0,0,0
22800,9879,5524,89,94,1,0,23,1,8,0,0,1,0,0,0,0,0,0
22900,9874,5147,88,85,4,2,29,0,2,0,3,1,0,0,0,0,0,0
23000,9862,4816,89,90,3,0,42,0,3,1,1,1,0,0,0,0,0,0
23100,9880,4426,87,82,4,0,27,1,2,1,0,0,0,0,0,0,0,0
23200,9873,4119,88,105,2,0,34,64,1,0,2,0,0,0,0,0,0,0
23300,9866,4208,93,151,5,3,32,37,4,1,0,1,0,0,0,0,0,0
23400,9870,3978,89,162,2,1,30,21,6,1,3,1,0,0,0,0,0,0
23500,9864,3695,92,199,0,1,36,24,4,2,2,1,2,0,0,0,0,0
23600,9875,3532,81,200,3,1,36,14,3,2,2,0,0,0,0,0,0,0
23700,9877,3876,84,203,3,0,28,3,5,1,3,0,0,0,0,0,0,0
23800,9882,4169,77,184,1,1,33,4,3,4,4,2,0,0,0,0,0,0
23900,9872,4722,80,167,2,1,41,11,2,2,3,0,0,0,0,0,0,0
24000,9886,4633,78,158,2,1,32,8,0,1,1,0,1,0,0,0,0,0
24100,9878,4506,74,173,1,0,43,0,3,1,1,0,0,0,0,0,0,0
24200,9871,4556,78,159,4,1,39,1,6,0,2,0,0,0,0,0,0,0
24300,9913,5015,71,117,2,1,14,4,0,0,0,1,0,0,0,0,0,0
24400,9919,5302,69,110,5,0,3,3,3,2,1,0,0,0,0,0,0,0
24500,9913,5430,69,103,4,0,3,4,10,1,1,0,0,0,0,0,0,0
24600,9919,4936,69,109,2,1,3,1,4,4,3,1,0,0,0,0,0,0
24700,9919,4556,70,111,3,3,4,0,3,1,1,0,0,0,0,0,0,0
24800,9919,4380,70,106,4,2,5,1,2,0,0,0,0,0,0,0,0,0
24900,9912,4469,71,105,5,0,7,2,5,0,0,0,0,0,0,0,0,0
25000,9925,3919,66,107,4,4,1,0,3,1,1,0,0,0,0,0,0,0
25100,9912,4508,74,107,4,5,3,3,4,2,3,0,0,0,0,0,0,0
25200,9911,4887,68,101,10,0,7,1,3,2,1,0,0,0,0,0,0,0
25300,9876,4457,117,99,2,2,2,10,0,0,3,0,0,0,0,0,0,0
25400,9854,3555,135,98,4,1,5,10,2,0,0,0,0,1,0,0,0,0
25500,9899,3888,91,147,5,1,2,6,2,0,1,1,0,0,0,0,0,0
25600,9912,4761,78,123,3,0,4,2,2,0,1,0,0,0,0,0,0,0
25700,9903,4271,81,113,3,0,5,2,6,1,2,3,0,0,0,0,0,0
25800,9918,4196,75,116,1,1,1,0,2,1,3,0,0,0,0,0,0,0
25900,9920,4177,73,117,1,1,2,1,3,0,1,0,0,0,0,0,0,0
26000,9920,3876,75,159,1,0,1,0,0,0,3,1,0,0,0,0,0,0
26100,9921,3405,70,183,4,0,2,0,2,1,1,0,0,0,0,0,0,0
26200,9918,3860,71,131,2,0,5,0,3,0,1,0,0,0,0,0,0,0
26300,9921,3753,69,140,2,0,4,1,3,0,1,0,0,0,0,0,0,0
26400,9914,3626,74,142,4,0,4,1,3,2,0,0,0,0,1,0,0,0
26500,9919,3517,72,136,2,1,3,0,1,0,3,0,0,0,0,0,0,0
26600,9913,3770,71,128,4,1,3,0,8,0,1,0,0,0,0,0,0,0
26700,9869,3643,124,102,2,1,3,0,1,2,1,0,0,0,0,0,0,0
26800,9847,3219,139,46,3,0,2,2,8,0,1,0,0,0,0,0,0,0
26900,9856,2898,137,27,5,1,0,6,1,0,1,0,0,0,0,0,0,0
27000,9851,3316,138,28,4,0,3,6,4,1,0,1,0,0,0,0,0,0
27100,9849,3739,137,54,5,1,4,4,5,1,0,1,0,0,0,0,0,0
27200,9806,3576,187,27,1,0,2,0,4,1,0,0,0,0,0,0,0,0
27300,9783,3062,209,32,1,2,3,0,3,5,1,0,0,0,0,0,0,0
27400,9808,3680,183,37,4,5,0,0,4,1,1,2,0,0,0,0,0,0
27500,9854,4022,132,32,2,1,4,0,8,1,0,1,0,0,0,1,0,0
27600,9863,3793,130,61,2,1,1,0,2,2,2,0,0,0,0,0,0,0
27700,9879,3773,115,60,2,0,2,2,1,0,1,1,0,1,0,0,0,0
27800,9927,3581,72,50,0,1,0,2,1,0,0,1,0,0,0,0,0,0
27900,9914,3870,73,37,5,0,2,0,6,1,0,3,0,0,0,0,0,0
28000,9920,4193,73,33,4,0,1,0,1,1,1,0,0,0,0,0,0,0
28100,9915,4018,72,33,4,0,2,2,4,1,3,0,0,0,0,0,0,0
28200,9917,3898,75,33,3,0,2,0,2,1,1,0,0,0,0,0,0,0
28300,9921,4366,71,33,1,0,5,0,2,0,0,0,0,0,0,0,0,0
28400,9924,3979,71,31,1,0,2,0,1,3,1,0,0,0,0,0,0,0
28500,9922,3992,70,31,0,1,4,0,4,0,0,0,0,0,0,0,0,0
28600,9922,4584,69,31,1,0,3,0,4,0,1,0,0,0,0,0,0,0
28700,9923,3655,69,33,4,0,2,0,2,3,0,0,0,0,0,0,0,0
28800,9915,3493,78,42,2,0,3,1,2,2,0,0,0,0,0,0,0,0
28900,9925,3498,73,41,1,0,0,1,0,0,1,0,0,0,0,0,0,0
29000,9917,3495,72,36,3,0,0,1,7,0,1,0,0,0,0,0,0,0
29100,9956,3358,35,33,1,0,4,0,2,0,2,0,0,0,0,0,0,0
29200,9970,3179,11,33,11,1,3,0,3,3,2,1,0,0,0,0,0,0
29300,9982,2892,1,65,12,1,2,1,2,0,1,0,0,0,0,0,0,0
29400,9970,3156,6,34,16,0,2,0,5,3,1,0,0,0,0,0,0,0
29500,9976,3423,2,34,13,0,5,0,3,0,1,1,0,0,0,0,0,0
29600,9963,3892,11,53,11,1,12,2,0,0,3,0,0,0,0,0,0,0
29700,9963,3024,16,47,8,0,11,1,2,0,0,0,0,0,0,0,0,0
29800,9954,2757,23,27,12,1,9,0,1,1,1,0,0,0,0,0,0,0
29900,9943,2898,34,12,10,1,9,0,3,0,1,0,0,0,0,0,0,0
30000,9938,3031,38,18,15,0,2,0,6,1,1,0,0,0,0,0,0,0
30100,9949,2783,36,16,9,0,5,0,1,1,0,0,0,0,0,0,0,0
30200,9953,3228,32,17,11,0,2,2,2,2,0,0,0,0,0,0,0,0
30300,9950,2644,32,16,16,0,1,0,1,1,0,0,0,0,0,0,0,0
30400,9948,2765,30,42,16,0,1,0,3,0,1,1,1,0,0,0,0,0
30500,9951,2731,31,66,11,0,1,0,2,1,4,0,0,0,0,0,0,0
30600,9947,3073,31,19,14,1,2,0,3,0,3,0,0,0,0,0,0,0
30700,9940,3209,43,5,12,1,3,0,1,0,1,0,0,0,0,0,0,0
30800,9940,2800,46,3,8,0,0,0,5,0,1,0,0,0,0,0,0,0
30900,9960,2209,24,11,12,0,2,0,0,0,2,0,0,0,0,0,0,0
31000,9955,2669,29,22,8,1,1,0,7,0,0,0,0,0,0,0,0,0
31100,9942,2733,44,4,8,0,3,0,2,1,1,0,0,0,0,0,0,0
31200,9926,3357,57,0,12,0,1,0,2,1,2,0,0,0,0,0,0,0
31300,9939,3328,37,1,15,0,3,1,5,0,1,0,0,0,0,0,0,0
31400,9925,2750,51,2,17,0,4,1,2,2,1,0,0,0,0,0,0,0
31500,9966,2948,24,1,5,0,0,1,5,0,0,0,0,0,0,0,0,0
31600,9956,2569,28,13,12,0,2,1,2,0,0,0,0,0,0,0,0,0
31700,9950,3302,29,3,13,0,4,0,3,0,1,0,0,0,0,0,0,0
31800,9949,3583,34,2,12,0,2,0,3,0,0,0,0,0,0,0,0,0
31900,9971,3491,15,1,12,3,1,1,1,1,0,0,0,0,0,0,0,0
32000,9955,3194,24,1,12,0,2,0,5,1,2,0,0,0,0,0,0,0
32100,9947,3293,43,0,7,1,0,0,3,0,0,0,0,0,0,0,0,0
32200,9940,3531,40,1,14,1,2,0,4,1,0,0,0,0,0,0,0,0
32300,9934,3439,42,1,14,1,2,0,7,0,1,0,0,0,0,0,0,0
32400,9935,3627,52,2,9,1,3,0,1,0,0,0,0,0,0,0,0,0
32500,9863,3205,117,11,11,0,4,0,4,1,1,0,0,0,0,0,0,0
32600,9846,2825,134,4,11,2,3,0,3,0,3,0,0,0,0,0,0,0
32700,9851,2609,132,4,9,1,3,0,3,4,2,2,0,0,0,0,0,0
32800,9863,2702,130,14,3,1,0,1,1,2,3,1,0,0,0,0,0,0
32900,9844,3313,136,13,1,0,4,0,9,1,6,1,0,0,0,0,0,0
33000,9872,3416,121,1,2,1,2,0,2,0,0,0,1,0,0,0,0,0
33100,9889,3065,104,3,2,6,1,0,1,1,3,0,0,0,0,0,0,0
33200,9880,2768,111,4,2,9,2,0,2,0,3,1,0,0,0,0,0,0
33300,9882,2436,106,2,1,1,3,0,6,0,2,0,0,0,0,0,0,0
33400,9883,2720,108,5,3,1,4,0,2,0,0,0,0,0,0,0,0,0
33500,9888,2524,107,6,2,6,1,1,0,3,2,1,0,0,0,0,0,0
33600,9881,2835,110,1,0,1,2,0,5,0,2,1,0,0,0,0,0,0
33700,9893,2813,105,3,1,1,0,0,1,0,0,0,0,0,0,0,0,0
33800,9877,2905,112,15,4,3,1,1,2,1,4,0,0,0,0,0,0,0
33900,9882,3694,108,14,4,2,1,0,2,0,3,1,0,0,0,0,0,0
34000,9887,3522,108,14,2,8,1,2,1,0,1,2,0,0,0,0,0,0
34100,9889,3075,104,4,2,0,1,0,3,0,1,1,0,0,0,0,0,0
34200,9817,2925,176,2,1,0,5,0,1,0,0,0,0,0,0,0,0,0
34300,9819,2777,172,2,2,2,0,0,5,0,2,0,0,0,0,0,0,0
34400,9872,2730,124,1,1,3,1,2,2,1,0,0,0,0,0,0,0,0
34500,9881,3547,107,3,3,12,3,3,5,0,1,0,0,0,0,0,0,0
34600,9875,3737,110,6,4,3,4,1,4,0,3,0,0,0,0,0,0,0
34700,9884,3973,107,1,4,4,3,5,1,0,1,0,0,0,0,0,0,0
34800,9880,3753,110,2,4,7,1,3,4,1,1,0,0,0,0,0,0,0
34900,9860,3276,132,0,4,9,2,4,2,0,0,0,0,0,0,0,0,0
35000,9859,3144,137,4,2,2,1,0,1,1,0,0,0,0,0,0,0,0
35100,9853,3309,137,5,2,6,2,0,1,0,5,0,0,0,0,0,0,0
35200,9858,3649,133,15,3,7,3,7,3,0,0,0,0,0,0,0,0,0
35300,9862,3778,133,13,0,9,3,10,2,1,0,0,0,0,0,0,0,0
35400,9854,4215,139,2,4,6,2,7,1,0,0,0,0,0,0,0,0,0
35500,9861,4362,131,0,1,9,3,1,3,0,1,0,0,0,0,0,0,0
35600,9871,3843,126,2,0,9,2,0,0,1,1,0,0,0,0,0,0,0
35700,9861,3546,128,1,3,8,1,0,7,3,0,0,0,0,0,0,0,0
35800,9872,3827,120,1,2,6,2,0,4,0,0,0,0,0,0,0,0,0
35900,9862,3727,130,1,3,6,1,3,3,1,1,0,0,0,0,0,0,0
36000,9868,3578,127,1,0,6,1,5,4,0,0,0,0,0,0,0,0,0
36100,9859,3295,131,3,3,8,4,1,1,0,2,0,0,0,0,0,0,0
36200,9868,3526,123,62,2,9,4,4,3,1,0,1,0,0,0,0,0,0
36300,9861,2998,125,79,1,12,5,0,6,1,2,1,0,0,0,0,0,0
36400,9864,3386,128,13,3,10,3,2,2,1,0,2,0,0,0,0,0,0
36500,9870,3644,123,2,1,11,3,2,2,0,1,1,0,0,0,0,0,0
36600,9889,3668,102,5,4,7,2,1,2,0,1,0,0,0,0,0,0,0
36700,9895,3633,99,8,0,10,3,1,3,1,0,0,0,1,0,0,0,0
36800,9897,4059,99,15,1,11,2,0,1,0,0,1,0,0,0,0,0,0
36900,9896,4392,97,47,4,10,1,0,2,1,0,1,0,0,0,0,0,0
37000,9894,4580,93,31,4,8,6,0,3,1,0,0,0,0,0,0,0,0
37100,9914,4785,79,7,2,7,2,1,2,0,1,0,0,0,0,0,0,0
37200,9909,4914,85,10,0,9,6,0,0,2,0,0,0,0,0,0,0,0
37300,9911,3689,80,11,2,8,4,1,0,0,3,0,0,0,0,0,0,0
37400,9903,3910,84,7,2,6,6,0,4,2,1,0,0,0,0,0,0,0
37500,9913,3745,78,3,1,8,4,2,2,2,2,0,0,0,0,0,0,0
37600,9964,3557,33,10,0,7,1,0,1,0,1,2,0,0,0,0,0,0
37700,9982,3210,9,3,2,10,3,0,4,0,0,0,0,0,0,0,0,0
37800,9971,3255,17,4,2,8,3,0,4,0,3,0,0,0,0,0,0,0
37900,9978,3436,16,1,2,17,2,1,1,1,1,0,0,0,0,0,0,0
38000,9973,3358,16,2,1,28,0,0,7,3,3,0,0,0,0,0,0,0
38100,9973,3574,11,22,7,9,4,5,4,0,1,0,0,0,0,0,0,0
38200,9973,3179,7,10,6,9,6,6,8,0,0,1,0,0,0,0,0,0
38300,9979,3021,11,0,4,7,2,5,3,0,1,2,0,0,0,0,0,0
38400,9985,3342,9,18,3,9,1,0,1,2,1,0,0,0,0,0,0,0
38500,9983,3351,5,78,5,4,5,6,2,0,0,1,0,0,0,0,0,0
38600,9991,3732,0,8,5,1,1,2,1,0,2,0,0,0,0,0,0,0
38700,9985,3629,5,2,5,3,1,1,3,3,0,0,0,0,0,0,1,0
38800,9985,3380,4,5,6,1,4,1,1,0,0,0,0,0,0,0,0,0
38900,9986,2878,5,3,4,3,0,2,3,0,2,1,0,0,0,0,0,0
39000,9986,3238,4,1,5,0,2,0,2,1,1,0,0,0,0,0,0,0
39100,9990,3192,1,3,5,3,2,3,2,0,0,2,0,0,0,0,0,0
39200,9988,3259,3,5,4,3,1,0,2,1,2,1,0,0,0,0,0,0
39300,9983,3602,3,7,6,3,1,2,7,2,0,0,0,0,0,0,0,0
39400,9978,3341,9,25,5,2,2,0,5,1,1,1,0,0,0,0,0,0
39500,9974,3318,22,27,3,5,0,2,1,1,0,0,0,0,0,0,0,0
39600,9972,3329,18,36,4,6,1,0,5,0,0,0,0,0,0,0,0,0
39700,9968,3075,16,28,6,1,3,0,5,1,2,0,0,0,0,0,0,0
39800,9972,2584,24,22,2,4,0,0,1,4,1,0,0,0,0,0,0,0
39900,9961,2641,21,6,9,0,2,1,4,1,3,0,0,0,0,0,0,0
40000,9961,2020,33,84,2,3,2,0,2,1,0,0,0,0,0,0,0,0
40100,9950,2102,44,59,2,2,0,0,4,0,0,1,0,0,0,0,0,0
40200,9937,2512,53,21,6,3,0,0,3,1,1,2,0,0,0,0,0,0
40300,9943,2902,43,6,5,3,7,4,2,0,0,0,0,0,0,0,0,0
40400,9937,2688,48,6,8,4,5,2,1,2,1,1,0,0,0,0,0,0
40500,9934,2393,48,4,10,2,4,0,4,0,0,0,0,0,0,0,0,0
40600,9927,2435,54,4,8,0,2,0,7,2,2,0,0,0,0,0,0,0
40700,9948,2602,42,4,8,2,2,0,0,1,0,0,0,0,0,0,0,0
40800,9942,2798,45,2,7,2,1,0,5,0,0,0,0,0,0,0,0,0
40900,9938,3277,44,0,13,2,2,1,2,2,1,2,0,0,0,0,0,0
41000,9957,2408,23,4,7,3,8,0,4,2,1,0,0,0,0,0,0,0
41100,9982,2381,4,2,7,2,2,1,4,2,1,0,0,0,0,0,0,0
41200,9968,2733,10,3,8,1,7,4,6,0,1,0,0,0,0,0,0,0
41300,9975,3151,11,7,6,3,3,0,3,0,2,0,0,0,0,0,0,0
41400,9985,2950,7,4,4,2,0,0,4,1,0,0,0,0,0,0,0,0
41500,9990,2869,7,4,0,3,2,0,0,0,1,1,0,0,0,0,0,0
41600,9983,3378,6,5,2,1,4,1,4,0,1,0,0,0,0,0,0,0
41700,9985,3553,10,7,3,1,1,0,0,1,1,0,0,0,0,0,0,0
41800,9973,3688,10,5,4,2,1,0,11,0,1,0,0,0,0,0,0,0
41900,9979,3164,13,35,2,5,0,0,5,0,0,1,1,0,0,0,0,0
42000,9971,2543,20,64,2,1,2,1,5,0,0,0,0,0,0,0,0,0
42100,9957,3137,37,26,1,3,0,2,4,0,1,2,0,0,0,0,0,0
42200,9959,2605,30,25,3,1,3,0,5,0,0,0,0,0,0,0,0,0
42300,9933,1928,60,0,0,4,0,1,4,0,3,0,0,0,0,0,0,0
42400,9950,1870,42,3,2,2,3,0,2,0,1,0,0,0,0,0,0,0
42500,9944,2073,47,2,2,2,2,2,2,1,3,1,0,0,0,0,0,0
42600,9950,2590,40,4,2,6,5,0,2,2,1,0,0,0,0,0,0,0
42700,9953,3036,44,5,1,17,1,0,0,2,1,0,0,0,0,0,0,0
42800,9947,3015,46,2,1,14,2,1,2,1,2,0,0,0,0,0,0,0
42900,9952,2641,38,3,2,1,3,1,4,3,1,1,0,0,0,0,0,0
43000,9945,2791,43,0,3,2,2,0,5,3,2,0,0,0,0,0,0,0
43100,9937,2422,43,4,11,2,4,1,4,0,1,0,0,0,0,0,0,0
43200,9920,2100,46,4,16,3,5,1,11,1,2,0,0,0,0,0,0,0
43300,9952,1703,30,0,13,2,2,0,2,0,1,0,0,0,0,0,0,0
43400,9926,2168,55,0,12,2,1,1,5,0,1,0,0,0,0,0,0,0
43500,9921,3113,61,0,15,2,1,0,1,0,1,1,0,0,0,0,0,0
43600,9931,3452,50,0,13,0,2,1,4,0,0,0,0,0,0,0,0,0
43700,9906,3745,72,4,13,3,1,0,6,1,2,0,0,0,0,0,0,0
43800,9899,3605,75,0,14,1,2,0,9,0,1,1,0,0,0,0,0,0
43900,9929,3825,51,7,14,3,1,0,4,0,1,0,0,0,0,0,0,0
44000,9952,3940,28,1,14,2,4,0,2,0,0,0,0,0,0,0,0,0
44100,9968,3662,12,4,12,1,1,1,7,0,0,0,0,0,0,0,0,0
44200,9980,3961,6,12,12,1,1,1,0,0,1,1,0,0,0,0,0,0
44300,9967,3875,2,8,19,1,5,1,6,0,1,0,0,0,0,0,0,0
44400,9974,4539,4,6,12,3,5,0,4,0,1,0,0,0,0,0,0,0
44500,9967,3727,12,15,13,0,3,0,2,6,3,0,0,0,0,0,0,0
44600,9980,3148,4,3,14,2,0,2,0,1,2,0,0,0,0,0,0,0
44700,9972,3501,8,22,16,0,3,1,1,0,0,0,0,0,0,0,0,0
44800,9981,3670,2,21,12,2,0,1,5,0,0,1,0,0,0,0,0,0
44900,9978,3855,0,8,13,1,3,1,5,0,1,0,0,0,0,0,0,0
45000,9978,3129,3,2,14,2,2,2,2,1,1,0,0,0,0,0,0,0
45100,9979,3378,2,8,14,0,3,0,2,1,0,0,0,0,0,0,0,0
45200,9988,3734,0,21,8,1,1,0,3,1,0,0,0,0,0,0,0,0
45300,9978,3639,6,9,9,1,2,0,3,1,2,0,0,0,0,0,0,0
45400,9986,3667,3,13,7,0,0,0,4,1,0,0,0,0,0,0,0,0
45500,9986,3288,2,21,7,0,3,4,0,0,2,0,0,0,0,0,0,0
45600,9984,3389,3,9,7,0,0,3,4,2,2,0,0,0,0,0,0,0
45700,9946,3641,39,16,7,0,3,1,2,0,3,0,0,0,0,0,0,0
45800,9921,3193,60,16,9,0,3,0,1,0,6,0,0,0,0,0,0,0
45900,9881,3002,100,21,9,0,5,1,2,0,3,2,0,0,0,0,0,0
46000,9874,2970,112,7,8,1,1,1,4,0,1,0,0,0,0,0,0,0
46100,9865,2560,118,3,10,0,2,0,3,0,2,0,0,0,0,0,0,0
46200,9884,3042,99,8,9,0,2,0,5,1,1,0,0,0,0,0,0,0
46300,9926,2923,60,6,6,0,2,0,4,0,2,0,0,0,0,0,0,0
46400,9925,2512,61,7,8,1,3,0,3,0,0,0,0,0,0,0,0,0
46500,9927,2824,60,6,7,0,2,0,1,1,3,1,0,0,0,0,0,0
46600,9924,2377,62,6,6,0,2,1,5,0,1,1,0,0,0,0,0,0
46700,9923,2607,59,2,9,0,4,2,3,0,2,1,0,0,0,0,0,0
46800,9863,3097,125,7,7,0,0,0,4,1,1,0,0,0,0,0,0,0
46900,9853,3247,128,5,9,0,4,0,5,0,1,0,0,0,0,0,0,0
47000,9890,3030,97,14,9,1,1,1,2,0,1,1,0,0,0,0,0,0
47100,9877,3216,105,13,7,0,1,1,5,1,5,0,0,0,0,0,0,0
47200,9859,3178,124,20,11,1,2,0,3,1,1,1,0,0,0,0,0,0
47300,9856,3144,128,19,11,4,2,6,2,1,1,0,0,0,0,0,0,0
47400,9865,3248,124,7,7,0,1,5,1,1,2,0,0,0,0,0,0,0
47500,9856,3037,127,8,7,3,4,1,5,0,0,0,1,0,0,0,0,0
47600,9860,3220,120,10,11,7,4,0,3,0,2,1,0,0,0,0,0,0
47700,9853,2691,131,7,8,5,2,2,4,3,2,0,0,0,0,0,0,0
47800,9837,2612,148,4,8,1,6,0,1,2,0,0,0,0,0,0,0,0
47900,9870,2351,115,1,8,0,5,1,2,1,0,0,0,0,0,0,0,0
48000,9890,2327,94,3,3,0,5,1,2,0,6,0,0,0,0,0,0,0
48100,9875,2507,98,5,11,1,8,1,8,4,0,0,0,0,0,0,0,0
48200,9879,2930,101,8,12,1,4,4,2,1,2,1,0,0,0,0,0,0
48300,9870,2765,98,11,15,1,12,0,3,0,2,0,0,0,0,0,0,0
48400,9864,2774,101,22,19,0,11,1,5,0,0,1,0,0,0,0,0,0
48500,9866,2970,100,32,23,0,6,0,3,0,2,0,0,0,0,0,0,0
48600,9878,2706,92,19,17,1,6,0,5,0,2,1,0,0,0,0,0,0
48700,9877,2273,90,16,19,1,7,0,7,0,0,1,0,0,0,0,0,0
48800,9885,2371,91,16,14,0,8,0,1,0,1,0,0,0,0,0,0,0
48900,9877,2963,97,15,16,0,5,0,4,0,0,0,1,0,0,0,0,0
49000,9871,3000,97,12,20,3,7,1,4,2,1,0,0,0,0,0,0,0
49100,9873,3157,97,10,14,2,10,0,4,1,2,1,0,0,0,0,0,0
49200,9872,3290,105,4,12,1,9,0,2,0,0,0,0,0,0,0,0,0
49300,9861,3112,107,5,23,1,4,0,4,1,1,0,0,0,0,0,0,0
49400,9875,3356,102,8,16,0,5,0,1,0,1,0,0,0,0,0,0,0
49500,9877,2862,101,8,16,0,3,0,2,1,1,0,0,0,0,0,0,0
49600,9860,3019,108,2,22,0,4,1,3,0,3,0,0,0,0,0,0,0
49700,9878,2914,90,7,24,0,2,1,5,0,1,0,0,0,0,0,0,0
49800,9943,2961,37,9,18,0,1,1,1,2,0,0,0,0,0,0,0,0
49900,9931,3144,39,13,20,3,1,3,8,0,1,0,0,0,0,0,0,0
50000,9935,2522,38,15,20,0,1,2,5,2,1,1,0,0,0,0,0,0
50100,9940,2580,43,46,14,0,0,0,3,0,0,0,0,0,0,0,0,0
50200,9930,2937,43,80,16,0,4,1,6,2,1,2,0,0,0,0,0,0
50300,9926,3298,48,75,16,0,4,1,1,1,5,2,0,0,0,0,0,0
50400,9933,3243,47,11,14,1,4,0,1,0,1,0,0,0,0,0,0,0
50500,9922,3570,49,10,15,0,4,2,9,0,1,0,0,0,0,0,0,0
50600,9925,3760,45,9,18,0,1,0,8,0,3,1,0,0,0,0,0,0
50700,9933,3803,44,11,16,0,1,1,4,5,2,2,0,0,0,0,0,0
50800,9906,3509,61,10,19,0,4,1,8,2,2,0,0,0,0,0,0,0
50900,9921,3095,60,8,15,0,0,0,3,1,1,2,0,0,0,0,0,0
51000,9915,3079,59,8,18,0,3,0,3,0,2,1,0,0,0,0,0,0
51100,9908,2728,64,18,19,1,2,0,5,0,2,0,0,0,0,0,0,0
51200,9920,2083,58,16,16,2,3,2,2,1,1,0,0,0,0,0,0,0
51300,9922,1956,49,10,18,0,2,0,7,0,1,1,1,0,0,0,0,0
51400,9937,2204,40,6,16,1,1,2,3,0,3,0,0,0,0,0,0,0
51500,9950,2133,27,1,17,0,3,2,2,0,1,0,0,0,0,0,0,0
51600,9949,2277,32,4,15,0,0,0,1,0,3,0,0,0,0,0,0,0
51700,9945,2329,34,10,14,0,3,4,3,2,1,0,0,0,0,0,0,0
51800,9938,2202,41,10,18,0,1,0,1,0,1,0,0,0,0,0,0,0
51900,9955,2091,20,16,18,0,2,0,1,0,4,0,0,0,0,0,0,0
52000,9963,2107,19,9,15,0,1,0,1,0,1,0,0,0,0,0,0,0
52100,9946,2178,29,9,19,0,3,0,3,1,0,1,0,0,0,0,0,0
52200,9949,2561,25,12,20,1,3,0,3,0,0,1,0,0,0,0,0,0
52300,9950,2472,24,18,20,1,4,1,2,0,0,0,0,0,0,0,0,0
52400,9949,2420,25,33,20,0,1,0,3,1,2,0,0,0,0,0,0,0
52500,9957,2983,23,44,16,0,2,0,1,1,1,0,0,0,0,0,0,0
52600,9951,3451,19,35,20,1,2,3,7,1,1,0,0,0,0,0,0,0
52700,9954,3255,22,38,20,1,3,0,1,0,0,0,0,0,0,0,0,0
52800,9956,2663,19,26,19,1,2,1,3,1,1,1,0,0,0,0,0,0
52900,9957,2603,18,26,19,0,1,1,2,0,3,1,0,0,0,0,0,0
53000,9949,2354,21,32,16,2,10,0,2,0,2,0,0,0,0,0,0,0
53100,9943,2102,22,33,21,1,5,0,5,0,4,1,0,0,0,0,0,0
53200,9964,2698,19,33,14,3,0,0,3,1,0,0,0,0,0,0,0,0
53300,9949,2442,23,21,19,0,3,5,6,3,0,2,0,0,0,0,0,0
53400,9952,2051,23,26,17,1,2,3,6,1,0,0,0,0,0,0,0,0
53500,9963,2602,18,19,15,0,2,0,2,4,0,0,0,0,0,0,0,0
53600,9962,2789,16,18,15,0,2,0,4,0,1,0,0,0,0,0,0,0
53700,9960,2637,17,10,16,1,3,0,4,0,0,0,0,0,0,0,0,0
53800,9954,2759,24,10,15,2,5,1,1,0,1,0,0,0,0,0,0,0
53900,9960,3120,16,6,17,1,3,0,4,1,0,0,0,0,0,0,0,0
54000,9951,2945,20,3,20,0,5,0,3,0,1,0,0,0,0,0,0,0
54100,9952,3244,20,10,20,0,2,0,4,2,2,0,0,0,0,0,0,0
54200,9957,2588,19,1,16,0,4,0,2,0,1,0,1,0,0,0,0,0
54300,9899,2547,73,2,18,1,7,0,2,0,1,0,0,0,0,0,0,0
54400,9883,2834,85,4,18,0,6,0,7,0,1,1,0,0,0,0,0,0
54500,9884,2864,86,2,19,0,4,0,6,2,1,0,0,0,0,0,0,0
54600,9878,2603,95,6,18,0,3,2,4,1,2,0,0,0,0,0,0,0
54700,9889,2608,84,9,17,0,2,1,8,0,0,0,0,0,0,0,0,0
54800,9887,2526,87,4,19,1,3,5,1,0,3,0,0,0,0,0,0,0
54900,9874,2583,87,3,22,1,4,3,9,0,4,1,0,0,0,0,0,0
55000,9883,2660,90,6,19,0,3,2,3,0,2,0,0,0,0,0,0,0
55100,9883,3263,89,7,21,1,2,2,5,0,0,0,0,0,0,0,0,0
55200,9882,3746,87,6,19,1,3,1,8,1,1,0,0,0,0,0,0,0
55300,9883,3232,89,5,17,1,4,0,5,2,2,0,0,0,0,0,0,0
55400,9893,3338,84,16,12,0,1,0,8,1,2,0,0,0,0,0,0,0
55500,9898,2964,77,29,16,1,2,1,6,1,1,0,0,0,0,0,0,0
55600,9904,2926,72,7,17,3,3,0,4,4,0,0,0,0,0,0,0,0
55700,9910,2518,71,8,14,1,2,0,1,1,2,0,0,0,0,0,0,0
55800,9912,2456,69,11,13,0,4,1,2,0,0,0,0,0,0,0,0,0
55900,9908,2093,73,12,8,14,3,4,4,1,4,0,0,0,0,0,0,0
56000,9915,2440,74,6,2,6,4,7,5,0,0,0,0,0,0,0,0,0
56100,9919,2381,69,0,5,0,2,0,1,0,4,1,0,0,0,0,0,0
56200,9927,2035,68,2,3,0,1,0,1,0,0,0,0,0,0,0,0,0
56300,9924,2306,69,7,1,0,4,0,1,1,1,1,0,0,0,0,0,0
56400,9926,2231,68,1,1,2,2,0,1,0,2,1,0,0,0,0,0,0
56500,9915,1988,71,6,3,3,6,1,2,3,3,0,0,0,0,0,0,0
56600,9921,2047,68,11,2,0,3,2,5,0,1,0,0,0,0,0,0,0
56700,9921,2522,73,2,0,1,0,0,4,1,2,0,0,0,0,0,0,0
56800,9915,2671,69,1,2,1,6,1,5,4,3,0,0,0,0,0,0,0
56900,9928,2305,46,6,7,1,8,3,11,1,0,0,0,0,0,0,0,0
57000,9982,2460,6,4,6,1,3,0,3,1,0,0,0,0,0,0,0,0
57100,9985,2446,4,2,1,1,3,0,5,0,2,2,0,0,0,0,0,0
57200,9986,2483,1,4,4,1,2,0,4,0,3,0,0,0,0,0,0,0
57300,9932,2261,57,2,4,0,2,2,4,0,1,0,0,0,0,0,0,0
57400,9924,2244,70,8,1,2,0,0,2,2,2,0,1,0,0,0,0,0
57500,9920,2231,69,26,1,1,2,0,6,2,2,0,0,0,0,0,0,0
57600,9852,2647,141,16,1,2,1,0,3,0,2,0,0,0,0,0,0,0
57700,9858,2448,131,31,3,1,3,0,3,0,2,0,0,0,0,0,0,0
57800,9883,2828,103,23,2,0,7,3,5,3,0,1,0,0,0,0,0,0
57900,9888,2909,103,1,2,0,0,0,5,0,2,1,0,0,0,0,0,0
58000,9895,2871,100,2,2,0,3,0,0,1,0,0,0,0,0,0,0,0
58100,9883,2485,110,0,2,2,2,0,3,0,0,0,0,0,0,0,0,0
58200,9897,2260,98,0,2,1,2,0,0,0,1,1,0,0,0,0,0,0
58300,9892,2206,100,6,3,2,2,0,2,0,1,1,0,0,0,0,0,0
58400,9917,2394,78,3,1,4,1,0,1,0,2,1,0,0,0,0,0,0
58500,9917,2259,75,1,0,0,2,0,3,1,3,0,0,0,0,0,0,0
58600,9914,2355,80,1,1,2,1,1,1,1,3,0,0,0,0,0,0,0
58700,9921,2386,70,2,1,0,4,0,3,4,1,2,0,0,0,0,0,0
58800,9916,2470,77,8,3,0,1,4,3,0,0,1,0,0,0,0,0,0
58900,9901,2450,89,10,3,1,2,1,2,0,3,0,0,0,0,0,0,0
59000,9900,2411,88,10,5,0,2,1,5,2,0,2,0,0,0,0,0,0
59100,9916,2435,77,11,3,0,2,0,0,1,2,1,0,0,0,0,0,0
59200,9893,2898,103,15,1,0,2,0,1,0,0,1,0,0,0,0,0,0
59300,9849,2981,144,31,2,1,3,1,1,7,1,0,0,0,0,0,0,0
59400,9847,3059,144,87,5,0,1,2,2,0,1,0,0,0,0,0,0,0
59500,9836,2827,144,68,8,1,1,1,10,0,1,0,0,0,0,0,0,0
59600,9843,3398,142,39,7,1,6,1,1,0,1,1,0,0,0,0,0,0
59700,9838,2777,142,0,10,0,4,3,6,0,0,0,0,0,0,0,0,0
59800,9891,2445,88,4,9,1,6,0,4,1,2,0,0,0,0,0,0,0
59900,9912,1978,77,5,8,1,2,3,1,1,0,0,0,0,0,0,0,0
60000,9901,2288,74,19,13,1,5,12,3,0,2,0,2,0,0,0,0,0
60100,9897,2189,77,14,16,0,5,15,5,0,0,0,0,0,0,0,0,0
60200,9835,2142,143,4,12,0,3,3,6,2,1,1,0,0,0,0,0,0
60300,9839,2332,149,2,8,0,1,1,1,1,2,2,0,0,0,0,0,0
60400,9835,2693,153,0,8,1,2,1,0,2,2,1,0,0,0,0,0,0
60500,9828,2424,155,0,9,0,3,0,4,2,1,1,0,0,0,0,0,0
60600,9837,2291,148,0,6,0,3,0,3,0,3,0,0,0,0,0,0,0
60700,9823,2590,151,0,9,0,1,1,14,0,2,0,0,0,0,0,0,0
60800,9832,2374,151,0,8,0,3,2,2,0,4,1,0,0,0,0,0,0
60900,9800,2326,184,1,8,0,5,0,2,0,1,0,0,0,0,0,0,0
61000,9777,2565,205,10,7,1,3,0,7,0,1,0,0,0,0,0,0,0
61100,9776,2578,204,2,6,1,7,1,2,2,5,0,0,0,0,0,0,0
61200,9786,2427,203,1,6,0,2,0,2,1,1,0,0,0,0,0,0,0
61300,9776,2718,205,3,7,1,5,1,6,3,1,1,0,0,0,0,0,0
61400,9775,2511,206,1,14,2,3,3,1,3,0,0,1,0,0,0,0,0
61500,9781,2283,206,1,9,0,0,0,3,0,1,0,0,0,0,0,0,0
61600,9779,2610,200,0,9,0,3,0,5,0,4,0,0,0,0,0,0,0
61700,9793,2185,190,1,8,0,2,0,5,0,2,0,0,0,0,0,0,0
61800,9839,1760,140,1,6,1,6,0,8,0,1,1,0,0,0,0,0,0
61900,9828,2306,149,3,9,1,8,4,4,0,2,0,0,0,0,0,0,0
62000,9830,2579,154,0,7,1,3,2,3,0,3,1,0,0,0,0,0,0
62100,9854,2517,139,0,2,0,3,4,2,0,0,0,0,0,0,0,0,0
62200,9853,1967,137,0,5,0,3,1,0,0,2,0,0,0,0,0,0,0
62300,9852,2190,135,4,5,1,3,0,4,1,1,0,0,0,0,0,0,0
62400,9860,2078,129,2,7,0,1,0,2,0,1,0,0,0,0,0,0,0
62500,9899,2214,88,12,6,0,1,0,3,0,2,0,0,0,0,0,1,0
62600,9899,2647,82,0,7,3,5,1,2,1,5,0,0,0,0,0,0,0
62700,9903,2777,86,6,5,1,3,0,2,0,1,0,0,0,0,0,0,0
62800,9893,2898,88,2,5,0,7,0,5,0,1,0,1,0,0,0,0,0
62900,9914,2656,63,2,11,1,5,0,5,1,2,0,0,0,0,0,0,0
63000,9986,2594,1,10,9,2,0,0,3,1,1,0,0,0,0,0,0,0
63100,9983,2659,0,2,5,1,4,0,5,1,3,0,0,0,0,0,0,0
63200,9987,2463,0,4,6,1,2,5,2,1,3,2,0,0,0,0,0,0
63300,9984,2808,0,0,8,0,3,2,2,0,0,0,3,0,0,0,0,0
63400,9961,2518,24,0,10,0,2,1,3,0,0,1,0,0,0,0,0,0
63500,9919,2564,70,0,6,0,1,0,3,0,1,0,0,0,0,0,0,0
63600,9918,2859,67,2,3,0,2,1,6,0,4,0,0,0,0,0,0,0
63700,9919,2997,69,87,4,1,5,1,2,1,1,1,0,0,0,0,0,0
63800,9919,2928,74,57,4,1,1,3,1,1,1,1,0,0,0,0,0,0
63900,9912,2719,79,1,2,1,2,5,3,0,2,0,0,0,0,0,0,0
64000,9911,2388,81,1,2,1,1,1,3,0,2,2,0,0,0,0,0,0
64100,9918,1958,78,0,0,0,1,1,2,1,1,0,0,0,0,0,0,0
64200,9913,2196,79,5,2,1,4,0,1,1,1,0,0,0,0,0,0,0
64300,9919,1658,77,30,1,1,1,1,1,0,1,0,0,0,0,0,0,0
64400,9914,1472,79,32,2,0,2,1,3,0,0,1,0,0,0,0,0,0
64500,9912,1938,79,2,5,0,1,0,1,1,2,1,0,0,0,0,0,0
64600,9907,2484,87,3,1,1,0,1,2,2,3,0,0,0,0,0,0,0
64700,9902,2807,90,5,3,0,2,0,2,0,1,0,0,0,0,0,0,0
64800,9899,2949,93,23,0,0,4,3,4,1,0,0,0,0,0,0,0,0
64900,9904,3050,92,5,2,2,0,1,2,2,0,1,0,0,0,0,0,0
65000,9898,3454,96,2,0,0,2,0,3,3,1,0,0,0,0,0,0,0
65100,9896,3605,91,0,2,0,1,0,8,0,2,0,0,0,0,0,0,0
65200,9895,2725,91,2,2,1,8,0,3,1,1,0,0,0,0,0,0,0
65300,9901,2642,91,54,1,0,7,1,0,0,0,2,0,0,0,0,0,0
65400,9902,2337,90,4,1,0,3,0,3,1,1,0,0,0,0,0,0,0
65500,9898,2129,92,10,4,0,1,1,1,0,4,0,0,0,0,0,0,0
65600,9893,2346,91,11,4,0,6,1,2,2,4,0,0,0,0,0,0,0
65700,9895,2372,93,3,2,1,6,0,2,0,1,0,1,0,0,0,0,0
65800,9904,2682,90,16,1,0,0,0,5,0,0,0,0,0,0,0,0,0
65900,9896,2979,94,6,1,0,3,0,4,0,2,0,0,0,0,0,0,0
66000,9894,2999,93,7,4,1,4,2,4,1,1,0,0,0,0,0,0,0
66100,9899,2570,93,29,3,0,2,0,2,1,1,0,0,0,0,0,0,0
66200,9889,2760,93,14,8,2,5,1,4,1,1,0,0,0,0,0,0,0
66300,9894,2589,92,31,8,4,3,4,2,0,1,0,0,0,0,0,0,0
66400,9901,2502,90,2,3,1,3,1,2,0,1,1,0,0,0,0,0,0
66500,9900,2609,92,2,1,0,3,1,4,0,0,0,0,0,0,0,0,0
66600,9901,2874,90,1,4,1,2,1,3,1,0,0,0,0,0,0,0,0
66700,9836,2825,156,3,2,1,4,1,2,1,0,1,0,0,0,0,0,0
66800,9835,2698,158,1,3,1,0,3,3,1,1,0,0,0,0,0,0,0
66900,9883,2338,104,29,2,1,2,0,9,0,0,0,0,0,0,0,0,0
67000,9883,2899,107,3,2,0,4,3,3,0,1,0,0,0,0,0,0,0
67100,9885,2833,108,2,0,2,2,2,4,1,1,0,0,0,0,0,0,0
67200,9886,3303,103,8,2,0,2,2,5,1,2,0,0,0,0,0,0,0
67300,9889,3849,104,2,2,0,1,0,4,0,0,0,0,0,0,0,0,0
67400,9916,2815,78,1,2,1,2,1,1,0,1,0,0,0,0,0,0,0
67500,9970,2492,23,3,2,0,1,1,3,0,1,0,0,0,0,0,0,0
67600,9969,2446,23,3,1,1,6,0,0,1,1,0,0,0,0,0,0,0
67700,9964,2217,28,3,3,1,3,0,2,3,0,0,0,0,0,0,0,0
67800,9971,2159,26,1,1,0,0,0,2,0,0,0,0,0,0,0,0,0
67900,9967,2599,24,0,1,0,3,1,4,3,1,0,0,0,0,0,0,0
68000,9962,2867,23,2,4,0,7,1,3,0,1,0,0,0,0,0,0,0
68100,9957,3076,27,3,4,2,7,0,3,0,2,0,0,0,0,0,0,0
68200,9967,3193,23,6,4,0,2,0,4,1,0,0,0,0,0,0,0,0
68300,9967,3052,23,1,4,1,2,1,2,1,2,1,0,0,0,0,0,0
68400,9960,3250,27,2,5,0,1,0,5,0,2,0,0,0,0,0,0,0
68500,9965,2867,26,5,1,0,3,7,4,0,1,0,0,0,0,0,0,0
68600,9965,2897,25,0,1,0,6,1,2,0,1,2,0,0,0,0,0,0
68700,9968,2838,23,0,3,0,1,0,4,0,1,0,0,0,0,0,0,0
68800,9968,3023,25,9,3,1,2,0,1,0,1,0,0,0,0,0,0,0
68900,9966,2571,23,12,1,1,3,0,2,0,5,0,0,0,0,0,0,0
69000,9960,1900,29,1,0,1,2,0,8,0,1,0,0,0,0,0,0,0
69100,9960,1803,24,22,1,0,10,1,2,1,3,0,0,0,0,0,0,0
69200,9964,1870,25,10,1,1,4,4,4,1,2,0,0,0,0,0,0,0
69300,9961,1840,31,5,1,1,4,1,1,1,2,0,0,0,0,0,0,0
69400,9967,1949,23,2,2,4,6,1,1,1,1,2,0,0,0,0,0,0
69500,9972,1945,24,4,1,0,2,2,1,1,0,1,0,0,0,0,0,0
69600,9970,2511,24,11,0,2,2,0,4,2,0,1,0,0,0,0,0,0
69700,9972,2700,23,18,1,1,2,0,2,0,0,0,0,0,0,0,0,0
69800,9962,2427,28,10,1,2,5,3,4,0,0,0,0,0,0,0,0,0
69900,9966,2459,27,13,1,2,3,1,1,1,2,1,0,0,0,0,0,0
70000,9951,2908,41,11,3,1,1,7,4,2,0,2,0,0,0,0,0,0
70100,9953,2731,42,11,1,3,3,0,1,0,0,0,0,0,0,0,0,0
70200,9956,2640,42,82,0,0,0,0,1,1,1,2,0,0,0,0,0,0
70300,9954,3107,40,50,3,3,1,2,2,1,0,0,0,0,0,0,0,0
70400,9950,3245,41,7,3,3,1,1,2,2,2,1,1,0,0,0,0,0
70500,9942,3065,41,11,4,0,6,2,6,0,1,1,0,0,0,0,0,0
70600,9949,3175,40,11,1,0,6,1,4,0,0,0,0,0,0,0,0,0
70700,9951,3063,44,10,0,0,3,0,1,4,0,1,1,0,0,0,0,0
70800,9946,2848,44,5,4,1,1,2,5,2,0,0,0,0,0,0,0,0
70900,9949,2718,42,3,3,1,1,0,4,3,1,0,0,0,0,0,0,0
71000,9946,3316,41,8,5,1,3,0,4,3,1,1,0,0,0,0,0,0
71100,9941,3319,41,6,6,0,8,0,2,0,2,0,0,0,0,0,0,0
71200,9956,3151,40,0,1,1,2,1,0,0,1,0,0,0,0,0,0,0
71300,9946,2658,45,5,1,1,4,0,4,1,0,1,0,0,0,0,0,0
71400,9948,2767,44,8,3,1,2,0,3,1,0,1,0,0,0,0,0,0
71500,9956,2808,32,7,4,0,4,0,3,3,1,0,0,0,0,0,0,0
71600,9971,2998,18,1,3,2,2,0,4,2,2,0,0,0,0,0,0,0
71700,9976,2851,15,2,2,1,3,0,0,0,4,0,0,0,0,0,0,0
71800,9976,2826,13,5,4,0,6,1,1,0,0,0,0,0,0,0,0,0
71900,9976,3256,12,10,6,1,3,2,2,0,1,0,0,0,0,0,0,0
72000,9989,3092,7,21,0,0,2,0,2,0,0,0,0,0,0,0,0,0
72100,9988,3102,1,11,3,2,2,2,5,0,1,0,0,0,0,0,0,0
72200,9994,2903,0,5,4,0,0,1,1,2,1,0,0,0,0,0,0,0
72300,9995,2543,0,2,2,1,0,1,0,1,3,0,0,0,0,0,0,0
72400,9996,2576,0,8,0,2,2,2,2,0,0,1,0,0,0,0,0,0
72500,9997,2285,0,15,0,1,1,0,1,1,1,0,0,0,0,0,0,0
72600,9992,2770,0,10,5,2,1,0,2,0,0,0,0,0,0,0,0,0
72700,9991,3039,0,4,0,0,4,0,5,1,0,0,0,0,0,0,0,0
72800,9981,3077,5,19,2,2,8,3,3,0,1,0,0,0,0,0,0,0
72900,9966,3459,21,11,3,1,6,1,4,5,0,0,0,0,0,0,0,0
73000,9970,2986,19,13,3,1,4,2,2,5,2,0,0,0,0,0,0,0
73100,9968,2428,24,13,1,1,4,0,2,0,1,0,0,0,0,0,0,0
73200,9961,2420,27,21,1,1,8,0,3,1,0,0,0,0,0,0,0,0
73300,9968,2289,18,28,4,1,8,0,2,2,0,0,0,0,0,0,0,0
73400,9971,2585,19,17,1,1,6,0,2,3,1,0,0,0,0,0,0,0
73500,9969,2379,20,22,3,0,6,0,2,1,0,0,0,0,0,0,0,0
73600,9969,2080,18,5,4,3,7,1,0,0,2,0,0,0,0,0,0,0
73700,9966,2109,19,0,1,1,5,2,5,1,3,0,1,0,0,0,0,0
73800,9948,2420,41,0,1,0,4,1,4,0,2,1,0,0,0,0,0,0
73900,9945,2734,43,0,3,1,5,0,4,0,0,0,0,0,0,0,0,0
74000,9937,3117,50,3,3,0,5,0,4,0,1,0,0,0,0,0,0,0
74100,9944,3268,45,2,2,0,7,1,1,1,1,1,0,0,0,0,0,0
74200,9895,3434,39,2,3,0,60,1,1,1,2,1,0,0,0,0,0,0
74300,9885,3635,40,1,3,0,69,0,2,1,1,0,0,0,0,0,0,0
74400,9887,3315,35,2,4,0,70,0,2,0,2,1,0,0,0,0,0,0
74500,9887,3300,33,2,2,0,74,0,4,1,0,0,0,0,0,0,0,0
74600,9901,3690,24,7,2,0,73,0,0,1,0,1,0,0,0,0,0,0
74700,9882,3827,24,2,18,1,72,2,3,1,1,1,0,0,0,0,0,0
74800,9878,3203,24,4,23,0,72,1,2,0,1,0,0,0,0,0,0,0
74900,9860,3202,39,9,21,0,73,0,5,0,2,0,0,0,0,0,0,0
75000,9861,2671,39,4,25,0,72,0,3,0,0,0,0,0,0,0,0,0
75100,9854,2110,51,3,23,1,72,1,0,0,0,0,0,0,0,0,0,0
75200,9837,2224,61,2,22,0,74,0,4,1,2,0,0,0,0,0,0,0
75300,9853,2336,47,0,25,0,71,1,2,0,2,0,0,0,0,0,0,0
75400,9816,3509,82,0,23,0,74,0,5,0,0,0,0,0,0,0,0,0
75500,9784,3814,135,0,3,0,73,1,4,0,1,0,0,0,0,0,0,0
75600,9790,3120,132,4,1,1,74,0,3,1,0,0,0,0,0,0,0,0
75700,9770,3139,147,0,6,0,73,1,3,2,1,0,0,0,0,0,0,0
75800,9792,3289,122,2,2,1,76,1,4,1,4,0,0,0,0,0,0,0
75900,9801,3159,122,4,1,2,72,0,3,1,1,0,0,0,0,0,0,0
76000,9815,2487,110,12,3,0,71,0,1,1,0,0,0,0,0,0,0,0
76100,9825,2174,100,4,0,3,71,1,4,1,0,2,0,0,0,0,0,0
76200,9819,2318,98,2,1,2,74,0,5,3,3,0,0,0,0,0,0,0
76300,9846,2091,79,1,2,0,72,0,1,1,0,1,0,0,0,0,0,0
76400,9849,1938,72,0,3,0,72,0,3,1,1,0,0,0,0,0,0,0
76500,9836,2598,84,7,1,0,72,0,3,0,4,0,0,0,0,0,0,0
76600,9837,2947,88,8,2,0,71,0,2,0,0,0,0,0,0,0,0,0
76700,9919,2781,71,11,1,0,5,0,1,0,3,0,0,0,0,0,0,0
76800,9929,2462,51,16,5,1,7,1,6,0,2,0,0,0,0,0,0,0
76900,9935,2140,53,13,2,0,7,1,1,0,2,0,0,0,0,0,0,0
77000,9940,2040,50,0,2,0,6,0,1,1,1,0,0,1,0,0,0,0
77100,9952,2004,40,4,3,2,3,0,2,1,0,0,0,0,0,0,0,0
77200,9958,1894,32,4,1,0,4,0,4,1,1,1,0,0,0,0,0,0
77300,9947,2019,45,4,0,0,5,0,3,0,0,0,0,0,0,0,0,0
77400,9907,2259,80,4,3,8,10,3,0,0,0,0,0,0,0,0,0,0
77500,9916,2381,71,8,5,12,4,5,3,0,0,0,1,0,0,0,0,0
77600,9935,2394,57,23,0,9,6,4,1,1,1,0,0,0,0,0,0,0
77700,9930,2392,60,9,0,2,8,0,1,0,1,0,0,0,0,0,0,0
77800,9923,2175,57,3,8,1,12,0,0,3,0,0,0,0,0,0,0,0
77900,9934,2155,58,0,1,1,5,2,1,0,1,0,0,0,0,0,0,0
78000,9934,2280,60,4,1,0,3,0,1,1,1,0,0,0,0,0,0,0
78100,9930,2305,57,2,1,1,5,1,5,1,2,2,0,0,0,0,0,0
78200,9932,2062,59,7,1,2,7,0,1,0,0,0,0,0,0,0,0,0
78300,9935,1974,57,4,1,0,4,1,2,0,1,0,0,0,0,0,0,0
78400,9928,2015,58,3,2,2,7,3,5,1,0,1,0,0,0,0,0,0
78500,9928,2149,60,1,3,0,3,0,5,0,1,0,0,0,0,0,0,0
78600,9933,2672,58,4,2,0,2,1,2,0,3,0,0,0,0,0,0,0
78700,9939,2622,57,3,3,0,1,1,0,1,0,0,0,0,0,0,0,0
78800,9907,2309,87,4,1,1,3,1,1,1,1,0,0,0,0,0,0,0
78900,9872,2750,118,1,3,0,2,0,5,0,0,0,0,0,0,0,0,0
79000,9822,2340,175,4,0,1,2,0,1,1,0,0,0,0,0,0,0,0
79100,9809,1706,184,12,2,1,1,0,2,0,2,1,0,0,0,0,0,0
79200,9777,1913,217,15,1,2,1,0,1,2,3,0,0,0,0,0,0,0
79300,9768,1861,223,10,3,1,2,1,4,2,0,0,0,0,0,0,0,0
79400,9780,2209,215,16,3,1,0,3,1,3,1,1,0,0,0,0,0,0
79500,9780,2111,217,0,0,1,0,0,2,0,1,0,0,0,0,0,0,0
79600,9767,2134,230,0,0,0,2,2,1,2,0,1,0,0,0,0,0,0
79700,9810,2146,179,1,4,1,3,0,4,3,0,0,0,0,0,0,0,0
79800,9814,2287,178,3,2,2,5,2,1,1,0,0,0,0,0,0,0,0
79900,9805,3067,181,1,3,1,6,0,3,0,2,0,0,0,0,0,0,0
80000,9805,3305,182,0,0,0,13,2,0,0,0,2,0,0,0,0,0,0
80100,9806,2988,183,2,2,1,5,2,4,0,0,1,0,0,0,0,0,0
80200,9799,2856,187,5,2,0,7,0,3,0,2,0,0,0,0,0,0,0
80300,9802,2980,182,0,4,0,7,0,2,0,3,0,0,0,0,0,0,0
80400,9772,2579,216,2,2,0,9,3,1,0,0,0,0,0,0,0,0,0
80500,9750,2521,236,7,3,1,8,0,1,0,2,0,0,0,0,0,0,0
80600,9753,2636,235,5,2,0,8,0,2,0,0,0,0,0,0,0,0,0
80700,9751,3101,240,27,2,0,6,0,1,0,0,0,0,0,0,0,0,0
80800,9757,3052,231,23,3,4,8,1,0,1,1,0,0,0,0,0,0,0
80900,9782,3213,204,4,2,0,9,1,3,0,0,0,0,0,0,0,0,0
81000,9859,2549,132,18,2,1,6,1,0,1,1,0,0,0,0,0,0,0
81100,9871,2322,115,2,3,0,7,0,3,1,1,0,0,0,0,0,0,0
81200,9871,2701,116,1,1,2,6,2,4,1,2,0,0,0,0,0,0,0
81300,9871,2816,117,3,1,0,8,0,1,0,2,0,0,0,0,0,0,0
81400,9865,2836,115,24,3,0,11,0,3,0,3,0,0,0,0,0,0,0
81500,9874,2715,114,36,4,1,5,0,1,0,2,0,0,0,0,0,0,0
81600,9869,2228,117,33,2,1,8,1,3,0,1,0,0,0,0,0,0,0
81700,9869,2036,121,32,2,1,5,0,2,1,1,0,0,0,0,0,0,0
81800,9854,2137,131,15,0,0,7,1,4,1,3,1,1,0,0,0,0,0
81900,9842,2237,142,9,2,0,8,3,5,2,1,0,0,0,0,0,0,0
82000,9845,2033,140,9,0,1,12,0,3,2,0,1,0,0,0,0,0,0
82100,9799,2101,185,13,2,1,10,0,3,0,1,0,0,0,0,0,0,0
82200,9791,2843,196,24,2,0,6,0,5,0,0,0,0,0,0,0,0,0
82300,9798,2919,180,12,9,0,10,0,3,0,0,0,0,0,0,0,0,0
82400,9809,2767,179,2,1,1,8,2,1,1,2,0,0,0,0,0,0,0
82500,9807,2983,181,2,2,1,8,5,1,1,1,2,0,0,0,0,0,0
82600,9811,2674,180,7,1,1,5,0,2,0,1,1,0,0,0,0,0,0
82700,9806,3196,180,24,4,4,5,0,5,0,0,0,0,0,0,0,0,0
82800,9808,2893,180,13,3,17,6,1,2,0,1,1,0,0,0,0,0,0
82900,9806,2695,179,11,5,11,6,0,3,1,1,0,0,0,0,0,0,0
83000,9805,2837,183,6,1,9,8,1,2,0,1,0,0,0,0,0,0,0
83100,9806,3051,184,5,1,7,7,3,2,4,0,0,0,0,0,0,0,0
83200,9805,2944,183,1,4,7,6,2,1,0,1,2,0,0,0,0,0,0
83300,9803,2861,184,6,3,7,8,0,2,0,0,0,0,0,0,0,0,0
83400,9774,2618,217,13,1,5,7,0,1,0,0,0,0,0,0,0,0,0
83500,9751,3148,235,11,3,11,6,7,4,1,1,0,0,0,0,0,0,0
83600,9755,2659,235,19,2,15,5,5,3,1,0,0,0,0,0,0,0,0
83700,9803,2507,186,13,3,18,5,6,3,1,0,0,0,0,0,0,0,0
83800,9813,2899,176,17,3,20,7,5,1,1,0,0,0,0,0,0,0,0
83900,9810,3522,175,58,1,10,8,9,6,0,0,0,0,0,0,0,0,0
84000,9805,3445,185,12,1,16,6,14,2,0,1,0,0,0,0,0,0,0
84100,9798,2740,191,12,1,31,7,9,3,1,0,0,0,0,0,0,0,0
84200,9798,2595,189,8,3,37,7,3,3,1,0,1,0,0,0,0,0,0
84300,9801,3101,186,6,2,30,7,6,4,3,0,1,0,0,0,0,0,0
84400,9805,3372,186,4,1,26,6,1,0,5,2,0,0,0,0,0,0,0
84500,9802,3866,189,13,0,31,8,1,0,1,1,0,0,0,0,0,0,0
84600,9800,3271,189,2,0,26,8,0,3,1,0,2,0,0,0,0,0,0
84700,9800,2736,189,9,2,20,6,4,2,7,1,0,0,0,0,0,0,0
84800,9795,2875,192,8,3,23,6,4,4,1,0,0,0,0,0,0,0,0
84900,9799,2974,190,3,1,23,6,0,2,1,2,0,0,0,0,0,0,0
85000,9803,2812,192,7,0,23,2,1,1,1,2,0,0,0,0,0,0,0
85100,9758,2994,230,9,3,23,3,0,6,0,0,0,0,0,0,0,0,0
85200,9737,2612,247,21,0,35,5,2,11,0,0,0,0,0,0,0,0,0
85300,9794,2381,197,9,1,22,0,2,7,0,1,0,0,0,0,0,0,0
85400,9767,2586,230,16,0,25,2,2,0,0,1,1,0,0,0,0,0,0
85500,9749,2563,246,14,1,30,0,9,3,0,1,0,0,0,0,0,0,0
85600,9746,2806,249,12,1,24,1,3,2,0,1,1,0,0,0,0,0,0
85700,9757,2783,228,17,2,21,8,0,5,1,0,0,0,1,0,0,0,0
85800,9807,2891,182,15,1,18,7,0,1,0,2,0,0,0,0,0,0,0
85900,9810,2552,182,10,1,24,5,2,1,1,1,0,0,0,0,0,0,0
86000,9805,2100,184,7,2,21,3,0,4,0,2,1,0,0,0,0,0,0
86100,9769,2007,217,10,3,22,6,1,3,0,1,0,1,0,0,0,0,0
86200,9750,1946,240,10,2,17,4,0,3,0,1,0,0,0,0,0,0,0
86300,9739,2351,250,6,0,18,6,0,0,0,5,0,0,0,0,0,0,0
86400,9747,2266,247,4,0,18,4,0,1,0,1,0,0,1,0,0,0,0
86500,9794,1851,195,7,1,19,6,1,2,0,2,1,0,0,0,0,0,0
86600,9852,1695,129,11,3,22,8,0,6,1,2,0,0,0,0,0,0,0
86700,9857,1732,130,9,1,24,5,1,5,0,2,0,0,0,0,0,0,0
86800,9860,1560,129,7,1,9,4,1,3,0,3,0,0,0,0,0,0,0
86900,9853,1772,131,13,0,2,12,0,3,0,1,0,0,0,0,0,0,0
87000,9819,1702,165,17,2,0,12,0,0,0,2,0,0,0,0,0,0,0
87100,9795,1681,183,14,1,2,10,0,8,0,3,0,0,0,0,0,0,0
87200,9779,1960,204,5,5,4,8,0,2,0,2,0,0,0,0,0,0,0
87300,9766,2555,222,1,0,0,7,0,2,3,3,0,0,0,0,0,0,0
87400,9765,2575,224,4,1,1,7,0,1,1,2,0,0,0,0,0,0,0
87500,9780,2272,209,14,0,0,5,0,2,0,4,0,0,0,0,0,0,0
87600,9780,2219,206,74,2,1,6,1,5,0,1,0,0,0,0,0,0,0
87700,9775,2287,212,4,2,1,6,0,5,0,0,1,0,0,0,0,0,0
87800,9760,2223,232,13,2,0,1,4,2,0,3,0,0,0,0,0,0,0
87900,9760,2024,231,12,3,0,3,0,2,0,1,0,0,0,0,0,0,0
88000,9746,2167,238,4,2,1,4,1,7,3,3,0,0,0,0,0,0,0
88100,9692,2506,300,2,1,0,3,0,3,2,1,0,0,0,0,0,0,0
88200,9632,2905,352,3,1,0,3,0,7,0,5,1,0,0,0,0,0,0
88300,9646,2805,346,73,2,1,1,0,2,2,3,0,0,1,0,0,0,0
88400,9671,3239,325,15,1,0,0,1,1,0,2,0,0,0,0,0,0,0
88500,9650,3217,345,6,0,0,1,0,2,3,2,0,0,0,0,0,0,0
88600,9708,3018,283,2,2,0,3,0,3,1,1,0,0,0,0,0,0,0
88700,9625,2871,367,2,1,1,1,1,3,2,3,0,0,0,0,0,0,0
88800,9609,2907,385,20,0,1,2,2,4,1,0,0,0,0,0,0,0,0
88900,9609,3045,387,0,1,1,2,0,1,0,0,0,0,0,0,0,0,0
89000,9613,2906,377,0,3,0,5,0,2,0,0,0,0,0,0,0,0,0
89100,9638,3331,356,4,1,0,1,1,3,1,1,0,0,0,0,0,0,0
89200,9649,3746,350,2,0,0,1,0,0,0,0,0,0,0,0,0,0,0
89300,9675,3762,316,55,2,0,5,0,2,0,0,0,0,0,0,0,0,0
89400,9650,3558,343,10,2,0,2,1,3,0,0,0,0,0,0,0,0,0
89500,9674,3575,318,2,3,1,2,1,3,4,0,0,0,0,0,0,0,0
89600,9670,3544,322,5,3,0,5,2,0,1,0,1,0,0,0,0,0,0
89700,9650,4074,341,73,3,0,0,1,3,0,3,1,0,0,0,0,0,0
89800,9625,3593,366,27,3,2,0,1,4,3,2,1,0,0,0,0,0,0
89900,9615,2816,377,9,3,3,0,1,5,0,0,0,0,0,0,0,0,0
90000,9586,2630,410,1,2,0,0,1,2,1,0,0,0,0,0,0,0,0
90100,9527,2821,467,0,2,1,1,0,2,0,1,0,0,0,0,0,0,0
90200,9551,2587,439,15,5,0,1,0,4,1,0,1,0,0,0,0,0,0
90300,9577,2523,413,30,3,0,1,0,4,0,2,0,0,0,0,0,0,0
90400,9593,2483,402,2,2,2,0,1,1,1,2,0,0,0,0,0,0,0
90500,9610,2740,382,1,3,1,1,0,4,1,0,0,0,0,0,0,0,0
90600,9630,2954,363,2,1,1,4,0,1,2,1,0,0,0,0,0,0,0
90700,9634,2659,363,2,0,0,0,0,2,0,1,0,0,0,0,0,0,0
90800,9560,3380,432,4,3,0,1,0,1,0,3,0,0,0,0,0,0,0
90900,9535,4147,452,5,4,0,2,3,5,0,2,0,0,0,0,0,0,0
91000,9534,3595,455,0,5,1,3,1,2,0,1,0,0,0,0,0,0,0
91100,9527,2947,468,2,2,0,0,0,3,1,0,0,0,0,0,0,0,0
91200,9531,3100,461,7,2,1,3,2,3,0,0,1,0,0,0,0,0,0
91300,9523,2852,475,11,2,0,0,10,0,2,0,0,0,0,0,0,0,0
91400,9475,2818,508,1,5,1,4,2,8,0,0,1,0,0,0,0,0,0
91500,9463,2694,534,0,0,4,0,0,1,1,2,0,0,0,0,0,0,0
91600,9379,3608,607,4,4,0,7,2,3,1,0,0,0,0,0,0,0,0
91700,9338,3503,657,1,0,0,0,0,5,0,0,1,0,0,0,0,0,0
91800,9371,3433,622,0,0,1,4,1,0,1,3,0,0,0,0,0,0,0
91900,9496,2995,496,2,2,4,3,0,3,0,0,1,0,0,0,0,0,0
92000,9521,2318,469,9,3,1,5,1,1,3,1,0,0,0,0,0,0,0
92100,9514,2085,479,0,2,2,2,1,3,0,0,0,0,0,0,0,0,0
92200,9483,2123,506,37,3,3,3,0,1,1,4,1,0,0,0,0,0,0
92300,9476,2243,519,16,2,2,2,0,1,0,0,1,0,0,0,0,0,0
92400,9489,2643,500,3,1,0,5,0,4,0,1,1,0,0,0,0,0,0
92500,9493,2772,493,0,3,0,4,1,6,0,1,0,0,0,0,0,0,0
92600,9479,2852,511,5,3,1,1,2,1,0,2,0,3,0,0,0,0,0
92700,9473,2462,517,3,3,0,6,10,0,0,1,0,0,0,0,0,0,0
92800,9523,2377,468,0,1,0,4,7,4,3,0,0,0,0,0,0,0,0
92900,9466,2640,515,9,3,0,5,5,6,1,5,0,0,0,0,0,0,0
93000,9420,2694,571,0,2,0,1,0,3,1,3,0,0,0,0,0,0,0
93100,9457,2537,536,0,3,0,2,0,0,0,2,0,0,0,0,0,0,0
93200,9477,2374,517,0,2,1,0,2,3,2,1,0,0,0,0,0,0,0
93300,9469,2383,523,2,1,0,1,0,4,0,2,0,0,0,0,0,0,0
93400,9407,2690,585,0,2,1,2,0,4,2,0,0,0,0,0,0,0,0
93500,9443,2672,553,5,2,0,1,0,1,1,0,0,0,0,0,0,0,0
93600,9439,2623,555,13,2,0,1,0,3,0,0,0,0,0,0,0,0,0
93700,9353,3001,637,4,4,0,0,1,6,1,0,0,0,0,0,0,0,0
93800,9353,2910,634,10,7,1,3,0,3,1,0,0,0,0,0,0,0,0
93900,9405,2665,587,10,5,0,0,2,2,0,1,0,0,0,0,0,0,0
94000,9499,2937,488,5,5,1,2,1,6,0,0,0,0,0,0,0,0,0
94100,9476,3022,517,4,2,1,1,0,4,0,0,0,0,0,0,0,0,0
94200,9499,2786,495,18,2,2,2,0,2,1,0,0,0,0,0,0,0,0
94300,9479,2767,503,6,2,4,12,3,3,1,1,0,0,0,0,0,0,0
94400,9503,2934,481,5,7,0,3,0,6,0,0,0,0,0,0,0,0,0
94500,9548,3004,439,8,5,0,3,2,5,0,0,0,0,0,0,0,0,0
94600,9520,3156,467,8,4,1,1,2,8,0,0,0,0,0,0,0,0,0
94700,9573,2875,414,0,9,1,0,0,3,0,1,0,0,0,0,0,0,0
94800,9565,2735,418,9,6,0,4,0,5,0,2,0,0,0,0,0,0,0
94900,9567,2586,425,10,6,1,0,0,1,1,1,0,0,0,0,0,0,0
95000,9571,2913,418,11,8,0,2,1,1,0,0,0,0,0,0,0,0,0
95100,9479,2950,514,7,5,0,1,0,1,0,0,0,0,0,0,0,0,0
95200,9457,2992,533,1,6,0,0,0,4,1,0,0,0,0,0,0,0,0
95300,9384,2811,606,5,6,0,2,2,1,0,1,1,0,0,0,0,0,0
95400,9344,2832,646,8,6,0,3,1,1,1,0,0,0,0,0,0,0,0
95500,9348,2917,643,6,7,0,1,0,1,0,0,0,0,0,0,0,0,0
95600,9391,2953,595,28,8,0,2,0,3,0,1,0,0,0,0,0,0,0
95700,9410,2612,583,33,6,2,0,0,0,2,1,0,0,0,0,0,0,0
95800,9443,2979,548,55,6,1,0,0,1,0,2,0,0,0,0,0,0,0
95900,9420,2924,568,56,8,0,1,3,3,2,0,0,0,0,0,0,0,0
96000,9234,3470,750,37,7,0,5,0,4,0,0,0,0,0,0,0,0,0
96100,9226,3248,765,22,5,0,1,0,2,0,1,0,0,0,0,0,0,0
96200,9223,2811,768,6,4,0,3,1,0,1,2,1,0,0,0,0,0,0
96300,9216,3033,771,4,8,0,3,0,2,0,0,0,0,0,0,0,0,0
96400,9316,2730,665,2,9,1,6,1,2,3,2,0,0,0,0,0,0,0
96500,9403,2446,586,1,5,0,2,2,3,0,1,0,0,0,0,0,0,0
96600,9453,2527,534,1,5,0,1,2,7,0,0,1,0,0,0,0,0,0
96700,9557,2651,424,5,5,1,7,0,3,0,4,0,0,0,0,0,0,0
96800,9580,2461,407,3,6,0,2,0,2,0,3,0,0,0,0,0,0,0
96900,9562,2871,423,2,7,3,2,0,5,0,1,0,0,0,0,0,0,0
97000,9542,3281,440,2,5,0,5,0,6,0,2,0,0,0,0,0,0,0
97100,9505,2905,481,4,6,0,6,0,2,0,0,0,0,0,0,0,0,0
97200,9487,2956,499,1,8,0,3,3,1,0,2,1,0,0,0,0,0,0
97300,9452,3051,535,2,7,1,4,0,0,0,2,2,0,0,0,0,0,0
97400,9468,2773,518,5,5,1,8,0,1,3,0,1,0,0,0,0,0,0
97500,9533,3384,450,2,7,1,5,1,4,3,1,0,0,0,0,0,0,0
97600,9549,3446,436,11,6,0,8,0,1,1,0,0,0,0,0,0,0,0
97700,9559,2901,427,2,8,0,2,1,4,1,0,0,0,0,0,0,0,0
97800,9550,2679,430,4,7,0,8,0,2,0,3,0,0,0,0,0,0,0
97900,9542,2666,444,13,7,0,6,1,1,0,0,0,0,0,0,0,0,0
98000,9536,2661,446,9,8,1,8,0,2,0,0,1,0,0,0,0,0,0
98100,9491,3278,491,1,9,0,5,2,3,2,1,0,0,0,0,0,0,0
98200,9492,3345,490,7,5,0,6,2,5,1,2,0,0,0,0,0,0,0
98300,9496,2770,487,1,1,1,9,0,3,0,4,0,0,0,0,0,0,0
98400,9504,2810,484,3,1,2,6,3,5,2,0,0,0,0,0,0,0,0
98500,9491,3456,487,0,5,1,12,2,4,0,1,0,0,0,0,0,0,0
98600,9523,3375,463,12,3,3,10,0,1,3,0,0,0,0,0,0,0,0
98700,9591,3071,390,31,3,1,9,1,2,0,5,0,0,0,0,0,0,0
98800,9600,2747,386,31,1,0,10,0,3,1,0,1,0,0,0,0,0,0
98900,9618,2760,374,5,3,0,0,2,5,1,0,0,0,0,0,0,0,0
99000,9700,2603,288,2,2,1,6,1,2,1,2,0,0,0,0,0,0,0
99100,9717,2486,264,0,5,0,8,1,3,0,3,1,0,0,0,0,0,0
99200,9726,2519,264,2,1,1,6,0,2,0,1,0,0,0,0,0,0,0
99300,9722,2317,266,0,2,0,3,2,5,0,2,1,0,0,0,0,0,0
99400,9717,2793,270,0,3,0,7,10,2,0,1,0,0,0,0,0,0,0
99500,9706,3157,276,3,5,0,7,2,4,0,2,0,0,0,0,0,0,0
99600,9737,3154,253,1,2,2,4,0,3,1,1,0,0,0,0,0,0,0
99700,9770,3000,219,12,0,0,7,1,3,1,1,1,0,0,0,0,0,0
99800,9771,2342,214,7,5,0,7,0,3,1,0,0,0,0,0,0,0,0
99900,9829,2461,160,2,2,1,3,0,4,4,2,0,0,0,0,0,0,0
100000,9812,2577,171,2,4,0,4,0,8,0,1,2,0,0,0,0,0,0
