update,host_task_NOT,sym_task_NOT,host_task_NAND,sym_task_NAND,host_task_AND,sym_task_AND,host_task_ORN,sym_task_ORN,host_task_OR,sym_task_OR,host_task_ANDN,sym_task_ANDN,host_task_NOR,sym_task_NOR,host_task_XOR,sym_task_XOR,host_task_EQU,sym_task_EQU
0,0,0,0,0,0,0,0,0,0,0,0,0,0,0,0,0,0,0
100,10002,0,0,0,0,0,0,0,0,0,0,0,0,0,0,0,0,0
200,9993,0,0,0,2,0,1,0,2,0,2,0,0,0,0,0,0,0
300,9991,0,0,0,3,0,0,0,3,0,3,0,0,0,0,0,0,0
400,9996,0,0,0,0,0,1,0,2,0,1,0,0,0,0,0,0,0
500,9997,0,0,0,2,0,1,0,0,0,0,0,0,0,0,0,0,0
600,9986,0,4,0,2,0,2,0,4,0,2,0,0,0,0,0,0,0
700,9987,0,4,0,5,0,0,0,2,0,2,0,0,0,0,0,0,0
800,9991,0,5,0,1,0,1,0,0,0,2,0,0,0,0,0,0,0
900,9987,0,4,0,5,0,0,0,3,0,1,0,0,0,0,0,0,0
1000,9985,0,5,0,4,0,4,0,2,0,0,0,0,0,0,0,0,0
1100,9988,0,4,0,4,0,1,0,2,0,1,0,0,0,0,0,0,0
1200,9989,0,7,0,0,0,1,0,3,0,0,0,0,0,0,0,0,0
1300,9982,0,6,0,2,0,1,0,7,0,2,0,0,0,0,0,0,0
1400,9987,0,5,0,1,0,4,0,2,0,1,0,0,0,0,0,0,0
1500,9989,0,6,0,2,0,0,0,3,0,0,0,0,0,0,0,0,0
1600,9987,0,6,0,3,0,1,0,2,0,1,0,0,0,0,0,0,0
1700,9979,0,12,0,1,0,3,0,4,0,1,0,0,0,0,0,0,0
1800,9980,0,14,0,1,0,1,0,3,0,1,0,0,0,0,0,0,0
1900,9980,0,12,0,1,0,2,0,2,0,3,0,0,0,0,0,0,0
2000,9979,0,12,0,1,0,3,0,4,0,1,0,0,0,0,0,0,0
2100,9980,0,12,0,0,0,3,0,4,0,1,0,0,0,0,0,0,0
2200,9980,0,12,0,2,0,3,0,3,0,0,0,0,0,0,0,0,0
2300,9976,0,12,0,3,0,5,0,3,0,1,0,0,0,0,0,0,0
2400,9974,0,13,0,4,0,4,0,4,0,1,0,0,0,0,0,0,0
2500,9981,0,13,0,2,0,0,0,4,0,0,0,0,0,0,0,0,0
2600,9979,0,16,0,1,0,2,0,2,0,0,0,0,0,0,0,0,0
2700,9975,0,14,0,1,0,3,0,5,0,2,0,0,0,0,0,0,0
2800,9980,0,14,0,1,0,3,0,2,0,0,0,0,0,0,0,0,0
2900,9979,0,18,0,0,0,2,0,1,0,0,0,0,0,0,0,0,0
3000,9973,0,14,0,2,0,4,0,5,0,2,0,0,0,0,0,0,0
3100,9980,0,13,0,0,0,4,0,1,0,2,0,0,0,0,0,0,0
3200,9969,0,17,0,2,0,7,0,2,0,3,0,0,0,0,0,0,0
3300,9976,0,14,0,1,0,2,0,3,0,4,0,0,0,0,0,0,0
3400,9979,0,13,0,3,0,1,0,3,0,1,0,0,0,0,0,0,0
3500,9971,0,16,0,3,0,6,0,3,0,1,0,0,0,0,0,0,0
3600,9975,0,14,0,1,0,8,0,1,0,1,0,0,0,0,0,0,0
3700,9977,0,15,0,2,0,3,0,2,0,1,0,0,0,0,0,0,0
3800,9976,0,18,0,0,0,1,0,3,0,2,0,0,0,0,0,0,0
3900,9970,0,16,0,1,0,5,0,6,0,2,0,0,0,0,0,0,0
4000,9976,0,18,0,2,0,3,0,0,0,1,0,0,0,0,0,0,0
4100,9978,0,14,0,2,0,3,0,2,0,1,0,0,0,0,0,0,0
4200,9973,0,17,0,4,0,2,0,1,0,3,0,0,0,0,0,0,0
4300,9977,0,17,0,2,0,2,0,2,0,0,0,0,0,0,0,0,0
4400,9971,0,19,0,2,0,0,0,7,0,1,0,0,0,0,0,0,0
4500,9961,0,17,0,3,0,13,0,6,0,0,0,0,0,0,0,0,0
4600,9976,0,14,0,3,0,3,0,3,0,1,0,0,0,0,0,0,0
4700,9966,0,28,0,0,0,1,0,2,0,3,0,0,0,0,0,0,0
4800,9922,0,71,0,2,0,1,0,4,0,0,0,0,0,0,0,0,0
4900,9912,0,74,0,1,0,7,0,5,0,1,0,0,0,0,0,0,0
5000,9906,0,76,0,0,0,10,0,4,0,3,0,1,0,0,0,0,0
5100,9907,0,72,0,3,0,11,0,7,0,0,0,0,0,0,0,0,0
5200,9912,0,76,0,4,0,5,0,1,0,2,0,0,0,0,0,0,0
5300,9916,0,73,0,5,0,1,0,5,0,0,0,0,0,0,0,0,0
5400,9916,0,73,0,2,0,4,0,5,0,0,0,0,0,0,0,0,0
5500,9908,0,72,0,5,0,9,0,6,0,0,0,0,0,0,0,0,0
5600,9910,0,76,0,1,0,5,0,5,0,3,0,0,0,0,0,0,0
5700,9909,0,75,0,3,0,8,0,4,0,1,0,0,0,0,0,0,0
5800,9914,0,65,0,4,0,12,0,3,0,2,0,0,0,0,0,0,0
5900,9940,0,31,0,4,0,17,0,6,0,2,0,0,0,0,0,0,0
6000,9960,0,23,0,2,0,7,0,6,0,2,0,0,0,0,0,0,0
6100,9950,0,30,0,0,0,13,0,6,0,1,0,0,0,0,0,0,0
6200,9944,0,33,0,3,0,13,0,6,0,1,0,0,0,0,0,0,0
6300,9944,0,38,0,2,0,10,0,5,0,1,0,0,0,0,0,0,0
6400,9950,0,27,0,1,0,15,0,3,0,4,0,0,0,0,0,0,0
6500,9958,0,22,0,2,0,10,0,6,0,2,0,0,0,0,0,0,0
6600,9944,0,29,0,3,0,18,0,4,0,2,0,0,0,0,0,0,0
6700,9963,0,21,0,0,0,10,0,5,0,1,0,0,0,0,0,0,0
6800,9943,0,32,0,3,0,12,0,7,0,3,0,0,0,0,0,0,0
6900,9948,0,36,0,3,0,7,0,5,0,1,0,0,0,0,0,0,0
7000,9917,0,67,0,4,0,3,0,6,0,3,0,0,0,0,0,0,0
7100,9900,0,84,0,6,0,5,0,5,0,0,0,0,0,0,0,0,0
7200,9904,0,84,0,1,0,7,0,2,0,2,0,0,0,0,0,0,0
7300,9892,0,86,0,2,0,7,0,9,0,4,0,0,0,0,0,0,0
7400,9884,0,93,0,6,0,7,0,7,0,3,0,0,0,0,0,0,0
7500,9886,0,92,0,5,0,12,0,4,0,1,0,0,0,0,0,0,0
7600,9881,0,102,0,1,0,5,0,7,0,2,0,2,0,0,0,0,0
7700,9880,0,94,0,8,0,8,0,6,0,3,0,1,0,0,0,0,0
7800,9885,0,100,0,6,0,6,0,3,0,0,0,0,0,0,0,0,0
7900,9876,0,108,0,2,0,10,0,2,0,2,0,0,0,0,0,0,0
8000,9798,0,182,0,5,0,4,0,7,0,4,0,0,0,0,0,0,0
8100,9765,0,221,0,1,0,7,0,4,0,2,0,0,0,0,0,0,0
8200,9755,0,225,0,8,0,7,0,4,0,1,0,0,0,0,0,0,0
8300,9768,0,212,0,4,0,8,0,6,0,1,0,1,0,0,0,0,0
8400,9779,0,211,0,3,0,0,0,6,0,0,0,1,0,0,0,0,0
8500,9807,0,180,0,3,0,5,0,3,0,2,0,0,0,0,0,0,0
8600,9806,0,175,0,5,0,4,0,7,0,3,0,0,0,0,0,0,0
8700,9813,0,175,0,3,0,0,0,3,0,6,0,0,0,0,0,0,0
8800,9798,0,180,0,3,0,7,0,8,0,4,0,0,0,0,0,0,0
8900,9793,0,194,0,7,0,3,0,1,0,2,0,0,0,0,0,0,0
9000,9797,0,182,0,5,0,8,0,4,0,3,0,1,0,0,0,0,0
9100,9797,0,187,0,5,0,2,0,7,0,2,0,0,0,0,0,0,0
9200,9801,0,181,0,6,0,5,0,5,0,2,0,0,0,0,0,0,0
9300,9836,0,152,0,5,0,0,0,4,0,3,0,0,0,0,0,0,0
9400,9831,0,154,0,4,0,3,0,4,0,4,0,0,0,0,0,0,0
9500,9834,0,147,0,2,0,5,0,5,0,7,0,0,0,0,0,0,0
9600,9848,0,136,0,2,0,6,0,3,0,5,0,0,0,0,0,0,0
9700,9825,0,158,0,5,0,2,0,8,0,2,0,0,0,0,0,0,0
9800,9774,0,213,0,5,0,4,0,3,0,1,0,0,0,0,0,0,0
9900,9695,0,278,0,4,0,9,0,11,0,3,0,0,0,0,0,0,0
10000,9638,0,334,0,11,0,5,0,11,0,1,0,0,0,0,0,0,0
10100,9645,0,342,0,3,0,5,0,5,0,0,0,0,0,0,0,0,0
10200,9644,0,337,0,6,0,9,0,1,0,3,0,0,0,0,0,0,0
10300,9637,0,335,0,5,0,16,0,6,0,1,0,0,0,0,0,0,0
10400,9657,0,319,0,5,0,8,0,7,0,4,0,0,0,0,0,0,0
10500,9684,0,298,0,6,0,5,0,4,0,2,0,1,0,0,0,0,0
10600,9661,0,317,0,4,0,11,0,5,0,2,0,0,0,0,0,0,0
10700,9676,0,307,0,3,0,8,0,3,0,3,0,0,0,0,0,0,0
10800,9681,0,291,0,3,0,14,0,6,0,5,0,0,0,0,0,0,0
10900,9681,0,300,0,4,0,9,0,3,0,3,0,0,0,0,0,0,0
11000,9686,0,287,0,3,0,11,0,6,0,7,0,0,0,0,0,0,0
11100,9732,0,253,0,1,0,7,0,6,0,1,0,0,0,0,0,0,0
11200,9731,0,248,0,5,0,11,0,4,0,1,0,0,0,0,0,0,0
11300,9726,0,245,0,6,0,15,0,6,0,1,0,1,0,0,0,0,0
11400,9691,0,285,0,4,0,13,0,4,0,3,0,0,0,0,0,0,0
11500,9701,0,273,0,6,0,9,0,9,0,2,0,0,0,0,0,0,0
11600,9704,0,283,0,1,0,7,0,3,0,2,0,0,0,0,0,0,0
11700,9673,0,306,0,8,0,8,0,4,0,1,0,0,0,0,0,0,0
11800,9658,0,319,0,4,0,14,0,3,0,2,0,0,0,0,0,0,0
11900,9653,0,325,0,6,0,11,0,3,0,2,0,0,0,0,0,0,0
12000,9662,0,322,0,4,0,6,0,6,0,0,0,0,0,0,0,0,0
12100,9659,0,318,0,9,0,6,0,6,0,2,0,0,0,0,0,0,0
12200,9685,0,299,0,2,0,6,0,6,0,2,0,0,0,0,0,0,0
12300,9680,0,297,0,1,0,8,0,10,0,4,0,0,0,0,0,0,0
12400,9673,0,307,0,9,0,7,0,3,0,1,0,0,0,0,0,0,0
12500,9570,0,408,0,7,0,7,0,8,0,0,0,0,0,0,0,0,0
12600,9547,0,433,0,6,0,5,0,6,0,3,0,0,0,0,0,0,0
12700,9613,0,366,0,6,0,6,0,7,0,2,0,0,0,0,0,0,0
12800,9597,0,382,0,4,0,6,0,8,0,3,0,0,0,0,0,0,0
12900,9576,0,410,0,2,0,6,0,4,0,2,0,0,0,0,0,0,0
13000,9526,0,456,0,3,0,4,0,8,0,3,0,0,0,0,0,0,0
13100,9463,0,525,0,3,0,4,0,4,0,1,0,0,0,0,0,0,0
13200,9485,0,496,0,7,0,7,0,4,0,1,0,0,0,0,0,0,0
13300,9521,0,451,0,4,0,13,0,9,0,2,0,0,0,0,0,0,0
13400,9518,0,471,0,1,0,3,0,5,0,2,0,0,0,0,0,0,0
13500,9473,0,515,0,6,0,0,0,5,0,1,0,0,0,0,0,0,0
13600,9452,0,526,0,7,0,8,0,6,0,1,0,0,0,0,0,0,0
13700,9488,0,488,0,5,0,8,0,9,0,2,0,0,0,0,0,0,0
13800,9531,0,455,0,3,0,4,0,6,0,1,0,0,0,0,0,0,0
13900,9572,0,414,0,3,0,7,0,2,0,2,0,0,0,0,0,0,0
14000,9610,0,364,0,5,0,12,0,6,0,3,0,0,0,0,0,0,0
14100,9674,0,308,0,5,0,8,0,3,0,2,0,0,0,0,0,0,0
14200,9693,0,288,0,4,0,10,0,5,0,0,0,0,0,0,0,0,0
14300,9673,0,305,0,4,0,11,0,5,0,2,0,0,0,0,0,0,0
14400,9643,0,335,0,3,0,11,0,6,0,2,0,0,0,0,0,0,0
14500,9649,0,328,0,4,0,11,0,6,0,2,0,0,0,0,0,0,0
14600,9636,0,330,0,4,0,16,0,11,0,3,0,0,0,0,0,0,0
14700,9665,0,313,0,1,0,13,0,6,0,2,0,0,0,0,0,0,0
14800,9641,0,327,0,5,0,20,0,6,0,0,0,0,0,1,0,0,0
14900,9667,0,310,0,3,0,14,0,3,0,3,0,0,0,0,0,0,0
15000,9692,0,287,0,4,0,11,0,2,0,4,0,0,0,0,0,0,0
15100,9754,0,223,0,7,0,12,0,4,0,0,0,0,0,0,0,0,0
15200,9753,0,217,0,11,0,12,0,7,0,0,0,0,0,0,0,0,0
15300,9762,0,214,0,4,0,13,0,2,0,5,0,0,0,0,0,0,0
15400,9708,0,258,0,4,0,19,0,10,0,1,0,0,0,0,0,0,0
15500,9738,0,239,0,3,0,11,0,5,0,4,0,0,0,0,0,0,0
15600,9733,0,253,0,3,0,5,0,4,0,2,0,0,0,0,0,0,0
15700,9706,0,268,0,7,0,12,0,6,0,1,0,0,0,0,0,0,0
15800,9702,0,273,0,7,0,8,0,8,0,2,0,0,0,0,0,0,0
15900,9672,0,301,0,5,0,8,0,8,0,6,0,0,0,0,0,0,0
16000,9689,0,286,0,6,0,11,0,4,0,4,0,0,0,0,0,0,0
16100,9703,0,275,0,5,0,11,0,3,0,3,0,0,0,0,0,0,0
16200,9703,0,271,0,5,0,7,0,7,0,7,0,0,0,0,0,0,0
16300,9669,0,302,0,5,0,15,0,8,0,1,0,0,0,0,0,0,0
16400,9649,0,325,0,6,0,13,0,5,0,2,0,0,0,0,0,0,0
16500,9706,0,270,0,3,0,10,0,9,0,2,0,0,0,0,0,0,0
16600,9620,0,350,0,6,0,8,0,15,0,1,0,0,0,0,0,0,0
16700,9559,0,414,0,9,0,9,0,8,0,1,0,0,0,0,0,0,0
16800,9556,0,424,0,6,0,11,0,2,0,1,0,0,0,0,0,0,0
16900,9593,0,390,0,7,0,7,0,2,0,1,0,0,0,0,0,0,0
17000,9638,0,346,0,7,0,6,0,2,0,1,0,0,0,0,0,0,0
17100,9648,0,339,0,4,0,6,0,3,0,0,0,0,0,0,0,0,0
17200,9656,0,332,0,3,0,5,0,4,0,0,0,0,0,0,0,0,0
17300,9647,0,338,0,5,0,4,0,4,0,2,0,0,0,0,0,0,0
17400,9647,0,330,0,3,0,10,0,9,0,1,0,0,0,0,0,0,0
17500,9656,0,326,0,2,0,9,0,5,0,2,0,0,0,0,0,0,0
17600,9586,0,396,0,5,0,7,0,5,0,1,0,0,0,0,0,0,0
17700,9651,0,335,0,2,0,6,0,5,0,1,0,0,0,0,0,0,0
17800,9695,0,291,0,4,0,4,0,4,0,2,0,0,0,0,0,0,0
17900,9686,0,292,0,5,0,12,0,4,0,1,0,0,0,0,0,0,0
18000,9635,0,346,0,7,0,6,0,4,0,2,0,0,0,0,0,0,0
18100,9662,0,314,0,4,0,5,0,13,0,2,0,0,0,0,0,0,0
18200,9691,0,292,0,4,0,7,0,5,0,1,0,0,0,0,0,0,0
18300,9685,0,301,0,2,0,4,0,6,0,2,0,0,0,0,0,0,0
18400,9677,0,300,0,4,0,9,0,5,0,5,0,0,0,0,0,0,0
18500,9662,0,312,0,3,0,11,0,11,0,1,0,0,0,0,0,0,0
18600,9651,0,339,0,4,0,4,0,2,0,0,0,0,0,0,0,0,0
18700,9654,0,326,0,7,0,9,0,2,0,2,0,0,0,0,0,0,0
18800,9663,0,322,0,4,0,7,0,4,0,0,0,0,0,0,0,0,0
18900,9678,0,304,0,5,0,6,0,5,0,1,0,1,0,0,0,0,0
19000,9699,0,277,0,6,0,8,0,9,0,1,0,0,0,0,0,0,0
19100,9714,0,264,0,5,0,8,0,7,0,2,0,0,0,0,0,0,0
19200,9755,0,223,0,7,0,7,0,4,0,4,0,0,0,0,0,0,0
19300,9776,0,205,0,4,0,10,0,1,0,4,0,0,0,0,0,0,0
19400,9779,0,203,0,2,0,10,0,2,0,4,0,0,0,0,0,0,0
19500,9781,0,200,0,6,0,6,0,5,0,1,0,0,0,1,0,0,0
19600,9819,0,161,0,6,0,6,0,3,0,5,0,0,0,0,0,0,0
19700,9773,0,207,0,3,0,15,0,0,0,2,0,0,0,0,0,0,0
19800,9803,0,181,0,1,0,8,0,5,0,2,0,0,0,0,0,0,0
19900,9827,0,152,0,7,0,8,0,5,0,1,0,0,0,0,0,0,0
20000,9819,0,157,0,5,0,14,0,4,0,1,0,0,0,0,0,0,0
20100,9830,0,149,0,3,0,12,0,5,0,1,0,0,0,0,0,0,0
20200,9827,0,153,0,7,0,6,0,2,0,5,0,0,0,0,0,0,0
20300,9822,0,154,0,7,0,4,0,9,0,4,0,0,0,0,0,0,0
20400,9849,0,133,0,4,0,6,0,6,0,2,0,0,0,0,0,0,0
20500,9861,0,124,0,4,0,5,0,3,0,2,0,1,0,0,0,0,0
20600,9864,0,120,0,4,0,5,0,5,0,2,0,0,0,0,0,0,0
20700,9805,0,166,0,9,0,7,0,8,0,5,0,0,0,0,0,0,0
20800,9827,0,157,0,2,0,9,0,3,0,2,0,0,0,0,0,0,0
20900,9771,0,209,0,4,0,10,0,2,0,4,0,0,0,0,0,0,0
21000,9761,0,222,0,4,0,4,0,7,0,2,0,0,0,0,0,0,0
21100,9752,0,228,0,5,0,8,0,7,0,0,0,0,0,0,0,0,0
21200,9755,0,222,0,5,0,5,0,8,0,4,0,1,0,0,0,0,0
21300,9758,0,223,0,5,0,8,0,1,0,5,0,0,0,0,0,0,0
21400,9765,0,222,0,1,0,4,0,3,0,4,0,1,0,0,0,0,0
21500,9723,0,267,0,4,0,2,0,1,0,3,0,0,0,0,0,0,0
21600,9651,0,335,0,4,0,2,0,5,0,3,0,0,0,0,0,0,0
21700,9666,0,323,0,1,0,2,0,5,0,3,0,0,0,0,0,0,0
21800,9642,0,345,0,7,0,1,0,3,0,2,0,0,0,0,0,0,0
21900,9629,0,353,0,6,0,3,0,7,0,2,0,0,0,0,0,0,0
22000,9632,0,351,0,4,0,5,0,3,0,5,0,0,0,0,0,0,0
22100,9641,0,352,0,3,0,2,0,2,0,0,0,0,0,0,0,0,0
22200,9600,0,386,0,2,0,5,0,5,0,2,0,0,0,0,0,0,0
22300,9590,0,393,0,6,0,0,0,7,0,4,0,0,0,0,0,0,0
22400,9638,0,345,0,3,0,5,0,5,0,4,0,0,0,0,0,0,0
22500,9677,0,308,0,6,0,2,0,6,0,1,0,0,0,0,0,0,0
22600,9681,0,305,0,2,0,5,0,3,0,4,0,0,0,0,0,0,0
22700,9688,0,296,0,6,0,3,0,4,0,3,0,0,0,0,0,0,0
22800,9690,0,289,0,6,0,5,0,6,0,4,0,0,0,0,0,0,0
22900,9651,0,338,0,4,0,4,0,3,0,0,0,0,0,0,0,0,0
23000,9631,0,352,0,5,0,5,0,4,0,2,0,1,0,0,0,0,0
23100,9607,0,365,0,6,0,12,0,6,0,4,0,0,0,0,0,0,0
23200,9618,0,353,0,6,0,13,0,4,0,6,0,0,0,0,0,0,0
23300,9607,0,375,0,5,0,10,0,2,0,1,0,0,0,0,0,0,0
23400,9608,0,375,0,2,0,12,0,3,0,0,0,0,0,0,0,0,0
23500,9571,0,410,0,7,0,7,0,3,0,1,0,0,0,1,0,0,0
23600,9561,0,420,0,5,0,4,0,9,0,1,0,0,0,0,0,0,0
23700,9512,0,466,0,5,0,11,0,6,0,0,0,0,0,0,0,0,0
23800,9503,0,480,0,3,0,8,0,5,0,1,0,0,0,0,0,0,0
23900,9449,0,532,0,1,0,8,0,7,0,3,0,0,0,0,0,0,0
24000,9489,0,485,0,4,0,11,0,8,0,3,0,0,0,0,0,0,0
24100,9507,0,472,0,2,0,10,0,4,0,5,0,0,0,0,0,0,0
24200,9527,0,451,0,5,0,9,0,6,0,2,0,0,0,0,0,0,0
24300,9531,0,448,0,5,0,5,0,8,0,3,0,0,0,0,0,0,0
24400,9583,0,410,0,1,0,3,0,3,0,0,0,0,0,0,0,0,0
24500,9560,0,424,0,3,0,4,0,6,0,3,0,0,0,0,0,0,0
24600,9596,0,388,0,5,0,6,0,3,0,1,0,1,0,0,0,0,0
24700,9585,0,403,0,5,0,3,0,4,0,0,0,0,0,0,0,0,0
24800,9601,0,385,0,3,0,3,0,5,0,3,0,0,0,0,0,0,0
24900,9571,0,407,0,6,0,8,0,7,0,1,0,0,0,0,0,0,0
25000,9572,0,403,0,8,0,5,0,8,0,4,0,0,0,0,0,0,0
25100,9659,0,325,0,4,0,9,0,2,0,1,0,0,0,0,0,0,0
25200,9681,0,306,0,2,0,4,0,5,0,2,0,0,0,0,0,0,0
25300,9637,0,334,0,13,0,6,0,7,0,3,0,0,0,0,0,0,0
25400,9622,0,359,0,4,0,8,0,4,0,3,0,0,0,0,0,0,0
25500,9623,0,359,0,1,0,7,0,6,0,4,0,0,0,0,0,0,0
25600,9653,0,335,0,1,0,8,0,3,0,0,0,0,0,0,0,0,0
25700,9568,0,416,0,6,0,8,0,2,0,0,0,0,0,0,0,0,0
25800,9565,0,417,0,5,0,3,0,7,0,3,0,0,0,0,0,0,0
25900,9562,0,427,0,1,0,8,0,2,0,0,0,0,0,0,0,0,0
26000,9557,0,417,0,6,0,9,0,8,0,3,0,0,0,0,0,0,0
26100,9555,0,426,0,5,0,1,0,6,0,7,0,0,0,0,0,0,0
26200,9509,0,475,0,6,0,7,0,2,0,1,0,0,0,0,0,0,0
26300,9532,0,453,0,3,0,4,0,5,0,3,0,0,0,0,0,0,0
26400,9446,0,542,0,4,0,2,0,4,0,1,0,0,0,0,0,1,0
26500,9331,0,651,0,5,0,5,0,8,0,0,0,0,0,0,0,0,0
26600,9282,0,699,0,2,0,3,0,4,0,9,0,1,0,0,0,0,0
26700,9233,0,756,0,5,0,2,0,3,0,1,0,0,0,0,0,0,0
26800,9317,0,671,0,6,0,2,0,3,0,1,0,0,0,0,0,0,0
26900,9299,0,691,0,4,0,2,0,4,0,0,0,0,0,0,0,0,0
27000,9333,0,650,0,7,0,0,0,6,0,4,0,0,0,0,0,0,0
27100,9323,0,666,0,3,0,4,0,4,0,0,0,0,0,0,0,0,0
27200,9385,0,599,0,5,0,3,0,8,0,0,0,0,0,0,0,0,0
27300,9430,0,543,0,9,0,2,0,9,0,7,0,0,0,0,0,0,0
27400,9479,0,511,0,5,0,2,0,1,0,1,0,1,0,0,0,0,0
27500,9482,0,501,0,5,0,7,0,3,0,2,0,0,0,0,0,0,0
27600,9484,0,500,0,4,0,3,0,7,0,2,0,0,0,0,0,0,0
27700,9484,0,504,0,5,0,4,0,3,0,0,0,0,0,0,0,0,0
27800,9500,0,488,0,4,0,0,0,4,0,4,0,0,0,0,0,0,0
27900,9461,0,517,0,6,0,11,0,3,0,2,0,0,0,0,0,0,0
28000,9404,0,565,0,2,0,21,0,4,0,4,0,0,0,0,0,0,0
28100,9381,0,593,0,12,0,5,0,6,0,3,0,0,0,0,0,0,0
28200,9371,0,612,0,5,0,5,0,5,0,2,0,0,0,0,0,0,0
28300,9351,0,622,0,4,0,13,0,6,0,4,0,0,0,0,0,0,0
28400,9367,0,611,0,2,0,16,0,4,0,0,0,0,0,0,0,0,0
28500,9364,0,612,0,4,0,11,0,8,0,1,0,0,0,0,0,0,0
28600,9379,0,591,0,8,0,13,0,6,0,3,0,0,0,0,0,0,0
28700,9389,0,581,0,6,0,12,0,6,0,6,0,0,0,0,0,0,0
28800,9311,0,658,0,4,0,14,0,6,0,7,0,0,0,0,0,0,0
28900,9311,0,671,0,2,0,14,0,2,0,0,0,0,0,0,0,0,0
29000,9290,0,687,0,4,0,12,0,5,0,2,0,0,0,0,0,0,0
29100,9268,0,700,0,6,0,16,0,8,0,2,0,0,0,0,0,0,0
29200,9269,0,709,0,3,0,9,0,6,0,4,0,0,0,0,0,0,0
29300,9286,0,696,0,2,0,10,0,3,0,3,0,0,0,0,0,0,0
29400,9274,0,699,0,3,0,11,0,11,0,2,0,0,0,0,0,0,0
29500,9274,0,698,0,8,0,11,0,7,0,2,0,0,0,0,0,0,0
29600,9247,0,729,0,5,0,10,0,4,0,4,0,0,0,1,0,0,0
29700,9184,0,793,0,3,0,11,0,8,0,1,0,0,0,0,0,0,0
29800,9235,0,738,0,12,0,9,0,3,0,1,0,2,0,0,0,0,0
29900,9318,0,651,0,15,0,11,0,2,0,3,0,0,0,0,0,0,0
30000,9290,0,669,0,15,0,15,0,8,0,3,0,0,0,0,0,0,0
30100,9421,0,548,0,18,0,9,0,4,0,0,0,0,0,0,0,0,0
30200,9437,0,537,0,11,0,10,0,4,0,1,0,0,0,0,0,0,0
30300,9414,0,551,0,16,0,10,0,8,0,1,0,0,0,0,0,0,0
30400,9408,0,555,0,16,0,13,0,6,0,2,0,0,0,0,0,0,0
30500,9426,0,546,0,16,0,7,0,3,0,2,0,0,0,0,0,0,0
30600,9378,0,590,0,15,0,3,0,9,0,5,0,0,0,0,0,0,0
30700,9347,0,621,0,14,0,5,0,9,0,4,0,0,0,0,0,0,0
30800,9332,0,638,0,19,0,7,0,2,0,2,0,0,0,0,0,0,0
30900,9334,0,641,0,13,0,6,0,2,0,4,0,0,0,0,0,0,0
31000,9312,0,654,0,17,0,5,0,10,0,2,0,0,0,0,0,0,0
31100,9380,0,596,0,11,0,4,0,5,0,3,0,0,0,1,0,0,0
31200,9429,0,546,0,15,0,5,0,3,0,2,0,0,0,0,0,0,0
31300,9441,0,532,0,17,0,3,0,2,0,5,0,0,0,0,0,0,0
31400,9488,0,491,0,9,0,4,0,4,0,4,0,0,0,0,0,0,0
31500,9493,0,485,0,15,0,4,0,3,0,0,0,0,0,0,0,0,0
31600,9499,0,480,0,11,0,5,0,5,0,0,0,0,0,0,0,0,0
31700,9502,0,471,0,13,0,3,0,8,0,3,0,0,0,0,0,0,0
31800,9543,0,432,0,15,0,4,0,5,0,1,0,0,0,0,0,0,0
31900,9520,0,449,0,16,0,5,0,7,0,3,0,0,0,0,0,0,0
32000,9518,0,447,0,15,0,8,0,8,0,4,0,0,0,0,0,0,0
32100,9516,0,456,0,17,0,3,0,6,0,2,0,0,0,0,0,0,0
32200,9593,0,383,0,17,0,2,0,2,0,3,0,0,0,0,0,0,0
32300,9612,0,361,0,16,0,2,0,7,0,2,0,0,0,0,0,0,0
32400,9622,0,354,0,13,0,3,0,7,0,1,0,0,0,0,0,0,0
32500,9625,0,344,0,16,0,7,0,7,0,1,0,0,0,0,0,0,0
32600,9652,0,327,0,11,0,5,0,3,0,2,0,0,0,0,0,0,0
32700,9597,0,387,0,5,0,2,0,3,0,6,0,0,0,0,0,0,0
32800,9523,0,457,0,7,0,4,0,5,0,4,0,0,0,0,0,0,0
32900,9493,0,486,0,6,0,7,0,4,0,4,0,0,0,0,0,0,0
33000,9487,0,498,0,3,0,3,0,6,0,3,0,0,0,0,0,0,0
33100,9402,0,579,0,3,0,7,0,7,0,2,0,0,0,0,0,0,0
33200,9403,0,580,0,8,0,4,0,3,0,2,0,0,0,0,0,0,0
33300,9393,0,593,0,2,0,6,0,3,0,2,0,1,0,0,0,0,0
33400,9394,0,585,0,5,0,3,0,12,0,1,0,0,0,0,0,0,0
33500,9416,0,571,0,2,0,6,0,3,0,2,0,0,0,0,0,0,0
33600,9410,0,573,0,2,0,5,0,8,0,2,0,0,0,0,0,0,0
33700,9382,0,605,0,5,0,3,0,3,0,2,0,0,0,0,0,0,0
33800,9324,0,658,0,6,0,5,0,3,0,4,0,0,0,0,0,0,0
33900,9314,0,671,0,0,0,8,0,5,0,2,0,0,0,0,0,0,0
34000,9231,0,753,0,4,0,6,0,4,0,2,0,0,0,0,0,0,0
34100,9224,0,749,0,9,0,7,0,6,0,5,0,0,0,0,0,0,0
34200,9223,0,755,0,5,0,8,0,4,0,5,0,0,0,0,0,0,0
34300,9223,0,753,0,3,0,7,0,10,0,4,0,0,0,0,0,0,0
34400,9247,0,729,0,6,0,5,0,7,0,6,0,0,0,0,0,0,0
34500,9235,0,741,0,4,0,6,0,11,0,3,0,0,0,0,0,0,0
34600,9225,0,761,0,4,0,3,0,6,0,1,0,0,0,0,0,0,0
34700,9190,0,797,0,3,0,2,0,4,0,4,0,0,0,0,0,0,0
34800,9141,0,838,0,8,0,6,0,5,0,2,0,0,0,0,0,0,0
34900,9164,0,825,0,4,0,2,0,4,0,1,0,0,0,0,0,0,0
35000,9135,0,842,0,7,0,6,0,6,0,4,0,0,0,0,0,0,0
35100,9176,0,812,0,3,0,4,0,4,0,1,0,0,0,0,0,0,0
35200,9177,0,810,0,2,0,3,0,6,0,2,0,0,0,0,0,0,0
35300,9246,0,736,0,5,0,5,0,7,0,1,0,0,0,0,0,0,0
35400,9335,0,645,0,6,0,4,0,9,0,1,0,0,0,0,0,0,0
35500,9375,0,611,0,3,0,3,0,6,0,2,0,0,0,0,0,0,0
35600,9396,0,573,0,8,0,6,0,15,0,2,0,0,0,0,0,0,0
35700,9394,0,588,0,4,0,3,0,10,0,1,0,0,0,0,0,0,0
35800,9398,0,586,0,9,0,1,0,3,0,3,0,0,0,0,0,0,0
35900,9423,0,551,0,5,0,7,0,11,0,3,0,0,0,0,0,0,0
36000,9440,0,557,0,1,0,0,0,0,0,2,0,0,0,0,0,0,0
36100,9368,0,613,0,8,0,5,0,3,0,3,0,0,0,0,0,0,0
36200,9366,0,622,0,4,0,0,0,6,0,2,0,0,0,0,0,0,0
36300,9301,0,676,0,8,0,4,0,6,0,5,0,0,0,0,0,0,0
36400,9294,0,689,0,6,0,4,0,6,0,1,0,0,0,0,0,0,0
36500,9334,0,653,0,3,0,2,0,5,0,3,0,0,0,0,0,0,0
36600,9369,0,612,0,3,0,6,0,6,0,3,0,0,0,1,0,0,0
36700,9431,0,551,0,7,0,4,0,4,0,3,0,0,0,0,0,0,0
36800,9479,0,507,0,3,0,1,0,9,0,1,0,0,0,0,0,0,0
36900,9430,0,556,0,4,0,2,0,5,0,3,0,0,0,0,0,0,0
37000,9291,0,690,0,5,0,4,0,4,0,6,0,0,0,0,0,0,0
37100,9351,0,638,0,3,0,4,0,3,0,1,0,0,0,0,0,0,0
37200,9341,0,652,0,1,0,3,0,2,0,1,0,0,0,0,0,0,0
37300,9346,0,637,0,3,0,6,0,5,0,3,0,0,0,0,0,0,0
37400,9321,0,664,0,3,0,3,0,6,0,3,0,0,0,0,0,0,0
37500,9269,0,715,0,7,0,4,0,3,0,2,0,0,0,0,0,0,0
37600,9216,0,769,0,5,0,4,0,5,0,1,0,0,0,0,0,0,0
37700,9262,0,730,0,3,0,1,0,4,0,0,0,0,0,0,0,0,0
37800,9447,0,533,0,4,0,5,0,6,0,2,0,3,0,0,0,0,0
37900,9456,0,531,0,5,0,1,0,6,0,1,0,0,0,0,0,0,0
38000,9449,0,541,0,2,0,2,0,5,0,1,0,0,0,0,0,0,0
38100,9447,0,545,0,1,0,2,0,4,0,1,0,0,0,0,0,0,0
38200,9455,0,536,0,0,0,2,0,3,0,1,0,3,0,0,0,0,0
38300,9442,0,532,0,11,0,11,0,3,0,1,0,0,0,0,0,0,0
38400,9447,0,537,0,6,0,7,0,1,0,2,0,0,0,0,0,0,0
38500,9453,0,536,0,2,0,4,0,5,0,0,0,0,0,0,0,0,0
38600,9426,0,556,0,5,0,6,0,4,0,3,0,0,0,0,0,0,0
38700,9424,0,563,0,4,0,3,0,3,0,3,0,0,0,0,0,0,0
38800,9420,0,566,0,3,0,3,0,6,0,2,0,0,0,0,0,0,0
38900,9400,0,581,0,6,0,1,0,9,0,3,0,0,0,0,0,0,0
39000,9387,0,596,0,7,0,4,0,5,0,1,0,0,0,0,0,0,0
39100,9413,0,579,0,1,0,2,0,3,0,2,0,0,0,0,0,0,0
39200,9408,0,571,0,10,0,5,0,5,0,1,0,0,0,0,0,0,0
39300,9426,0,564,0,3,0,2,0,3,0,2,0,0,0,0,0,0,0
39400,9412,0,575,0,1,0,3,0,3,0,6,0,0,0,0,0,0,0
39500,9371,0,615,0,4,0,2,0,5,0,3,0,0,0,0,0,0,0
39600,9338,0,647,0,5,0,2,0,6,0,2,0,0,0,0,0,0,0
39700,9331,0,654,0,4,0,4,0,5,0,2,0,0,0,0,0,0,0
39800,9339,0,650,0,3,0,1,0,7,0,0,0,0,0,0,0,0,0
39900,9344,0,633,0,5,0,8,0,8,0,2,0,0,0,0,0,0,0
40000,9374,0,613,0,2,0,5,0,5,0,1,0,0,0,0,0,0,0
40100,9388,0,601,0,4,0,3,0,2,0,2,0,0,0,0,0,0,0
40200,9369,0,617,0,4,0,2,0,8,0,0,0,0,0,0,0,0,0
40300,9353,0,624,0,7,0,7,0,7,0,2,0,0,0,0,0,0,0
40400,9359,0,631,0,4,0,3,0,3,0,0,0,0,0,0,0,0,0
40500,9331,0,648,0,6,0,3,0,8,0,4,0,0,0,0,0,0,0
40600,9345,0,637,0,3,0,5,0,8,0,2,0,0,0,0,0,0,0
40700,9405,0,571,0,7,0,5,0,8,0,4,0,0,0,0,0,0,0
40800,9429,0,556,0,3,0,6,0,4,0,2,0,0,0,0,0,0,0
40900,9483,0,500,0,4,0,7,0,3,0,3,0,0,0,0,0,0,0
41000,9499,0,487,0,5,0,3,0,4,0,2,0,0,0,0,0,0,0
41100,9497,0,483,0,9,0,2,0,7,0,2,0,0,0,0,0,0,0
41200,9459,0,520,0,8,0,6,0,5,0,2,0,0,0,0,0,0,0
41300,9461,0,519,0,10,0,4,0,6,0,0,0,0,0,0,0,0,0
41400,9434,0,550,0,6,0,3,0,5,0,2,0,0,0,0,0,0,0
41500,9418,0,561,0,7,0,8,0,4,0,2,0,0,0,0,0,0,0
41600,9415,0,569,0,4,0,3,0,7,0,2,0,0,0,0,0,0,0
41700,9411,0,577,0,2,0,0,0,9,0,1,0,0,0,0,0,0,0
41800,9408,0,566,0,4,0,5,0,14,0,2,0,1,0,0,0,0,0
41900,9372,0,606,0,5,0,4,0,10,0,3,0,0,0,0,0,0,0
42000,9396,0,587,0,8,0,4,0,3,0,2,0,0,0,0,0,0,0
42100,9406,0,582,0,2,0,2,0,6,0,2,0,0,0,0,0,0,0
42200,9345,0,631,0,5,0,7,0,7,0,5,0,0,0,0,0,0,0
42300,9349,0,637,0,3,0,4,0,4,0,3,0,0,0,0,0,0,0
42400,9387,0,592,0,8,0,4,0,5,0,4,0,0,0,0,0,0,0
42500,9319,0,655,0,10,0,3,0,8,0,5,0,0,0,0,0,0,0
42600,9300,0,682,0,4,0,4,0,9,0,1,0,0,0,0,0,0,0
42700,9330,0,653,0,4,0,7,0,5,0,1,0,0,0,0,0,0,0
42800,9316,0,674,0,3,0,4,0,1,0,2,0,0,0,0,0,0,0
42900,9279,0,698,0,4,0,4,0,13,0,2,0,0,0,0,0,0,0
43000,9326,0,657,0,6,0,3,0,6,0,2,0,0,0,0,0,0,0
43100,9311,0,675,0,3,0,3,0,7,0,1,0,0,0,0,0,0,0
43200,9253,0,727,0,6,0,7,0,3,0,3,0,1,0,0,0,0,0
43300,9277,0,714,0,3,0,3,0,2,0,1,0,0,0,0,0,0,0
43400,9284,0,698,0,7,0,3,0,5,0,3,0,0,0,0,0,0,0
43500,9328,0,655,0,5,0,3,0,8,0,1,0,0,0,0,0,0,0
43600,9321,0,660,0,4,0,6,0,5,0,4,0,0,0,0,0,0,0
43700,9309,0,669,0,4,0,9,0,6,0,3,0,0,0,0,0,0,0
43800,9323,0,660,0,6,0,3,0,5,0,3,0,0,0,0,0,0,0
43900,9314,0,679,0,1,0,6,0,0,0,0,0,0,0,0,0,0,0
44000,9293,0,688,0,4,0,7,0,4,0,4,0,0,0,0,0,0,0
44100,9281,0,702,0,3,0,8,0,3,0,3,0,0,0,0,0,0,0
44200,9213,0,777,0,4,0,5,0,1,0,0,0,0,0,0,0,0,0
44300,9193,0,789,0,5,0,7,0,4,0,2,0,0,0,0,0,0,0
44400,9203,0,776,0,8,0,7,0,6,0,0,0,0,0,0,0,0,0
44500,9189,0,788,0,4,0,9,0,10,0,0,0,0,0,0,0,0,0
44600,9271,0,710,0,6,0,2,0,9,0,2,0,0,0,0,0,0,0
44700,9259,0,731,0,4,0,2,0,4,0,0,0,0,0,0,0,0,0
44800,9339,0,647,0,5,0,1,0,5,0,3,0,0,0,0,0,0,0
44900,9350,0,639,0,2,0,2,0,4,0,3,0,0,0,0,0,0,0
45000,9399,0,586,0,4,0,3,0,6,0,2,0,0,0,0,0,0,0
45100,9448,0,535,0,7,0,2,0,7,0,1,0,0,0,0,0,0,0
45200,9453,0,530,0,5,0,9,0,3,0,0,0,0,0,0,0,0,0
45300,9436,0,558,0,2,0,1,0,2,0,1,0,0,0,0,0,0,0
45400,9401,0,588,0,3,0,1,0,6,0,1,0,0,0,0,0,0,0
45500,9421,0,564,0,2,0,6,0,4,0,3,0,0,0,0,0,0,0
45600,9431,0,550,0,4,0,5,0,9,0,1,0,0,0,0,0,0,0
45700,9436,0,548,0,5,0,1,0,8,0,2,0,0,0,0,0,0,0
45800,9428,0,553,0,6,0,4,0,8,0,1,0,0,0,0,0,0,0
45900,9440,0,551,0,2,0,2,0,2,0,3,0,0,0,0,0,0,0
46000,9458,0,526,0,7,0,2,0,6,0,1,0,0,0,0,0,0,0
46100,9409,0,575,0,4,0,5,0,6,0,1,0,0,0,0,0,0,0
46200,9428,0,561,0,4,0,3,0,3,0,1,0,0,0,0,0,0,0
46300,9381,0,602,0,5,0,2,0,6,0,4,0,0,0,0,0,0,0
46400,9398,0,591,0,4,0,2,0,3,0,2,0,0,0,0,0,0,0
46500,9457,0,527,0,4,0,4,0,7,0,1,0,0,0,0,0,0,0
46600,9457,0,532,0,1,0,2,0,8,0,0,0,0,0,0,0,0,0
46700,9470,0,517,0,3,0,4,0,4,0,2,0,0,0,0,0,0,0
46800,9482,0,511,0,1,0,2,0,4,0,0,0,0,0,0,0,0,0
46900,9441,0,548,0,4,0,1,0,2,0,4,0,0,0,0,0,0,0
47000,9411,0,572,0,6,0,3,0,6,0,2,0,0,0,0,0,0,0
47100,9485,0,504,0,5,0,3,0,3,0,0,0,0,0,0,0,0,0
47200,9475,0,512,0,6,0,2,0,4,0,1,0,0,0,0,0,0,0
47300,9496,0,488,0,4,0,2,0,9,0,1,0,0,0,0,0,0,0
47400,9488,0,496,0,4,0,2,0,8,0,2,0,0,0,0,0,0,0
47500,9406,0,579,0,6,0,4,0,4,0,1,0,0,0,0,0,0,0
47600,9358,0,624,0,6,0,2,0,6,0,4,0,0,0,0,0,0,0
47700,9329,0,666,0,0,0,0,0,3,0,1,0,1,0,0,0,0,0
47800,9287,0,704,0,4,0,4,0,1,0,0,0,0,0,0,0,0,0
47900,9259,0,725,0,5,0,3,0,7,0,1,0,0,0,0,0,0,0
48000,9262,0,727,0,4,0,0,0,6,0,1,0,0,0,0,0,0,0
48100,9193,0,794,0,4,0,1,0,6,0,2,0,0,0,0,0,0,0
48200,9205,0,779,0,4,0,7,0,5,0,0,0,0,0,0,0,0,0
48300,9245,0,743,0,4,0,4,0,3,0,1,0,0,0,0,0,0,0
48400,9306,0,677,0,5,0,6,0,4,0,2,0,0,0,0,0,0,0
48500,9341,0,642,0,5,0,5,0,6,0,1,0,0,0,0,0,0,0
48600,9358,0,635,0,2,0,1,0,3,0,1,0,0,0,0,0,0,0
48700,9245,0,734,0,3,0,8,0,8,0,2,0,0,0,0,0,0,0
48800,9221,0,764,0,2,0,6,0,7,0,0,0,0,0,0,0,0,0
48900,9186,0,804,0,2,0,3,0,4,0,1,0,0,0,0,0,0,0
49000,9207,0,775,0,3,0,8,0,5,0,1,0,1,0,0,0,0,0
49100,9160,0,828,0,3,0,3,0,3,0,3,0,0,0,0,0,0,0
49200,9095,0,891,0,3,0,4,0,5,0,2,0,0,0,0,0,0,0
49300,9083,0,912,0,0,0,4,0,1,0,0,0,0,0,0,0,0,0
49400,9084,0,903,0,5,0,4,0,2,0,2,0,0,0,0,0,0,0
49500,9039,0,941,0,4,0,1,0,11,0,4,0,0,0,0,0,0,0
49600,9015,0,970,0,5,0,3,0,4,0,3,0,0,0,0,0,0,0
49700,9051,0,935,0,6,0,0,0,6,0,2,0,0,0,0,0,0,0
49800,9100,0,883,0,8,0,2,0,4,0,3,0,0,0,0,0,0,0
49900,9061,0,925,0,3,0,1,0,9,0,1,0,0,0,0,0,0,0
50000,9090,0,896,0,4,0,5,0,4,0,1,0,0,0,0,0,0,0
50100,9066,0,919,0,6,0,3,0,3,0,3,0,0,0,0,0,0,0
50200,9073,0,916,0,2,0,2,0,5,0,2,0,0,0,0,0,0,0
50300,9003,0,982,0,5,0,5,0,4,0,1,0,0,0,0,0,0,0
50400,8956,0,1027,0,4,0,4,0,4,0,5,0,0,0,0,0,0,0
50500,8899,0,1084,0,6,0,6,0,5,0,0,0,0,0,0,0,0,0
50600,9004,0,991,0,0,0,2,0,1,0,2,0,0,0,0,0,0,0
50700,9005,0,982,0,2,0,2,0,4,0,5,0,0,0,0,0,0,0
50800,8970,0,1020,0,3,0,2,0,4,0,1,0,0,0,0,0,0,0
50900,9016,0,973,0,5,0,2,0,4,0,0,0,0,0,0,0,0,0
51000,9009,0,985,0,5,0,0,0,1,0,0,0,0,0,0,0,0,0
51100,8962,0,1026,0,5,0,3,0,3,0,1,0,0,0,0,0,0,0
51200,8896,0,1087,0,4,0,2,0,9,0,2,0,0,0,0,0,0,0
51300,8967,0,1025,0,1,0,0,0,5,0,1,0,0,0,1,0,0,0
51400,8969,0,1020,0,3,0,3,0,3,0,2,0,0,0,0,0,0,0
51500,8926,0,1060,0,6,0,4,0,4,0,0,0,0,0,0,0,0,0
51600,8894,0,1087,0,7,0,3,0,7,0,2,0,0,0,0,0,0,0
51700,8956,0,1035,0,4,0,2,0,3,0,0,0,0,0,0,0,0,0
51800,9004,0,982,0,2,0,6,0,2,0,4,0,0,0,0,0,0,0
51900,8996,0,991,0,5,0,2,0,3,0,3,0,0,0,0,0,0,0
52000,8980,0,996,0,4,0,4,0,12,0,4,0,0,0,0,0,0,0
52100,8905,0,1084,0,2,0,3,0,3,0,2,0,1,0,0,0,0,0
52200,8924,0,1065,0,1,0,2,0,6,0,2,0,0,0,0,0,0,0
52300,8900,0,1087,0,2,0,3,0,4,0,4,0,0,0,0,0,0,0
52400,8876,0,1109,0,4,0,3,0,6,0,2,0,0,0,0,0,0,0
52500,8856,0,1129,0,7,0,2,0,2,0,4,0,0,0,0,0,0,0
52600,8865,0,1115,0,4,0,9,0,3,0,4,0,0,0,0,0,0,0
52700,8887,0,1099,0,2,0,2,0,8,0,2,0,0,0,0,0,0,0
52800,8886,0,1104,0,1,0,5,0,3,0,1,0,0,0,0,0,0,0
52900,8926,0,1063,0,4,0,3,0,2,0,2,0,0,0,0,0,0,0
53000,8951,0,1035,0,5,0,2,0,6,0,1,0,0,0,0,0,0,0
53100,8935,0,1056,0,5,0,3,0,1,0,0,0,0,0,0,0,0,0
53200,8960,0,1029,0,2,0,3,0,4,0,2,0,0,0,0,0,0,0
53300,8979,0,1007,0,3,0,4,0,4,0,3,0,0,0,0,0,0,0
53400,8976,0,1013,0,1,0,4,0,4,0,2,0,0,0,0,0,0,0
53500,8960,0,1023,0,4,0,7,0,5,0,1,0,0,0,0,0,0,0
53600,9008,0,977,0,6,0,0,0,5,0,4,0,0,0,0,0,0,0
53700,8957,0,1022,0,10,0,5,0,6,0,0,0,0,0,0,0,0,0
53800,8966,0,1023,0,5,0,1,0,5,0,0,0,0,0,0,0,0,0
53900,8955,0,1027,0,7,0,5,0,6,0,0,0,0,0,0,0,0,0
54000,8918,0,1072,0,3,0,3,0,3,0,1,0,0,0,0,0,0,0
54100,8926,0,1066,0,3,0,0,0,3,0,2,0,0,0,0,0,0,0
54200,8841,0,1141,0,6,0,4,0,5,0,3,0,0,0,0,0,0,0
54300,8855,0,1125,0,8,0,9,0,1,0,2,0,0,0,0,0,0,0
54400,8848,0,1130,0,7,0,6,0,5,0,4,0,0,0,0,0,0,0
54500,8748,0,1231,0,7,0,7,0,5,0,2,0,0,0,0,0,0,0
54600,8672,0,1313,0,7,0,4,0,3,0,1,0,0,0,0,0,0,0
54700,8664,0,1317,0,5,0,11,0,2,0,1,0,0,0,0,0,0,0
54800,8710,0,1279,0,3,0,3,0,3,0,2,0,0,0,0,0,0,0
54900,8760,0,1221,0,5,0,5,0,8,0,1,0,0,0,0,0,0,0
55000,8696,0,1283,0,5,0,8,0,6,0,2,0,0,0,0,0,0,0
55100,8607,0,1378,0,6,0,1,0,8,0,0,0,0,0,0,0,0,0
55200,8579,0,1406,0,4,0,5,0,5,0,1,0,0,0,0,0,0,0
55300,8669,0,1318,0,2,0,3,0,6,0,2,0,0,0,0,0,0,0
55400,8662,0,1330,0,4,0,1,0,2,0,1,0,0,0,0,0,0,0
55500,8637,0,1346,0,4,0,4,0,5,0,4,0,0,0,0,0,0,0
55600,8650,0,1337,0,2,0,4,0,5,0,2,0,0,0,0,0,0,0
55700,8721,0,1261,0,5,0,7,0,2,0,4,0,0,0,0,0,0,0
55800,8778,0,1203,0,3,0,5,0,9,0,2,0,0,0,0,0,0,0
55900,8796,0,1184,0,8,0,4,0,3,0,5,0,0,0,0,0,0,0
56000,8760,0,1221,0,4,0,5,0,9,0,1,0,0,0,0,0,0,0
56100,8746,0,1237,0,4,0,5,0,7,0,1,0,0,0,0,0,0,0
56200,8775,0,1209,0,5,0,4,0,6,0,1,0,0,0,0,0,0,0
56300,8818,0,1170,0,1,0,5,0,3,0,3,0,0,0,0,0,0,0
56400,8813,0,1171,0,3,0,4,0,3,0,6,0,0,0,0,0,0,0
56500,8805,0,1184,0,4,0,2,0,3,0,2,0,0,0,0,0,0,0
56600,8801,0,1167,0,8,0,11,0,9,0,4,0,0,0,0,0,0,0
56700,8807,0,1182,0,3,0,3,0,4,0,1,0,0,0,0,0,0,0
56800,8841,0,1139,0,7,0,4,0,5,0,4,0,0,0,0,0,0,0
56900,8943,0,1043,0,7,0,3,0,3,0,1,0,0,0,0,0,0,0
57000,8946,0,1031,0,5,0,5,0,9,0,4,0,0,0,0,0,0,0
57100,8942,0,1047,0,5,0,2,0,2,0,2,0,0,0,0,0,0,0
57200,8940,0,1041,0,6,0,8,0,3,0,2,0,0,0,0,0,0,0
57300,8951,0,1032,0,8,0,3,0,4,0,2,0,0,0,0,0,0,0
57400,8954,0,1035,0,2,0,6,0,2,0,1,0,0,0,0,0,0,0
57500,9000,0,991,0,2,0,2,0,5,0,0,0,0,0,0,0,0,0
57600,8918,0,1058,0,9,0,4,0,6,0,5,0,0,0,0,0,0,0
57700,8927,0,1051,0,6,0,6,0,9,0,1,0,0,0,0,0,0,0
57800,8909,0,1079,0,3,0,5,0,2,0,2,0,0,0,0,0,0,0
57900,8901,0,1080,0,5,0,5,0,9,0,0,0,0,0,0,0,0,0
58000,8862,0,1120,0,4,0,7,0,5,0,2,0,0,0,0,0,0,0
58100,8917,0,1062,0,8,0,6,0,4,0,3,0,0,0,0,0,0,0
58200,9050,0,925,0,7,0,9,0,7,0,2,0,0,0,0,0,0,0
58300,9052,0,927,0,8,0,8,0,2,0,3,0,0,0,0,0,0,0
58400,9129,0,853,0,3,0,8,0,6,0,1,0,0,0,0,0,0,0
58500,9149,0,835,0,7,0,6,0,2,0,1,0,0,0,0,0,0,0
58600,9141,0,841,0,7,0,9,0,1,0,1,0,0,0,0,0,0,0
58700,9096,0,889,0,6,0,6,0,3,0,0,0,0,0,0,0,0,0
58800,9101,0,879,0,5,0,7,0,5,0,3,0,0,0,0,0,0,0
58900,9120,0,862,0,6,0,4,0,3,0,5,0,0,0,0,0,0,0
59000,9141,0,843,0,4,0,6,0,2,0,4,0,0,0,0,0,0,0
59100,9139,0,849,0,5,0,4,0,2,0,1,0,0,0,0,0,0,0
59200,9069,0,912,0,11,0,1,0,6,0,1,0,0,0,0,0,0,0
59300,9041,0,946,0,3,0,4,0,4,0,2,0,0,0,0,0,0,0
59400,9005,0,978,0,3,0,3,0,11,0,0,0,0,0,0,0,0,0
59500,8997,0,996,0,2,0,1,0,3,0,1,0,0,0,0,0,0,0
59600,8985,0,999,0,4,0,4,0,3,0,4,0,1,0,0,0,0,0
59700,8939,0,1048,0,2,0,5,0,4,0,2,0,0,0,0,0,0,0
59800,8966,0,1019,0,3,0,3,0,8,0,1,0,0,0,0,0,0,0
59900,9088,0,891,0,6,0,5,0,8,0,2,0,0,0,0,0,0,0
60000,9067,0,919,0,4,0,4,0,4,0,2,0,0,0,0,0,0,0
60100,9135,0,845,0,7,0,3,0,8,0,1,0,0,0,1,0,0,0
60200,9130,0,854,0,6,0,4,0,3,0,3,0,0,0,0,0,0,0
60300,9150,0,833,0,4,0,1,0,10,0,2,0,0,0,0,0,0,0
60400,9085,0,900,0,3,0,5,0,7,0,0,0,0,0,0,0,0,0
60500,9055,0,930,0,2,0,4,0,7,0,2,0,0,0,0,0,0,0
60600,9044,0,940,0,4,0,6,0,4,0,2,0,0,0,0,0,0,0
60700,9052,0,929,0,7,0,4,0,6,0,2,0,0,0,0,0,0,0
60800,8984,0,996,0,7,0,3,0,8,0,2,0,0,0,0,0,0,0
60900,9050,0,929,0,4,0,8,0,7,0,2,0,0,0,0,0,0,0
61000,9110,0,882,0,4,0,0,0,2,0,2,0,0,0,0,0,0,0
61100,9086,0,896,0,5,0,2,0,10,0,1,0,0,0,0,0,0,0
61200,9051,0,940,0,3,0,3,0,1,0,2,0,0,0,0,0,0,0
61300,9059,0,929,0,5,0,3,0,2,0,2,0,0,0,0,0,0,0
61400,9053,0,933,0,8,0,1,0,5,0,0,0,0,0,0,0,0,0
61500,9072,0,917,0,0,0,5,0,5,0,1,0,0,0,0,0,0,0
61600,9080,0,906,0,4,0,1,0,7,0,2,0,0,0,0,0,0,0
61700,9126,0,864,0,4,0,2,0,2,0,2,0,0,0,0,0,0,0
61800,9222,0,771,0,3,0,2,0,2,0,0,0,0,0,0,0,0,0
61900,9254,0,733,0,3,0,1,0,8,0,1,0,0,0,0,0,0,0
62000,9268,0,721,0,3,0,3,0,5,0,0,0,0,0,0,0,0,0
62100,9296,0,693,0,4,0,2,0,3,0,2,0,0,0,0,0,0,0
62200,9338,0,650,0,2,0,2,0,7,0,1,0,0,0,0,0,0,0
62300,9415,0,575,0,2,0,3,0,4,0,1,0,0,0,0,0,0,0
62400,9434,0,553,0,5,0,3,0,5,0,0,0,0,0,0,0,0,0
62500,9453,0,530,0,2,0,2,0,12,0,1,0,0,0,0,0,0,0
62600,9425,0,558,0,5,0,2,0,10,0,0,0,0,0,0,0,0,0
62700,9387,0,600,0,3,0,4,0,6,0,0,0,0,0,0,0,0,0
62800,9365,0,627,0,3,0,1,0,3,0,1,0,0,0,0,0,0,0
62900,9345,0,648,0,0,0,1,0,5,0,1,0,0,0,0,0,0,0
63000,9325,0,661,0,7,0,2,0,3,0,2,0,0,0,0,0,0,0
63100,9309,0,676,0,4,0,4,0,3,0,4,0,0,0,0,0,0,0
63200,9306,0,685,0,1,0,1,0,6,0,1,0,0,0,0,0,0,0
63300,9286,0,699,0,2,0,3,0,6,0,4,0,0,0,0,0,0,0
63400,9292,0,686,0,7,0,4,0,10,0,1,0,0,0,0,0,0,0
63500,9319,0,669,0,2,0,5,0,3,0,2,0,0,0,0,0,0,0
63600,9351,0,640,0,3,0,2,0,2,0,2,0,0,0,0,0,0,0
63700,9342,0,638,0,6,0,3,0,7,0,3,0,0,0,1,0,0,0
63800,9374,0,614,0,4,0,3,0,4,0,1,0,0,0,0,0,0,0
63900,9450,0,531,0,3,0,5,0,7,0,4,0,0,0,0,0,0,0
64000,9433,0,556,0,3,0,3,0,5,0,0,0,0,0,0,0,0,0
64100,9488,0,501,0,6,0,2,0,2,0,1,0,0,0,0,0,0,0
64200,9503,0,483,0,5,0,1,0,7,0,1,0,0,0,0,0,0,0
64300,9509,0,478,0,2,0,3,0,4,0,4,0,0,0,0,0,0,0
64400,9508,0,484,0,3,0,2,0,3,0,0,0,0,0,0,0,0,0
64500,9469,0,516,0,1,0,2,0,10,0,2,0,0,0,0,0,0,0
64600,9461,0,529,0,3,0,2,0,3,0,2,0,0,0,0,0,0,0
64700,9453,0,540,0,2,0,2,0,2,0,1,0,0,0,0,0,0,0
64800,9349,0,634,0,3,0,7,0,5,0,2,0,0,0,0,0,0,0
64900,9345,0,646,0,2,0,2,0,2,0,3,0,0,0,0,0,0,0
65000,9335,0,658,0,1,0,4,0,1,0,1,0,0,0,0,0,0,0
65100,9348,0,646,0,3,0,2,0,1,0,0,0,0,0,0,0,0,0
65200,9256,0,731,0,4,0,2,0,5,0,2,0,0,0,0,0,0,0
65300,9286,0,704,0,3,0,5,0,2,0,0,0,0,0,0,0,0,0
65400,9305,0,686,0,2,0,2,0,5,0,0,0,0,0,0,0,0,0
65500,9350,0,634,0,3,0,5,0,4,0,4,0,0,0,0,0,0,0
65600,9392,0,597,0,2,0,4,0,4,0,1,0,0,0,0,0,0,0
65700,9415,0,572,0,4,0,6,0,3,0,0,0,0,0,0,0,0,0
65800,9421,0,560,0,6,0,8,0,4,0,1,0,0,0,0,0,0,0
65900,9378,0,615,0,2,0,1,0,3,0,1,0,0,0,0,0,0,0
66000,9360,0,629,0,3,0,4,0,3,0,1,0,0,0,0,0,0,0
66100,9349,0,640,0,4,0,2,0,4,0,1,0,0,0,0,0,0,0
66200,9289,0,700,0,2,0,5,0,3,0,1,0,0,0,0,0,0,0
66300,9242,0,745,0,2,0,3,0,6,0,2,0,0,0,0,0,0,0
66400,9229,0,755,0,5,0,6,0,3,0,2,0,0,0,0,0,0,0
66500,9190,0,802,0,2,0,0,0,4,0,2,0,0,0,0,0,0,0
66600,9097,0,890,0,2,0,4,0,4,0,3,0,0,0,0,0,0,0
66700,9096,0,893,0,3,0,3,0,3,0,2,0,0,0,0,0,0,0
66800,9117,0,872,0,5,0,1,0,5,0,0,0,0,0,0,0,0,0
66900,9032,0,956,0,4,0,2,0,4,0,2,0,0,0,0,0,0,0
67000,8989,0,996,0,3,0,4,0,5,0,3,0,0,0,0,0,0,0
67100,9003,0,983,0,5,0,4,0,3,0,2,0,0,0,0,0,0,0
67200,8919,0,1074,0,1,0,3,0,1,0,2,0,0,0,0,0,0,0
67300,8892,0,1097,0,3,0,1,0,5,0,2,0,0,0,0,0,0,0
67400,8883,0,1102,0,6,0,5,0,4,0,0,0,0,0,0,0,0,0
67500,8908,0,1078,0,4,0,4,0,4,0,2,0,0,0,0,0,0,0
67600,8925,0,1067,0,2,0,4,0,1,0,1,0,0,0,0,0,0,0
67700,8863,0,1126,0,1,0,3,0,4,0,3,0,0,0,0,0,0,0
67800,8866,0,1123,0,3,0,1,0,6,0,1,0,0,0,0,0,0,0
67900,8925,0,1069,0,5,0,0,0,0,0,1,0,0,0,0,0,0,0
68000,8909,0,1070,0,11,0,4,0,6,0,0,0,0,0,0,0,0,0
68100,8965,0,1019,0,9,0,3,0,3,0,1,0,0,0,0,0,0,0
68200,9057,0,928,0,10,0,1,0,3,0,1,0,0,0,0,0,0,0
68300,9038,0,944,0,14,0,2,0,1,0,1,0,0,0,0,0,0,0
68400,8931,0,1047,0,13,0,2,0,7,0,0,0,0,0,0,0,0,0
68500,8859,0,1125,0,8,0,0,0,5,0,3,0,0,0,0,0,0,0
68600,8812,0,1170,0,11,0,1,0,5,0,1,0,0,0,0,0,0,0
68700,8828,0,1156,0,9,0,3,0,2,0,2,0,0,0,0,0,0,0
68800,8840,0,1141,0,9,0,2,0,2,0,6,0,0,0,0,0,0,0
68900,8874,0,1107,0,8,0,5,0,5,0,1,0,0,0,0,0,0,0
69000,8911,0,1058,0,16,0,4,0,7,0,4,0,0,0,0,0,0,0
69100,8887,0,1088,0,7,0,8,0,7,0,3,0,0,0,0,0,0,0
69200,8841,0,1136,0,12,0,4,0,4,0,3,0,0,0,0,0,0,0
69300,8809,0,1168,0,13,0,8,0,1,0,1,0,0,0,0,0,0,0
69400,8907,0,1077,0,9,0,3,0,2,0,2,0,0,0,0,0,0,0
69500,8869,0,1110,0,13,0,4,0,4,0,0,0,0,0,0,0,0,0
69600,8869,0,1113,0,10,0,3,0,3,0,2,0,0,0,0,0,0,0
69700,8877,0,1101,0,11,0,1,0,5,0,5,0,0,0,0,0,0,0
69800,8872,0,1105,0,12,0,4,0,4,0,3,0,0,0,0,0,0,0
69900,8862,0,1122,0,11,0,1,0,3,0,1,0,0,0,0,0,0,0
70000,8885,0,1101,0,9,0,1,0,4,0,0,0,0,0,0,0,0,0
70100,8854,0,1128,0,10,0,1,0,4,0,3,0,0,0,0,0,0,0
70200,8875,0,1112,0,8,0,0,0,1,0,4,0,0,0,0,0,0,0
70300,8810,0,1172,0,9,0,4,0,4,0,1,0,0,0,0,0,0,0
70400,8843,0,1136,0,10,0,6,0,3,0,2,0,0,0,0,0,0,0
70500,8917,0,1066,0,8,0,2,0,4,0,3,0,0,0,0,0,0,0
70600,8947,0,1038,0,9,0,2,0,3,0,1,0,0,0,0,0,0,0
70700,8982,0,1002,0,11,0,3,0,2,0,0,0,0,0,0,0,0,0
70800,8981,0,1004,0,11,0,1,0,2,0,1,0,0,0,0,0,0,0
70900,9183,0,799,0,11,0,1,0,5,0,0,0,1,0,0,0,0,0
71000,9316,0,668,0,9,0,3,0,4,0,0,0,0,0,0,0,0,0
71100,9354,0,627,0,13,0,2,0,3,0,1,0,0,0,0,0,0,0
71200,9431,0,546,0,14,0,4,0,4,0,1,0,0,0,0,0,0,0
71300,9381,0,588,0,12,0,14,0,4,0,1,0,0,0,0,0,0,0
71400,9354,0,627,0,8,0,8,0,1,0,2,0,0,0,0,0,0,0
71500,9279,0,700,0,11,0,5,0,4,0,1,0,0,0,0,0,0,0
71600,9248,0,733,0,11,0,3,0,5,0,0,0,0,0,0,0,0,0
71700,9298,0,673,0,18,0,7,0,2,0,2,0,0,0,0,0,0,0
71800,9254,0,723,0,13,0,4,0,4,0,2,0,0,0,0,0,0,0
71900,9327,0,648,0,11,0,9,0,3,0,2,0,0,0,0,0,0,0
72000,9320,0,654,0,9,0,8,0,6,0,3,0,0,0,0,0,0,0
72100,9328,0,657,0,4,0,8,0,2,0,1,0,0,0,0,0,0,0
72200,9333,0,648,0,6,0,7,0,2,0,4,0,0,0,0,0,0,0
72300,9377,0,610,0,4,0,4,0,3,0,2,0,0,0,0,0,0,0
72400,9382,0,605,0,2,0,4,0,4,0,3,0,0,0,0,0,0,0
72500,9356,0,630,0,2,0,5,0,6,0,1,0,0,0,0,0,0,0
72600,9371,0,615,0,3,0,8,0,3,0,0,0,0,0,0,0,0,0
72700,9401,0,574,0,2,0,7,0,10,0,6,0,0,0,0,0,0,0
72800,9437,0,550,0,4,0,7,0,1,0,1,0,0,0,0,0,0,0
72900,9405,0,572,0,6,0,6,0,8,0,3,0,0,0,0,0,0,0
73000,9395,0,585,0,5,0,9,0,5,0,1,0,0,0,0,0,0,0
73100,9396,0,593,0,2,0,4,0,2,0,3,0,0,0,0,0,0,0
73200,9374,0,613,0,3,0,5,0,3,0,2,0,0,0,0,0,0,0
73300,9400,0,584,0,3,0,10,0,3,0,0,0,0,0,0,0,0,0
73400,9434,0,552,0,2,0,7,0,3,0,2,0,0,0,0,0,0,0
73500,9385,0,596,0,7,0,5,0,4,0,3,0,0,0,0,0,0,0
73600,9395,0,590,0,4,0,5,0,4,0,2,0,0,0,0,0,0,0
73700,9328,0,656,0,4,0,6,0,5,0,1,0,0,0,0,0,0,0
73800,9328,0,655,0,2,0,5,0,6,0,4,0,0,0,0,0,0,0
73900,9284,0,701,0,5,0,6,0,2,0,2,0,0,0,0,0,0,0
74000,9251,0,730,0,4,0,11,0,4,0,0,0,0,0,0,0,0,0
74100,9284,0,702,0,2,0,5,0,5,0,2,0,0,0,0,0,0,0
74200,9323,0,663,0,2,0,7,0,2,0,3,0,0,0,0,0,0,0
74300,9335,0,651,0,3,0,7,0,3,0,1,0,0,0,0,0,0,0
74400,9372,0,615,0,1,0,7,0,3,0,2,0,0,0,0,0,0,0
74500,9333,0,660,0,0,0,3,0,4,0,0,0,0,0,0,0,0,0
74600,9324,0,663,0,1,0,5,0,5,0,2,0,0,0,0,0,0,0
74700,9316,0,668,0,1,0,3,0,8,0,4,0,0,0,0,0,0,0
74800,9324,0,656,0,3,0,4,0,10,0,3,0,0,0,0,0,0,0
74900,9333,0,651,0,3,0,5,0,6,0,2,0,0,0,0,0,0,0
75000,9335,0,653,0,3,0,3,0,5,0,1,0,0,0,0,0,0,0
75100,9403,0,588,0,3,0,3,0,3,0,0,0,0,0,0,0,0,0
75200,9419,0,572,0,3,0,1,0,3,0,2,0,0,0,0,0,0,0
75300,9405,0,580,0,5,0,2,0,7,0,1,0,0,0,0,0,0,0
75400,9413,0,576,0,4,0,1,0,5,0,1,0,0,0,0,0,0,0
75500,9375,0,617,0,1,0,1,0,3,0,3,0,0,0,0,0,0,0
75600,9374,0,614,0,4,0,2,0,3,0,3,0,0,0,0,0,0,0
75700,9327,0,659,0,3,0,3,0,5,0,3,0,0,0,0,0,0,0
75800,9259,0,730,0,1,0,2,0,6,0,2,0,0,0,0,0,0,0
75900,9203,0,786,0,0,0,2,0,7,0,2,0,0,0,0,0,0,0
76000,9219,0,773,0,1,0,2,0,3,0,2,0,0,0,0,0,0,0
76100,9255,0,739,0,0,0,3,0,1,0,2,0,0,0,0,0,0,0
76200,9257,0,723,0,5,0,2,0,6,0,7,0,0,0,0,0,0,0
76300,9269,0,718,0,4,0,5,0,2,0,2,0,0,0,0,0,0,0
76400,9291,0,705,0,0,0,1,0,3,0,0,0,0,0,0,0,0,0
76500,9249,0,739,0,4,0,3,0,5,0,0,0,0,0,0,0,0,0
76600,9274,0,716,0,5,0,3,0,2,0,0,0,0,0,0,0,0,0
76700,9297,0,692,0,2,0,5,0,2,0,2,0,0,0,0,0,0,0
76800,9280,0,717,0,0,0,1,0,0,0,2,0,0,0,0,0,0,0
76900,9335,0,655,0,2,0,6,0,2,0,0,0,0,0,0,0,0,0
77000,9304,0,684,0,4,0,2,0,3,0,3,0,0,0,0,0,0,0
77100,9336,0,646,0,8,0,3,0,4,0,3,0,0,0,0,0,0,0
77200,9400,0,593,0,3,0,1,0,3,0,0,0,0,0,0,0,0,0
77300,9393,0,600,0,2,0,2,0,0,0,3,0,0,0,0,0,0,0
77400,9413,0,580,0,1,0,1,0,3,0,2,0,0,0,0,0,0,0
77500,9409,0,581,0,2,0,2,0,3,0,3,0,0,0,0,0,0,0
77600,9430,0,560,0,0,0,1,0,5,0,4,0,0,0,0,0,0,0
77700,9427,0,558,0,4,0,0,0,8,0,3,0,0,0,0,0,0,0
77800,9413,0,574,0,8,0,2,0,1,0,2,0,0,0,0,0,0,0
77900,9441,0,533,0,16,0,4,0,4,0,2,0,0,0,0,0,0,0
78000,9473,0,497,0,16,0,3,0,6,0,5,0,0,0,0,0,0,0
78100,9481,0,500,0,16,0,0,0,2,0,1,0,0,0,0,0,0,0
78200,9483,0,500,0,15,0,1,0,1,0,0,0,0,0,0,0,0,0
78300,9479,0,500,0,15,0,1,0,4,0,1,0,0,0,0,0,0,0
78400,9555,0,426,0,14,0,2,0,3,0,0,0,0,0,0,0,0,0
78500,9605,0,377,0,7,0,3,0,7,0,1,0,0,0,0,0,0,0
78600,9599,0,387,0,3,0,3,0,6,0,2,0,0,0,0,0,0,0
78700,9619,0,376,0,0,0,1,0,2,0,2,0,0,0,0,0,0,0
78800,9663,0,329,0,1,0,3,0,4,0,0,0,0,0,0,0,0,0
78900,9679,0,317,0,1,0,0,0,2,0,1,0,0,0,0,0,0,0
79000,9673,0,322,0,1,0,0,0,2,0,2,0,0,0,0,0,0,0
79100,9672,0,319,0,3,0,2,0,3,0,1,0,0,0,0,0,0,0
79200,9672,0,320,0,3,0,1,0,3,0,1,0,0,0,0,0,0,0
79300,9706,0,283,0,2,0,7,0,2,0,0,0,0,0,0,0,0,0
79400,9768,0,226,0,1,0,4,0,1,0,0,0,0,0,0,0,0,0
79500,9799,0,193,0,3,0,1,0,4,0,0,0,0,0,0,0,0,0
79600,9803,0,189,0,1,0,4,0,2,0,1,0,0,0,0,0,0,0
79700,9797,0,187,0,5,0,7,0,3,0,1,0,0,0,0,0,0,0
79800,9797,0,190,0,2,0,4,0,5,0,2,0,0,0,0,0,0,0
79900,9802,0,187,0,3,0,3,0,3,0,2,0,0,0,0,0,0,0
80000,9808,0,178,0,2,0,8,0,2,0,2,0,0,0,0,0,0,0
80100,9814,0,172,0,5,0,7,0,1,0,1,0,0,0,0,0,0,0
80200,9813,0,171,0,3,0,8,0,4,0,1,0,0,0,0,0,0,0
80300,9818,0,166,0,3,0,9,0,4,0,0,0,0,0,0,0,0,0
80400,9817,0,166,0,2,0,4,0,9,0,2,0,0,0,0,0,0,0
80500,9799,0,195,0,1,0,4,0,0,0,1,0,0,0,0,0,0,0
80600,9757,0,231,0,2,0,7,0,2,0,1,0,0,0,0,0,0,0
80700,9755,0,236,0,1,0,2,0,5,0,1,0,0,0,0,0,0,0
80800,9763,0,225,0,4,0,5,0,2,0,1,0,0,0,0,0,0,0
80900,9755,0,231,0,4,0,6,0,2,0,2,0,0,0,0,0,0,0
81000,9752,0,230,0,3,0,4,0,11,0,0,0,0,0,0,0,0,0
81100,9779,0,216,0,0,0,4,0,0,0,1,0,0,0,0,0,0,0
81200,9782,0,211,0,2,0,2,0,1,0,2,0,0,0,0,0,0,0
81300,9773,0,219,0,2,0,3,0,1,0,2,0,0,0,0,0,0,0
81400,9775,0,216,0,2,0,2,0,3,0,2,0,0,0,0,0,0,0
81500,9759,0,229,0,3,0,4,0,3,0,2,0,0,0,0,0,0,0
81600,9758,0,231,0,4,0,4,0,2,0,1,0,0,0,0,0,0,0
81700,9759,0,221,0,1,0,9,0,9,0,1,0,0,0,0,0,0,0
81800,9767,0,227,0,1,0,0,0,3,0,2,0,0,0,0,0,0,0
81900,9760,0,228,0,4,0,5,0,2,0,1,0,0,0,0,0,0,0
82000,9775,0,216,0,4,0,1,0,1,0,3,0,0,0,0,0,0,0
82100,9723,0,269,0,1,0,6,0,0,0,1,0,0,0,0,0,0,0
82200,9710,0,278,0,0,0,8,0,3,0,1,0,0,0,0,0,0,0
82300,9732,0,250,0,2,0,9,0,5,0,2,0,0,0,0,0,0,0
82400,9755,0,234,0,1,0,7,0,2,0,1,0,0,0,0,0,0,0
82500,9762,0,228,0,3,0,6,0,0,0,1,0,0,0,0,0,0,0
82600,9750,0,242,0,3,0,1,0,4,0,0,0,0,0,0,0,0,0
82700,9714,0,275,0,3,0,3,0,4,0,1,0,0,0,0,0,0,0
82800,9638,0,349,0,4,0,3,0,4,0,2,0,0,0,0,0,0,0
82900,9642,0,351,0,1,0,3,0,3,0,0,0,0,0,0,0,0,0
83000,9647,0,349,0,0,0,2,0,2,0,0,0,0,0,0,0,0,0
83100,9669,0,322,0,1,0,5,0,2,0,1,0,0,0,0,0,0,0
83200,9692,0,295,0,3,0,6,0,3,0,1,0,0,0,0,0,0,0
83300,9712,0,280,0,3,0,1,0,4,0,0,0,0,0,0,0,0,0
83400,9697,0,286,0,4,0,8,0,3,0,1,0,0,0,1,0,0,0
83500,9702,0,291,0,0,0,4,0,2,0,1,0,0,0,0,0,0,0
83600,9692,0,291,0,4,0,7,0,4,0,2,0,0,0,0,0,0,0
83700,9698,0,289,0,2,0,4,0,7,0,0,0,0,0,0,0,0,0
83800,9704,0,290,0,2,0,2,0,1,0,1,0,0,0,0,0,0,0
83900,9662,0,328,0,3,0,4,0,1,0,2,0,0,0,0,0,0,0
84000,9680,0,310,0,0,0,7,0,2,0,1,0,0,0,0,0,0,0
84100,9687,0,300,0,3,0,3,0,4,0,3,0,0,0,0,0,0,0
84200,9648,0,345,0,2,0,2,0,3,0,0,0,0,0,0,0,0,0
84300,9583,0,405,0,3,0,5,0,3,0,1,0,0,0,0,0,0,0
84400,9580,0,415,0,1,0,4,0,0,0,0,0,0,0,0,0,0,0
84500,9600,0,391,0,2,0,5,0,0,0,2,0,0,0,0,0,0,0
84600,9587,0,399,0,2,0,5,0,6,0,1,0,0,0,0,0,0,0
84700,9583,0,401,0,1,0,9,0,2,0,4,0,0,0,0,0,0,0
84800,9554,0,439,0,2,0,2,0,3,0,0,0,0,0,0,0,0,0
84900,9528,0,459,0,1,0,6,0,4,0,2,0,0,0,0,0,0,0
85000,9536,0,450,0,2,0,7,0,4,0,1,0,0,0,0,0,0,0
85100,9523,0,458,0,1,0,8,0,10,0,0,0,0,0,0,0,0,0
85200,9497,0,491,0,3,0,6,0,3,0,0,0,0,0,0,0,0,0
85300,9450,0,535,0,3,0,8,0,3,0,0,0,0,0,1,0,0,0
85400,9442,0,547,0,2,0,5,0,1,0,3,0,0,0,0,0,0,0
85500,9389,0,599,0,4,0,6,0,1,0,1,0,0,0,0,0,0,0
85600,9338,0,651,0,1,0,4,0,3,0,2,0,0,0,1,0,0,0
85700,9324,0,665,0,1,0,6,0,3,0,1,0,0,0,0,0,0,0
85800,9377,0,608,0,2,0,9,0,2,0,2,0,0,0,0,0,0,0
85900,9440,0,550,0,5,0,3,0,1,0,1,0,0,0,0,0,0,0
86000,9442,0,546,0,2,0,7,0,2,0,1,0,0,0,0,0,0,0
86100,9463,0,503,0,3,0,22,0,4,0,5,0,0,0,0,0,0,0
86200,9485,0,497,0,0,0,12,0,4,0,2,0,0,0,0,0,0,0
86300,9504,0,483,0,0,0,12,0,0,0,1,0,0,0,0,0,0,0
86400,9561,0,419,0,0,0,17,0,3,0,0,0,0,0,0,0,0,0
86500,9591,0,391,0,6,0,9,0,1,0,2,0,0,0,0,0,0,0
86600,9587,0,397,0,0,0,11,0,4,0,1,0,0,0,0,0,0,0
86700,9644,0,333,0,4,0,18,0,1,0,0,0,0,0,0,0,0,0
86800,9621,0,369,0,2,0,4,0,3,0,1,0,0,0,0,0,0,0
86900,9649,0,341,0,2,0,5,0,1,0,2,0,0,0,0,0,0,0
87000,9689,0,294,0,2,0,8,0,7,0,0,0,0,0,0,0,0,0
87100,9646,0,341,0,1,0,11,0,1,0,0,0,0,0,0,0,0,0
87200,9646,0,341,0,1,0,7,0,2,0,3,0,0,0,0,0,0,0
87300,9680,0,303,0,3,0,6,0,3,0,5,0,0,0,0,0,0,0
87400,9682,0,295,0,2,0,10,0,11,0,0,0,0,0,0,0,0,0
87500,9723,0,262,0,2,0,11,0,0,0,2,0,0,0,0,0,0,0
87600,9709,0,282,0,1,0,5,0,2,0,1,0,0,0,0,0,0,0
87700,9716,0,269,0,2,0,9,0,2,0,2,0,0,0,0,0,0,0
87800,9716,0,269,0,0,0,8,0,6,0,1,0,0,0,0,0,0,0
87900,9717,0,271,0,5,0,5,0,2,0,0,0,0,0,0,0,0,0
88000,9728,0,258,0,1,0,10,0,3,0,0,0,0,0,0,0,0,0
88100,9738,0,256,0,2,0,4,0,0,0,0,0,0,0,0,0,0,0
88200,9764,0,231,0,1,0,1,0,3,0,0,0,0,0,0,0,0,0
88300,9736,0,258,0,1,0,2,0,2,0,1,0,0,0,0,0,0,0
88400,9748,0,248,0,1,0,2,0,1,0,0,0,0,0,0,0,0,0
88500,9750,0,245,0,1,0,0,0,3,0,1,0,0,0,0,0,0,0
88600,9746,0,244,0,4,0,3,0,3,0,0,0,0,0,0,0,0,0
88700,9743,0,244,0,2,0,6,0,2,0,3,0,0,0,0,0,0,0
88800,9747,0,245,0,2,0,2,0,4,0,0,0,0,0,0,0,0,0
88900,9752,0,240,0,2,0,2,0,3,0,1,0,0,0,0,0,0,0
89000,9699,0,294,0,1,0,3,0,2,0,1,0,0,0,0,0,0,0
89100,9684,0,314,0,0,0,0,0,1,0,1,0,0,0,0,0,0,0
89200,9655,0,329,0,1,0,6,0,8,0,1,0,0,0,0,0,0,0
89300,9631,0,364,0,2,0,1,0,2,0,0,0,0,0,0,0,0,0
89400,9634,0,358,0,1,0,1,0,4,0,2,0,0,0,0,0,0,0
89500,9623,0,363,0,3,0,2,0,7,0,2,0,0,0,0,0,0,0
89600,9642,0,347,0,3,0,2,0,5,0,1,0,0,0,0,0,0,0
89700,9650,0,336,0,2,0,5,0,5,0,2,0,0,0,0,0,0,0
89800,9628,0,366,0,1,0,0,0,1,0,3,0,1,0,0,0,0,0
89900,9535,0,458,0,3,0,3,0,1,0,0,0,0,0,0,0,0,0
90000,9511,0,483,0,1,0,2,0,2,0,1,0,0,0,0,0,0,0
90100,9530,0,463,0,1,0,1,0,5,0,0,0,0,0,0,0,0,0
90200,9498,0,491,0,0,0,5,0,4,0,2,0,0,0,0,0,0,0
90300,9549,0,444,0,3,0,0,0,4,0,0,0,0,0,0,0,0,0
90400,9589,0,404,0,1,0,0,0,4,0,2,0,0,0,0,0,0,0
90500,9587,0,400,0,5,0,1,0,3,0,1,0,3,0,0,0,0,0
90600,9669,0,327,0,3,0,1,0,0,0,0,0,0,0,0,0,0,0
90700,9656,0,326,0,3,0,4,0,9,0,2,0,0,0,0,0,0,0
90800,9689,0,307,0,0,0,1,0,1,0,2,0,0,0,0,0,0,0
90900,9631,0,363,0,0,0,1,0,4,0,1,0,0,0,0,0,0,0
91000,9699,0,299,0,1,0,1,0,0,0,0,0,0,0,0,0,0,0
91100,9707,0,291,0,0,0,0,0,2,0,0,0,0,0,0,0,0,0
91200,9706,0,286,0,0,0,3,0,4,0,1,0,0,0,0,0,0,0
91300,9764,0,223,0,3,0,5,0,3,0,2,0,0,0,0,0,0,0
91400,9800,0,192,0,3,0,1,0,2,0,2,0,0,0,0,0,0,0
91500,9790,0,202,0,1,0,3,0,2,0,2,0,0,0,0,0,0,0
91600,9796,0,196,0,4,0,2,0,2,0,0,0,0,0,0,0,0,0
91700,9805,0,186,0,2,0,1,0,5,0,1,0,0,0,0,0,0,0
91800,9802,0,192,0,2,0,1,0,1,0,2,0,0,0,0,0,0,0
91900,9808,0,189,0,2,0,0,0,1,0,0,0,0,0,0,0,0,0
92000,9807,0,185,0,3,0,3,0,1,0,1,0,0,0,0,0,0,0
92100,9805,0,189,0,2,0,2,0,1,0,1,0,0,0,0,0,0,0
92200,9791,0,202,0,1,0,2,0,3,0,1,0,0,0,0,0,0,0
92300,9791,0,206,0,0,0,0,0,3,0,0,0,0,0,0,0,0,0
92400,9743,0,252,0,1,0,0,0,2,0,2,0,0,0,0,0,0,0
92500,9748,0,246,0,0,0,6,0,0,0,0,0,0,0,0,0,0,0
92600,9751,0,244,0,2,0,1,0,1,0,1,0,0,0,0,0,0,0
92700,9753,0,243,0,0,0,0,0,2,0,2,0,0,0,0,0,0,0
92800,9746,0,242,0,4,0,2,0,5,0,1,0,0,0,0,0,0,0
92900,9761,0,233,0,2,0,0,0,4,0,0,0,0,0,0,0,0,0
93000,9759,0,237,0,1,0,1,0,1,0,1,0,0,0,0,0,0,0
93100,9759,0,236,0,0,0,1,0,2,0,2,0,0,0,0,0,0,0
93200,9758,0,236,0,1,0,0,0,2,0,3,0,0,0,0,0,0,0
93300,9780,0,208,0,3,0,3,0,4,0,1,0,1,0,0,0,0,0
93400,9790,0,203,0,3,0,0,0,3,0,1,0,0,0,0,0,0,0
93500,9807,0,188,0,2,0,0,0,1,0,2,0,0,0,0,0,0,0
93600,9812,0,180,0,3,0,1,0,3,0,1,0,0,0,0,0,0,0
93700,9813,0,182,0,0,0,1,0,3,0,1,0,0,0,0,0,0,0
93800,9798,0,185,0,3,0,11,0,2,0,1,0,0,0,0,0,0,0
93900,9819,0,176,0,0,0,3,0,1,0,1,0,0,0,0,0,0,0
94000,9815,0,180,0,1,0,0,0,3,0,1,0,0,0,0,0,0,0
94100,9783,0,211,0,2,0,3,0,1,0,0,0,0,0,0,0,0,0
94200,9715,0,278,0,2,0,2,0,2,0,1,0,0,0,0,0,0,0
94300,9712,0,281,0,0,0,5,0,1,0,1,0,0,0,0,0,0,0
94400,9742,0,252,0,2,0,1,0,3,0,0,0,0,0,0,0,0,0
94500,9783,0,209,0,4,0,2,0,1,0,1,0,0,0,0,0,0,0
94600,9784,0,207,0,3,0,2,0,3,0,1,0,0,0,0,0,0,0
94700,9782,0,210,0,3,0,1,0,3,0,1,0,0,0,0,0,0,0
94800,9786,0,210,0,0,0,1,0,2,0,1,0,0,0,0,0,0,0
94900,9784,0,212,0,1,0,1,0,1,0,1,0,0,0,0,0,0,0
95000,9779,0,206,0,3,0,8,0,3,0,1,0,0,0,0,0,0,0
95100,9788,0,206,0,0,0,1,0,2,0,3,0,0,0,0,0,0,0
95200,9786,0,208,0,1,0,0,0,3,0,2,0,0,0,0,0,0,0
95300,9785,0,208,0,2,0,3,0,2,0,0,0,0,0,0,0,0,0
95400,9780,0,213,0,4,0,0,0,3,0,0,0,0,0,0,0,0,0
95500,9787,0,208,0,1,0,0,0,3,0,1,0,0,0,0,0,0,0
95600,9781,0,210,0,2,0,2,0,3,0,2,0,0,0,0,0,0,0
95700,9791,0,203,0,2,0,0,0,4,0,0,0,0,0,0,0,0,0
95800,9786,0,209,0,3,0,0,0,2,0,0,0,0,0,0,0,0,0
95900,9785,0,211,0,0,0,0,0,3,0,1,0,0,0,0,0,0,0
96000,9784,0,208,0,4,0,0,0,4,0,0,0,0,0,0,0,0,0
96100,9784,0,210,0,2,0,2,0,1,0,1,0,0,0,0,0,0,0
96200,9785,0,212,0,1,0,1,0,1,0,0,0,0,0,0,0,0,0
96300,9769,0,218,0,3,0,3,0,5,0,2,0,0,0,0,0,0,0
96400,9777,0,216,0,3,0,1,0,2,0,1,0,0,0,0,0,0,0
96500,9781,0,214,0,1,0,0,0,3,0,1,0,0,0,0,0,0,0
96600,9766,0,218,0,5,0,5,0,5,0,1,0,0,0,0,0,0,0
96700,9779,0,217,0,1,0,0,0,1,0,2,0,0,0,0,0,0,0
96800,9777,0,220,0,0,0,0,0,1,0,2,0,0,0,0,0,0,0
96900,9773,0,221,0,3,0,1,0,1,0,1,0,0,0,0,0,0,0
97000,9763,0,227,0,6,0,3,0,1,0,0,0,0,0,0,0,0,0
97100,9778,0,217,0,2,0,0,0,2,0,1,0,0,0,0,0,0,0
97200,9776,0,222,0,0,0,0,0,2,0,0,0,0,0,0,0,0,0
97300,9732,0,254,0,2,0,5,0,3,0,4,0,0,0,0,0,0,0
97400,9720,0,271,0,2,0,1,0,6,0,0,0,0,0,0,0,0,0
97500,9731,0,266,0,0,0,1,0,1,0,1,0,0,0,0,0,0,0
97600,9731,0,264,0,1,0,1,0,2,0,1,0,0,0,0,0,0,0
97700,9778,0,214,0,0,0,5,0,3,0,0,0,0,0,0,0,0,0
97800,9776,0,217,0,1,0,3,0,3,0,0,0,0,0,0,0,0,0
97900,9774,0,222,0,1,0,0,0,2,0,1,0,0,0,0,0,0,0
98000,9765,0,230,0,2,0,1,0,1,0,1,0,0,0,0,0,0,0
98100,9761,0,232,0,0,0,1,0,5,0,1,0,0,0,0,0,0,0
98200,9750,0,241,0,3,0,0,0,3,0,3,0,0,0,0,0,0,0
98300,9751,0,240,0,5,0,0,0,4,0,0,0,0,0,0,0,0,0
98400,9789,0,206,0,2,0,2,0,1,0,0,0,0,0,0,0,0,0
98500,9773,0,217,0,2,0,3,0,2,0,3,0,0,0,0,0,0,0
98600,9720,0,272,0,2,0,3,0,1,0,2,0,0,0,0,0,0,0
98700,9728,0,259,0,4,0,1,0,7,0,1,0,0,0,0,0,0,0
98800,9719,0,273,0,3,0,2,0,3,0,0,0,0,0,0,0,0,0
98900,9710,0,277,0,3,0,1,0,8,0,1,0,0,0,0,0,0,0
99000,9653,0,332,0,5,0,7,0,1,0,2,0,0,0,0,0,0,0
99100,9643,0,349,0,3,0,1,0,3,0,1,0,0,0,0,0,0,0
99200,9634,0,363,0,0,0,1,0,2,0,0,0,0,0,0,0,0,0
99300,9631,0,363,0,3,0,1,0,1,0,1,0,0,0,0,0,0,0
99400,9641,0,353,0,2,0,0,0,2,0,2,0,0,0,0,0,0,0
99500,9690,0,303,0,2,0,3,0,2,0,0,0,0,0,0,0,0,0
99600,9698,0,298,0,2,0,0,0,2,0,0,0,0,0,0,0,0,0
99700,9699,0,294,0,4,0,0,0,3,0,0,0,0,0,0,0,0,0
99800,9698,0,293,0,4,0,1,0,2,0,2,0,0,0,0,0,0,0
99900,9695,0,299,0,2,0,0,0,3,0,1,0,0,0,0,0,0,0
100000,9670,0,317,0,3,0,6,0,4,0,0,0,0,0,0,0,0,0
