update,host_task_NOT,sym_task_NOT,host_task_NAND,sym_task_NAND,host_task_AND,sym_task_AND,host_task_ORN,sym_task_ORN,host_task_OR,sym_task_OR,host_task_ANDN,sym_task_ANDN,host_task_NOR,sym_task_NOR,host_task_XOR,sym_task_XOR,host_task_EQU,sym_task_EQU
0,0,0,0,0,0,0,0,0,0,0,0,0,0,0,0,0,0,0
100,10002,0,0,0,0,0,0,0,0,0,0,0,0,0,0,0,0,0
200,9993,0,0,0,1,0,1,0,3,0,2,0,0,0,0,0,0,0
300,9990,0,0,0,4,0,1,0,1,0,4,0,0,0,0,0,0,0
400,9998,0,0,0,2,0,0,0,0,0,0,0,0,0,0,0,0,0
500,9995,0,0,0,2,0,0,0,1,0,2,0,0,0,0,0,0,0
600,9993,0,0,0,1,0,3,0,3,0,0,0,0,0,0,0,0,0
700,9993,0,0,0,0,0,4,0,3,0,0,0,0,0,0,0,0,0
800,9992,0,0,0,3,0,3,0,1,0,1,0,0,0,0,0,0,0
900,9991,0,2,0,2,0,1,0,2,0,2,0,0,0,0,0,0,0
1000,9990,0,0,0,3,0,5,0,1,0,1,0,0,0,0,0,0,0
1100,9990,0,0,0,5,0,1,0,2,0,2,0,0,0,0,0,0,0
1200,9992,0,2,0,0,0,1,0,3,0,2,0,0,0,0,0,0,0
1300,9992,0,2,0,1,0,0,0,4,0,1,0,0,0,0,0,0,0
1400,9990,0,1,0,3,0,4,0,2,0,0,0,0,0,0,0,0,0
1500,9995,0,0,0,2,0,1,0,1,0,1,0,0,0,0,0,0,0
1600,9993,0,3,0,1,0,0,0,2,0,1,0,0,0,0,0,0,0
1700,9990,0,6,0,1,0,2,0,0,0,1,0,0,0,0,0,0,0
1800,9986,0,4,0,2,0,3,0,5,0,0,0,0,0,0,0,0,0
1900,9988,0,4,0,1,0,3,0,4,0,0,0,0,0,0,0,0,0
2000,9993,0,5,0,0,0,1,0,1,0,0,0,0,0,0,0,0,0
2100,9989,0,4,0,3,0,3,0,0,0,1,0,0,0,0,0,0,0
2200,9984,0,8,0,1,0,3,0,2,0,2,0,0,0,0,0,0,0
2300,9976,0,10,0,7,0,3,0,3,0,1,0,0,0,0,0,0,0
2400,9979,0,8,0,3,0,3,0,4,0,3,0,0,0,0,0,0,0
2500,9979,0,10,0,3,0,1,0,6,0,1,0,0,0,0,0,0,0
2600,9979,0,8,0,3,0,2,0,5,0,3,0,0,0,0,0,0,0
2700,9978,0,12,0,1,0,6,0,1,0,2,0,0,0,0,0,0,0
2800,9980,0,13,0,1,0,3,0,1,0,2,0,0,0,0,0,0,0
2900,9975,0,12,0,2,0,6,0,1,0,4,0,0,0,0,0,0,0
3000,9975,0,16,0,2,0,5,0,2,0,0,0,0,0,0,0,0,0
3100,9976,0,14,0,3,0,3,0,2,0,2,0,0,0,0,0,0,0
3200,9978,0,14,0,2,0,4,0,1,0,1,0,0,0,0,0,0,0
3300,9975,0,15,0,7,0,2,0,1,0,0,0,0,0,0,0,0,0
3400,9972,0,16,0,2,0,4,0,4,0,1,0,1,0,0,0,0,0
3500,9978,0,14,0,2,0,2,0,4,0,0,0,0,0,0,0,0,0
3600,9976,0,12,0,2,0,4,0,5,0,1,0,0,0,0,0,0,0
3700,9972,0,14,0,1,0,5,0,7,0,1,0,0,0,0,0,0,0
3800,9970,0,14,0,4,0,7,0,3,0,2,0,0,0,0,0,0,0
3900,9972,0,16,0,0,0,4,0,6,0,2,0,0,0,0,0,0,0
4000,9975,0,15,0,3,0,2,0,5,0,0,0,0,0,0,0,0,0
4100,9974,0,12,0,0,0,9,0,5,0,0,0,0,0,0,0,0,0
4200,9972,0,14,0,6,0,4,0,1,0,3,0,0,0,0,0,0,0
4300,9972,0,17,0,3,0,5,0,1,0,2,0,0,0,0,0,0,0
4400,9972,0,21,0,0,0,4,0,3,0,0,0,0,0,0,0,0,0
4500,9973,0,20,0,2,0,1,0,3,0,1,0,0,0,0,0,0,0
4600,9963,0,20,0,5,0,5,0,5,0,1,0,1,0,0,0,0,0
4700,9963,0,26,0,4,0,3,0,2,0,2,0,0,0,0,0,0,0
4800,9978,0,14,0,1,0,2,0,4,0,1,0,0,0,0,0,0,0
4900,9976,0,15,0,4,0,3,0,2,0,0,0,0,0,0,0,0,0
5000,9971,0,17,0,5,0,3,0,3,0,1,0,0,0,0,0,0,0
5100,9972,0,18,0,1,0,3,0,4,0,1,0,1,0,0,0,0,0
5200,9968,0,16,0,0,0,6,0,7,0,1,0,2,0,0,0,0,0
5300,9972,0,16,0,3,0,3,0,6,0,0,0,0,0,0,0,0,0
5400,9967,0,18,0,4,0,8,0,2,0,1,0,0,0,0,0,0,0
5500,9975,0,18,0,1,0,3,0,1,0,2,0,0,0,0,0,0,0
5600,9971,0,19,0,0,0,3,0,5,0,2,0,0,0,0,0,0,0
5700,9973,0,20,0,2,0,4,0,1,0,0,0,0,0,0,0,0,0
5800,9960,0,26,0,1,0,7,0,5,0,1,0,0,0,0,0,0,0
5900,9955,0,29,0,0,0,4,0,10,0,2,0,0,0,0,0,0,0
6000,9957,0,25,0,4,0,5,0,9,0,0,0,0,0,0,0,0,0
6100,9956,0,26,0,5,0,7,0,4,0,2,0,0,0,0,0,0,0
6200,9954,0,32,0,3,0,5,0,4,0,2,0,0,0,0,0,0,0
6300,9961,0,28,0,1,0,7,0,2,0,1,0,0,0,0,0,0,0
6400,9940,0,40,0,4,0,10,0,6,0,0,0,0,0,0,0,0,0
6500,9947,0,39,0,1,0,7,0,5,0,1,0,0,0,0,0,0,0
6600,9943,0,47,0,0,0,3,0,6,0,1,0,0,0,0,0,0,0
6700,9946,0,46,0,3,0,5,0,0,0,0,0,0,0,0,0,0,0
6800,9946,0,39,0,1,0,6,0,4,0,4,0,0,0,0,0,0,0
6900,9931,0,54,0,2,0,8,0,5,0,0,0,0,0,0,0,0,0
7000,9924,0,55,0,3,0,9,0,6,0,3,0,0,0,0,0,0,0
7100,9936,0,50,0,3,0,5,0,4,0,2,0,0,0,0,0,0,0
7200,9935,0,54,0,2,0,4,0,2,0,1,0,2,0,0,0,0,0
7300,9935,0,51,0,1,0,5,0,7,0,1,0,0,0,0,0,0,0
7400,9924,0,63,0,3,0,4,0,5,0,1,0,0,0,0,0,0,0
7500,9901,0,77,0,5,0,9,0,8,0,0,0,0,0,0,0,0,0
7600,9915,0,75,0,1,0,7,0,2,0,0,0,0,0,0,0,0,0
7700,9909,0,75,0,0,0,9,0,7,0,0,0,0,0,0,0,0,0
7800,9904,0,74,0,6,0,8,0,7,0,1,0,0,0,0,0,0,0
7900,9903,0,78,0,2,0,8,0,6,0,2,0,1,0,0,0,0,0
8000,9903,0,74,0,2,0,15,0,4,0,2,0,0,0,0,0,0,0
8100,9908,0,77,0,5,0,4,0,3,0,1,0,2,0,0,0,0,0
8200,9898,0,84,0,5,0,7,0,5,0,1,0,0,0,0,0,0,0
8300,9905,0,76,0,4,0,8,0,5,0,2,0,0,0,0,0,0,0
8400,9903,0,67,0,9,0,11,0,5,0,4,0,1,0,0,0,0,0
8500,9898,0,87,0,3,0,6,0,4,0,2,0,0,0,0,0,0,0
8600,9883,0,101,0,3,0,9,0,2,0,1,0,0,0,1,0,0,0
8700,9876,0,102,0,7,0,8,0,6,0,1,0,0,0,0,0,0,0
8800,9889,0,95,0,2,0,10,0,4,0,0,0,0,0,0,0,0,0
8900,9874,0,100,0,6,0,13,0,6,0,1,0,0,0,0,0,0,0
9000,9886,0,83,0,7,0,14,0,7,0,2,0,1,0,0,0,0,0
9100,9893,0,84,0,4,0,12,0,6,0,0,0,1,0,0,0,0,0
9200,9892,0,83,0,6,0,10,0,4,0,3,0,2,0,0,0,0,0
9300,9849,0,120,0,5,0,12,0,9,0,3,0,2,0,0,0,0,0
9400,9839,0,126,0,8,0,19,0,6,0,2,0,0,0,0,0,0,0
9500,9787,0,173,0,4,0,29,0,7,0,0,0,0,0,0,0,0,0
9600,9705,0,264,0,4,0,22,0,3,0,2,0,0,0,0,0,0,0
9700,9659,0,310,0,2,0,16,0,9,0,4,0,0,0,0,0,0,0
9800,9719,0,262,0,3,0,12,0,3,0,1,0,0,0,0,0,0,0
9900,9736,0,242,0,2,0,7,0,9,0,4,0,0,0,0,0,0,0
10000,9700,0,280,0,3,0,7,0,7,0,3,0,0,0,0,0,0,0
10100,9716,0,262,0,3,0,11,0,6,0,2,0,0,0,0,0,0,0
10200,9708,0,276,0,2,0,8,0,4,0,2,0,0,0,0,0,0,0
10300,9695,0,288,0,2,0,9,0,5,0,1,0,0,0,0,0,0,0
10400,9710,0,278,0,2,0,5,0,2,0,3,0,0,0,0,0,0,0
10500,9674,0,303,0,1,0,11,0,7,0,3,0,1,0,0,0,0,0
10600,9510,0,414,0,7,0,65,0,2,0,2,0,0,0,0,0,0,0
10700,9463,0,459,0,4,0,67,0,6,0,0,0,1,0,0,0,0,0
10800,9449,0,470,0,8,0,65,0,7,0,1,0,0,0,0,0,0,0
10900,9468,0,442,0,13,0,64,0,9,0,4,0,0,0,0,0,0,0
11000,9445,0,458,0,23,0,64,0,7,0,3,0,0,0,0,0,0,0
11100,9513,0,394,0,21,0,62,0,6,0,3,0,1,0,0,0,0,0
11200,9529,0,372,0,23,0,66,0,6,0,4,0,0,0,0,0,0,0
11300,9563,0,326,0,21,0,83,0,5,0,2,0,0,0,0,0,0,0
11400,9578,0,308,0,22,0,87,0,5,0,0,0,0,0,0,0,0,0
11500,9584,0,315,0,17,0,79,0,5,0,0,0,0,0,0,0,0,0
11600,9557,0,333,0,21,0,82,0,5,0,2,0,0,0,0,0,0,0
11700,9520,0,362,0,26,0,82,0,4,0,5,0,1,0,0,0,0,0
11800,9485,0,391,0,26,0,90,0,5,0,3,0,0,0,0,0,0,0
11900,9456,0,432,0,28,0,80,0,0,0,3,0,1,0,0,0,0,0
12000,9456,0,429,0,29,0,81,0,3,0,2,0,0,0,0,0,0,0
12100,9431,0,448,0,26,0,86,0,5,0,4,0,0,0,0,0,0,0
12200,9489,0,390,0,30,0,84,0,5,0,2,0,0,0,0,0,0,0
12300,9435,0,444,0,28,0,83,0,6,0,3,0,1,0,0,0,0,0
12400,9440,0,457,0,17,0,81,0,3,0,1,0,1,0,0,0,0,0
12500,9454,0,427,0,28,0,83,0,6,0,1,0,1,0,0,0,0,0
12600,9456,0,431,0,27,0,77,0,7,0,2,0,0,0,0,0,0,0
12700,9495,0,395,0,24,0,81,0,4,0,1,0,0,0,0,0,0,0
12800,9537,0,364,0,13,0,79,0,5,0,2,0,0,0,0,0,0,0
12900,9581,0,317,0,13,0,79,0,7,0,3,0,0,0,0,0,0,0
13000,9597,0,303,0,13,0,77,0,6,0,4,0,0,0,0,0,0,0
13100,9584,0,313,0,13,0,81,0,6,0,3,0,0,0,0,0,0,0
13200,9597,0,305,0,14,0,80,0,2,0,2,0,0,0,0,0,0,0
13300,9564,0,332,0,14,0,77,0,9,0,4,0,0,0,0,0,0,0
13400,9479,0,417,0,14,0,79,0,9,0,2,0,0,0,0,0,0,0
13500,9512,0,386,0,15,0,76,0,6,0,4,0,0,0,1,0,0,0
13600,9529,0,372,0,15,0,78,0,6,0,0,0,0,0,0,0,0,0
13700,9508,0,394,0,14,0,77,0,5,0,2,0,0,0,0,0,0,0
13800,9410,0,492,0,17,0,75,0,3,0,3,0,0,0,0,0,0,0
13900,9391,0,510,0,15,0,73,0,10,0,1,0,0,0,0,0,0,0
14000,9496,0,411,0,13,0,74,0,5,0,1,0,0,0,0,0,0,0
14100,9517,0,395,0,13,0,67,0,4,0,4,0,0,0,0,0,0,0
14200,9519,0,396,0,12,0,69,0,2,0,2,0,0,0,0,0,0,0
14300,9526,0,393,0,12,0,63,0,2,0,4,0,0,0,0,0,0,0
14400,9534,0,387,0,10,0,61,0,8,0,0,0,0,0,0,0,0,0
14500,9506,0,420,0,12,0,58,0,4,0,0,0,0,0,0,0,0,0
14600,9463,0,460,0,12,0,60,0,3,0,2,0,0,0,0,0,0,0
14700,9468,0,450,0,13,0,61,0,5,0,3,0,0,0,0,0,0,0
14800,9491,0,434,0,13,0,56,0,4,0,2,0,0,0,0,0,0,0
14900,9515,0,406,0,11,0,59,0,6,0,3,0,0,0,0,0,0,0
15000,9544,0,371,0,15,0,62,0,5,0,2,0,1,0,0,0,0,0
15100,9633,0,328,0,8,0,27,0,3,0,1,0,0,0,0,0,0,0
15200,9680,0,296,0,16,0,2,0,4,0,2,0,0,0,0,0,0,0
15300,9688,0,291,0,10,0,6,0,4,0,1,0,0,0,0,0,0,0
15400,9682,0,299,0,11,0,2,0,4,0,1,0,1,0,0,0,0,0
15500,9657,0,330,0,10,0,2,0,0,0,1,0,0,0,0,0,0,0
15600,9633,0,349,0,10,0,0,0,5,0,3,0,0,0,0,0,0,0
15700,9628,0,355,0,12,0,3,0,1,0,1,0,0,0,0,0,0,0
15800,9531,0,453,0,10,0,1,0,4,0,1,0,0,0,0,0,0,0
15900,9539,0,439,0,10,0,8,0,1,0,3,0,0,0,0,0,0,0
16000,9544,0,438,0,10,0,2,0,2,0,4,0,0,0,0,0,0,0
16100,9505,0,471,0,12,0,5,0,5,0,2,0,0,0,0,0,0,0
16200,9492,0,490,0,11,0,2,0,4,0,1,0,0,0,0,0,0,0
16300,9531,0,424,0,20,0,15,0,6,0,4,0,0,0,0,0,0,0
16400,9584,0,365,0,20,0,22,0,7,0,2,0,0,0,0,0,0,0
16500,9599,0,359,0,19,0,21,0,1,0,1,0,0,0,0,0,0,0
16600,9590,0,364,0,23,0,20,0,3,0,0,0,0,0,0,0,0,0
16700,9579,0,371,0,19,0,22,0,5,0,4,0,0,0,0,0,0,0
16800,9603,0,354,0,21,0,15,0,6,0,1,0,0,0,0,0,0,0
16900,9647,0,327,0,17,0,4,0,4,0,1,0,0,0,0,0,0,0
17000,9676,0,298,0,20,0,3,0,2,0,1,0,0,0,0,0,0,0
17100,9671,0,305,0,21,0,3,0,0,0,0,0,0,0,0,0,0,0
17200,9646,0,323,0,19,0,3,0,7,0,2,0,0,0,0,0,0,0
17300,9639,0,330,0,24,0,0,0,7,0,0,0,0,0,0,0,0,0
17400,9637,0,335,0,19,0,2,0,6,0,1,0,0,0,0,0,0,0
17500,9635,0,339,0,15,0,2,0,8,0,1,0,0,0,0,0,0,0
17600,9692,0,283,0,12,0,8,0,5,0,0,0,0,0,0,0,0,0
17700,9661,0,314,0,14,0,2,0,7,0,2,0,0,0,0,0,0,0
17800,9666,0,310,0,13,0,4,0,5,0,2,0,0,0,0,0,0,0
17900,9683,0,293,0,15,0,3,0,5,0,1,0,0,0,0,0,0,0
18000,9669,0,309,0,7,0,1,0,10,0,4,0,0,0,0,0,0,0
18100,9677,0,308,0,4,0,2,0,8,0,1,0,0,0,0,0,0,0
18200,9682,0,308,0,1,0,2,0,7,0,0,0,0,0,0,0,0,0
18300,9694,0,298,0,2,0,2,0,0,0,4,0,0,0,0,0,0,0
18400,9693,0,291,0,3,0,3,0,6,0,4,0,0,0,0,0,0,0
18500,9668,0,318,0,3,0,8,0,3,0,0,0,0,0,0,0,0,0
18600,9656,0,327,0,1,0,9,0,7,0,0,0,0,0,0,0,0,0
18700,9614,0,367,0,3,0,5,0,9,0,2,0,0,0,0,0,0,0
18800,9624,0,362,0,1,0,9,0,3,0,1,0,0,0,0,0,0,0
18900,9639,0,350,0,2,0,3,0,5,0,1,0,0,0,0,0,0,0
19000,9636,0,346,0,3,0,8,0,4,0,3,0,0,0,0,0,0,0
19100,9637,0,348,0,6,0,5,0,2,0,2,0,0,0,0,0,0,0
19200,9641,0,341,0,8,0,4,0,2,0,4,0,0,0,0,0,0,0
19300,9647,0,342,0,2,0,6,0,2,0,1,0,0,0,0,0,0,0
19400,9642,0,343,0,4,0,8,0,3,0,0,0,0,0,0,0,0,0
19500,9659,0,333,0,1,0,3,0,2,0,2,0,0,0,0,0,0,0
19600,9662,0,321,0,7,0,7,0,2,0,1,0,0,0,0,0,0,0
19700,9703,0,285,0,3,0,5,0,1,0,3,0,0,0,0,0,0,0
19800,9710,0,273,0,1,0,10,0,4,0,2,0,0,0,0,0,0,0
19900,9670,0,308,0,7,0,11,0,3,0,1,0,0,0,0,0,0,0
20000,9687,0,297,0,4,0,5,0,6,0,1,0,0,0,0,0,0,0
20100,9670,0,310,0,3,0,5,0,5,0,6,0,1,0,0,0,0,0
20200,9636,0,346,0,2,0,10,0,4,0,2,0,0,0,0,0,0,0
20300,9690,0,299,0,1,0,4,0,5,0,1,0,0,0,0,0,0,0
20400,9721,0,266,0,5,0,3,0,4,0,1,0,0,0,0,0,0,0
20500,9720,0,257,0,10,0,7,0,5,0,1,0,0,0,0,0,0,0
20600,9734,0,257,0,1,0,4,0,2,0,2,0,0,0,0,0,0,0
20700,9692,0,291,0,3,0,6,0,5,0,3,0,0,0,0,0,0,0
20800,9677,0,315,0,3,0,3,0,2,0,0,0,0,0,0,0,0,0
20900,9670,0,306,0,9,0,7,0,7,0,1,0,0,0,0,0,0,0
21000,9673,0,310,0,4,0,6,0,5,0,2,0,0,0,0,0,0,0
21100,9682,0,305,0,2,0,6,0,4,0,1,0,0,0,0,0,0,0
21200,9673,0,316,0,3,0,5,0,2,0,1,0,0,0,0,0,0,0
21300,9680,0,314,0,0,0,2,0,3,0,1,0,0,0,0,0,0,0
21400,9676,0,312,0,4,0,6,0,1,0,1,0,0,0,0,0,0,0
21500,9683,0,304,0,3,0,3,0,3,0,4,0,0,0,0,0,0,0
21600,9685,0,299,0,4,0,5,0,7,0,0,0,0,0,0,0,0,0
21700,9683,0,302,0,4,0,4,0,6,0,1,0,0,0,0,0,0,0
21800,9653,0,332,0,3,0,9,0,3,0,0,0,0,0,0,0,0,0
21900,9691,0,293,0,4,0,5,0,5,0,2,0,0,0,0,0,0,0
22000,9717,0,269,0,1,0,7,0,4,0,2,0,0,0,0,0,0,0
22100,9691,0,291,0,2,0,9,0,4,0,2,0,1,0,0,0,0,0
22200,9688,0,294,0,8,0,5,0,4,0,1,0,0,0,0,0,0,0
22300,9673,0,308,0,1,0,8,0,8,0,2,0,0,0,0,0,0,0
22400,9654,0,335,0,4,0,5,0,1,0,1,0,0,0,0,0,0,0
22500,9652,0,329,0,6,0,7,0,3,0,3,0,0,0,0,0,0,0
22600,9662,0,326,0,3,0,4,0,2,0,3,0,0,0,0,0,0,0
22700,9667,0,307,0,6,0,14,0,4,0,2,0,0,0,0,0,0,0
22800,9717,0,270,0,2,0,8,0,1,0,2,0,0,0,0,0,0,0
22900,9711,0,276,0,4,0,3,0,4,0,2,0,0,0,0,0,0,0
23000,9729,0,258,0,3,0,6,0,3,0,1,0,0,0,0,0,0,0
23100,9717,0,270,0,3,0,4,0,6,0,0,0,0,0,0,0,0,0
23200,9676,0,301,0,6,0,11,0,4,0,2,0,0,0,0,0,0,0
23300,9687,0,299,0,5,0,2,0,5,0,2,0,0,0,0,0,0,0
23400,9679,0,301,0,2,0,5,0,11,0,2,0,0,0,0,0,0,0
23500,9723,0,261,0,5,0,6,0,4,0,1,0,0,0,0,0,0,0
23600,9746,0,231,0,7,0,8,0,7,0,1,0,0,0,0,0,0,0
23700,9657,0,336,0,3,0,2,0,0,0,2,0,0,0,0,0,0,0
23800,9633,0,348,0,3,0,13,0,0,0,3,0,0,0,0,0,0,0
23900,9632,0,357,0,2,0,5,0,4,0,0,0,0,0,0,0,0,0
24000,9630,0,360,0,3,0,3,0,3,0,1,0,0,0,0,0,0,0
24100,9663,0,322,0,6,0,7,0,2,0,0,0,0,0,0,0,0,0
24200,9683,0,300,0,4,0,9,0,3,0,1,0,0,0,0,0,0,0
24300,9708,0,272,0,7,0,10,0,2,0,1,0,0,0,0,0,0,0
24400,9716,0,271,0,1,0,8,0,1,0,3,0,0,0,0,0,0,0
24500,9761,0,220,0,3,0,9,0,5,0,1,0,1,0,0,0,0,0
24600,9769,0,214,0,2,0,10,0,4,0,1,0,0,0,0,0,0,0
24700,9771,0,214,0,4,0,6,0,3,0,2,0,0,0,0,0,0,0
24800,9771,0,211,0,5,0,5,0,5,0,3,0,0,0,0,0,0,0
24900,9781,0,205,0,1,0,7,0,5,0,1,0,0,0,0,0,0,0
25000,9777,0,210,0,3,0,4,0,3,0,3,0,0,0,0,0,0,0
25100,9719,0,265,0,4,0,7,0,3,0,2,0,0,0,0,0,0,0
25200,9702,0,290,0,1,0,6,0,1,0,0,0,0,0,0,0,0,0
25300,9694,0,295,0,3,0,5,0,0,0,3,0,0,0,0,0,0,0
25400,9707,0,281,0,4,0,3,0,4,0,1,0,0,0,0,0,0,0
25500,9712,0,271,0,8,0,4,0,2,0,3,0,0,0,0,0,0,0
25600,9674,0,292,0,24,0,8,0,1,0,1,0,0,0,0,0,0,0
25700,9602,0,331,0,60,0,3,0,4,0,0,0,0,0,0,0,0,0
25800,9582,0,345,0,62,0,4,0,7,0,0,0,0,0,0,0,0,0
25900,9568,0,363,0,58,0,7,0,3,0,1,0,0,0,0,0,0,0
26000,9549,0,369,0,64,0,7,0,11,0,0,0,0,0,0,0,0,0
26100,9501,0,387,0,99,0,7,0,5,0,1,0,0,0,0,0,0,0
26200,9543,0,363,0,83,0,7,0,3,0,1,0,0,0,0,0,0,0
26300,9534,0,368,0,83,0,5,0,8,0,2,0,0,0,0,0,0,0
26400,9470,0,401,0,112,0,9,0,6,0,1,0,1,0,0,0,0,0
26500,9569,0,352,0,70,0,8,0,1,0,0,0,0,0,0,0,0,0
26600,9575,0,344,0,65,0,6,0,7,0,3,0,0,0,0,0,0,0
26700,9610,0,328,0,51,0,3,0,7,0,1,0,0,0,0,0,0,0
26800,9605,0,323,0,60,0,7,0,2,0,3,0,0,0,0,0,0,0
26900,9561,0,364,0,63,0,6,0,4,0,2,0,0,0,0,0,0,0
27000,9577,0,344,0,60,0,6,0,9,0,4,0,0,0,0,0,0,0
27100,9576,0,352,0,62,0,4,0,6,0,0,0,0,0,0,0,0,0
27200,9554,0,376,0,61,0,7,0,0,0,2,0,0,0,0,0,0,0
27300,9483,0,446,0,60,0,3,0,5,0,3,0,0,0,0,0,0,0
27400,9467,0,457,0,63,0,7,0,5,0,1,0,0,0,0,0,0,0
27500,9549,0,381,0,58,0,7,0,4,0,1,0,0,0,0,0,0,0
27600,9541,0,382,0,60,0,7,0,5,0,4,0,1,0,0,0,0,0
27700,9533,0,391,0,61,0,9,0,4,0,2,0,0,0,0,0,0,0
27800,9550,0,376,0,58,0,10,0,5,0,1,0,0,0,0,0,0,0
27900,9577,0,352,0,61,0,6,0,3,0,1,0,0,0,0,0,0,0
28000,9562,0,350,0,71,0,7,0,9,0,0,0,1,0,0,0,0,0
28100,9596,0,306,0,80,0,13,0,4,0,1,0,0,0,0,0,0,0
28200,9668,0,283,0,28,0,18,0,2,0,1,0,0,0,0,0,0,0
28300,9654,0,294,0,30,0,17,0,1,0,4,0,0,0,0,0,0,0
28400,9688,0,268,0,22,0,17,0,5,0,0,0,0,0,0,0,0,0
28500,9701,0,263,0,25,0,9,0,2,0,0,0,0,0,0,0,0,0
28600,9715,0,243,0,23,0,15,0,3,0,1,0,0,0,0,0,0,0
28700,9787,0,186,0,10,0,12,0,5,0,0,0,0,0,0,0,0,0
28800,9826,0,143,0,15,0,14,0,1,0,1,0,0,0,0,0,0,0
28900,9824,0,138,0,13,0,19,0,5,0,1,0,0,0,0,0,0,0
29000,9825,0,142,0,9,0,19,0,4,0,1,0,0,0,0,0,0,0
29100,9797,0,156,0,23,0,17,0,5,0,2,0,0,0,0,0,0,0
29200,9872,0,95,0,13,0,13,0,6,0,1,0,0,0,0,0,0,0
29300,9846,0,107,0,20,0,14,0,13,0,0,0,0,0,0,0,0,0
29400,9839,0,112,0,31,0,15,0,1,0,2,0,0,0,0,0,0,0
29500,9822,0,121,0,35,0,17,0,4,0,1,0,0,0,0,0,0,0
29600,9810,0,114,0,46,0,24,0,4,0,2,0,0,0,0,0,0,0
29700,9850,0,108,0,27,0,11,0,3,0,1,0,0,0,0,0,0,0
29800,9831,0,112,0,32,0,20,0,2,0,3,0,0,0,0,0,0,0
29900,9835,0,118,0,26,0,16,0,2,0,3,0,0,0,0,0,0,0
30000,9836,0,118,0,26,0,15,0,3,0,2,0,0,0,0,0,0,0
30100,9811,0,137,0,29,0,17,0,6,0,0,0,0,0,0,0,0,0
30200,9777,0,179,0,30,0,9,0,4,0,1,0,0,0,0,0,0,0
30300,9843,0,134,0,4,0,6,0,10,0,3,0,0,0,0,0,0,0
30400,9845,0,131,0,9,0,10,0,3,0,2,0,0,0,0,0,0,0
30500,9841,0,134,0,2,0,11,0,9,0,3,0,0,0,0,0,0,0
30600,9864,0,127,0,1,0,5,0,3,0,0,0,0,0,0,0,0,0
30700,9798,0,190,0,4,0,6,0,2,0,0,0,0,0,0,0,0,0
30800,9848,0,136,0,3,0,4,0,4,0,5,0,0,0,0,0,0,0
30900,9855,0,126,0,3,0,9,0,7,0,0,0,0,0,0,0,0,0
31000,9848,0,124,0,9,0,6,0,10,0,3,0,0,0,0,0,0,0
31100,9858,0,123,0,4,0,4,0,9,0,2,0,0,0,0,0,0,0
31200,9881,0,104,0,3,0,5,0,6,0,1,0,0,0,0,0,0,0
31300,9942,0,43,0,2,0,5,0,7,0,1,0,0,0,0,0,0,0
31400,9943,0,45,0,4,0,3,0,3,0,2,0,0,0,0,0,0,0
31500,9949,0,38,0,2,0,6,0,2,0,3,0,0,0,0,0,0,0
31600,9949,0,32,0,6,0,7,0,5,0,1,0,0,0,0,0,0,0
31700,9974,0,12,0,6,0,4,0,1,0,3,0,0,0,0,0,0,0
31800,9977,0,12,0,2,0,3,0,3,0,3,0,0,0,0,0,0,0
31900,9975,0,12,0,2,0,5,0,4,0,2,0,0,0,0,0,0,0
32000,9962,0,18,0,5,0,3,0,7,0,3,0,2,0,0,0,0,0
32100,9974,0,15,0,0,0,5,0,5,0,1,0,0,0,0,0,0,0
32200,9972,0,7,0,4,0,8,0,8,0,1,0,0,0,0,0,0,0
32300,9979,0,8,0,6,0,2,0,4,0,1,0,0,0,0,0,0,0
32400,9970,0,7,0,5,0,9,0,6,0,3,0,0,0,0,0,0,0
32500,9961,0,16,0,5,0,8,0,9,0,1,0,0,0,0,0,0,0
32600,9974,0,15,0,3,0,3,0,2,0,3,0,0,0,0,0,0,0
32700,9968,0,12,0,6,0,5,0,9,0,0,0,0,0,0,0,0,0
32800,9968,0,16,0,8,0,4,0,3,0,1,0,0,0,0,0,0,0
32900,9973,0,15,0,4,0,3,0,5,0,0,0,0,0,0,0,0,0
33000,9978,0,8,0,4,0,5,0,5,0,0,0,0,0,0,0,0,0
33100,9975,0,13,0,2,0,5,0,5,0,0,0,0,0,0,0,0,0
33200,9974,0,8,0,3,0,11,0,2,0,2,0,0,0,0,0,0,0
33300,9951,0,25,0,6,0,11,0,6,0,1,0,0,0,0,0,0,0
33400,9923,0,61,0,3,0,8,0,3,0,2,0,0,0,0,0,0,0
33500,9909,0,69,0,4,0,10,0,3,0,5,0,0,0,0,0,0,0
33600,9898,0,90,0,5,0,2,0,2,0,3,0,0,0,0,0,0,0
33700,9866,0,117,0,3,0,6,0,5,0,3,0,0,0,0,0,0,0
33800,9872,0,117,0,1,0,3,0,5,0,2,0,0,0,0,0,0,0
33900,9865,0,115,0,7,0,4,0,7,0,2,0,0,0,0,0,0,0
34000,9952,0,35,0,3,0,6,0,1,0,3,0,0,0,0,0,0,0
34100,9983,0,2,0,5,0,4,0,4,0,2,0,0,0,0,0,0,0
34200,9962,0,2,0,6,0,7,0,23,0,0,0,0,0,0,0,0,0
34300,9962,0,2,0,1,0,5,0,27,0,3,0,0,0,0,0,0,0
34400,9953,0,1,0,6,0,9,0,30,0,1,0,0,0,0,0,0,0
34500,9893,0,59,0,6,0,10,0,28,0,4,0,0,0,0,0,0,0
34600,9861,0,97,0,6,0,2,0,31,0,3,0,0,0,0,0,0,0
34700,9818,0,141,0,2,0,6,0,28,0,5,0,0,0,0,0,0,0
34800,9820,0,142,0,2,0,7,0,27,0,2,0,0,0,0,0,0,0
34900,9868,0,90,0,4,0,6,0,29,0,3,0,0,0,0,0,0,0
35000,9851,0,103,0,5,0,11,0,28,0,2,0,0,0,0,0,0,0
35100,9843,0,106,0,5,0,16,0,29,0,1,0,0,0,0,0,0,0
35200,9859,0,101,0,5,0,7,0,27,0,1,0,0,0,0,0,0,0
35300,9834,0,123,0,5,0,8,0,28,0,2,0,0,0,0,0,0,0
35400,9830,0,125,0,4,0,12,0,27,0,2,0,0,0,0,0,0,0
35500,9822,0,129,0,4,0,9,0,35,0,1,0,0,0,0,0,0,0
35600,9818,0,131,0,5,0,12,0,32,0,2,0,0,0,0,0,0,0
35700,9810,0,135,0,5,0,14,0,32,0,4,0,0,0,0,0,0,0
35800,9825,0,133,0,2,0,9,0,28,0,3,0,0,0,0,0,0,0
35900,9816,0,137,0,3,0,12,0,32,0,0,0,0,0,0,0,0,0
36000,9871,0,86,0,0,0,10,0,28,0,4,0,1,0,0,0,0,0
36100,9884,0,67,0,3,0,16,0,29,0,1,0,0,0,0,0,0,0
36200,9880,0,68,0,7,0,13,0,30,0,2,0,0,0,0,0,0,0
36300,9891,0,86,0,3,0,10,0,10,0,0,0,0,0,0,0,0,0
36400,9858,0,116,0,3,0,13,0,9,0,1,0,0,0,0,0,0,0
36500,9859,0,124,0,2,0,9,0,6,0,0,0,0,0,0,0,0,0
36600,9817,0,153,0,3,0,17,0,8,0,2,0,0,0,0,0,0,0
36700,9711,0,266,0,1,0,12,0,5,0,5,0,0,0,0,0,0,0
36800,9664,0,307,0,7,0,9,0,8,0,5,0,0,0,0,0,0,0
36900,9602,0,378,0,3,0,10,0,4,0,3,0,0,0,0,0,0,0
37000,9589,0,381,0,4,0,14,0,8,0,4,0,0,0,0,0,0,0
37100,9631,0,344,0,9,0,8,0,5,0,3,0,0,0,0,0,0,0
37200,9655,0,320,0,6,0,12,0,6,0,1,0,0,0,0,0,0,0
37300,9651,0,332,0,2,0,10,0,3,0,2,0,0,0,0,0,0,0
37400,9653,0,327,0,4,0,13,0,1,0,2,0,0,0,0,0,0,0
37500,9636,0,343,0,4,0,8,0,7,0,2,0,0,0,0,0,0,0
37600,9636,0,343,0,1,0,13,0,4,0,3,0,0,0,0,0,0,0
37700,9635,0,344,0,4,0,8,0,5,0,4,0,0,0,0,0,0,0
37800,9638,0,349,0,3,0,7,0,2,0,1,0,0,0,0,0,0,0
37900,9633,0,353,0,1,0,8,0,2,0,3,0,0,0,0,0,0,0
38000,9538,0,439,0,3,0,9,0,8,0,3,0,0,0,0,0,0,0
38100,9501,0,473,0,5,0,9,0,6,0,6,0,0,0,0,0,0,0
38200,9480,0,504,0,2,0,9,0,3,0,2,0,0,0,0,0,0,0
38300,9483,0,509,0,1,0,3,0,2,0,2,0,0,0,0,0,0,0
38400,9442,0,529,0,5,0,16,0,2,0,6,0,0,0,0,0,0,0
38500,9452,0,533,0,3,0,9,0,2,0,1,0,0,0,0,0,0,0
38600,9471,0,510,0,5,0,9,0,3,0,2,0,0,0,0,0,0,0
38700,9471,0,509,0,6,0,9,0,3,0,2,0,0,0,0,0,0,0
38800,9474,0,507,0,3,0,8,0,4,0,4,0,0,0,0,0,0,0
38900,9489,0,491,0,3,0,8,0,7,0,2,0,0,0,0,0,0,0
39000,9499,0,479,0,6,0,10,0,4,0,2,0,0,0,0,0,0,0
39100,9536,0,443,0,4,0,10,0,4,0,3,0,0,0,0,0,0,0
39200,9533,0,450,0,1,0,8,0,7,0,1,0,0,0,0,0,0,0
39300,9533,0,439,0,3,0,17,0,4,0,4,0,0,0,0,0,0,0
39400,9523,0,455,0,7,0,6,0,7,0,1,0,1,0,0,0,0,0
39500,9532,0,446,0,4,0,10,0,6,0,2,0,0,0,0,0,0,0
39600,9561,0,424,0,5,0,6,0,2,0,2,0,0,0,0,0,0,0
39700,9566,0,411,0,6,0,11,0,5,0,1,0,0,0,0,0,0,0
39800,9579,0,407,0,2,0,9,0,1,0,2,0,0,0,0,0,0,0
39900,9578,0,396,0,7,0,11,0,4,0,4,0,0,0,0,0,0,0
40000,9609,0,373,0,3,0,11,0,4,0,0,0,0,0,0,0,0,0
40100,9628,0,352,0,3,0,13,0,4,0,0,0,0,0,0,0,0,0
40200,9651,0,338,0,4,0,5,0,2,0,0,0,0,0,0,0,0,0
40300,9685,0,295,0,3,0,11,0,2,0,4,0,0,0,0,0,0,0
40400,9727,0,262,0,4,0,4,0,1,0,2,0,0,0,0,0,0,0
40500,9764,0,220,0,3,0,8,0,2,0,3,0,0,0,0,0,0,0
40600,9734,0,251,0,4,0,10,0,1,0,0,0,0,0,0,0,0,0
40700,9697,0,286,0,5,0,7,0,4,0,1,0,0,0,0,0,0,0
40800,9763,0,227,0,2,0,2,0,3,0,3,0,0,0,0,0,0,0
40900,9799,0,195,0,2,0,1,0,2,0,1,0,0,0,0,0,0,0
41000,9802,0,194,0,0,0,1,0,1,0,2,0,0,0,0,0,0,0
41100,9803,0,192,0,2,0,1,0,2,0,0,0,0,0,0,0,0,0
41200,9771,0,213,0,4,0,3,0,6,0,3,0,0,0,0,0,0,0
41300,9771,0,219,0,3,0,2,0,5,0,0,0,0,0,0,0,0,0
41400,9773,0,218,0,0,0,4,0,3,0,2,0,0,0,0,0,0,0
41500,9772,0,218,0,3,0,2,0,3,0,2,0,0,0,0,0,0,0
41600,9826,0,159,0,2,0,5,0,5,0,3,0,0,0,0,0,0,0
41700,9839,0,155,0,1,0,1,0,3,0,1,0,0,0,0,0,0,0
41800,9831,0,155,0,4,0,1,0,6,0,3,0,0,0,0,0,0,0
41900,9855,0,136,0,0,0,0,0,8,0,1,0,0,0,0,0,0,0
42000,9851,0,135,0,6,0,2,0,5,0,1,0,0,0,0,0,0,0
42100,9825,0,161,0,3,0,6,0,5,0,0,0,0,0,0,0,0,0
42200,9802,0,188,0,4,0,2,0,2,0,2,0,0,0,0,0,0,0
42300,9808,0,188,0,1,0,1,0,1,0,1,0,0,0,0,0,0,0
42400,9797,0,185,0,5,0,6,0,6,0,1,0,0,0,0,0,0,0
42500,9808,0,188,0,2,0,0,0,2,0,0,0,0,0,0,0,0,0
42600,9788,0,198,0,3,0,1,0,7,0,3,0,0,0,0,0,0,0
42700,9779,0,213,0,1,0,3,0,3,0,1,0,0,0,0,0,0,0
42800,9771,0,215,0,6,0,2,0,5,0,1,0,0,0,0,0,0,0
42900,9743,0,246,0,2,0,2,0,6,0,1,0,0,0,0,0,0,0
43000,9764,0,220,0,5,0,4,0,5,0,2,0,0,0,0,0,0,0
43100,9767,0,221,0,4,0,2,0,5,0,1,0,0,0,0,0,0,0
43200,9749,0,228,0,4,0,7,0,9,0,3,0,0,0,0,0,0,0
43300,9739,0,245,0,5,0,4,0,5,0,2,0,0,0,0,0,0,0
43400,9752,0,234,0,3,0,1,0,9,0,1,0,0,0,0,0,0,0
43500,9734,0,244,0,3,0,7,0,8,0,3,0,1,0,0,0,0,0
43600,9741,0,250,0,3,0,0,0,3,0,3,0,0,0,0,0,0,0
43700,9734,0,258,0,1,0,5,0,2,0,0,0,0,0,0,0,0,0
43800,9775,0,211,0,3,0,3,0,5,0,3,0,0,0,0,0,0,0
43900,9784,0,200,0,2,0,3,0,9,0,1,0,1,0,0,0,0,0
44000,9788,0,203,0,2,0,0,0,7,0,0,0,0,0,0,0,0,0
44100,9798,0,184,0,7,0,3,0,6,0,1,0,1,0,0,0,0,0
44200,9820,0,163,0,6,0,2,0,8,0,1,0,0,0,0,0,0,0
44300,9834,0,153,0,2,0,5,0,4,0,2,0,0,0,0,0,0,0
44400,9826,0,163,0,3,0,1,0,4,0,3,0,0,0,0,0,0,0
44500,9828,0,154,0,6,0,1,0,8,0,3,0,0,0,0,0,0,0
44600,9845,0,137,0,9,0,1,0,8,0,0,0,0,0,0,0,0,0
44700,9853,0,126,0,5,0,6,0,8,0,2,0,0,0,0,0,0,0
44800,9876,0,111,0,4,0,2,0,7,0,0,0,0,0,0,0,0,0
44900,9879,0,109,0,5,0,1,0,4,0,2,0,0,0,0,0,0,0
45000,9851,0,128,0,6,0,7,0,6,0,2,0,0,0,0,0,0,0
45100,9856,0,127,0,3,0,5,0,6,0,3,0,0,0,0,0,0,0
45200,9859,0,133,0,5,0,0,0,1,0,2,0,0,0,0,0,0,0
45300,9842,0,137,0,5,0,8,0,6,0,2,0,0,0,0,0,0,0
45400,9857,0,133,0,3,0,1,0,6,0,0,0,0,0,0,0,0,0
45500,9839,0,145,0,5,0,5,0,6,0,0,0,0,0,0,0,0,0
45600,9840,0,152,0,2,0,2,0,3,0,1,0,0,0,0,0,0,0
45700,9837,0,144,0,6,0,5,0,4,0,4,0,0,0,0,0,0,0
45800,9833,0,150,0,6,0,5,0,5,0,1,0,0,0,0,0,0,0
45900,9833,0,154,0,4,0,3,0,4,0,2,0,0,0,0,0,0,0
46000,9821,0,164,0,6,0,4,0,4,0,1,0,0,0,0,0,0,0
46100,9823,0,164,0,3,0,3,0,5,0,2,0,0,0,0,0,0,0
46200,9827,0,162,0,5,0,3,0,2,0,1,0,0,0,0,0,0,0
46300,9828,0,163,0,3,0,2,0,3,0,1,0,0,0,0,0,0,0
46400,9772,0,215,0,4,0,2,0,3,0,4,0,0,0,0,0,0,0
46500,9739,0,255,0,1,0,1,0,3,0,1,0,0,0,0,0,0,0
46600,9713,0,274,0,3,0,3,0,6,0,1,0,0,0,0,0,0,0
46700,9690,0,294,0,4,0,8,0,4,0,0,0,0,0,0,0,0,0
46800,9707,0,278,0,4,0,4,0,6,0,1,0,0,0,0,0,0,0
46900,9659,0,327,0,2,0,5,0,6,0,1,0,0,0,0,0,0,0
47000,9635,0,344,0,3,0,10,0,5,0,3,0,0,0,0,0,0,0
47100,9653,0,326,0,3,0,12,0,4,0,2,0,0,0,0,0,0,0
47200,9671,0,314,0,3,0,7,0,4,0,1,0,0,0,0,0,0,0
47300,9709,0,279,0,2,0,4,0,3,0,3,0,0,0,0,0,0,0
47400,9715,0,270,0,3,0,6,0,5,0,1,0,0,0,0,0,0,0
47500,9737,0,252,0,3,0,1,0,5,0,2,0,0,0,0,0,0,0
47600,9682,0,305,0,3,0,2,0,6,0,2,0,0,0,0,0,0,0
47700,9678,0,308,0,2,0,4,0,8,0,0,0,0,0,0,0,0,0
47800,9716,0,274,0,1,0,4,0,3,0,2,0,0,0,0,0,0,0
47900,9710,0,280,0,1,0,4,0,3,0,1,0,1,0,0,0,0,0
48000,9661,0,326,0,7,0,0,0,5,0,1,0,0,0,0,0,0,0
48100,9560,0,430,0,4,0,2,0,3,0,1,0,0,0,0,0,0,0
48200,9503,0,484,0,2,0,1,0,9,0,1,0,0,0,0,0,0,0
48300,9486,0,504,0,5,0,1,0,4,0,0,0,0,0,0,0,0,0
48400,9569,0,417,0,4,0,3,0,7,0,0,0,0,0,0,0,0,0
48500,9596,0,399,0,2,0,0,0,2,0,1,0,0,0,0,0,0,0
48600,9580,0,404,0,5,0,4,0,6,0,1,0,0,0,0,0,0,0
48700,9566,0,424,0,1,0,1,0,5,0,3,0,0,0,0,0,0,0
48800,9536,0,455,0,3,0,3,0,2,0,1,0,0,0,0,0,0,0
48900,9510,0,479,0,3,0,2,0,5,0,1,0,0,0,0,0,0,0
49000,9497,0,490,0,2,0,3,0,5,0,2,0,1,0,0,0,0,0
49100,9490,0,494,0,4,0,2,0,6,0,4,0,0,0,0,0,0,0
49200,9546,0,444,0,3,0,1,0,6,0,0,0,0,0,0,0,0,0
49300,9594,0,396,0,3,0,3,0,2,0,2,0,0,0,0,0,0,0
49400,9659,0,328,0,3,0,5,0,2,0,3,0,0,0,0,0,0,0
49500,9657,0,326,0,5,0,5,0,6,0,1,0,0,0,0,0,0,0
49600,9674,0,304,0,6,0,9,0,4,0,3,0,0,0,0,0,0,0
49700,9735,0,249,0,3,0,5,0,6,0,2,0,0,0,0,0,0,0
49800,9741,0,246,0,4,0,5,0,3,0,1,0,0,0,0,0,0,0
49900,9737,0,252,0,2,0,4,0,3,0,2,0,0,0,0,0,0,0
50000,9741,0,242,0,2,0,6,0,8,0,1,0,0,0,0,0,0,0
50100,9748,0,231,0,4,0,11,0,5,0,1,0,0,0,0,0,0,0
50200,9751,0,236,0,1,0,7,0,5,0,0,0,0,0,0,0,0,0
50300,9753,0,234,0,7,0,5,0,1,0,0,0,0,0,0,0,0,0
50400,9755,0,234,0,3,0,3,0,5,0,0,0,0,0,0,0,0,0
50500,9705,0,278,0,3,0,8,0,5,0,1,0,0,0,0,0,0,0
50600,9671,0,317,0,1,0,5,0,4,0,1,0,1,0,0,0,0,0
50700,9645,0,340,0,4,0,6,0,3,0,2,0,0,0,0,0,0,0
50800,9647,0,334,0,7,0,7,0,4,0,1,0,0,0,0,0,0,0
50900,9640,0,347,0,2,0,7,0,4,0,0,0,0,0,0,0,0,0
51000,9618,0,369,0,0,0,5,0,4,0,4,0,0,0,0,0,0,0
51100,9655,0,337,0,1,0,3,0,2,0,2,0,0,0,0,0,0,0
51200,9695,0,297,0,3,0,1,0,4,0,0,0,0,0,0,0,0,0
51300,9656,0,326,0,6,0,6,0,5,0,1,0,0,0,0,0,0,0
51400,9663,0,325,0,0,0,6,0,2,0,4,0,0,0,0,0,0,0
51500,9676,0,311,0,2,0,6,0,5,0,0,0,0,0,0,0,0,0
51600,9714,0,269,0,3,0,8,0,4,0,2,0,0,0,0,0,0,0
51700,9686,0,298,0,4,0,4,0,5,0,3,0,0,0,0,0,0,0
51800,9690,0,302,0,1,0,3,0,2,0,2,0,0,0,0,0,0,0
51900,9687,0,298,0,3,0,6,0,5,0,1,0,0,0,0,0,0,0
52000,9689,0,295,0,5,0,9,0,2,0,0,0,0,0,0,0,0,0
52100,9645,0,343,0,5,0,2,0,3,0,2,0,0,0,0,0,0,0
52200,9607,0,380,0,6,0,2,0,4,0,1,0,0,0,0,0,0,0
52300,9612,0,377,0,2,0,1,0,5,0,3,0,0,0,0,0,0,0
52400,9610,0,380,0,3,0,1,0,4,0,2,0,0,0,0,0,0,0
52500,9602,0,382,0,4,0,5,0,5,0,2,0,0,0,0,0,0,0
52600,9609,0,376,0,6,0,2,0,4,0,2,0,1,0,0,0,0,0
52700,9617,0,378,0,3,0,1,0,1,0,0,0,0,0,0,0,0,0
52800,9616,0,379,0,1,0,2,0,0,0,2,0,0,0,0,0,0,0
52900,9629,0,358,0,5,0,2,0,4,0,2,0,0,0,0,0,0,0
53000,9652,0,340,0,0,0,2,0,3,0,3,0,0,0,0,0,0,0
53100,9696,0,299,0,2,0,1,0,2,0,0,0,0,0,0,0,0,0
53200,9686,0,304,0,2,0,5,0,1,0,2,0,0,0,0,0,0,0
53300,9690,0,300,0,2,0,3,0,2,0,3,0,0,0,0,0,0,0
53400,9693,0,296,0,5,0,0,0,3,0,3,0,0,0,0,0,0,0
53500,9636,0,353,0,4,0,3,0,3,0,1,0,0,0,0,0,0,0
53600,9702,0,283,0,2,0,5,0,5,0,2,0,0,0,1,0,0,0
53700,9723,0,263,0,3,0,6,0,4,0,1,0,0,0,0,0,0,0
53800,9711,0,276,0,3,0,3,0,4,0,3,0,0,0,0,0,0,0
53900,9701,0,287,0,5,0,3,0,3,0,1,0,0,0,0,0,0,0
54000,9696,0,287,0,5,0,4,0,8,0,0,0,0,0,0,0,0,0
54100,9700,0,290,0,4,0,0,0,3,0,3,0,0,0,0,0,0,0
54200,9705,0,278,0,3,0,5,0,4,0,5,0,0,0,0,0,0,0
54300,9713,0,279,0,1,0,0,0,3,0,3,0,0,0,1,0,0,0
54400,9671,0,319,0,1,0,3,0,6,0,0,0,0,0,0,0,0,0
54500,9654,0,335,0,2,0,2,0,4,0,2,0,1,0,0,0,0,0
54600,9676,0,312,0,3,0,2,0,5,0,2,0,0,0,0,0,0,0
54700,9695,0,294,0,3,0,2,0,4,0,2,0,0,0,0,0,0,0
54800,9713,0,274,0,4,0,5,0,3,0,1,0,0,0,0,0,0,0
54900,9707,0,286,0,2,0,1,0,2,0,2,0,0,0,0,0,0,0
55000,9737,0,247,0,5,0,2,0,6,0,3,0,0,0,0,0,0,0
55100,9825,0,162,0,3,0,3,0,4,0,3,0,0,0,0,0,0,0
55200,9860,0,131,0,3,0,0,0,4,0,2,0,0,0,0,0,0,0
55300,9862,0,128,0,3,0,0,0,5,0,2,0,0,0,0,0,0,0
55400,9895,0,98,0,1,0,2,0,2,0,2,0,0,0,0,0,0,0
55500,9893,0,98,0,2,0,2,0,3,0,1,0,1,0,0,0,0,0
55600,9889,0,99,0,4,0,4,0,3,0,1,0,0,0,0,0,0,0
55700,9888,0,102,0,2,0,3,0,4,0,1,0,0,0,0,0,0,0
55800,9912,0,80,0,2,0,2,0,3,0,1,0,0,0,0,0,0,0
55900,9923,0,72,0,2,0,1,0,1,0,1,0,0,0,0,0,0,0
56000,9920,0,75,0,0,0,2,0,3,0,0,0,0,0,0,0,0,0
56100,9916,0,77,0,1,0,3,0,2,0,1,0,0,0,0,0,0,0
56200,9915,0,74,0,5,0,2,0,3,0,1,0,0,0,0,0,0,0
56300,9916,0,74,0,4,0,1,0,3,0,2,0,0,0,0,0,0,0
56400,9911,0,74,0,6,0,2,0,5,0,2,0,0,0,0,0,0,0
56500,9917,0,75,0,3,0,1,0,3,0,1,0,0,0,0,0,0,0
56600,9911,0,75,0,4,0,5,0,2,0,3,0,0,0,0,0,0,0
56700,9919,0,74,0,1,0,1,0,3,0,2,0,0,0,0,0,0,0
56800,9918,0,73,0,5,0,0,0,3,0,1,0,0,0,0,0,0,0
56900,9917,0,73,0,1,0,3,0,4,0,2,0,0,0,0,0,0,0
57000,9916,0,75,0,2,0,2,0,3,0,2,0,0,0,0,0,0,0
57100,9927,0,68,0,1,0,2,0,2,0,0,0,0,0,0,0,0,0
57200,9917,0,66,0,3,0,3,0,8,0,3,0,0,0,0,0,0,0
57300,9926,0,62,0,6,0,1,0,5,0,0,0,0,0,0,0,0,0
57400,9929,0,59,0,2,0,4,0,2,0,3,0,1,0,0,0,0,0
57500,9927,0,66,0,4,0,1,0,2,0,0,0,0,0,0,0,0,0
57600,9888,0,104,0,1,0,0,0,3,0,4,0,0,0,0,0,0,0
57700,9886,0,101,0,2,0,4,0,6,0,1,0,0,0,0,0,0,0
57800,9893,0,104,0,1,0,1,0,1,0,0,0,0,0,0,0,0,0
57900,9877,0,109,0,4,0,2,0,6,0,2,0,0,0,0,0,0,0
58000,9850,0,136,0,2,0,5,0,5,0,2,0,0,0,0,0,0,0
58100,9851,0,141,0,2,0,2,0,4,0,0,0,0,0,0,0,0,0
58200,9860,0,135,0,4,0,0,0,1,0,0,0,0,0,0,0,0,0
58300,9857,0,136,0,0,0,3,0,1,0,3,0,0,0,0,0,0,0
58400,9895,0,101,0,0,0,2,0,1,0,1,0,0,0,0,0,0,0
58500,9897,0,91,0,4,0,1,0,5,0,2,0,0,0,0,0,0,0
58600,9921,0,72,0,1,0,2,0,3,0,1,0,0,0,0,0,0,0
58700,9929,0,61,0,4,0,0,0,5,0,1,0,0,0,0,0,0,0
58800,9934,0,58,0,3,0,2,0,2,0,1,0,0,0,0,0,0,0
58900,9929,0,57,0,2,0,4,0,8,0,0,0,0,0,0,0,0,0
59000,9933,0,60,0,1,0,2,0,2,0,2,0,0,0,0,0,0,0
59100,9935,0,57,0,1,0,2,0,0,0,5,0,0,0,0,0,0,0
59200,9933,0,58,0,4,0,1,0,3,0,1,0,0,0,0,0,0,0
59300,9931,0,59,0,2,0,2,0,5,0,1,0,0,0,0,0,0,0
59400,9933,0,57,0,1,0,4,0,0,0,5,0,0,0,0,0,0,0
59500,9932,0,61,0,1,0,5,0,1,0,0,0,0,0,0,0,0,0
59600,9933,0,57,0,3,0,2,0,5,0,0,0,0,0,0,0,0,0
59700,9932,0,62,0,2,0,1,0,3,0,0,0,0,0,0,0,0,0
59800,9932,0,57,0,3,0,2,0,4,0,2,0,0,0,0,0,0,0
59900,9931,0,59,0,4,0,1,0,3,0,2,0,0,0,0,0,0,0
60000,9935,0,58,0,2,0,2,0,3,0,0,0,0,0,0,0,0,0
60100,9914,0,71,0,4,0,1,0,8,0,2,0,0,0,0,0,0,0
60200,9908,0,85,0,3,0,1,0,2,0,0,0,1,0,0,0,0,0
60300,9918,0,75,0,2,0,1,0,3,0,1,0,0,0,0,0,0,0
60400,9920,0,72,0,4,0,0,0,4,0,0,0,0,0,0,0,0,0
60500,9917,0,75,0,4,0,1,0,1,0,2,0,0,0,0,0,0,0
60600,9911,0,82,0,1,0,2,0,3,0,1,0,0,0,0,0,0,0
60700,9914,0,78,0,0,0,3,0,4,0,1,0,0,0,0,0,0,0
60800,9921,0,71,0,2,0,2,0,3,0,1,0,0,0,0,0,0,0
60900,9909,0,75,0,3,0,10,0,3,0,0,0,0,0,0,0,0,0
61000,9912,0,73,0,1,0,13,0,1,0,0,0,0,0,0,0,0,0
61100,9908,0,82,0,1,0,3,0,6,0,0,0,0,0,0,0,0,0
61200,9906,0,80,0,3,0,6,0,5,0,0,0,0,0,0,0,0,0
61300,9916,0,74,0,2,0,3,0,5,0,0,0,0,0,0,0,0,0
61400,9917,0,74,0,2,0,2,0,2,0,3,0,0,0,0,0,0,0
61500,9911,0,77,0,2,0,4,0,4,0,2,0,0,0,0,0,0,0
61600,9914,0,75,0,2,0,3,0,5,0,1,0,0,0,0,0,0,0
61700,9914,0,78,0,2,0,1,0,4,0,1,0,0,0,0,0,0,0
61800,9922,0,71,0,4,0,0,0,2,0,1,0,0,0,0,0,0,0
61900,9917,0,76,0,0,0,3,0,3,0,1,0,0,0,0,0,0,0
62000,9919,0,72,0,1,0,2,0,3,0,3,0,0,0,0,0,0,0
62100,9918,0,73,0,1,0,3,0,5,0,0,0,0,0,0,0,0,0
62200,9916,0,72,0,3,0,0,0,8,0,1,0,0,0,0,0,0,0
62300,9923,0,67,0,3,0,2,0,3,0,2,0,0,0,0,0,0,0
62400,9924,0,65,0,3,0,4,0,3,0,1,0,0,0,0,0,0,0
62500,9923,0,67,0,1,0,3,0,5,0,1,0,0,0,0,0,0,0
62600,9924,0,69,0,1,0,4,0,2,0,0,0,0,0,0,0,0,0
62700,9927,0,65,0,3,0,3,0,2,0,0,0,0,0,0,0,0,0
62800,9924,0,67,0,6,0,0,0,0,0,3,0,0,0,0,0,0,0
62900,9925,0,66,0,3,0,1,0,5,0,0,0,0,0,0,0,0,0
63000,9926,0,67,0,2,0,0,0,5,0,0,0,0,0,0,0,0,0
63100,9923,0,66,0,6,0,2,0,2,0,1,0,0,0,0,0,0,0
63200,9925,0,68,0,1,0,1,0,4,0,1,0,0,0,0,0,0,0
63300,9926,0,66,0,3,0,0,0,5,0,0,0,0,0,0,0,0,0
63400,9923,0,70,0,2,0,0,0,3,0,2,0,0,0,0,0,0,0
63500,9918,0,69,0,4,0,3,0,5,0,1,0,0,0,0,0,0,0
63600,9923,0,66,0,2,0,3,0,4,0,2,0,0,0,0,0,0,0
63700,9922,0,69,0,3,0,2,0,4,0,0,0,0,0,0,0,0,0
63800,9922,0,71,0,2,0,3,0,0,0,2,0,0,0,0,0,0,0
63900,9928,0,68,0,1,0,0,0,2,0,1,0,0,0,0,0,0,0
64000,9924,0,67,0,2,0,0,0,5,0,1,0,1,0,0,0,0,0
64100,9921,0,69,0,2,0,4,0,4,0,0,0,0,0,0,0,0,0
64200,9916,0,71,0,1,0,6,0,3,0,3,0,0,0,0,0,0,0
64300,9909,0,69,0,9,0,6,0,2,0,5,0,0,0,0,0,0,0
64400,9922,0,71,0,2,0,1,0,3,0,1,0,0,0,0,0,0,0
64500,9914,0,70,0,5,0,5,0,4,0,2,0,0,0,0,0,0,0
64600,9912,0,70,0,5,0,6,0,5,0,2,0,0,0,0,0,0,0
64700,9926,0,65,0,2,0,3,0,2,0,2,0,0,0,0,0,0,0
64800,9924,0,69,0,1,0,1,0,3,0,2,0,0,0,0,0,0,0
64900,9926,0,67,0,4,0,2,0,1,0,0,0,0,0,0,0,0,0
65000,9930,0,58,0,2,0,4,0,6,0,0,0,0,0,0,0,0,0
65100,9931,0,61,0,3,0,1,0,3,0,1,0,0,0,0,0,0,0
65200,9930,0,64,0,1,0,2,0,0,0,3,0,0,0,0,0,0,0
65300,9928,0,60,0,6,0,2,0,4,0,0,0,0,0,0,0,0,0
65400,9921,0,69,0,5,0,1,0,4,0,0,0,0,0,0,0,0,0
65500,9926,0,64,0,2,0,2,0,6,0,0,0,0,0,0,0,0,0
65600,9929,0,62,0,1,0,5,0,1,0,2,0,0,0,0,0,0,0
65700,9988,0,7,0,0,0,0,0,4,0,1,0,0,0,0,0,0,0
65800,9984,0,11,0,1,0,1,0,1,0,2,0,0,0,0,0,0,0
65900,9979,0,12,0,2,0,5,0,1,0,1,0,0,0,0,0,0,0
66000,9981,0,10,0,0,0,7,0,2,0,0,0,0,0,0,0,0,0
66100,9984,0,9,0,1,0,4,0,2,0,0,0,0,0,0,0,0,0
66200,9987,0,10,0,2,0,1,0,0,0,0,0,0,0,0,0,0,0
66300,9979,0,11,0,0,0,4,0,5,0,1,0,0,0,0,0,0,0
66400,9976,0,13,0,1,0,4,0,5,0,1,0,0,0,0,0,0,0
66500,9975,0,15,0,3,0,6,0,0,0,1,0,0,0,0,0,0,0
66600,9975,0,10,0,2,0,9,0,2,0,2,0,0,0,0,0,0,0
66700,9990,0,4,0,2,0,4,0,0,0,0,0,0,0,0,0,0,0
66800,9988,0,2,0,1,0,8,0,1,0,0,0,0,0,0,0,0,0
66900,9987,0,1,0,0,0,11,0,1,0,0,0,0,0,0,0,0,0
67000,9995,0,0,0,0,0,2,0,2,0,1,0,0,0,0,0,0,0
67100,9981,0,5,0,1,0,10,0,2,0,1,0,0,0,0,0,0,0
67200,9977,0,7,0,3,0,10,0,3,0,0,0,0,0,0,0,0,0
67300,9977,0,8,0,3,0,9,0,1,0,2,0,0,0,0,0,0,0
67400,9986,0,4,0,1,0,8,0,1,0,0,0,0,0,0,0,0,0
67500,9969,0,17,0,2,0,10,0,2,0,0,0,0,0,0,0,0,0
67600,9980,0,9,0,1,0,7,0,2,0,1,0,0,0,0,0,0,0
67700,9986,0,6,0,3,0,3,0,0,0,2,0,0,0,0,0,0,0
67800,9985,0,4,0,3,0,3,0,3,0,1,0,1,0,0,0,0,0
67900,9989,0,8,0,0,0,2,0,1,0,0,0,0,0,0,0,0,0
68000,9984,0,5,0,5,0,3,0,3,0,0,0,0,0,0,0,0,0
68100,9984,0,5,0,2,0,3,0,4,0,2,0,0,0,0,0,0,0
68200,9987,0,5,0,1,0,3,0,1,0,3,0,0,0,0,0,0,0
68300,9980,0,9,0,2,0,6,0,0,0,3,0,0,0,0,0,0,0
68400,9987,0,9,0,0,0,1,0,3,0,0,0,0,0,0,0,0,0
68500,9975,0,10,0,3,0,6,0,6,0,0,0,0,0,0,0,0,0
68600,9982,0,10,0,3,0,1,0,4,0,0,0,0,0,0,0,0,0
68700,9985,0,4,0,1,0,2,0,4,0,4,0,0,0,0,0,0,0
68800,9988,0,8,0,2,0,1,0,1,0,0,0,0,0,0,0,0,0
68900,9986,0,9,0,1,0,2,0,2,0,0,0,0,0,0,0,0,0
69000,9988,0,4,0,3,0,2,0,3,0,0,0,0,0,0,0,0,0
69100,9983,0,8,0,1,0,2,0,6,0,0,0,0,0,0,0,0,0
69200,9982,0,8,0,0,0,8,0,1,0,1,0,0,0,0,0,0,0
69300,9981,0,8,0,1,0,1,0,6,0,3,0,0,0,0,0,0,0
69400,9986,0,4,0,0,0,3,0,5,0,2,0,0,0,0,0,0,0
69500,9985,0,5,0,3,0,3,0,3,0,1,0,0,0,0,0,0,0
69600,9989,0,7,0,0,0,1,0,1,0,2,0,0,0,0,0,0,0
69700,9991,0,3,0,3,0,2,0,0,0,1,0,0,0,0,0,0,0
69800,9979,0,13,0,2,0,4,0,1,0,1,0,0,0,0,0,0,0
69900,9981,0,12,0,1,0,0,0,6,0,0,0,0,0,0,0,0,0
70000,9971,0,19,0,1,0,3,0,4,0,2,0,0,0,0,0,0,0
70100,9970,0,19,0,1,0,5,0,3,0,2,0,0,0,0,0,0,0
70200,9987,0,5,0,0,0,1,0,6,0,1,0,0,0,0,0,0,0
70300,9981,0,10,0,2,0,0,0,6,0,1,0,0,0,0,0,0,0
70400,9979,0,6,0,2,0,4,0,8,0,1,0,0,0,0,0,0,0
70500,9985,0,8,0,3,0,2,0,2,0,0,0,0,0,0,0,0,0
70600,9985,0,3,0,2,0,3,0,6,0,1,0,0,0,0,0,0,0
70700,9984,0,8,0,3,0,3,0,1,0,1,0,0,0,0,0,0,0
70800,9989,0,7,0,0,0,0,0,2,0,2,0,0,0,0,0,0,0
70900,9984,0,11,0,4,0,0,0,1,0,0,0,0,0,0,0,0,0
71000,9978,0,14,0,1,0,3,0,4,0,0,0,0,0,0,0,0,0
71100,9978,0,14,0,3,0,2,0,2,0,1,0,0,0,0,0,0,0
71200,9981,0,13,0,3,0,1,0,1,0,1,0,0,0,0,0,0,0
71300,9976,0,16,0,0,0,3,0,5,0,0,0,0,0,0,0,0,0
71400,9979,0,14,0,1,0,1,0,3,0,2,0,0,0,0,0,0,0
71500,9975,0,12,0,2,0,4,0,4,0,3,0,0,0,0,0,0,0
71600,9975,0,20,0,2,0,2,0,1,0,0,0,0,0,0,0,0,0
71700,9982,0,14,0,2,0,0,0,1,0,1,0,0,0,0,0,0,0
71800,9973,0,16,0,3,0,1,0,6,0,1,0,0,0,0,0,0,0
71900,9974,0,17,0,2,0,3,0,1,0,3,0,0,0,0,0,0,0
72000,9981,0,12,0,1,0,3,0,2,0,1,0,0,0,0,0,0,0
72100,9978,0,19,0,0,0,1,0,1,0,1,0,0,0,0,0,0,0
72200,9981,0,15,0,1,0,0,0,2,0,1,0,0,0,0,0,0,0
72300,9977,0,18,0,1,0,2,0,2,0,0,0,0,0,0,0,0,0
72400,9976,0,12,0,3,0,3,0,5,0,1,0,0,0,0,0,0,0
72500,9968,0,17,0,4,0,3,0,4,0,4,0,0,0,0,0,0,0
72600,9973,0,21,0,4,0,0,0,2,0,0,0,0,0,0,0,0,0
72700,9976,0,14,0,4,0,1,0,5,0,0,0,0,0,0,0,0,0
72800,9980,0,12,0,1,0,3,0,3,0,1,0,0,0,0,0,0,0
72900,9976,0,17,0,1,0,4,0,1,0,1,0,0,0,0,0,0,0
73000,9981,0,14,0,2,0,0,0,3,0,0,0,0,0,0,0,0,0
73100,9980,0,17,0,1,0,0,0,2,0,0,0,0,0,0,0,0,0
73200,9965,0,19,0,9,0,3,0,4,0,0,0,0,0,0,0,0,0
73300,9978,0,18,0,1,0,1,0,1,0,1,0,0,0,0,0,0,0
73400,9980,0,17,0,2,0,1,0,0,0,0,0,0,0,0,0,0,0
73500,9979,0,16,0,2,0,3,0,0,0,0,0,0,0,0,0,0,0
73600,9985,0,10,0,0,0,2,0,2,0,1,0,0,0,0,0,0,0
73700,9968,0,28,0,2,0,1,0,1,0,0,0,0,0,0,0,0,0
73800,9965,0,24,0,2,0,0,0,8,0,1,0,0,0,0,0,0,0
73900,9963,0,21,0,3,0,7,0,6,0,0,0,0,0,0,0,0,0
74000,9979,0,17,0,1,0,0,0,3,0,0,0,0,0,0,0,0,0
74100,9974,0,17,0,3,0,2,0,2,0,2,0,0,0,0,0,0,0
74200,9974,0,13,0,3,0,2,0,5,0,3,0,0,0,0,0,0,0
74300,9967,0,17,0,2,0,10,0,4,0,0,0,0,0,0,0,0,0
74400,9971,0,11,0,2,0,11,0,4,0,1,0,0,0,0,0,0,0
74500,9965,0,15,0,2,0,14,0,2,0,2,0,0,0,0,0,0,0
74600,9959,0,18,0,5,0,12,0,5,0,1,0,0,0,0,0,0,0
74700,9962,0,20,0,3,0,12,0,3,0,0,0,0,0,0,0,0,0
74800,9962,0,19,0,3,0,15,0,1,0,0,0,0,0,0,0,0,0
74900,9961,0,21,0,3,0,13,0,2,0,0,0,0,0,0,0,0,0
75000,9960,0,19,0,2,0,16,0,2,0,1,0,0,0,0,0,0,0
75100,9962,0,16,0,2,0,16,0,3,0,1,0,0,0,0,0,0,0
75200,9970,0,17,0,1,0,11,0,1,0,0,0,0,0,0,0,0,0
75300,9970,0,10,0,1,0,17,0,2,0,0,0,0,0,0,0,0,0
75400,9967,0,15,0,2,0,13,0,2,0,1,0,0,0,0,0,0,0
75500,9968,0,12,0,3,0,14,0,2,0,1,0,0,0,0,0,0,0
75600,9969,0,11,0,2,0,13,0,3,0,2,0,0,0,0,0,0,0
75700,9967,0,8,0,3,0,12,0,7,0,3,0,0,0,0,0,0,0
75800,9970,0,15,0,1,0,13,0,1,0,0,0,0,0,0,0,0,0
75900,9969,0,12,0,1,0,14,0,4,0,0,0,0,0,0,0,0,0
76000,9961,0,15,0,1,0,15,0,6,0,2,0,0,0,0,0,0,0
76100,9967,0,12,0,4,0,12,0,5,0,0,0,0,0,0,0,0,0
76200,9969,0,15,0,1,0,13,0,1,0,1,0,0,0,0,0,0,0
76300,9956,0,23,0,4,0,16,0,1,0,0,0,0,0,0,0,0,0
76400,9964,0,17,0,3,0,13,0,2,0,1,0,0,0,0,0,0,0
76500,9962,0,14,0,3,0,19,0,1,0,1,0,0,0,0,0,0,0
76600,9970,0,11,0,0,0,14,0,4,0,1,0,0,0,0,0,0,0
76700,9975,0,9,0,3,0,8,0,4,0,1,0,0,0,0,0,0,0
76800,9981,0,18,0,0,0,0,0,0,0,1,0,0,0,0,0,0,0
76900,9966,0,20,0,2,0,4,0,5,0,3,0,0,0,0,0,0,0
77000,9961,0,31,0,2,0,3,0,1,0,2,0,0,0,0,0,0,0
77100,9970,0,24,0,3,0,0,0,0,0,3,0,0,0,0,0,0,0
77200,9965,0,27,0,1,0,4,0,2,0,1,0,0,0,0,0,0,0
77300,9964,0,27,0,3,0,1,0,3,0,2,0,0,0,0,0,0,0
77400,9960,0,31,0,1,0,4,0,2,0,2,0,0,0,0,0,0,0
77500,9957,0,25,0,3,0,9,0,2,0,4,0,0,0,0,0,0,0
77600,9969,0,28,0,2,0,0,0,1,0,0,0,0,0,0,0,0,0
77700,9965,0,29,0,1,0,2,0,3,0,0,0,0,0,0,0,0,0
77800,9963,0,26,0,3,0,2,0,6,0,0,0,0,0,0,0,0,0
77900,9958,0,28,0,2,0,2,0,8,0,2,0,0,0,0,0,0,0
78000,9960,0,29,0,1,0,7,0,3,0,0,0,0,0,0,0,0,0
78100,9965,0,29,0,1,0,2,0,3,0,0,0,0,0,0,0,0,0
78200,9964,0,28,0,2,0,2,0,3,0,1,0,0,0,0,0,0,0
78300,9963,0,30,0,2,0,1,0,2,0,2,0,0,0,0,0,0,0
78400,9963,0,32,0,1,0,1,0,2,0,1,0,0,0,0,0,0,0
78500,9961,0,30,0,2,0,1,0,5,0,1,0,0,0,0,0,0,0
78600,9964,0,27,0,2,0,4,0,3,0,0,0,0,0,0,0,0,0
78700,9966,0,28,0,0,0,2,0,3,0,1,0,0,0,0,0,0,0
78800,9967,0,25,0,0,0,1,0,5,0,2,0,0,0,0,0,0,0
78900,9959,0,31,0,2,0,1,0,6,0,1,0,0,0,0,0,0,0
79000,9961,0,32,0,2,0,1,0,2,0,2,0,0,0,0,0,0,0
79100,9969,0,27,0,2,0,0,0,1,0,1,0,0,0,0,0,0,0
79200,9964,0,28,0,1,0,2,0,4,0,1,0,0,0,0,0,0,0
79300,9969,0,23,0,2,0,0,0,5,0,1,0,0,0,0,0,0,0
79400,9966,0,25,0,2,0,3,0,4,0,0,0,0,0,0,0,0,0
79500,9964,0,26,0,4,0,3,0,2,0,1,0,0,0,0,0,0,0
79600,9966,0,24,0,3,0,0,0,7,0,0,0,0,0,0,0,0,0
79700,9967,0,27,0,2,0,1,0,3,0,0,0,0,0,0,0,0,0
79800,9959,0,33,0,0,0,1,0,6,0,0,0,1,0,0,0,0,0
79900,9962,0,32,0,1,0,2,0,2,0,1,0,0,0,0,0,0,0
80000,9964,0,30,0,3,0,1,0,1,0,1,0,0,0,0,0,0,0
80100,9964,0,32,0,1,0,0,0,2,0,1,0,0,0,0,0,0,0
80200,9956,0,35,0,1,0,2,0,5,0,1,0,0,0,0,0,0,0
80300,9961,0,32,0,1,0,3,0,2,0,1,0,0,0,0,0,0,0
80400,9955,0,31,0,3,0,2,0,9,0,0,0,0,0,0,0,0,0
80500,9960,0,36,0,0,0,1,0,2,0,1,0,0,0,0,0,0,0
80600,9952,0,40,0,2,0,1,0,3,0,2,0,0,0,0,0,0,0
80700,9952,0,39,0,0,0,0,0,6,0,3,0,0,0,0,0,0,0
80800,9935,0,55,0,2,0,6,0,2,0,0,0,0,0,0,0,0,0
80900,9940,0,53,0,0,0,3,0,2,0,2,0,0,0,0,0,0,0
81000,9944,0,52,0,1,0,2,0,0,0,1,0,0,0,0,0,0,0
81100,9963,0,31,0,1,0,3,0,2,0,0,0,0,0,0,0,0,0
81200,9961,0,33,0,3,0,0,0,1,0,2,0,0,0,0,0,0,0
81300,9967,0,31,0,0,0,2,0,0,0,0,0,0,0,0,0,0,0
81400,9957,0,34,0,2,0,1,0,4,0,2,0,0,0,0,0,0,0
81500,9965,0,30,0,0,0,3,0,1,0,1,0,0,0,0,0,0,0
81600,9970,0,24,0,3,0,1,0,2,0,0,0,0,0,0,0,0,0
81700,9964,0,27,0,3,0,1,0,4,0,1,0,0,0,0,0,0,0
81800,9969,0,25,0,2,0,1,0,3,0,0,0,0,0,0,0,0,0
81900,9967,0,20,0,3,0,4,0,4,0,2,0,0,0,0,0,0,0
82000,9977,0,18,0,0,0,1,0,2,0,2,0,0,0,0,0,0,0
82100,9967,0,19,0,2,0,8,0,2,0,2,0,0,0,0,0,0,0
82200,9977,0,18,0,1,0,1,0,3,0,0,0,0,0,0,0,0,0
82300,9967,0,20,0,1,0,4,0,7,0,1,0,0,0,0,0,0,0
82400,9971,0,20,0,0,0,5,0,3,0,1,0,0,0,0,0,0,0
82500,9978,0,15,0,1,0,3,0,2,0,1,0,0,0,0,0,0,0
82600,9976,0,17,0,1,0,4,0,1,0,1,0,0,0,0,0,0,0
82700,9972,0,25,0,1,0,1,0,1,0,0,0,0,0,0,0,0,0
82800,9968,0,23,0,3,0,2,0,3,0,1,0,0,0,0,0,0,0
82900,9970,0,23,0,1,0,1,0,4,0,1,0,0,0,0,0,0,0
83000,9967,0,24,0,2,0,1,0,5,0,1,0,0,0,0,0,0,0
83100,9966,0,22,0,3,0,1,0,5,0,3,0,0,0,0,0,0,0
83200,9966,0,25,0,3,0,1,0,4,0,1,0,0,0,0,0,0,0
83300,9969,0,23,0,5,0,1,0,2,0,0,0,0,0,0,0,0,0
83400,9967,0,25,0,2,0,4,0,2,0,0,0,0,0,0,0,0,0
83500,9910,0,78,0,3,0,3,0,4,0,1,0,0,0,0,0,1,0
83600,9915,0,78,0,1,0,3,0,3,0,0,0,0,0,0,0,0,0
83700,9916,0,81,0,1,0,1,0,1,0,0,0,0,0,0,0,0,0
83800,9892,0,94,0,5,0,4,0,3,0,2,0,0,0,0,0,0,0
83900,9915,0,79,0,1,0,2,0,2,0,1,0,0,0,0,0,0,0
84000,9941,0,50,0,2,0,3,0,3,0,1,0,0,0,0,0,0,0
84100,9966,0,24,0,2,0,1,0,6,0,1,0,0,0,0,0,0,0
84200,9967,0,23,0,2,0,3,0,4,0,1,0,0,0,0,0,0,0
84300,9966,0,23,0,2,0,3,0,4,0,2,0,0,0,0,0,0,0
84400,9968,0,23,0,3,0,1,0,3,0,2,0,0,0,0,0,0,0
84500,9973,0,22,0,1,0,0,0,4,0,0,0,0,0,0,0,0,0
84600,9971,0,24,0,3,0,0,0,1,0,1,0,0,0,0,0,0,0
84700,9968,0,24,0,2,0,5,0,0,0,1,0,0,0,0,0,0,0
84800,9964,0,24,0,2,0,3,0,3,0,4,0,0,0,0,0,0,0
84900,9981,0,16,0,0,0,1,0,2,0,0,0,0,0,0,0,0,0
85000,9983,0,11,0,1,0,1,0,3,0,1,0,0,0,0,0,0,0
85100,9982,0,10,0,3,0,0,0,4,0,1,0,0,0,0,0,0,0
85200,9984,0,9,0,0,0,2,0,4,0,1,0,0,0,0,0,0,0
85300,9980,0,8,0,6,0,1,0,5,0,0,0,0,0,0,0,0,0
85400,9984,0,9,0,2,0,1,0,1,0,3,0,0,0,0,0,0,0
85500,9986,0,9,0,1,0,2,0,1,0,1,0,0,0,0,0,0,0
85600,9983,0,9,0,2,0,4,0,0,0,2,0,0,0,0,0,0,0
85700,9978,0,12,0,2,0,2,0,6,0,0,0,0,0,0,0,0,0
85800,9984,0,9,0,1,0,4,0,2,0,0,0,0,0,0,0,0,0
85900,9987,0,8,0,0,0,1,0,3,0,1,0,0,0,0,0,0,0
86000,9983,0,10,0,3,0,0,0,1,0,3,0,0,0,0,0,0,0
86100,9984,0,10,0,0,0,0,0,4,0,2,0,0,0,0,0,0,0
86200,9982,0,8,0,1,0,5,0,3,0,1,0,0,0,0,0,0,0
86300,9983,0,11,0,2,0,0,0,1,0,3,0,0,0,0,0,0,0
86400,9981,0,10,0,3,0,3,0,2,0,1,0,0,0,0,0,0,0
86500,9980,0,10,0,5,0,1,0,4,0,0,0,0,0,0,0,0,0
86600,9986,0,8,0,2,0,2,0,1,0,1,0,0,0,0,0,0,0
86700,9976,0,17,0,1,0,5,0,1,0,0,0,0,0,0,0,0,0
86800,9972,0,23,0,1,0,0,0,3,0,1,0,0,0,0,0,0,0
86900,9969,0,22,0,1,0,4,0,4,0,0,0,0,0,0,0,0,0
87000,9973,0,23,0,1,0,3,0,0,0,0,0,0,0,0,0,0,0
87100,9965,0,26,0,1,0,4,0,3,0,1,0,0,0,0,0,0,0
87200,9965,0,25,0,2,0,2,0,5,0,1,0,0,0,0,0,0,0
87300,9964,0,25,0,2,0,4,0,5,0,0,0,0,0,0,0,0,0
87400,9964,0,25,0,3,0,4,0,3,0,1,0,0,0,0,0,0,0
87500,9969,0,25,0,3,0,1,0,2,0,0,0,0,0,0,0,0,0
87600,9968,0,25,0,2,0,3,0,1,0,1,0,0,0,0,0,0,0
87700,9972,0,23,0,3,0,1,0,1,0,0,0,0,0,0,0,0,0
87800,9970,0,25,0,4,0,0,0,1,0,0,0,0,0,0,0,0,0
87900,9965,0,24,0,3,0,4,0,3,0,1,0,0,0,0,0,0,0
88000,9960,0,24,0,6,0,2,0,6,0,2,0,0,0,0,0,0,0
88100,9966,0,26,0,5,0,3,0,0,0,0,0,0,0,0,0,0,0
88200,9964,0,23,0,1,0,2,0,9,0,1,0,0,0,0,0,0,0
88300,9972,0,23,0,0,0,0,0,2,0,3,0,0,0,0,0,0,0
88400,9968,0,24,0,3,0,0,0,4,0,1,0,0,0,0,0,0,0
88500,9963,0,26,0,1,0,2,0,4,0,4,0,0,0,0,0,0,0
88600,9963,0,28,0,3,0,1,0,4,0,1,0,0,0,0,0,0,0
88700,9962,0,26,0,2,0,5,0,3,0,2,0,0,0,0,0,0,0
88800,9969,0,27,0,0,0,3,0,1,0,0,0,0,0,0,0,0,0
88900,9968,0,23,0,1,0,0,0,5,0,3,0,0,0,0,0,0,0
89000,9962,0,26,0,3,0,5,0,1,0,3,0,0,0,0,0,0,0
89100,9964,0,25,0,1,0,5,0,2,0,3,0,0,0,0,0,0,0
89200,9962,0,26,0,2,0,8,0,2,0,0,0,0,0,0,0,0,0
89300,9955,0,31,0,5,0,3,0,5,0,1,0,0,0,0,0,0,0
89400,9962,0,28,0,3,0,2,0,3,0,2,0,0,0,0,0,0,0
89500,9961,0,26,0,1,0,2,0,7,0,3,0,0,0,0,0,0,0
89600,9966,0,26,0,0,0,2,0,6,0,0,0,0,0,0,0,0,0
89700,9970,0,26,0,0,0,1,0,0,0,3,0,0,0,0,0,0,0
89800,9964,0,25,0,4,0,3,0,1,0,3,0,0,0,0,0,0,0
89900,9969,0,24,0,2,0,3,0,1,0,1,0,0,0,0,0,0,0
90000,9967,0,25,0,1,0,2,0,5,0,0,0,0,0,0,0,0,0
90100,9962,0,24,0,2,0,2,0,9,0,1,0,0,0,0,0,0,0
90200,9964,0,28,0,2,0,1,0,1,0,4,0,0,0,0,0,0,0
90300,9964,0,26,0,1,0,6,0,2,0,1,0,0,0,0,0,0,0
90400,9954,0,37,0,2,0,1,0,5,0,1,0,0,0,0,0,0,0
90500,9956,0,38,0,1,0,1,0,4,0,0,0,0,0,0,0,0,0
90600,9964,0,28,0,2,0,1,0,4,0,1,0,0,0,0,0,0,0
90700,9968,0,26,0,2,0,1,0,2,0,1,0,0,0,0,0,0,0
90800,9951,0,40,0,1,0,1,0,5,0,2,0,0,0,0,0,0,0
90900,9952,0,40,0,2,0,1,0,3,0,2,0,0,0,0,0,0,0
91000,9957,0,37,0,1,0,1,0,2,0,2,0,0,0,0,0,0,0
91100,9952,0,39,0,2,0,4,0,3,0,0,0,0,0,0,0,0,0
91200,9951,0,36,0,2,0,6,0,4,0,1,0,0,0,0,0,0,0
91300,9945,0,48,0,2,0,2,0,1,0,2,0,0,0,0,0,0,0
91400,9945,0,46,0,1,0,1,0,6,0,1,0,0,0,0,0,0,0
91500,9963,0,28,0,2,0,3,0,4,0,0,0,0,0,0,0,0,0
91600,9963,0,28,0,3,0,1,0,3,0,2,0,0,0,0,0,0,0
91700,9968,0,28,0,1,0,0,0,3,0,0,0,0,0,0,0,0,0
91800,9959,0,38,0,0,0,1,0,0,0,2,0,0,0,0,0,0,0
91900,9946,0,39,0,0,0,9,0,4,0,2,0,0,0,0,0,0,0
92000,9950,0,38,0,2,0,6,0,1,0,3,0,0,0,0,0,0,0
92100,9949,0,41,0,1,0,4,0,4,0,1,0,0,0,0,0,0,0
92200,9952,0,41,0,1,0,0,0,5,0,1,0,0,0,0,0,0,0
92300,9941,0,54,0,2,0,2,0,0,0,1,0,0,0,0,0,0,0
92400,9899,0,96,0,0,0,1,0,3,0,1,0,0,0,0,0,0,0
92500,9892,0,99,0,2,0,4,0,2,0,1,0,0,0,0,0,0,0
92600,9886,0,103,0,4,0,1,0,3,0,3,0,0,0,0,0,0,0
92700,9945,0,39,0,4,0,7,0,2,0,3,0,0,0,0,0,0,0
92800,9946,0,46,0,2,0,2,0,3,0,1,0,0,0,0,0,0,0
92900,9946,0,49,0,1,0,1,0,0,0,3,0,0,0,0,0,0,0
93000,9948,0,50,0,0,0,1,0,0,0,1,0,0,0,0,0,0,0
93100,9954,0,43,0,0,0,1,0,2,0,0,0,0,0,0,0,0,0
93200,9944,0,46,0,1,0,6,0,3,0,0,0,0,0,0,0,0,0
93300,9947,0,44,0,0,0,6,0,1,0,2,0,0,0,0,0,0,0
93400,9951,0,42,0,0,0,5,0,1,0,1,0,0,0,0,0,0,0
93500,9953,0,37,0,0,0,6,0,3,0,1,0,0,0,0,0,0,0
93600,9953,0,38,0,1,0,6,0,1,0,1,0,0,0,0,0,0,0
93700,9916,0,71,0,2,0,2,0,6,0,3,0,0,0,0,0,0,0
93800,9891,0,102,0,3,0,2,0,2,0,0,0,0,0,0,0,0,0
93900,9890,0,101,0,2,0,4,0,1,0,2,0,0,0,0,0,0,0
94000,9888,0,99,0,7,0,0,0,5,0,1,0,0,0,0,0,0,0
94100,9909,0,83,0,3,0,0,0,3,0,2,0,0,0,0,0,0,0
94200,9951,0,37,0,3,0,2,0,3,0,4,0,0,0,0,0,0,0
94300,9961,0,32,0,3,0,1,0,2,0,1,0,0,0,0,0,0,0
94400,9966,0,31,0,2,0,0,0,1,0,0,0,0,0,0,0,0,0
94500,9946,0,31,0,2,0,14,0,4,0,3,0,0,0,0,0,0,0
94600,9951,0,38,0,3,0,1,0,6,0,1,0,0,0,0,0,0,0
94700,9927,0,60,0,5,0,2,0,6,0,0,0,0,0,0,0,0,0
94800,9929,0,64,0,2,0,0,0,4,0,1,0,0,0,0,0,0,0
94900,9944,0,54,0,2,0,0,0,0,0,0,0,0,0,0,0,0,0
95000,9938,0,56,0,1,0,5,0,0,0,0,0,0,0,0,0,0,0
95100,9940,0,56,0,1,0,1,0,2,0,0,0,0,0,0,0,0,0
95200,9945,0,52,0,1,0,0,0,0,0,2,0,0,0,0,0,0,0
95300,9934,0,56,0,4,0,1,0,4,0,1,0,0,0,0,0,0,0
95400,9940,0,56,0,0,0,2,0,1,0,1,0,0,0,0,0,0,0
95500,9947,0,49,0,1,0,1,0,2,0,0,0,0,0,0,0,0,0
95600,9945,0,49,0,2,0,1,0,2,0,1,0,0,0,0,0,0,0
95700,9943,0,50,0,0,0,2,0,5,0,0,0,0,0,0,0,0,0
95800,9942,0,54,0,1,0,1,0,1,0,1,0,0,0,0,0,0,0
95900,9943,0,52,0,4,0,0,0,1,0,0,0,0,0,0,0,0,0
96000,9937,0,50,0,5,0,4,0,3,0,1,0,0,0,0,0,0,0
96100,9936,0,55,0,3,0,2,0,1,0,3,0,0,0,0,0,0,0
96200,9913,0,82,0,2,0,3,0,0,0,0,0,0,0,0,0,0,0
96300,9908,0,84,0,3,0,3,0,1,0,1,0,0,0,0,0,0,0
96400,9906,0,88,0,4,0,1,0,1,0,0,0,0,0,0,0,0,0
96500,9905,0,92,0,1,0,0,0,1,0,1,0,0,0,0,0,0,0
96600,9897,0,96,0,2,0,2,0,2,0,1,0,0,0,0,0,0,0
96700,9899,0,93,0,1,0,0,0,4,0,3,0,0,0,0,0,0,0
96800,9897,0,95,0,2,0,1,0,4,0,1,0,0,0,0,0,0,0
96900,9918,0,77,0,2,0,0,0,3,0,0,0,0,0,0,0,0,0
97000,9933,0,59,0,6,0,0,0,2,0,0,0,0,0,0,0,0,0
97100,9925,0,68,0,6,0,0,0,1,0,0,0,0,0,0,0,0,0
97200,9931,0,60,0,2,0,3,0,3,0,1,0,0,0,0,0,0,0
97300,9928,0,64,0,2,0,2,0,2,0,2,0,0,0,0,0,0,0
97400,9934,0,61,0,4,0,0,0,1,0,0,0,0,0,0,0,0,0
97500,9924,0,66,0,1,0,3,0,2,0,4,0,0,0,0,0,0,0
97600,9926,0,66,0,1,0,1,0,5,0,1,0,0,0,0,0,0,0
97700,9929,0,57,0,10,0,3,0,1,0,0,0,0,0,0,0,0,0
97800,9937,0,57,0,3,0,1,0,1,0,1,0,0,0,0,0,0,0
97900,9934,0,60,0,2,0,3,0,1,0,0,0,0,0,0,0,0,0
98000,9928,0,64,0,5,0,1,0,1,0,1,0,0,0,0,0,0,0
98100,9930,0,66,0,3,0,0,0,1,0,0,0,0,0,0,0,0,0
98200,9923,0,67,0,5,0,3,0,2,0,0,0,0,0,0,0,0,0
98300,9925,0,66,0,5,0,0,0,3,0,1,0,0,0,0,0,0,0
98400,9910,0,87,0,2,0,0,0,0,0,1,0,0,0,0,0,0,0
98500,9879,0,107,0,7,0,0,0,5,0,2,0,0,0,0,0,0,0
98600,9902,0,96,0,1,0,0,0,1,0,0,0,0,0,0,0,0,0
98700,9928,0,66,0,4,0,1,0,0,0,1,0,0,0,0,0,0,0
98800,9922,0,68,0,6,0,2,0,1,0,1,0,0,0,0,0,0,0
98900,9922,0,67,0,6,0,4,0,0,0,1,0,0,0,0,0,0,0
99000,9919,0,64,0,9,0,2,0,4,0,2,0,0,0,0,0,0,0
99100,9927,0,63,0,7,0,0,0,2,0,1,0,0,0,0,0,0,0
99200,9945,0,42,0,9,0,1,0,1,0,2,0,0,0,0,0,0,0
99300,9983,0,6,0,7,0,1,0,3,0,0,0,0,0,0,0,0,0
99400,9984,0,5,0,6,0,1,0,2,0,2,0,0,0,0,0,0,0
99500,9987,0,5,0,6,0,1,0,0,0,1,0,0,0,0,0,0,0
99600,9987,0,6,0,4,0,2,0,1,0,0,0,0,0,0,0,0,0
99700,9984,0,8,0,6,0,0,0,2,0,0,0,0,0,0,0,0,0
99800,9988,0,5,0,4,0,1,0,1,0,1,0,0,0,0,0,0,0
99900,9986,0,5,0,7,0,0,0,2,0,0,0,0,0,0,0,0,0
100000,9987,0,6,0,3,0,1,0,3,0,0,0,0,0,0,0,0,0
