update,host_task_NOT,sym_task_NOT,host_task_NAND,sym_task_NAND,host_task_AND,sym_task_AND,host_task_ORN,sym_task_ORN,host_task_OR,sym_task_OR,host_task_ANDN,sym_task_ANDN,host_task_NOR,sym_task_NOR,host_task_XOR,sym_task_XOR,host_task_EQU,sym_task_EQU
0,0,0,0,0,0,0,0,0,0,0,0,0,0,0,0,0,0,0
100,10001,38347,0,0,1,4,0,4,0,3,0,3,0,0,0,0,0,0
200,9994,33194,0,4,1,8,1,6,3,12,1,2,0,0,0,0,0,0
300,9995,33225,0,8,2,4,0,5,3,10,0,1,0,0,0,0,0,0
400,9994,33262,0,5,3,8,0,6,2,7,1,1,0,0,0,0,0,0
500,9996,33126,0,7,2,6,0,6,0,7,2,3,0,0,0,0,0,0
600,9993,27925,0,2,1,3,0,2,6,4,0,3,0,0,0,0,0,0
700,10000,25733,0,1,0,4,0,3,0,4,0,2,0,0,0,0,0,0
800,9989,25824,1,3,4,6,2,5,1,6,3,3,0,0,0,0,0,0
900,9993,25830,0,7,2,6,1,4,2,6,2,2,0,0,0,0,0,0
1000,9994,25740,0,5,2,5,1,3,1,3,2,4,0,0,0,0,0,0
1100,9995,23243,0,2,2,4,0,4,2,3,1,2,0,0,0,0,0,0
1200,9990,20451,0,6,4,3,0,5,5,6,1,1,0,0,0,0,0,0
1300,9997,20316,0,1,0,2,1,5,1,2,1,2,0,0,0,0,0,0
1400,9992,20317,1,4,2,3,2,5,3,1,0,2,0,0,0,0,0,0
1500,9994,20392,0,6,1,1,0,1,5,5,0,2,0,0,0,0,0,0
1600,9997,19356,1,7,0,6,0,1,1,7,1,5,0,0,0,0,0,0
1700,9997,16219,0,0,0,2,1,2,2,4,0,1,0,0,0,0,0,0
1800,9992,16145,2,0,4,2,1,1,1,3,0,6,0,0,0,0,0,0
1900,9993,16199,2,4,1,1,0,0,4,0,0,0,0,0,0,0,0,0
2000,9991,16099,1,10,0,3,2,2,4,1,2,2,0,0,0,0,0,0
2100,9991,16167,0,13,2,2,2,0,3,4,2,2,0,0,0,0,0,0
2200,9984,13028,5,9,1,2,4,2,4,2,2,3,0,0,0,0,0,0
2300,9985,12966,4,12,3,1,2,0,4,3,2,1,0,0,0,0,0,0
2400,9981,12873,8,7,2,2,2,1,5,1,2,2,0,0,0,0,0,0
2500,9989,12950,5,9,2,3,1,0,2,3,1,3,0,0,0,0,0,0
2600,9988,12985,7,6,0,3,1,2,4,4,0,1,0,0,0,0,0,0
2700,9987,11394,3,4,1,3,1,0,7,3,1,0,0,0,0,0,0,0
2800,9988,10809,6,4,0,4,4,2,2,2,0,0,0,0,0,0,0,0
2900,9985,10677,6,9,1,1,2,0,6,3,0,0,0,0,0,0,0,0
3000,9988,10692,9,10,1,0,0,2,1,2,0,0,1,0,0,0,0,0
3100,9987,10660,6,6,3,1,2,1,1,2,1,1,0,0,0,0,0,0
3200,9986,9623,2,1,2,0,5,2,4,1,1,1,0,0,0,0,0,0
3300,9991,8739,4,4,3,1,1,4,0,0,1,2,0,0,0,0,0,0
3400,9994,8880,1,0,0,0,2,6,3,0,0,1,0,0,0,0,0,0
3500,9989,8697,4,4,0,0,3,3,4,1,0,2,0,0,0,0,0,0
3600,9985,8761,1,3,3,1,3,5,8,4,0,0,0,0,0,0,0,0
3700,9985,8270,6,4,3,5,0,1,5,3,1,0,0,0,0,0,0,0
3800,9976,7174,11,9,3,1,4,0,5,2,1,0,0,0,0,0,0,0
3900,9981,7445,9,22,4,1,4,3,2,2,0,0,0,0,0,0,0,0
4000,9972,7590,11,10,4,0,4,1,6,2,0,0,3,0,0,0,0,0
4100,9985,7459,10,17,3,0,1,3,1,2,0,1,0,0,0,0,0,0
4200,9984,7413,9,9,2,0,2,1,1,2,2,0,0,0,0,0,0,0
4300,9975,6195,14,8,1,0,3,0,5,6,1,2,1,0,0,0,0,0
4400,9979,6354,12,5,3,1,2,1,2,0,2,0,0,0,0,0,0,0
4500,9977,6363,9,3,3,1,4,3,6,2,0,1,1,0,0,0,0,0
4600,9972,6380,13,15,2,0,4,5,7,2,2,0,0,0,0,0,0,0
4700,9980,6415,12,12,2,2,2,4,2,3,2,0,0,0,0,0,0,0
4800,9977,5536,18,9,0,0,0,0,3,3,2,0,0,0,0,0,0,0
4900,9968,5445,19,6,1,0,5,0,6,1,1,0,0,0,0,0,0,0
5000,9969,5773,17,11,2,3,7,2,2,0,2,0,1,0,0,0,0,0
5100,9957,6008,26,13,7,2,3,1,6,2,1,1,0,0,0,0,0,0
5200,9968,6191,20,17,4,1,2,2,5,0,1,1,0,0,0,0,0,0
5300,9968,5706,20,12,2,1,3,2,7,5,0,0,0,0,0,0,0,0
5400,9965,5676,19,20,1,0,5,2,8,3,2,0,0,0,0,0,0,0
5500,9973,5843,17,9,1,1,3,2,5,0,1,2,0,0,0,0,0,0
5600,9975,6094,13,22,2,1,2,1,7,2,1,0,0,0,0,0,0,0
5700,9972,7321,18,94,4,5,2,7,3,4,1,2,0,0,0,0,0,0
5800,9975,9031,16,120,1,7,2,3,5,3,1,4,0,0,0,0,0,0
5900,9958,9530,25,173,4,4,6,11,5,5,2,2,0,1,0,0,0,0
6000,9964,10203,19,151,4,8,4,11,8,5,1,3,0,0,0,0,0,0
6100,9963,10882,22,227,3,6,7,4,4,7,1,1,0,0,0,0,0,0
6200,9966,11456,25,212,1,9,2,9,5,4,1,3,0,0,0,0,0,0
6300,9958,11463,31,213,3,5,3,17,4,6,1,2,0,0,0,0,0,0
6400,9965,10482,24,197,4,20,1,11,6,0,0,1,0,0,0,0,0,0
6500,9954,10762,29,172,1,6,6,6,6,5,3,2,1,0,0,0,0,0
6600,9962,11237,24,208,1,4,6,13,4,2,3,0,0,1,0,0,0,0
6700,9967,11594,23,148,1,5,5,13,2,5,2,1,0,0,0,0,0,0
6800,9962,11527,26,142,2,7,6,16,3,1,1,2,0,0,0,0,0,0
6900,9960,9984,26,226,2,5,6,26,3,6,3,2,0,0,0,0,0,0
7000,9954,11409,25,204,7,5,7,13,6,9,1,0,0,0,0,0,0,0
7100,9958,13542,27,157,3,4,8,8,1,5,3,3,0,0,0,0,0,0
7200,9961,15117,22,247,1,6,7,2,9,8,0,2,0,0,0,0,0,0
7300,9954,17002,25,184,4,4,8,4,9,1,0,3,0,0,0,0,0,0
7400,9946,15606,31,167,4,5,11,6,5,3,3,4,0,0,0,0,0,0
7500,9942,16745,40,122,3,4,10,9,3,7,2,1,0,0,0,0,0,0
7600,9941,18016,37,172,3,7,13,4,5,7,1,1,0,0,0,0,0,0
7700,9949,18635,37,160,1,14,8,8,4,3,1,2,0,0,0,0,0,0
7800,9946,18450,41,204,1,2,8,4,4,8,0,4,0,0,0,0,0,0
7900,9929,18143,46,224,6,6,13,4,4,5,2,3,0,0,0,0,0,0
8000,9916,18942,64,370,2,11,15,9,2,3,1,1,0,0,0,0,0,0
8100,9915,19326,67,374,4,1,8,2,5,1,1,0,0,0,0,0,0,0
8200,9898,19447,71,327,4,0,16,7,7,2,3,0,1,0,0,0,0,0
8300,9908,19407,74,367,3,5,10,3,3,5,2,5,0,0,0,0,0,0
8400,9910,19428,68,284,3,7,13,5,4,1,1,4,1,0,0,0,0,0
8500,9886,16954,94,311,5,6,6,4,7,4,2,0,0,0,0,0,0,0
8600,9885,18481,95,297,2,11,8,6,6,3,4,1,0,1,0,0,0,0
8700,9880,18122,93,305,5,5,13,6,7,8,1,2,1,0,0,0,0,0
8800,9881,18639,93,232,4,6,12,9,7,5,3,2,0,0,0,0,0,0
8900,9888,18779,90,273,2,3,10,5,8,4,2,1,0,0,0,0,0,0
9000,9877,17163,96,246,5,2,9,5,11,3,2,0,0,0,0,0,0,0
9100,9869,18413,101,281,1,6,14,9,11,6,3,1,1,0,0,0,0,0
9200,9874,19387,103,330,2,4,9,3,8,5,3,4,1,0,0,0,0,0
9300,9873,18628,107,608,4,2,10,5,6,4,0,3,0,0,0,0,0,0
9400,9875,18907,103,497,2,2,9,3,8,4,3,2,0,1,0,0,0,0
9500,9861,18558,111,376,2,15,14,4,10,7,2,2,0,0,0,0,0,0
9600,9857,18928,115,467,6,4,9,1,11,7,2,0,0,0,0,0,0,0
9700,9866,19790,113,612,4,4,12,13,3,5,0,1,2,1,0,0,0,0
9800,9864,19179,116,605,3,3,11,2,6,3,0,0,0,0,0,0,0,0
9900,9870,18872,106,722,4,6,12,15,4,4,4,2,0,0,0,0,0,0
10000,9845,17878,133,674,5,20,12,9,4,7,1,5,0,0,0,0,0,0
10100,9829,17316,131,489,4,14,28,5,7,6,1,0,0,0,0,0,0,0
10200,9825,17683,138,362,5,7,23,6,6,9,2,0,1,0,0,0,0,0
10300,9793,16868,167,547,2,11,26,14,8,4,4,1,0,0,0,0,0,0
10400,9824,18813,138,585,4,4,23,7,9,7,2,4,0,1,0,0,0,0
10500,9831,19220,138,707,1,6,24,7,4,9,2,1,0,0,0,0,0,0
10600,9825,17942,127,896,8,9,30,3,4,12,4,1,2,0,0,0,0,0
10700,9822,19009,133,998,7,7,26,1,9,8,2,4,1,0,0,0,0,0
10800,9834,20613,130,1416,4,5,23,10,7,4,2,1,0,0,0,0,0,0
10900,9820,22059,148,1299,8,7,12,4,9,2,3,1,0,0,0,0,0,0
11000,9802,21340,166,1172,5,8,16,24,8,15,1,2,2,0,0,0,0,0
11100,9770,20122,194,1106,6,6,19,5,7,8,3,0,1,0,0,0,0,0
11200,9719,25803,242,1297,9,11,18,6,10,11,2,2,0,1,0,0,0,0
11300,9707,31573,245,1300,8,5,23,4,16,11,1,2,0,0,0,0,0,0
11400,9702,33673,256,1437,9,3,25,10,4,7,3,2,0,0,1,0,0,0
11500,9689,37995,263,1684,5,3,35,2,2,11,4,0,2,0,0,0,0,0
11600,9696,36969,263,1595,6,1,29,7,6,4,0,1,0,0,0,0,0,0
11700,9689,38991,261,1477,9,2,29,7,10,3,2,1,0,0,0,0,0,0
11800,9697,35005,248,1503,9,11,36,10,5,13,5,2,0,0,0,0,0,0
11900,9687,37778,262,1335,8,7,38,9,3,4,2,4,0,0,0,0,0,0
12000,9732,38498,215,1223,7,5,36,6,4,6,6,3,0,0,0,0,0,0
12100,9755,38047,192,1106,9,4,35,3,5,16,4,2,0,0,0,0,0,0
12200,9752,37368,199,1062,8,4,32,6,4,9,5,2,0,0,0,0,0,0
12300,9741,39690,207,1003,7,5,32,8,12,2,1,0,0,0,0,0,0,0
12400,9757,37628,191,1021,8,12,36,12,5,9,3,0,0,0,0,0,0,0
12500,9762,37477,194,983,6,8,29,3,7,2,2,3,0,0,0,0,0,0
12600,9765,36853,172,917,11,9,42,10,7,5,2,0,1,0,0,0,0,0
12700,9799,34782,156,870,8,6,30,14,5,7,2,2,0,0,0,0,0,0
12800,9801,35141,150,852,7,3,32,2,9,12,1,1,0,0,0,0,0,0
12900,9806,36655,142,934,8,8,32,3,7,9,4,3,1,0,0,0,0,0
13000,9815,36719,142,777,5,2,29,6,8,10,1,4,0,0,0,0,0,0
13100,9815,36258,128,836,5,4,35,7,13,4,4,3,0,0,0,0,0,0
13200,9811,36311,133,800,5,9,39,5,8,5,4,1,0,0,0,0,0,0
13300,9794,34580,141,744,7,5,42,6,13,10,3,2,0,0,0,0,0,0
13400,9805,35048,138,772,10,7,35,6,7,5,5,2,0,0,0,0,0,0
13500,9799,34482,136,708,5,8,42,6,14,8,4,3,0,0,0,0,0,0
13600,9812,35573,141,819,6,2,34,3,6,7,1,3,0,0,0,0,0,0
13700,9792,32565,136,903,3,6,62,10,5,7,2,1,0,0,0,0,0,0
13800,9800,33213,116,811,2,8,70,1,7,10,5,0,0,0,0,0,0,0
13900,9819,34492,101,850,1,3,69,8,9,6,1,4,0,0,0,0,0,0
14000,9819,33795,108,964,5,3,62,9,5,9,1,1,0,1,0,0,0,0
14100,9816,32432,109,793,4,4,64,9,5,5,2,1,0,0,0,0,0,0
14200,9855,32215,83,687,3,3,53,6,4,7,2,2,0,0,0,0,0,0
14300,9848,29393,75,769,8,4,59,9,6,7,4,1,0,0,0,0,0,0
14400,9846,29411,73,709,8,3,58,2,6,7,8,1,1,0,0,0,0,0
14500,9850,29877,82,704,7,4,50,10,10,5,1,2,0,0,0,0,0,0
14600,9849,28631,84,722,5,4,49,6,6,8,6,2,1,0,0,0,0,0
14700,9851,29235,88,625,3,5,53,2,4,12,1,3,0,0,0,0,0,0
14800,9858,25774,83,691,3,3,49,4,4,9,3,4,0,0,0,0,0,0
14900,9857,26494,73,703,5,6,54,7,9,5,2,2,0,0,0,0,0,0
15000,9853,26194,85,687,1,5,50,7,6,5,4,2,1,0,0,0,0,0
15100,9837,26412,107,723,4,4,46,6,6,5,0,3,0,0,0,0,0,0
15200,9836,27029,116,832,4,4,39,11,4,5,1,1,0,0,0,0,0,0
15300,9834,27962,113,711,7,6,39,4,4,9,3,1,0,0,0,0,0,0
15400,9821,27351,128,611,2,5,42,4,4,7,3,1,0,0,0,0,0,0
15500,9811,28095,139,573,7,3,37,3,3,9,2,1,1,0,0,0,0,0
15600,9828,27637,138,602,2,6,27,5,4,5,1,1,0,0,0,0,0,0
15700,9811,26215,149,676,3,2,27,3,8,3,2,3,0,0,0,0,0,0
15800,9830,27508,138,674,2,8,23,4,5,4,2,4,0,0,0,0,0,0
15900,9830,27081,144,752,4,5,14,3,6,3,2,0,0,0,0,0,0,0
16000,9841,25765,143,678,4,4,3,5,8,6,1,2,0,0,0,0,0,0
16100,9873,24771,115,640,4,2,3,5,3,2,2,1,0,0,0,0,0,0
16200,9839,25605,138,601,9,5,5,2,6,9,3,1,0,0,0,0,0,0
16300,9830,23925,162,602,3,6,5,3,0,13,0,2,0,0,0,0,0,0
16400,9824,23092,149,527,4,2,6,1,14,2,2,0,1,0,0,0,0,0
16500,9800,22062,181,509,5,8,7,8,4,5,2,1,1,0,0,0,0,0
16600,9775,22507,176,455,7,5,32,7,7,5,2,0,1,0,0,0,0,0
16700,9772,20504,178,479,8,6,31,13,9,6,2,1,0,0,0,0,0,0
16800,9803,21449,155,443,2,6,29,10,5,6,5,2,0,0,1,0,0,0
16900,9791,22405,161,396,6,3,28,4,10,7,4,4,0,0,0,0,0,0
17000,9781,21086,176,380,5,4,31,2,4,3,3,1,0,0,0,0,0,0
17100,9757,20170,202,434,2,7,31,7,7,4,1,2,0,0,0,0,0,0
17200,9742,20161,207,549,3,5,34,7,10,5,4,6,0,0,0,0,0,0
17300,9695,20247,248,536,7,0,35,8,12,1,3,3,0,0,0,0,0,0
17400,9741,19383,217,539,5,3,30,3,7,4,0,1,0,0,0,0,0,0
17500,9726,19557,226,555,9,7,27,2,6,9,6,0,0,0,0,0,0,0
17600,9765,20270,204,601,3,5,20,2,6,4,2,0,0,0,0,0,0,0
17700,9745,19614,208,570,5,0,34,3,4,4,4,0,0,0,0,0,0,0
17800,9727,18995,230,735,3,5,36,4,2,3,2,1,0,0,0,0,0,0
17900,9745,19753,216,759,5,4,26,5,5,6,3,0,0,0,0,0,0,0
18000,9754,19317,202,801,4,5,30,3,6,4,4,2,0,0,0,0,0,0
18100,9787,20367,167,810,7,4,29,8,9,12,1,1,0,0,0,0,0,0
18200,9769,20476,189,937,6,5,29,9,5,11,2,0,0,0,0,0,0,0
18300,9728,17558,232,915,4,1,31,2,4,5,1,2,0,0,0,0,0,0
18400,9741,19122,227,844,4,4,22,0,4,10,1,1,1,0,0,0,0,0
18500,9758,19618,224,863,4,4,4,4,7,6,3,1,0,0,0,0,0,0
18600,9757,17898,222,666,8,2,3,4,9,6,1,1,0,0,0,0,0,0
18700,9764,18013,225,648,1,1,6,4,1,6,3,0,0,1,0,0,0,0
18800,9731,19100,243,581,3,5,12,8,8,2,3,2,0,0,0,0,0,0
18900,9684,19001,294,511,7,4,2,3,8,2,5,2,0,0,0,0,0,0
19000,9669,18076,308,471,4,3,3,8,11,1,5,1,0,0,0,0,0,0
19100,9690,15597,300,485,2,3,2,3,6,4,0,2,0,0,0,0,0,0
19200,9684,16724,302,454,4,4,6,3,3,6,1,4,0,0,0,0,0,0
19300,9634,16182,346,633,2,5,4,3,8,3,6,1,0,0,0,0,0,0
19400,9625,17653,360,664,4,2,3,6,5,4,3,2,0,0,0,0,0,0
19500,9573,16920,409,848,5,2,3,3,9,5,1,1,0,0,0,0,0,0
19600,9550,16147,433,916,3,6,7,2,4,4,3,1,0,0,0,0,0,0
19700,9477,15800,494,760,3,9,7,5,13,2,6,1,0,0,0,0,0,0
19800,9482,17894,489,646,7,2,10,4,11,3,1,1,0,0,0,0,0,0
19900,9446,17758,543,672,3,7,2,1,6,5,0,3,0,0,0,0,0,0
20000,9450,16653,531,756,8,2,3,1,6,4,2,2,0,0,0,0,0,0
20100,9471,16799,513,768,3,2,2,1,7,8,4,2,0,0,0,0,0,0
20200,9458,15246,521,718,4,1,9,2,7,11,1,0,0,0,0,0,0,0
20300,9487,16602,487,694,3,4,14,4,5,0,4,2,0,0,0,0,0,0
20400,9502,15618,474,631,3,1,12,2,7,3,1,1,1,0,0,0,0,0
20500,9521,15233,451,582,5,1,10,0,10,4,3,1,0,0,0,0,0,0
20600,9549,13969,421,459,5,4,13,4,10,4,2,0,0,0,0,0,0,0
20700,9600,13513,381,410,2,1,7,2,8,2,2,1,0,0,0,0,0,0
20800,9631,13418,352,407,2,1,10,2,3,3,2,1,0,0,0,0,0,0
20900,9636,13132,341,420,9,1,11,6,2,2,1,2,0,0,0,0,0,0
21000,9639,14020,337,358,6,5,8,1,6,1,4,0,0,0,0,0,0,0
21100,9610,13533,360,324,7,4,14,1,6,1,3,1,0,0,0,0,0,0
21200,9607,13314,368,252,6,3,12,2,3,2,4,0,0,0,0,0,0,0
21300,9596,12331,388,224,4,2,9,2,1,2,2,3,0,0,0,0,0,0
21400,9551,13055,436,227,3,1,6,2,2,3,2,1,0,0,0,0,0,0
21500,9502,11485,466,224,3,1,13,3,11,0,5,2,0,0,0,0,0,0
21600,9525,11213,456,257,4,2,7,1,7,1,1,1,0,0,0,0,0,0
21700,9534,11634,441,244,7,4,12,0,4,2,2,0,0,0,0,0,0,0
21800,9535,11389,444,247,3,1,12,7,4,0,2,1,0,0,0,0,0,0
21900,9507,13328,471,236,6,9,11,2,3,2,2,1,0,0,0,0,0,0
22000,9518,12420,459,243,8,3,9,4,6,3,0,5,0,0,0,0,0,0
22100,9523,13731,452,253,3,2,11,5,6,1,5,1,0,0,0,0,0,0
22200,9507,12826,463,272,6,1,14,2,7,2,1,0,2,0,0,0,0,0
22300,9514,11928,457,283,4,0,15,0,7,6,2,1,1,0,0,0,0,0
22400,9523,12421,453,259,7,0,12,1,2,2,3,1,0,0,0,0,0,0
22500,9516,11741,447,202,21,3,7,8,5,3,4,1,0,0,0,0,0,0
22600,9539,10942,423,212,29,6,5,4,3,1,1,2,0,0,0,0,0,0
22700,9557,10821,397,220,33,0,7,0,5,1,0,1,1,0,0,0,0,0
22800,9561,10186,375,175,53,1,6,0,4,1,1,1,0,0,0,0,0,0
22900,9532,11181,393,161,63,1,2,5,8,5,2,1,0,0,0,0,0,0
23000,9531,10177,394,82,63,1,5,0,7,2,0,1,0,0,0,0,0,0
23100,9495,11287,424,71,59,1,4,1,12,2,5,2,1,0,0,0,0,0
23200,9538,10895,408,159,44,3,6,9,3,0,0,1,1,0,0,0,0,0
23300,9599,10225,354,172,36,3,4,3,5,3,2,1,0,0,0,0,0,0
23400,9612,11759,342,106,32,2,7,0,6,2,1,0,0,0,0,0,0,0
23500,9627,11155,319,101,35,4,13,2,5,2,1,0,0,0,0,0,0,0
23600,9635,11009,312,102,32,4,12,2,8,2,1,0,0,0,0,0,0,0
23700,9636,11227,313,152,37,7,9,1,3,2,2,2,0,0,0,0,0,0
23800,9608,11108,347,129,30,2,7,1,4,3,4,0,0,0,0,0,0,0
23900,9582,10589,363,105,34,0,8,1,8,3,5,0,0,0,0,0,0,0
24000,9533,10521,418,199,35,1,8,1,6,1,0,1,0,0,0,0,0,0
24100,9492,10229,451,183,35,1,11,0,8,1,3,0,0,0,0,0,0,0
24200,9512,11456,425,226,37,4,15,2,8,0,3,1,0,0,0,0,0,0
24300,9504,11194,449,172,35,0,6,3,4,3,1,0,1,0,0,0,0,0
24400,9436,9749,517,193,31,4,10,1,5,3,1,1,0,0,0,0,0,0
24500,9403,9382,546,248,34,2,11,1,3,5,3,1,0,0,0,0,0,0
24600,9450,8803,488,238,36,1,15,1,10,1,1,0,0,0,0,0,0,0
24700,9435,8665,511,333,33,3,12,0,5,3,2,0,2,0,0,0,0,0
24800,9446,10197,506,225,32,1,12,1,4,1,0,2,0,0,0,0,0,0
24900,9433,8551,511,224,36,3,11,1,6,3,3,0,0,0,0,0,0,0
25000,9417,9378,532,236,36,2,9,2,4,3,2,2,0,0,0,0,0,0
25100,9407,10705,536,258,36,0,13,0,5,1,3,1,0,0,0,0,0,0
25200,9395,9650,547,201,35,3,13,2,7,1,3,1,0,0,0,0,0,0
25300,9387,9426,549,239,33,7,22,3,8,4,1,2,0,0,0,0,0,0
25400,9410,8894,537,246,35,8,9,1,7,1,2,1,0,0,0,0,0,0
25500,9410,8829,529,289,34,1,17,1,8,0,2,2,0,0,0,0,0,0
25600,9404,8178,547,276,34,3,6,2,9,5,0,1,0,0,0,0,0,0
25700,9421,8369,517,314,37,3,10,2,10,1,5,1,0,0,0,0,0,0
25800,9434,8348,512,350,32,0,13,4,7,6,2,2,0,0,0,0,0,0
25900,9435,9523,507,241,34,7,15,4,4,1,5,0,0,0,0,0,0,0
26000,9462,9887,493,307,36,2,4,3,2,1,3,0,0,0,0,0,0,0
26100,9445,9215,501,355,33,6,8,5,9,0,4,0,0,0,0,0,0,0
26200,9474,7900,472,338,34,2,10,0,6,3,4,0,0,0,0,0,0,0
26300,9504,8353,444,348,36,0,7,1,7,1,2,0,0,0,0,0,0,0
26400,9502,8240,446,284,34,5,9,0,7,2,2,0,0,0,0,0,0,0
26500,9499,8936,445,263,30,2,18,1,5,3,3,2,0,0,0,0,0,0
26600,9516,8207,434,339,34,2,10,5,5,3,1,0,0,0,0,0,0,0
26700,9502,8432,444,349,34,2,10,0,9,0,1,3,0,0,0,0,0,0
26800,9497,8275,450,321,34,1,9,1,5,2,5,1,0,0,0,0,0,0
26900,9515,8939,442,317,30,0,8,2,3,2,2,0,0,0,0,0,0,0
27000,9462,8374,490,361,36,2,6,0,3,1,3,0,0,0,0,0,0,0
27100,9417,8505,539,337,33,4,8,1,1,2,2,3,0,0,0,0,0,0
27200,9408,8578,543,385,31,2,8,2,7,1,3,1,0,0,0,0,0,0
27300,9416,7459,545,389,30,0,2,0,5,1,2,1,0,0,0,0,0,0
27400,9407,7555,547,377,32,6,5,2,3,0,6,0,0,0,0,0,0,0
27500,9416,7169,537,399,34,2,3,3,8,2,2,1,0,0,0,0,0,0
27600,9366,7139,590,348,32,0,2,1,9,1,1,0,0,0,0,0,0,0
27700,9361,7823,591,360,32,1,1,4,11,0,3,1,1,0,0,0,0,0
27800,9365,7500,591,434,31,2,5,5,4,3,3,0,0,0,0,0,1,0
27900,9350,5861,610,384,32,2,2,2,4,1,2,2,0,0,0,0,0,0
28000,9333,6811,616,297,32,4,12,0,7,3,0,1,0,0,0,0,0,0
28100,9390,6553,570,310,30,0,3,1,5,3,2,0,0,0,0,0,0,0
28200,9476,7295,475,293,34,2,9,6,3,1,3,0,0,0,0,0,0,0
28300,9491,8322,455,240,34,5,6,1,12,2,2,1,0,0,0,0,0,0
28400,9501,8716,450,245,33,9,5,0,4,0,7,1,0,0,0,0,0,0
28500,9488,8096,460,306,36,2,7,0,9,3,0,0,0,0,0,0,0,0
28600,9520,7214,437,201,34,1,2,2,6,4,1,2,0,0,0,0,0,0
28700,9480,7776,479,186,34,4,2,1,3,1,2,1,0,0,0,0,0,0
28800,9484,7493,462,194,41,1,6,0,5,1,2,1,0,0,0,0,0,0
28900,9469,7640,484,159,36,3,7,0,2,1,2,1,0,0,0,0,0,0
29000,9426,7818,529,124,34,1,3,0,6,2,2,0,0,0,0,0,0,0
29100,9374,7709,583,151,33,3,9,3,1,1,0,0,0,0,0,0,0,0
29200,9385,7273,571,143,34,0,7,5,2,2,1,0,0,0,0,0,0,0
29300,9399,6199,552,238,37,1,5,0,5,0,1,0,1,0,0,0,0,0
29400,9383,6630,556,190,39,1,9,0,9,1,4,1,0,0,0,0,0,0
29500,9339,7350,610,128,37,2,7,1,5,0,2,0,0,0,0,0,0,0
29600,9339,6033,608,191,36,2,11,1,6,0,0,0,0,0,0,0,0,0
29700,9375,6482,576,240,33,1,9,0,6,0,1,0,0,0,0,0,0,0
29800,9366,7011,577,223,35,0,9,1,9,3,4,0,0,0,0,0,0,0
29900,9382,6416,560,185,34,0,12,2,6,1,5,0,1,0,0,0,0,0
30000,9398,6051,554,141,34,3,9,1,3,1,2,1,0,0,0,0,0,0
30100,9358,7112,593,133,34,2,11,0,3,6,1,0,0,0,0,0,0,0
30200,9337,7961,610,152,38,0,7,0,6,0,2,0,0,0,0,0,0,0
30300,9349,6616,604,142,32,0,8,5,3,1,4,1,0,0,0,0,0,0
30400,9364,5861,592,137,30,5,8,4,5,1,1,0,0,0,0,0,0,0
30500,9418,5797,532,145,33,3,8,0,7,0,2,0,0,0,0,0,0,0
30600,9448,6737,501,172,35,6,9,1,7,0,0,1,0,0,0,0,0,0
30700,9469,7203,481,219,39,0,6,1,5,2,0,0,0,0,0,0,0,0
30800,9490,7707,470,147,31,2,6,4,1,1,2,2,0,0,0,0,0,0
30900,9527,8266,432,140,32,1,7,1,1,0,1,1,0,0,0,0,0,0
31000,9531,8950,417,158,41,2,5,1,3,1,3,0,0,0,0,0,0,0
31100,9559,8302,395,138,33,2,9,5,4,2,0,0,0,0,0,0,0,0
31200,9601,7393,360,134,32,0,5,2,1,0,0,0,1,0,0,0,0,0
31300,9554,6758,394,144,32,2,9,1,9,1,2,0,0,0,0,0,0,0
31400,9584,6972,387,150,19,2,1,1,6,2,3,0,0,0,0,0,0,0
31500,9546,6389,433,158,3,2,9,6,6,4,3,0,0,0,0,0,0,0
31600,9553,6083,431,182,4,0,4,1,4,2,4,1,0,0,0,0,0,0
31700,9451,6586,532,151,4,1,10,4,3,2,0,0,0,0,0,0,0,0
31800,9359,6506,617,135,5,0,7,0,8,0,4,1,0,0,0,0,0,0
31900,9358,6730,620,142,5,0,12,5,4,1,1,0,0,0,0,0,0,0
32000,9354,6961,631,137,4,1,5,1,4,1,2,1,0,0,0,0,0,0
32100,9376,6541,607,148,4,2,7,1,4,2,2,0,0,0,0,0,0,0
32200,9297,6310,676,222,5,1,11,1,7,1,4,1,0,0,0,0,0,0
32300,9262,6948,718,236,4,1,8,0,6,0,2,0,0,0,0,0,0,0
32400,9225,6430,761,242,4,2,6,3,1,0,3,2,0,0,0,0,0,0
32500,9193,6780,789,207,4,1,0,0,10,0,4,0,0,0,0,0,0,0
32600,9183,7173,799,190,3,1,4,1,5,1,6,0,0,0,0,0,0,0
32700,9141,7804,849,172,5,1,0,0,4,1,1,0,0,0,0,0,0,0
32800,9137,6991,847,178,6,1,6,0,2,3,2,1,0,0,0,0,0,0
32900,9137,7618,852,103,5,0,4,0,1,1,1,0,0,0,0,0,0,0
33000,9137,7895,853,82,5,4,2,0,2,0,1,0,0,0,0,0,0,0
33100,9169,6670,819,75,3,2,3,0,2,1,4,0,0,0,0,0,0,0
33200,9263,6829,717,74,6,1,7,1,6,2,1,1,0,0,0,0,0,0
33300,9326,6583,664,79,0,1,4,0,3,0,3,0,0,0,0,0,0,0
33400,9335,6854,654,66,4,0,1,3,4,2,2,0,0,0,0,0,0,0
33500,9322,7192,664,66,4,0,2,1,7,2,1,0,0,0,0,0,0,0
33600,9335,6535,655,83,3,1,3,2,2,1,2,1,0,0,0,0,0,0
33700,9336,6318,648,72,5,10,1,2,8,2,2,2,0,0,0,0,0,0
33800,9342,5578,641,79,6,11,2,0,7,6,2,1,0,0,0,0,0,0
33900,9341,5553,648,77,1,4,4,0,4,1,2,2,0,0,0,0,0,0
34000,9338,5025,650,79,2,0,4,15,3,1,3,0,0,0,0,0,0,0
34100,9319,6043,660,75,3,4,9,15,7,0,2,0,0,0,0,0,0,0
34200,9325,5857,658,108,2,6,9,13,6,4,0,0,0,0,0,0,0,0
34300,9302,6964,677,82,6,3,5,4,6,1,4,0,0,0,0,0,0,0
34400,9314,6629,664,70,8,1,8,1,5,0,1,1,0,0,0,0,0,0
34500,9335,6366,651,77,3,0,7,1,2,1,2,0,0,0,0,0,0,0
34600,9331,5725,657,87,1,0,6,0,4,1,1,0,0,0,0,0,0,0
34700,9339,6247,649,80,1,3,6,0,2,1,3,0,0,0,0,0,0,0
34800,9380,5681,602,74,2,2,12,1,4,1,0,0,0,0,0,0,0,0
34900,9377,6275,606,83,0,2,10,3,6,1,1,0,0,0,0,0,0,0
35000,9360,6340,622,74,0,1,11,0,6,0,1,0,0,0,0,0,0,0
35100,9358,6296,625,95,5,0,5,0,4,1,3,1,0,0,0,0,0,0
35200,9349,4836,623,68,8,1,9,1,8,2,3,1,0,0,0,0,0,0
35300,9384,4922,591,72,4,5,14,0,4,0,3,0,0,0,0,0,0,0
35400,9386,5978,595,78,4,3,7,0,5,4,3,1,0,0,0,0,0,0
35500,9396,5529,570,67,8,0,16,2,4,1,6,1,0,0,0,0,0,0
35600,9365,5014,620,66,2,1,5,0,6,4,2,0,0,0,0,0,0,0
35700,9335,4966,639,66,5,1,7,2,12,1,2,1,0,0,0,0,0,0
35800,9377,4503,603,74,2,1,7,3,9,1,2,0,0,0,0,0,0,0
35900,9344,4546,634,76,5,1,6,2,8,1,3,1,0,0,0,0,0,0
36000,9283,4337,687,69,5,0,8,5,12,1,5,0,0,0,0,0,0,0
36100,9258,5042,717,76,7,0,12,1,4,1,2,0,0,0,0,0,0,0
36200,9211,5750,763,145,8,1,9,0,8,1,1,0,0,0,0,0,0,0
36300,9218,5069,764,67,5,2,8,0,2,1,3,0,0,0,0,0,0,0
36400,9253,5139,732,70,4,1,6,1,3,0,2,0,0,0,0,0,0,0
36500,9271,5204,715,67,2,3,7,2,4,0,1,0,0,0,0,0,0,0
36600,9340,4979,642,65,2,1,7,1,8,2,1,0,0,0,0,0,0,0
36700,9347,4913,629,66,3,1,10,0,7,1,4,2,0,0,0,0,0,0
36800,9334,5286,648,73,4,0,8,0,6,1,0,0,0,0,0,0,0,0
36900,9324,5237,648,69,6,1,10,0,7,2,5,1,0,0,0,0,0,0
37000,9328,5407,653,68,1,0,10,1,2,2,6,0,0,0,0,0,0,0
37100,9378,5659,605,70,6,2,7,2,3,0,1,0,0,0,0,0,0,0
37200,9436,5300,549,82,5,0,9,0,1,0,0,1,0,0,0,0,0,0
37300,9355,5486,610,85,14,4,12,1,7,1,2,0,0,0,0,0,0,0
37400,9373,4806,608,72,2,7,6,0,5,1,6,0,0,0,0,0,0,0
37500,9342,4795,638,74,3,1,9,0,4,3,4,0,0,0,0,0,0,0
37600,9420,4600,565,66,5,0,4,2,5,1,1,0,0,0,0,0,0,0
37700,9452,5270,531,68,4,1,4,0,5,3,4,0,0,0,0,0,0,0
37800,9397,5651,583,67,3,0,10,0,7,0,0,0,0,0,0,0,0,0
37900,9426,5163,560,68,3,1,2,0,8,4,1,0,0,0,0,0,0,0
38000,9362,4538,626,72,5,1,2,0,3,1,2,0,0,0,0,0,0,0
38100,9360,4529,629,71,1,0,2,0,4,0,4,1,0,0,0,0,0,0
38200,9328,4818,656,65,4,1,5,1,6,0,1,0,0,0,0,0,0,0
38300,9302,4196,684,67,7,0,2,2,3,0,2,0,0,0,0,0,0,0
38400,9309,4452,675,72,6,0,2,1,6,2,2,0,0,0,0,0,0,0
38500,9299,4763,685,73,5,0,3,1,4,5,4,1,0,0,0,0,0,0
38600,9274,4010,706,72,9,6,2,1,4,1,5,1,0,0,0,0,0,0
38700,9285,4076,698,70,6,4,1,0,8,4,2,0,0,0,0,0,0,0
38800,9313,4837,674,69,4,0,3,3,4,1,2,1,0,0,0,0,0,0
38900,9309,5510,674,64,1,1,6,0,6,0,4,0,0,0,0,0,0,0
39000,9345,5435,642,67,3,2,2,1,6,1,2,0,0,0,0,0,0,0
39100,9350,6112,633,68,7,1,3,0,4,0,3,0,0,0,0,0,0,0
39200,9392,4873,590,84,4,1,4,1,9,0,1,1,0,0,0,0,0,0
39300,9348,4342,636,102,6,0,5,0,3,0,2,1,0,0,0,0,0,0
39400,9344,4396,637,73,8,0,5,1,5,0,1,1,0,0,0,0,0,0
39500,9304,4235,688,67,2,0,2,2,3,1,1,0,0,0,0,0,0,0
39600,9325,4024,662,74,2,0,2,0,7,2,2,0,0,0,0,0,0,0
39700,9335,3590,655,73,4,0,2,1,3,0,1,0,0,0,0,0,0,0
39800,9342,3406,642,71,8,2,2,1,5,2,1,1,0,0,0,0,0,0
39900,9337,3706,649,71,4,1,1,0,6,3,3,1,0,0,0,0,0,0
40000,9323,4342,659,72,4,1,3,2,8,0,3,0,0,0,0,0,0,0
40100,9324,4191,659,75,4,1,5,0,7,1,1,0,0,0,0,0,0,0
40200,9436,5177,546,67,4,0,4,1,7,0,2,0,1,0,0,0,0,0
40300,9471,5119,514,58,1,1,4,3,10,0,0,0,0,0,0,0,0,0
40400,9458,5591,532,62,0,0,4,0,4,1,2,0,0,0,0,0,0,0
40500,9474,4868,511,76,3,0,8,0,3,1,1,0,0,0,0,0,0,0
40600,9480,4489,509,86,3,1,3,1,2,0,3,1,0,0,0,0,0,0
40700,9512,5003,477,67,2,4,2,0,4,1,3,0,0,0,0,0,0,0
40800,9508,5601,480,68,3,4,2,0,4,0,3,0,0,0,0,0,0,0
40900,9534,5229,443,68,7,0,8,0,6,0,2,0,0,0,0,0,0,0
41000,9499,4864,494,63,3,4,1,1,2,0,1,1,0,0,0,0,0,0
41100,9502,4986,480,66,5,0,5,0,6,0,2,0,0,0,0,0,0,0
41200,9481,4477,506,66,7,0,2,0,4,0,0,1,0,0,0,0,0,0
41300,9453,4723,534,63,6,0,1,0,4,0,2,0,0,0,0,0,0,0
41400,9471,5057,518,64,1,0,2,1,6,2,2,0,0,0,0,0,0,0
41500,9474,4477,515,64,3,0,3,0,3,0,2,0,0,0,0,0,0,0
41600,9455,3308,536,64,4,0,1,0,3,0,1,0,0,0,0,0,0,0
41700,9409,4081,582,119,2,0,0,0,4,0,3,0,0,0,0,0,0,0
41800,9336,3446,656,60,3,0,1,0,4,3,0,0,0,0,0,0,0,0
41900,9284,3697,706,64,1,2,2,0,2,1,4,1,1,0,0,0,0,0
42000,9230,3609,744,65,8,1,5,1,12,0,1,0,0,0,0,0,0,0
42100,9203,3422,771,78,5,1,13,1,7,1,1,0,0,0,0,0,0,0
42200,9249,3690,732,68,4,1,11,2,3,0,1,0,0,0,0,0,0,0
42300,9256,3676,729,127,4,1,3,0,7,2,1,0,0,0,0,0,0,0
42400,9224,3782,757,154,7,2,6,3,5,0,1,1,0,0,0,0,0,0
42500,9189,3654,795,159,7,0,5,1,3,0,1,0,0,0,0,0,0,0
42600,9172,3807,817,109,6,0,1,4,2,2,2,1,0,0,0,0,0,0
42700,9151,4156,836,98,2,1,8,4,1,1,2,1,0,0,0,0,0,0
42800,9169,3954,808,101,7,1,5,0,11,0,0,1,0,0,0,0,0,0
42900,9209,3950,772,106,5,2,3,0,9,0,2,1,0,0,0,0,0,0
43000,9191,4807,793,103,3,2,6,1,4,0,3,0,0,0,0,0,0,0
43100,9139,5408,849,100,4,1,1,1,4,0,3,0,0,0,0,0,0,0
43200,9177,4446,814,106,2,1,3,1,3,1,1,0,0,0,0,0,0,0
43300,9149,4674,840,103,4,1,2,0,5,0,0,1,0,0,0,0,0,0
43400,9074,4473,911,129,6,0,5,3,3,1,1,0,0,0,0,0,0,0
43500,9040,4274,943,93,6,1,2,5,6,0,3,0,0,0,0,0,0,0
43600,9043,3661,943,94,4,1,6,3,1,2,3,0,0,0,0,0,0,0
43700,9174,3239,811,110,4,0,5,0,4,0,2,1,0,0,0,0,0,0
43800,9246,4208,730,100,4,0,11,2,7,1,2,0,0,0,0,0,0,0
43900,9298,3904,684,99,3,1,10,0,3,0,2,0,0,0,0,0,0,0
44000,9343,4339,635,102,6,0,5,0,7,5,4,0,0,0,0,0,0,0
44100,9346,4291,634,96,6,1,8,2,5,0,1,1,0,0,0,0,0,0
44200,9289,4593,682,99,9,1,7,1,12,0,1,0,0,0,0,0,0,0
44300,9237,5297,745,102,4,1,9,1,4,1,1,0,0,0,0,0,0,0
44400,9133,5115,843,98,3,0,13,0,8,1,0,0,0,0,0,0,0,0
44500,9191,4528,786,99,6,0,4,1,7,0,6,0,0,0,0,0,0,0
44600,9215,4295,777,96,1,0,2,1,2,0,3,0,0,0,0,0,0,0
44700,9282,3966,704,98,4,1,4,0,3,0,3,0,0,0,0,0,0,0
44800,9280,4055,697,108,5,1,10,0,3,0,5,1,0,0,0,0,0,0
44900,9347,4630,639,95,2,2,5,0,6,2,1,1,0,0,0,0,0,0
45000,9384,4673,598,99,3,2,8,0,5,0,2,0,0,0,0,0,0,0
45100,9397,4704,581,118,4,3,9,1,7,3,2,0,0,0,0,0,0,0
45200,9421,5336,553,3,4,3,10,0,8,2,4,0,0,0,0,0,0,0
45300,9401,5180,572,2,4,4,9,1,11,3,3,0,0,0,0,0,0,0
45400,9372,4678,611,2,5,1,7,2,3,1,2,0,0,0,0,0,0,0
45500,9362,3797,624,14,3,1,7,1,3,1,1,0,0,0,0,0,0,0
45600,9374,4619,610,10,0,0,12,1,1,3,3,0,0,0,0,0,0,0
45700,9403,4006,568,2,8,1,13,0,7,1,1,1,0,0,0,0,0,0
45800,9395,4183,585,7,3,0,9,0,5,1,3,0,0,0,0,0,0,0
45900,9378,4848,596,10,5,2,11,0,5,3,4,0,0,0,1,0,0,0
46000,9382,4165,604,2,1,1,8,0,4,2,1,0,0,0,0,0,0,0
46100,9360,3911,616,2,5,0,9,7,7,0,3,0,0,0,0,0,0,0
46200,9341,3672,634,1,7,2,11,4,5,0,2,0,0,0,0,0,0,0
46300,9365,4344,618,5,2,0,13,3,2,6,0,2,0,0,0,0,0,0
46400,9420,5138,561,2,3,0,10,4,5,2,1,0,0,0,0,0,0,0
46500,9378,4900,597,1,3,1,11,1,9,1,2,0,0,0,0,0,0,0
46600,9352,4630,631,5,1,0,13,1,2,0,1,0,0,0,0,0,0,0
46700,9325,4625,655,0,3,0,9,0,7,0,1,0,0,0,0,0,0,0
46800,9285,4850,686,13,3,0,17,1,8,0,1,0,0,0,0,0,0,0
46900,9304,4053,669,11,6,1,7,0,8,0,6,0,0,0,0,0,0,0
47000,9336,4049,653,14,2,1,5,0,2,0,2,1,0,0,0,0,0,0
47100,9462,4800,521,9,2,3,8,1,6,0,1,0,0,0,0,0,0,0
47200,9456,4912,533,43,3,2,6,1,2,0,0,2,0,0,0,0,0,0
47300,9437,4262,546,2,3,2,10,0,2,0,2,0,0,0,0,0,0,0
47400,9420,3995,569,6,3,2,3,0,5,0,0,0,0,0,0,0,0,0
47500,9359,3739,623,5,2,2,6,0,8,1,1,1,1,0,0,0,0,0
47600,9403,4394,567,62,4,1,14,1,11,2,1,0,0,0,0,0,0,0
47700,9418,4179,570,9,4,0,4,0,2,0,2,1,0,0,0,0,0,0
47800,9401,4610,585,4,5,4,1,0,5,1,3,0,0,0,0,0,0,0
47900,9404,4619,581,6,3,0,5,1,4,0,3,0,0,0,0,0,0,0
48000,9411,4778,573,0,4,0,3,0,7,3,2,0,0,0,0,0,0,0
48100,9415,5136,566,8,6,2,3,1,9,1,1,0,0,0,0,0,0,0
48200,9405,5495,587,7,2,2,2,2,2,2,2,0,0,0,0,0,0,0
48300,9459,4581,522,20,6,0,6,0,6,0,1,1,0,1,0,0,0,0
48400,9520,3403,466,20,6,1,3,0,4,1,1,0,0,0,0,0,0,0
48500,9491,3236,500,19,1,0,3,0,3,1,2,0,0,0,0,0,0,0
48600,9475,3284,507,19,5,0,3,1,8,2,2,0,0,0,0,0,0,0
48700,9529,3448,458,24,1,0,7,0,4,1,1,0,0,0,0,0,0,0
48800,9533,2824,456,10,2,2,6,2,3,1,0,1,0,0,0,0,0,0
48900,9600,3374,391,2,3,0,4,3,2,2,0,0,0,0,0,0,0,0
49000,9636,3609,354,2,2,2,3,1,4,1,1,0,0,0,0,0,0,0
49100,9605,4002,386,4,3,0,3,0,2,0,1,0,0,0,0,0,0,0
49200,9628,3723,362,3,2,0,3,1,3,1,2,0,0,0,0,0,0,0
49300,9638,3422,353,17,4,1,4,0,1,1,0,0,0,0,0,0,0,0
49400,9670,3738,315,14,5,0,5,1,5,1,0,0,0,0,0,0,0,0
49500,9749,3753,237,0,3,0,5,0,4,0,2,0,0,0,0,0,0,0
49600,9744,3343,245,51,4,0,3,1,2,0,2,1,0,0,0,0,0,0
49700,9712,3534,269,0,3,0,4,0,8,0,4,0,0,0,0,0,0,0
49800,9687,3620,304,9,1,1,4,1,4,2,0,1,0,0,0,0,0,0
49900,9721,4087,266,4,2,1,6,1,3,0,2,1,0,0,0,0,0,0
50000,9714,3661,271,6,7,5,3,0,3,1,2,0,0,0,0,0,0,0
50100,9759,3445,224,2,6,0,3,0,8,2,0,1,0,0,0,0,0,0
50200,9739,3435,239,6,8,0,7,0,7,2,0,0,0,0,0,0,0,0
50300,9819,3433,166,0,3,2,5,0,5,3,2,1,0,0,0,0,0,0
50400,9830,3908,156,2,3,1,1,0,7,2,2,0,1,0,0,0,0,0
50500,9783,4971,199,2,6,1,9,0,3,1,0,1,0,0,0,0,0,0
50600,9790,4793,191,4,5,0,5,0,7,4,2,1,0,0,0,0,0,0
50700,9794,3816,193,5,1,0,6,0,5,0,1,0,0,0,0,0,0,0
50800,9789,4576,196,6,2,1,5,0,6,0,2,0,0,0,0,0,0,0
50900,9786,4810,198,3,4,1,7,0,2,0,3,1,0,0,0,0,0,0
51000,9783,3879,202,8,2,2,8,0,4,0,1,0,0,0,0,0,0,0
51100,9780,3507,201,14,5,0,7,1,5,1,2,0,0,0,0,0,0,0
51200,9788,3342,208,8,0,0,2,0,2,1,0,0,0,0,0,0,0,0
51300,9843,3759,145,20,2,1,5,0,5,0,0,0,0,0,0,0,0,0
51400,9843,3517,146,24,4,1,1,0,4,0,2,0,0,0,0,0,0,0
51500,9828,3311,157,0,2,2,4,1,6,2,3,0,0,0,0,0,0,0
51600,9794,3284,194,15,5,0,3,0,3,0,1,0,0,0,0,0,0,0
51700,9789,2966,191,1,6,0,7,0,4,1,3,0,0,0,0,0,0,0
51800,9766,3299,216,2,2,0,7,0,5,2,4,0,0,0,0,0,0,0
51900,9721,3983,266,1,2,0,6,1,3,1,2,0,0,0,0,0,0,0
52000,9757,3975,231,9,3,1,4,3,4,1,1,1,0,0,0,0,0,0
52100,9731,3818,246,8,6,2,11,0,4,0,2,0,0,0,0,0,0,0
52200,9748,3600,229,3,8,0,4,2,8,0,3,0,0,0,0,0,0,0
52300,9795,3184,186,0,2,0,11,4,4,2,2,1,0,0,0,0,0,0
52400,9764,4079,225,2,4,0,7,0,0,1,0,0,0,0,0,0,0,0
52500,9751,4036,227,0,4,0,10,2,7,0,1,0,0,0,0,0,0,0
52600,9762,4311,224,7,4,0,7,1,3,2,0,0,0,0,0,0,0,0
52700,9754,3592,227,2,6,1,7,0,4,0,2,0,0,0,0,0,0,0
52800,9755,4024,224,4,0,0,13,0,6,0,2,0,0,0,0,0,0,0
52900,9752,3674,226,2,7,0,8,4,4,2,3,0,0,0,0,0,0,0
53000,9730,3951,242,6,6,0,15,0,4,0,3,0,0,0,0,0,0,0
53100,9703,4828,278,0,5,1,10,2,3,0,1,0,0,0,0,0,0,0
53200,9686,5332,297,3,1,3,10,1,4,1,2,1,0,0,0,1,0,0
53300,9707,4448,269,32,3,1,15,3,5,1,1,0,0,0,0,0,0,0
53400,9665,4065,318,33,4,1,8,3,3,3,2,0,0,0,0,0,0,0
53500,9696,4677,289,27,4,1,4,7,7,1,0,0,0,0,0,0,0,0
53600,9717,4699,273,5,2,3,6,1,2,3,0,0,0,0,0,0,0,0
53700,9744,4102,243,3,3,2,8,0,1,1,1,0,0,0,0,0,0,0
53800,9763,3768,223,6,3,3,7,0,3,1,1,0,0,0,0,0,0,0
53900,9777,3757,199,0,1,0,12,0,5,1,6,0,0,0,0,0,0,0
54000,9786,3554,197,7,4,1,8,0,4,2,1,0,0,0,0,0,0,0
54100,9785,4170,196,11,4,4,8,10,3,1,4,2,0,0,0,0,0,0
54200,9795,4630,177,7,6,2,12,0,8,0,2,1,0,0,0,0,0,0
54300,9833,5482,146,12,3,1,11,0,6,1,1,0,0,0,0,0,0,0
54400,9845,5323,140,20,4,0,5,0,4,1,2,0,0,0,0,0,0,0
54500,9858,4761,129,24,5,0,5,2,3,1,0,0,0,0,0,0,0,0
54600,9817,4603,171,26,0,1,7,1,2,0,3,1,0,0,0,0,0,0
54700,9802,5148,173,25,1,1,7,0,10,1,7,0,0,0,0,0,0,0
54800,9805,5009,174,3,8,0,8,0,3,2,2,0,0,0,0,0,0,0
54900,9757,5211,229,61,2,2,8,0,4,0,0,1,0,0,0,0,0,0
55000,9750,4543,241,70,4,0,3,0,2,0,0,0,0,0,0,0,0,0
55100,9718,3796,273,5,3,3,2,2,4,2,0,1,0,0,0,0,0,0
55200,9700,5115,290,5,4,1,3,3,1,1,2,0,0,0,0,0,0,0
55300,9701,5294,288,4,3,1,4,1,3,1,1,0,0,0,0,0,0,0
55400,9713,5736,274,7,4,0,5,0,3,1,1,1,0,0,0,0,0,0
55500,9740,4683,247,3,2,0,5,1,2,1,3,0,1,0,0,0,0,0
55600,9739,4359,240,2,7,1,9,0,4,0,1,0,0,0,0,0,0,0
55700,9754,4644,237,3,3,1,3,0,3,4,0,0,0,0,0,0,0,0
55800,9737,4936,252,3,4,1,3,0,3,2,1,0,0,0,0,0,0,0
55900,9716,4483,267,12,7,1,3,0,3,0,4,0,0,0,0,0,0,0
56000,9726,4568,264,6,2,0,0,1,8,1,0,0,0,0,0,0,0,0
56100,9708,4680,280,100,3,2,5,0,3,1,1,1,0,0,0,0,0,0
56200,9695,4841,291,3,1,1,8,0,3,0,2,1,0,0,0,0,0,0
56300,9693,4225,286,2,3,2,7,1,7,1,4,0,0,0,0,0,0,0
56400,9707,4141,275,14,7,1,3,0,7,1,1,0,0,0,0,0,0,0
56500,9746,3353,244,77,4,1,3,0,1,2,2,0,0,0,0,0,0,0
56600,9803,3159,189,13,4,1,1,5,3,0,0,0,0,0,0,0,0,0
56700,9812,3611,179,17,1,0,1,3,5,1,2,0,0,0,0,0,0,0
56800,9853,4457,132,4,4,1,4,1,5,1,2,0,0,0,0,0,0,0
56900,9897,4552,94,3,3,0,2,1,3,0,1,0,0,0,0,0,0,0
57000,9871,3868,113,4,5,1,4,1,6,0,1,1,0,0,0,0,0,0
57100,9856,4471,136,9,4,1,0,1,3,0,1,1,0,0,0,0,0,0
57200,9861,4599,131,27,2,2,1,1,4,1,1,0,0,0,0,0,0,0
57300,9859,4410,131,20,4,0,1,0,4,0,1,0,0,0,0,0,0,0
57400,9854,4550,135,17,4,2,2,0,5,1,0,1,0,0,0,0,0,0
57500,9857,5560,134,16,2,2,4,0,2,2,1,0,0,0,0,0,0,0
57600,9856,6186,131,27,4,1,4,0,2,0,3,0,0,0,0,0,0,0
57700,9862,5610,126,30,4,1,6,0,1,1,1,0,0,0,0,0,0,0
57800,9851,5047,136,26,5,1,5,0,2,2,1,0,0,0,0,0,0,0
57900,9841,5066,147,19,1,1,3,0,5,0,3,0,0,0,0,0,0,0
58000,9808,4604,180,22,2,1,3,0,7,2,0,2,0,0,0,0,0,0
58100,9798,4412,188,20,5,0,4,0,4,0,1,2,0,0,0,0,0,0
58200,9803,4172,189,22,1,0,0,3,7,2,0,2,0,0,0,0,0,0
58300,9814,4494,173,17,4,1,1,1,7,0,1,2,0,0,0,0,0,0
58400,9858,3885,133,23,1,8,2,0,4,0,2,1,0,0,0,0,0,0
58500,9854,3616,131,17,3,5,3,0,8,0,0,0,1,0,0,0,0,0
58600,9856,3475,135,18,3,1,3,0,2,2,1,0,0,0,0,0,0,0
58700,9854,4394,133,20,4,1,2,2,5,2,2,0,0,0,0,0,0,0
58800,9860,4257,128,24,5,1,2,0,5,3,0,1,0,0,0,0,0,0
58900,9847,3381,133,53,8,2,2,4,7,0,3,2,0,0,0,0,0,0
59000,9837,4018,152,43,4,1,4,0,2,1,1,1,0,0,0,0,0,0
59100,9812,4115,178,40,6,0,1,1,2,1,1,1,0,0,0,0,0,0
59200,9799,4411,184,31,3,3,4,0,6,0,4,0,0,0,0,0,0,0
59300,9822,4334,171,47,0,1,1,0,4,0,2,1,0,0,0,0,0,0
59400,9822,4702,172,65,4,0,0,0,0,0,2,0,0,0,0,0,0,0
59500,9829,4011,163,25,3,2,3,4,2,1,0,1,0,0,0,0,0,0
59600,9824,3322,167,24,3,0,1,0,3,1,1,1,1,0,0,0,0,0
59700,9822,3983,168,76,4,0,3,0,3,1,0,0,0,0,0,0,0,0
59800,9828,3860,160,43,2,0,2,0,7,1,1,0,0,0,0,0,0,0
59900,9829,3941,157,21,2,1,5,1,3,1,4,0,0,0,0,0,0,0
60000,9832,3503,152,30,6,1,4,3,3,2,3,0,0,0,0,0,0,0
60100,9838,4048,151,26,3,2,3,1,3,3,2,0,0,0,0,0,0,0
60200,9842,4273,153,20,1,1,1,1,2,0,1,0,0,0,0,0,0,0
60300,9825,3718,158,16,9,1,2,4,4,0,2,1,0,0,0,0,0,0
60400,9831,4220,156,18,4,0,1,1,8,2,0,0,0,0,0,0,0,0
60500,9812,4651,176,33,2,0,4,0,4,1,2,0,0,0,0,0,0,0
60600,9793,4009,193,28,3,1,4,2,6,3,1,0,0,0,0,0,0,0
60700,9819,3390,169,22,2,1,5,2,1,1,4,0,0,0,0,0,0,0
60800,9846,3097,149,16,2,0,3,3,0,0,0,2,0,0,0,0,0,0
60900,9871,3495,121,17,2,0,2,5,1,0,3,1,0,0,0,0,0,0
61000,9872,4765,117,26,1,0,2,1,8,2,0,2,0,0,0,0,0,0
61100,9867,5029,119,64,2,0,3,0,9,3,0,0,0,0,0,0,0,0
61200,9854,4289,123,110,4,0,8,0,5,4,6,0,0,0,0,0,0,0
61300,9874,4120,118,112,0,1,3,0,5,1,0,0,0,0,0,0,0,0
61400,9869,3819,125,75,1,2,4,0,1,0,0,0,0,0,0,0,0,0
61500,9861,3909,131,15,1,1,2,1,4,1,1,0,0,0,0,0,0,0
61600,9870,4126,120,10,2,0,3,0,4,0,1,0,0,0,0,0,0,0
61700,9915,4017,76,78,0,2,5,0,3,5,1,1,0,0,0,0,0,0
61800,9909,3102,80,2,2,2,3,0,6,4,0,0,0,0,0,0,0,0
61900,9900,3115,81,7,7,1,5,1,6,1,1,0,0,0,0,0,0,0
62000,9916,3445,76,12,3,0,2,0,2,0,1,0,0,0,0,0,0,0
62100,9871,4240,116,7,2,0,6,1,5,3,0,0,0,0,0,0,0,0
62200,9870,4496,118,2,3,1,1,0,6,1,2,0,0,0,0,0,0,0
62300,9914,4643,74,9,1,1,6,0,2,2,3,0,0,0,0,0,0,0
62400,9925,4521,67,2,4,1,3,1,0,3,1,1,0,0,0,0,0,0
62500,9923,4802,70,5,2,1,2,0,3,1,0,1,0,0,0,0,0,0
62600,9916,4529,71,23,6,0,1,1,4,1,2,0,0,0,0,0,0,0
62700,9918,4114,70,93,1,1,3,1,6,3,2,1,0,0,0,0,0,0
62800,9927,4296,67,110,3,2,0,1,1,1,2,0,0,0,0,0,0,0
62900,9918,3797,69,31,2,1,3,0,5,3,3,1,0,0,0,0,0,0
63000,9917,3476,73,15,2,1,4,0,4,0,0,0,0,0,0,0,0,0
63100,9921,4387,69,18,3,0,2,0,1,1,4,1,0,0,0,0,0,0
63200,9913,4569,69,8,1,0,5,1,8,0,4,0,0,0,0,0,0,0
63300,9919,4293,68,5,3,1,3,1,4,1,3,0,0,0,0,0,0,0
63400,9927,4245,67,3,2,0,1,2,3,1,0,1,0,0,0,0,0,0
63500,9921,3976,70,8,2,1,3,3,3,1,1,1,0,0,0,0,0,0
63600,9919,4138,69,8,3,2,1,1,5,0,3,0,0,0,0,0,0,0
63700,9916,3722,75,3,2,3,3,3,3,1,1,0,0,0,0,0,0,0
63800,9907,4191,81,10,4,1,5,0,2,0,1,2,0,0,0,0,0,0
63900,9919,3489,72,9,1,0,5,1,2,0,1,0,0,0,0,0,0,0
64000,9919,3682,76,5,2,1,1,1,2,0,0,0,0,0,0,0,0,0
64100,9917,2557,72,2,7,2,3,1,0,0,1,0,0,0,0,0,0,0
64200,9913,2928,76,5,2,0,6,1,2,0,1,0,0,0,0,0,0,0
64300,9884,3447,106,10,3,1,4,0,3,1,0,0,0,0,0,0,0,0
64400,9856,3534,131,7,0,8,6,0,6,1,1,0,0,0,0,0,0,0
64500,9834,3320,163,14,1,1,0,1,1,1,1,0,0,0,0,0,0,0
64600,9826,4126,162,39,4,0,2,0,4,1,2,0,0,0,0,0,0,0
64700,9822,4052,159,38,2,0,6,2,6,0,5,0,0,0,0,0,0,0
64800,9833,4184,147,7,4,0,4,0,9,1,3,0,0,0,0,0,0,0
64900,9848,4772,144,25,1,0,4,0,1,0,2,0,0,0,0,0,0,0
65000,9848,4192,141,14,1,2,6,2,2,1,2,1,0,0,0,0,0,0
65100,9894,3668,93,11,6,1,4,0,1,4,2,1,0,0,0,0,0,0
65200,9894,3272,98,16,2,0,2,7,3,2,1,0,0,0,0,0,0,0
65300,9901,3721,89,10,3,1,3,0,4,0,0,0,0,0,0,0,0,0
65400,9901,3038,90,20,1,1,1,0,6,2,1,0,0,0,0,0,0,0
65500,9907,3068,82,107,3,3,0,3,6,1,2,0,0,0,0,0,0,0
65600,9905,3564,79,95,3,0,2,1,5,0,6,0,0,0,0,0,0,0
65700,9918,4410,69,4,2,0,6,3,5,0,0,0,0,0,0,0,0,0
65800,9907,3667,81,26,4,0,4,1,3,0,1,0,0,0,0,0,0,0
65900,9912,3047,76,21,3,1,2,1,3,0,4,0,0,0,0,0,0,0
66000,9904,2852,84,5,5,0,2,1,4,1,1,0,0,0,0,0,0,0
66100,9907,2965,80,4,2,0,0,0,9,0,1,0,1,0,0,0,0,0
66200,9909,3097,82,2,3,0,1,0,4,0,1,0,0,0,0,0,0,0
66300,9887,2871,99,6,5,1,2,0,5,0,2,1,0,0,0,0,0,0
66400,9897,3156,94,9,1,0,2,0,5,0,1,0,0,0,0,0,0,0
66500,9877,3249,99,4,6,0,9,1,9,0,0,0,0,0,0,0,0,0
66600,9895,3309,92,14,4,1,2,0,5,0,2,0,0,0,0,0,0,0
66700,9898,3010,94,17,2,0,2,0,2,0,1,0,1,0,0,0,0,0
66800,9883,3088,101,5,3,3,4,1,6,0,3,0,0,0,0,0,0,0
66900,9875,2795,111,14,1,2,5,0,5,0,3,0,0,0,0,0,0,0
67000,9913,2640,72,5,5,1,3,0,6,0,1,0,0,0,0,0,0,0
67100,9932,3110,53,1,1,0,2,1,6,1,6,0,0,0,0,0,0,0
67200,9928,3511,59,9,3,0,2,0,4,1,4,0,0,0,0,0,0,0
67300,9927,3487,59,5,4,1,5,0,5,0,0,0,0,0,0,0,0,0
67400,9924,3335,57,10,3,1,8,1,7,2,1,0,0,0,0,0,0,0
67500,9924,3051,69,3,3,0,1,0,2,0,1,0,0,0,0,0,0,0
67600,9927,3301,59,10,2,1,9,1,1,0,2,0,0,0,0,0,0,0
67700,9929,3500,67,3,2,0,1,0,0,1,1,0,0,0,0,0,0,0
67800,9919,3594,69,7,7,0,0,1,4,1,1,0,0,0,0,0,0,0
67900,9936,3863,50,5,7,2,2,0,3,2,2,0,0,0,0,0,0,0
68000,9917,3954,69,4,4,0,5,2,5,0,0,0,0,0,0,0,0,0
68100,9913,4526,73,4,5,0,3,0,4,0,2,0,0,0,0,0,0,0
68200,9914,4125,67,3,7,0,2,0,8,0,2,0,0,0,0,0,0,0
68300,9912,3123,67,4,5,1,7,0,7,1,2,0,0,0,0,0,0,0
68400,9915,3644,67,3,9,1,3,0,4,1,2,0,0,0,0,0,0,0
68500,9924,3874,62,8,4,1,5,0,5,1,0,0,0,0,0,0,0,0
68600,9923,2856,66,8,3,1,0,1,7,0,1,1,0,0,0,0,0,0
68700,9928,2860,62,7,2,0,1,3,4,0,3,1,0,0,0,0,0,0
68800,9934,3353,55,5,4,1,1,1,5,1,1,0,0,0,0,0,0,0
68900,9938,3531,53,16,4,0,4,0,1,1,0,0,0,0,0,0,0,0
69000,9934,3127,55,34,2,1,3,1,4,0,2,0,0,0,0,0,0,0
69100,9937,2553,54,8,1,1,4,1,2,1,2,0,0,0,0,0,0,0
69200,9939,2792,54,9,1,0,4,0,2,1,0,0,0,0,0,0,0,0
69300,9940,2758,51,14,3,1,2,0,2,3,2,0,0,0,0,0,0,0
69400,9936,3035,52,20,4,0,1,1,4,0,3,0,0,0,0,0,0,0
69500,9897,2480,90,20,0,1,3,0,6,3,4,0,0,0,0,0,0,0
69600,9887,3342,100,21,3,0,4,3,5,1,1,1,0,0,0,0,0,0
69700,9879,3404,110,11,5,2,4,0,2,1,0,1,0,0,0,0,0,0
69800,9899,3702,94,8,2,0,1,1,2,0,2,0,0,0,0,0,0,0
69900,9898,3264,91,8,1,1,6,0,2,0,2,0,0,0,0,0,0,0
70000,9927,3798,65,5,3,1,1,0,4,1,0,0,0,0,0,0,0,0
70100,9934,4359,54,0,2,0,2,0,7,0,1,1,0,0,0,0,0,0
70200,9937,4115,51,5,3,1,2,2,5,1,2,1,0,0,0,0,0,0
70300,9927,3631,53,2,6,0,6,0,7,1,1,1,0,0,0,0,0,0
70400,9937,3092,52,18,2,2,7,0,1,0,1,0,0,0,0,0,0,0
70500,9934,3726,53,30,2,0,7,1,2,4,2,0,0,0,0,0,0,0
70600,9933,3947,53,12,3,1,4,1,6,0,1,1,0,0,0,0,0,0
70700,9924,4048,59,10,4,0,7,0,5,0,1,0,0,0,0,0,0,0
70800,9907,4579,77,4,2,0,8,0,2,0,4,0,0,0,0,0,0,0
70900,9899,4203,79,10,8,1,8,0,5,0,1,0,0,0,0,0,0,0
71000,9906,4005,80,14,6,0,6,1,1,0,1,0,0,0,0,0,0,0
71100,9910,3141,80,15,4,0,3,1,3,0,0,0,0,0,0,0,0,0
71200,9916,3613,78,6,1,0,2,0,1,2,2,1,0,1,0,0,0,0
71300,9915,3680,73,8,1,0,6,1,4,1,1,0,0,0,0,0,0,0
71400,9946,3562,43,0,1,0,8,1,2,3,0,0,0,0,0,0,0,0
71500,9942,3654,45,14,2,1,7,2,2,0,2,0,0,0,0,0,0,0
71600,9941,3397,45,11,4,0,6,1,4,0,0,0,0,0,0,0,0,0
71700,9948,3182,37,12,2,1,10,2,1,1,2,0,0,0,0,0,0,0
71800,9884,3224,101,12,3,0,6,0,6,0,0,1,0,0,0,0,0,0
71900,9860,3607,133,20,2,0,3,0,2,2,0,0,0,0,0,0,0,0
72000,9862,3918,129,11,4,0,2,1,2,0,1,1,0,0,0,0,0,0
72100,9861,3948,130,11,2,1,3,0,3,1,1,0,0,2,0,0,0,0
72200,9855,3448,137,9,2,1,2,0,2,0,2,0,0,0,0,0,0,0
72300,9821,3941,161,9,3,0,9,0,2,0,4,0,0,0,0,0,0,0
72400,9827,3397,167,12,2,0,0,1,4,0,0,0,0,0,0,0,0,0
72500,9819,3272,176,10,1,0,1,0,2,0,1,0,0,0,0,0,0,0
72600,9820,3780,170,13,2,2,2,1,6,0,0,0,0,0,0,0,0,0
72700,9818,3105,173,9,1,1,5,0,3,0,0,0,0,0,0,0,0,0
72800,9822,3392,168,12,1,1,4,0,4,0,1,0,0,0,0,0,0,0
72900,9880,3287,108,25,2,0,2,0,5,1,3,1,0,0,0,0,0,0
73000,9908,3605,82,53,2,0,5,0,2,1,1,0,0,0,0,0,0,0
73100,9916,3559,74,33,1,0,4,3,4,1,1,0,0,0,0,0,0,0
73200,9864,3496,125,28,2,0,4,10,5,1,0,0,0,0,0,0,0,0
73300,9834,3012,157,26,1,0,1,6,4,0,3,2,0,0,0,0,0,0
73400,9863,2554,122,11,5,0,4,0,2,0,4,0,0,0,0,0,0,0
73500,9880,2649,109,10,2,0,4,1,4,0,1,0,0,0,0,0,0,0
73600,9885,2541,105,12,1,0,5,0,4,0,0,1,0,0,0,0,0,0
73700,9882,2424,110,9,1,1,3,0,3,0,1,0,0,0,0,0,0,0
73800,9872,2769,115,11,7,0,1,0,4,0,1,0,0,0,0,0,0,0
73900,9864,2672,130,9,3,0,2,1,1,1,0,0,0,0,0,0,0,0
74000,9841,2795,145,12,3,2,2,0,6,0,3,0,0,0,0,0,0,0
74100,9863,2401,122,11,3,1,4,1,5,0,3,1,0,0,0,0,0,0
74200,9870,2518,113,13,6,0,5,1,3,1,3,0,0,0,0,0,0,0
74300,9885,2308,104,27,3,1,4,0,3,1,1,1,0,0,0,0,0,0
74400,9876,2837,111,42,2,0,2,1,7,0,2,1,0,0,0,0,0,0
74500,9868,3578,115,34,5,1,7,0,3,0,2,1,0,0,0,0,0,0
74600,9861,3435,116,63,1,0,15,0,5,0,2,0,0,0,0,0,0,0
74700,9873,3192,111,75,2,0,11,1,3,0,0,0,0,0,0,0,0,0
74800,9862,2601,115,53,1,0,14,0,4,0,4,0,0,0,0,0,0,0
74900,9870,2674,114,28,3,0,11,0,2,0,0,0,0,0,0,0,0,0
75000,9863,3794,117,34,6,2,11,0,3,0,0,0,0,0,0,0,0,0
75100,9860,3771,118,33,2,1,13,0,7,0,0,0,0,0,0,0,0,0
75200,9880,3945,107,33,2,1,10,0,0,0,1,0,0,0,0,0,0,0
75300,9871,3575,109,32,1,0,14,1,4,1,1,0,0,0,0,0,0,0
75400,9881,3065,101,27,2,0,13,0,2,0,1,0,0,0,0,0,0,0
75500,9889,2898,88,43,4,0,11,0,7,3,1,0,0,0,0,0,0,0
75600,9888,3087,85,36,6,0,11,0,7,3,2,0,1,0,0,0,0,0
75700,9918,3113,65,37,4,1,11,2,2,0,0,1,0,0,0,0,0,0
75800,9911,3355,81,36,2,1,1,1,1,2,4,0,0,0,0,0,0,0
75900,9869,3434,123,48,1,1,3,3,2,0,2,0,0,0,0,0,0,0
76000,9871,3057,124,29,2,0,0,0,1,0,2,0,0,0,0,0,0,0
76100,9868,3288,118,30,7,0,4,0,2,1,1,0,0,0,0,0,0,0
76200,9870,3450,125,43,1,0,3,0,1,0,0,0,0,0,0,0,0,0
76300,9860,3214,129,33,3,1,1,0,5,0,2,0,0,0,0,0,0,0
76400,9867,3635,125,27,2,1,2,2,1,0,3,1,0,0,0,0,0,0
76500,9872,3462,116,30,3,0,2,0,7,0,0,0,0,0,0,0,0,0
76600,9872,3110,119,10,3,0,0,0,3,0,2,0,1,0,0,0,0,0
76700,9862,2763,121,9,5,0,1,0,8,0,3,0,0,0,0,0,0,0
76800,9876,2043,119,11,0,2,2,3,3,2,0,0,0,0,0,0,0,0
76900,9869,2534,126,11,2,0,0,0,1,1,2,0,0,0,0,0,0,0
77000,9864,2874,131,14,2,0,1,1,1,0,1,0,0,0,0,0,0,0
77100,9876,3052,122,11,1,3,0,0,1,0,0,0,0,0,0,0,0,0
77200,9885,3433,108,9,1,1,2,0,2,1,2,0,0,0,0,0,0,0
77300,9879,3168,110,5,3,0,5,0,3,0,0,1,0,0,0,0,0,0
77400,9816,2979,170,0,1,0,5,1,4,1,4,0,0,0,0,0,0,0
77500,9856,2839,140,1,2,1,0,4,1,0,1,0,0,0,0,0,0,0
77600,9860,3356,124,3,4,0,2,4,10,3,0,0,0,0,0,0,0,0
77700,9865,2938,125,12,1,0,1,1,7,2,1,0,0,0,0,0,0,0
77800,9867,2767,126,15,1,0,2,1,2,1,2,1,0,0,0,0,0,0
77900,9883,3002,107,30,1,1,4,4,1,0,4,1,0,0,0,0,0,0
78000,9905,2772,88,22,1,0,2,5,3,0,1,0,0,0,0,0,0,0
78100,9909,2544,87,14,1,1,3,2,0,0,0,0,0,0,0,0,0,0
78200,9903,2301,91,9,2,1,1,1,3,3,0,1,0,0,0,0,0,0
78300,9897,2746,91,3,2,0,4,0,6,0,0,0,0,0,0,0,0,0
78400,9905,2779,90,7,1,1,2,0,0,0,2,0,0,0,0,0,0,0
78500,9898,3150,91,6,0,0,3,0,5,0,3,1,0,0,0,0,0,0
78600,9901,3698,91,23,4,0,2,0,1,0,1,0,0,0,0,0,0,0
78700,9901,3821,93,21,1,0,1,1,2,0,2,0,0,0,0,0,0,0
78800,9901,3396,91,7,2,1,0,1,5,0,1,0,0,0,0,0,0,0
78900,9894,3658,94,6,3,1,1,1,6,1,2,0,0,0,0,0,0,0
79000,9911,2966,85,6,1,0,0,0,1,2,2,0,0,0,0,0,0,0
79100,9898,3627,87,9,3,1,2,0,8,4,2,0,0,0,0,0,0,0
79200,9912,3370,88,3,0,0,0,1,0,0,0,0,0,0,0,0,0,0
79300,9905,3195,86,6,1,0,3,0,4,0,1,0,0,0,0,0,0,0
79400,9902,3220,87,42,3,0,6,1,2,0,0,1,0,0,0,0,0,0
79500,9900,3505,86,101,2,0,5,0,6,0,1,0,0,0,0,0,0,0
79600,9910,3223,86,4,0,0,2,0,2,2,0,0,0,0,0,0,0,0
79700,9909,3218,89,11,0,0,1,2,0,0,1,0,0,0,0,0,0,0
79800,9905,3505,86,18,1,2,2,0,5,2,1,1,0,0,0,0,0,0
79900,9899,2944,86,44,3,1,8,3,2,0,2,0,0,0,0,0,0,0
80000,9901,2722,88,25,2,2,5,1,3,1,1,0,0,0,0,0,0,0
80100,9926,2958,59,28,4,1,5,0,4,1,2,0,0,0,0,0,0,0
80200,9970,3230,20,31,5,0,1,3,4,2,0,0,0,0,0,0,0,0
80300,9973,3754,20,24,1,1,2,1,1,0,3,0,0,0,0,0,0,0
80400,9967,3719,19,24,3,1,6,0,4,0,1,1,0,0,0,0,0,0
80500,9990,3147,3,20,0,0,7,1,0,2,0,0,0,0,0,0,0,0
80600,9970,2884,15,19,3,0,3,0,9,1,0,0,0,0,0,0,0,0
80700,9968,3216,24,24,1,0,6,5,0,1,1,0,0,0,0,0,0,0
80800,9964,3628,26,35,5,0,0,5,4,0,1,1,0,0,0,0,0,0
80900,9962,3610,24,46,2,0,6,0,4,1,2,1,0,0,0,0,0,0
81000,9963,3133,26,33,1,0,4,1,4,0,2,0,0,0,0,0,0,0
81100,9964,3107,26,7,1,0,2,0,4,1,3,1,0,0,0,0,0,0
81200,9967,2737,26,11,3,0,2,0,1,0,1,0,0,0,0,0,0,0
81300,9969,3208,24,8,2,0,2,3,2,0,1,0,0,0,0,0,0,0
81400,9992,3609,3,6,0,1,3,2,2,3,0,0,0,0,0,0,0,0
81500,9994,3345,0,23,2,1,1,0,2,0,1,0,0,0,0,0,0,0
81600,9988,3089,0,8,4,5,5,5,1,0,2,1,0,0,0,0,0,0
81700,9979,2705,7,3,5,5,3,0,4,0,2,1,0,0,0,0,0,0
81800,9983,2482,0,4,0,1,11,6,6,1,0,0,0,0,0,0,0,0
81900,9994,2955,0,3,1,1,3,1,2,3,0,0,0,0,0,0,0,0
82000,9988,3513,0,9,2,0,4,0,6,0,0,0,0,0,0,0,0,0
82100,9983,3059,7,27,4,1,0,2,5,1,0,0,1,0,0,0,0,0
82200,9986,3864,8,13,2,2,1,0,3,1,0,1,0,0,0,0,0,0
82300,9987,3428,4,0,2,6,3,1,4,0,0,1,0,0,0,0,0,0
82400,9986,2486,10,2,0,1,0,1,3,0,1,0,0,0,0,0,0,0
82500,9985,3027,11,0,2,1,0,1,1,0,1,0,0,0,0,0,0,0
82600,9987,3283,7,1,1,1,1,1,2,0,2,0,0,0,0,0,0,0
82700,9983,2946,9,0,2,1,1,0,4,0,0,0,1,0,0,0,0,0
82800,9981,2928,8,5,4,0,0,1,6,0,1,0,0,0,0,0,0,0
82900,9976,2762,13,0,3,1,5,0,3,0,0,0,0,0,0,0,0,0
83000,9984,2999,8,2,4,0,2,0,2,0,0,0,0,0,0,0,0,0
83100,9980,3618,11,3,1,1,3,3,2,0,3,1,0,0,0,0,0,0
83200,9984,3320,10,1,1,0,5,1,0,0,0,0,0,0,0,0,0,0
83300,9988,3312,6,9,3,0,1,1,1,0,1,1,0,0,0,0,0,0
83400,9988,3944,7,6,1,0,2,0,2,0,0,0,0,0,0,0,0,0
83500,9944,4040,50,1,2,0,2,0,1,0,1,0,0,0,0,0,0,0
83600,9953,4370,37,0,2,1,5,0,1,0,2,0,0,0,0,0,0,0
83700,9951,3900,40,1,4,0,2,0,1,0,2,0,0,0,0,0,0,0
83800,9938,4033,51,7,4,1,1,0,4,2,2,1,0,0,0,0,0,0
83900,9944,3386,55,3,0,0,0,0,0,1,1,0,0,0,0,0,0,0
84000,9941,3243,53,2,1,1,2,0,3,1,0,0,0,0,0,0,0,0
84100,9929,3240,59,0,1,0,2,1,8,1,1,1,0,0,0,0,0,0
84200,9927,3281,63,8,1,4,5,0,3,2,1,0,0,0,0,0,0,0
84300,9930,3507,63,13,1,1,1,0,5,0,0,0,0,0,0,0,0,0
84400,9923,3204,69,20,1,1,1,0,5,1,1,0,0,0,0,0,0,0
84500,9952,2836,39,1,0,2,0,0,9,0,0,0,0,0,0,0,0,0
84600,9955,2622,33,10,1,1,3,0,7,1,1,0,0,0,0,0,0,0
84700,9971,3020,23,28,3,0,1,0,2,0,0,2,0,0,0,0,0,0
84800,9962,3324,31,32,1,3,2,0,2,1,2,0,0,0,0,0,0,0
84900,9959,3287,28,6,2,0,0,1,11,0,0,0,0,0,0,0,0,0
85000,9964,2472,27,9,1,1,1,0,5,0,2,0,0,0,0,0,0,0
85100,9952,2852,42,1,3,5,0,1,1,1,2,1,0,0,0,0,0,0
85200,9956,2566,36,26,1,3,2,0,3,0,2,0,0,0,0,0,0,0
85300,9958,2705,36,35,3,0,2,0,1,1,0,0,0,0,0,0,0,0
85400,9951,2950,42,9,1,0,1,0,3,3,2,0,0,0,0,0,0,0
85500,9951,2914,40,2,3,0,2,0,0,1,4,1,0,0,0,0,0,0
85600,9949,2884,43,3,3,0,1,0,3,0,1,0,0,0,0,0,0,0
85700,9957,3705,40,2,2,0,1,0,0,0,0,0,0,0,0,0,0,0
85800,9953,3490,35,2,2,1,5,2,3,2,2,0,0,0,0,0,0,0
85900,9948,2786,37,1,4,1,4,1,5,1,2,0,0,0,0,0,0,0
86000,9947,2933,41,4,0,0,5,0,4,1,3,0,0,0,0,0,0,0
86100,9953,2781,38,4,4,0,2,1,3,1,0,0,0,0,0,0,0,0
86200,9953,2810,36,3,2,0,3,0,4,1,2,0,0,0,0,0,0,0
86300,9949,3012,40,2,7,0,0,0,2,0,2,0,0,0,0,0,0,0
86400,9956,3452,38,1,3,3,1,0,0,1,2,0,0,0,0,0,0,0
86500,9952,3345,37,2,3,1,1,2,7,3,0,0,0,0,0,0,0,0
86600,9956,3482,33,16,1,0,1,1,7,0,2,1,0,0,0,0,0,0
86700,9957,2665,38,3,2,0,1,4,0,0,2,0,0,0,0,0,0,0
86800,9966,2558,25,3,2,0,2,0,2,0,3,0,0,0,0,0,0,0
86900,9967,2828,26,45,3,1,3,1,0,1,1,0,0,0,0,0,0,0
87000,9964,2780,29,161,2,0,1,2,4,1,0,0,0,0,0,0,0,0
87100,9967,2426,29,70,1,0,0,0,2,0,1,0,0,0,0,0,0,0
87200,9962,2184,33,69,2,1,0,0,1,0,2,0,0,0,0,0,0,0
87300,9967,2034,27,64,3,0,0,0,2,0,1,1,0,0,0,0,0,0
87400,9967,2431,30,57,1,0,2,1,0,1,0,0,0,0,0,0,0,0
87500,9959,2839,30,3,3,1,2,0,4,1,2,0,0,0,0,0,0,0
87600,9963,2647,24,1,1,0,2,0,8,0,2,0,0,0,0,0,0,0
87700,9957,2754,36,0,1,0,6,1,0,0,0,0,0,0,0,0,0,0
87800,9967,2684,26,0,5,2,0,0,2,2,0,0,0,0,0,0,0,0
87900,9969,2834,23,6,4,0,0,3,1,1,3,1,0,0,0,0,0,0
88000,9961,2421,28,5,4,0,4,0,2,1,1,1,0,0,0,0,0,0
88100,9958,2385,28,0,4,0,1,0,5,0,4,1,0,0,0,0,0,0
88200,9967,2630,26,15,2,1,2,2,2,0,1,2,0,0,0,0,0,0
88300,9966,2641,30,11,0,0,0,0,3,0,1,0,0,0,0,0,0,0
88400,9972,2847,21,3,2,0,4,0,0,1,1,0,0,0,0,0,0,0
88500,9980,3095,15,1,1,0,2,1,1,2,1,0,0,0,0,0,0,0
88600,9966,2960,25,6,2,1,1,0,6,0,0,1,0,0,0,0,0,0
88700,9974,3357,21,0,2,0,2,0,1,0,0,0,0,0,0,0,0,0
88800,9979,3513,17,1,0,0,2,0,2,0,0,0,0,0,0,0,0,0
88900,9970,3310,19,7,4,0,3,4,4,1,0,0,0,0,0,0,0,0
89000,9983,2992,14,33,2,2,0,1,1,0,0,1,0,0,0,0,0,0
89100,9971,2621,15,5,2,1,1,0,8,1,2,1,1,0,0,0,0,0
89200,9976,2217,13,5,2,0,6,2,2,0,1,0,0,0,0,0,0,0
89300,9982,2755,11,2,3,0,2,3,1,0,1,0,0,0,0,0,0,0
89400,9979,2553,14,8,0,1,4,1,3,2,0,0,0,0,0,0,0,0
89500,9981,2917,16,3,1,1,1,0,1,0,0,1,0,0,0,0,0,0
89600,9976,3490,17,1,1,3,2,1,3,0,1,1,0,0,0,0,0,0
89700,9977,3235,13,4,1,0,1,0,7,1,1,0,0,0,0,0,0,0
89800,9969,3177,19,1,5,1,2,0,4,3,1,0,0,0,0,0,0,0
89900,9978,3394,14,2,2,0,2,1,4,3,0,0,0,0,0,0,0,0
90000,9972,3968,16,1,3,1,2,0,4,0,2,0,1,0,0,0,0,0
90100,9973,3567,20,12,2,0,3,3,1,2,1,0,0,0,0,0,0,0
90200,9975,3446,18,6,3,0,0,0,4,1,0,0,0,0,0,0,0,0
90300,9981,3500,13,1,1,1,2,1,0,0,3,0,0,0,0,0,0,0
90400,9981,3677,13,2,4,0,2,1,0,1,0,0,0,0,0,0,0,0
90500,9972,3317,14,3,4,0,2,0,6,0,2,0,0,0,0,0,0,0
90600,9977,3018,13,0,4,1,2,0,3,1,1,0,0,0,0,0,0,0
90700,9979,2666,13,0,2,0,1,1,4,1,1,0,0,0,0,0,0,0
90800,9963,2880,28,11,2,0,3,0,4,0,0,1,0,0,0,0,0,0
90900,9960,2993,25,39,5,1,4,1,4,5,2,1,0,0,0,0,0,0
91000,9966,2943,25,32,3,0,1,0,4,1,1,1,0,0,0,0,0,0
91100,9967,2318,27,27,1,1,0,0,3,0,2,1,0,0,0,0,0,0
91200,9967,1839,25,4,1,0,4,1,3,1,0,0,0,0,0,0,0,0
91300,9965,2100,27,1,2,0,2,1,3,0,1,2,0,0,0,0,0,0
91400,9972,2579,23,2,2,1,1,0,2,2,0,0,0,0,0,0,0,0
91500,9903,2668,83,1,3,2,5,1,5,0,1,0,0,0,0,0,0,0
91600,9892,3214,95,0,1,0,8,3,3,1,1,0,0,0,0,0,0,0
91700,9893,3176,96,2,2,1,1,0,6,0,2,1,0,0,0,0,0,0
91800,9895,3003,97,0,2,0,1,1,4,2,1,0,0,0,0,0,0,0
91900,9895,3332,96,6,1,1,1,0,6,2,1,1,0,0,0,0,0,0
92000,9893,3143,102,17,0,2,1,1,3,5,1,1,0,0,0,0,0,0
92100,9886,2823,101,16,2,0,3,0,5,0,3,1,0,0,0,0,0,0
92200,9876,2263,105,9,3,0,7,0,8,0,1,0,0,0,0,0,0,0
92300,9893,2559,97,2,2,0,1,2,7,0,0,0,0,0,0,0,0,0
92400,9867,2981,125,0,2,0,2,0,4,0,0,1,0,0,0,0,0,0
92500,9826,3106,170,2,1,0,0,0,0,0,3,1,0,0,0,0,0,0
92600,9809,3521,183,0,3,0,3,0,1,2,1,0,0,0,0,0,0,0
92700,9883,3367,107,2,0,0,1,0,6,1,3,0,0,0,0,0,0,0
92800,9887,2958,105,1,3,0,4,1,1,2,0,1,0,0,0,0,0,0
92900,9891,2212,101,40,2,0,4,0,1,0,1,0,0,0,0,0,0,0
93000,9904,1939,91,1,2,0,1,1,1,0,1,0,0,0,0,0,0,0
93100,9897,1938,97,5,0,0,2,0,3,0,1,1,0,0,0,0,0,0
93200,9898,2596,92,6,4,0,1,0,3,1,2,0,0,0,0,0,0,0
93300,9897,2851,95,1,4,2,1,1,3,1,0,0,0,0,0,0,0,0
93400,9897,2793,96,2,2,0,4,0,1,3,0,0,0,0,0,0,0,0
93500,9896,2443,96,7,3,1,2,1,3,3,0,0,0,0,0,0,0,0
93600,9896,1839,94,11,3,1,0,0,5,1,2,0,0,0,0,0,0,0
93700,9893,1851,96,5,1,0,5,0,2,0,3,0,0,0,0,0,0,0
93800,9901,2048,95,3,0,0,2,0,2,0,0,1,0,0,0,0,0,0
93900,9898,2458,99,2,2,0,0,1,1,2,0,0,0,0,0,0,0,0
94000,9891,2348,96,0,4,0,6,1,2,0,1,0,0,0,0,0,0,0
94100,9903,2509,94,1,3,1,0,0,0,1,0,0,0,0,0,0,0,0
94200,9891,2213,100,0,3,1,2,0,3,0,1,0,0,0,0,0,0,0
94300,9892,2151,97,0,4,1,1,0,4,0,2,0,0,0,0,0,0,0
94400,9897,2262,95,0,1,0,3,0,1,1,3,1,0,0,0,0,0,0
94500,9838,2248,152,2,2,0,4,1,3,0,1,0,0,0,0,0,0,0
94600,9719,2407,277,10,1,1,1,0,2,1,0,0,0,0,0,0,0,0
94700,9693,1953,299,89,2,0,1,0,3,1,2,0,0,0,0,0,0,0
94800,9721,2359,270,11,3,0,2,0,3,0,1,0,0,0,0,0,0,0
94900,9742,2285,255,4,2,0,0,0,0,1,1,1,0,0,0,0,0,0
95000,9728,2429,255,0,5,0,4,0,6,1,2,0,0,0,0,0,0,0
95100,9733,2335,255,4,5,8,2,0,4,0,1,0,0,0,0,0,0,0
95200,9734,2316,256,22,2,2,1,1,2,0,5,0,0,0,0,0,0,0
95300,9739,2272,251,27,3,0,0,0,3,0,4,0,0,0,0,0,0,0
95400,9806,2455,184,2,5,1,0,0,4,0,1,0,0,0,0,0,0,0
95500,9803,2780,189,25,2,0,3,1,2,0,1,0,0,0,0,0,0,0
95600,9810,2397,184,56,2,1,0,1,3,1,1,0,0,0,0,0,0,0
95700,9812,2165,184,5,2,0,0,1,0,0,2,0,0,0,0,0,0,0
95800,9807,2326,185,4,2,1,3,0,3,1,0,0,0,0,0,0,0,0
95900,9805,2438,187,4,2,0,1,0,3,0,2,0,0,0,0,0,0,0
96000,9808,2385,187,6,0,1,3,0,2,2,0,0,0,0,0,0,0,0
96100,9799,3057,189,3,1,1,6,1,4,1,1,0,0,0,0,0,0,0
96200,9793,3232,193,4,3,1,7,1,1,0,3,1,0,0,0,0,0,0
96300,9789,2702,200,0,5,0,4,1,2,2,0,0,0,0,0,0,0,0
96400,9789,3290,196,11,6,0,4,1,4,2,1,0,0,0,0,0,0,0
96500,9796,3281,195,8,1,0,2,0,3,0,3,1,0,0,0,0,0,0
96600,9808,2995,183,3,0,4,3,0,4,1,2,1,0,0,0,0,0,0
96700,9805,2913,181,11,2,1,5,0,5,0,2,0,0,0,0,0,0,0
96800,9815,3186,178,11,1,0,3,0,3,1,0,0,0,0,0,0,0,0
96900,9808,2454,178,33,3,0,6,1,4,1,1,0,0,0,0,0,0,0
97000,9813,2082,171,12,4,0,5,0,7,0,0,0,0,0,0,0,0,0
97100,9824,2282,169,5,2,0,1,0,4,0,0,0,0,0,0,0,0,0
97200,9826,2171,169,1,1,0,2,0,2,0,0,1,0,0,0,0,0,0
97300,9832,1626,159,0,2,1,2,2,4,0,1,0,0,0,0,0,0,0
97400,9828,1813,167,0,3,0,1,0,1,2,0,0,0,0,0,0,0,0
97500,9824,1696,171,3,2,0,0,0,3,0,0,0,0,0,0,0,0,0
97600,9791,1839,193,10,6,1,2,1,6,1,2,0,0,0,0,0,0,0
97700,9791,1691,204,13,1,0,2,0,1,1,1,1,0,0,0,0,0,0
97800,9771,1509,219,14,2,0,2,0,3,0,3,1,0,0,0,0,0,0
97900,9769,1384,220,12,4,0,1,0,5,0,1,0,0,0,0,0,0,0
98000,9763,1548,232,1,1,1,1,0,2,0,1,0,0,0,0,0,0,0
98100,9751,1708,235,1,1,0,4,0,9,1,0,1,0,0,0,0,0,0
98200,9750,1354,241,1,3,0,5,2,0,0,1,0,0,0,0,0,0,0
98300,9729,994,259,0,4,0,1,2,5,0,2,1,0,0,0,0,0,0
98400,9720,1081,269,2,4,0,3,0,4,0,0,0,0,0,0,0,0,0
98500,9719,1394,272,6,4,0,3,0,0,1,2,1,0,0,0,0,0,0
98600,9702,1498,288,3,1,1,1,1,6,0,2,0,0,0,0,0,0,0
98700,9714,1884,284,1,0,1,0,0,2,0,0,0,0,0,0,0,0,0
98800,9714,1636,281,3,3,1,0,1,2,0,0,1,0,0,0,0,0,0
98900,9718,1844,269,3,3,0,4,0,2,0,4,0,0,0,0,0,0,0
99000,9720,1984,272,3,3,3,1,1,4,0,0,0,0,0,0,0,0,0
99100,9722,1800,269,5,3,1,1,0,3,1,2,1,0,0,0,0,0,0
99200,9722,2225,269,3,2,1,2,3,2,2,3,0,0,0,0,0,0,0
99300,9733,2321,257,10,2,0,1,4,7,0,0,1,0,0,0,0,0,0
99400,9742,2087,249,9,1,0,4,3,4,0,0,0,0,0,0,0,0,0
99500,9732,1996,261,6,3,0,1,0,1,1,2,0,0,0,0,0,0,0
99600,9731,2147,264,2,1,0,0,1,3,0,1,0,0,0,0,0,0,0
99700,9727,1936,266,4,3,0,2,0,1,1,1,0,0,0,0,0,0,0
99800,9737,2077,258,0,0,1,0,0,4,2,1,0,0,0,0,0,0,0
99900,9679,2391,304,0,2,0,10,0,3,0,2,0,0,0,0,0,0,0
100000,9592,2705,391,8,2,1,10,0,3,0,1,0,1,0,0,0,0,0
