update,host_task_NOT,sym_task_NOT,host_task_NAND,sym_task_NAND,host_task_AND,sym_task_AND,host_task_ORN,sym_task_ORN,host_task_OR,sym_task_OR,host_task_ANDN,sym_task_ANDN,host_task_NOR,sym_task_NOR,host_task_XOR,sym_task_XOR,host_task_EQU,sym_task_EQU
0,0,0,0,0,0,0,0,0,0,0,0,0,0,0,0,0,0,0
100,9999,38359,0,0,1,1,0,0,2,3,0,0,0,0,0,0,0,0
200,9994,33293,0,7,4,2,2,6,0,4,0,2,0,0,0,0,0,0
300,9997,33137,0,5,1,8,0,6,1,3,1,4,0,0,0,0,0,0
400,9997,33160,0,5,2,6,0,1,1,11,0,2,0,0,0,0,0,0
500,9988,33163,0,7,6,11,2,3,2,12,2,4,0,0,0,0,0,0
600,9988,28240,5,2,0,6,1,4,4,4,2,3,0,0,0,0,0,0
700,9988,26236,8,3,1,6,1,3,2,6,0,1,0,0,0,0,0,0
800,9987,26307,8,6,2,7,1,1,1,7,1,1,0,0,0,0,0,0
900,9981,26100,10,1,4,5,1,2,3,6,1,1,0,0,0,0,0,0
1000,9980,25965,9,2,1,2,2,2,5,3,3,1,0,0,0,0,0,0
1100,9983,23300,8,4,1,0,1,4,6,5,1,1,0,0,0,0,0,0
1200,9985,20493,8,5,3,4,0,3,3,4,1,4,0,0,0,0,0,0
1300,9982,20615,8,7,1,6,2,1,5,4,2,1,0,0,0,0,0,0
1400,9979,20451,8,2,5,4,3,0,2,8,3,1,0,0,0,0,0,0
1500,9985,20441,8,1,1,4,1,0,3,2,2,3,0,0,0,0,0,0
1600,9978,19424,13,3,3,4,5,2,1,2,0,3,0,0,0,0,0,0
1700,9978,16342,17,4,0,1,1,8,3,4,1,2,0,0,0,0,0,0
1800,9973,16220,17,7,2,2,6,2,2,4,0,0,0,0,0,0,0,0
1900,9977,16206,16,10,1,3,0,2,6,1,0,2,0,0,0,0,0,0
2000,9977,16120,16,4,1,2,0,1,5,1,1,0,0,0,0,0,0,0
2100,9976,16194,17,2,3,3,2,0,1,2,1,2,0,0,0,0,0,0
2200,9974,13122,17,11,3,3,5,0,1,3,0,0,0,0,0,0,0,0
2300,9975,13025,16,5,2,1,1,2,5,3,1,1,0,0,0,0,0,0
2400,9977,12951,16,6,1,3,3,0,3,3,0,1,0,0,0,0,0,0
2500,9978,13014,16,2,1,4,2,3,3,2,0,4,0,0,0,0,0,0
2600,9970,13042,18,3,0,2,4,3,6,1,1,1,1,0,0,0,0,0
2700,9974,11234,19,2,3,1,0,2,3,3,1,0,0,0,0,0,0,0
2800,9969,10683,21,4,4,4,3,1,1,5,2,2,0,0,0,0,0,0
2900,9971,10668,20,7,4,3,2,1,1,1,2,0,0,0,0,0,0,0
3000,9972,10618,21,10,2,3,1,0,3,0,1,0,0,0,0,0,0,0
3100,9972,10542,17,7,3,2,3,4,2,2,3,2,0,0,0,0,0,0
3200,9967,9502,24,5,3,1,2,1,4,2,0,0,0,0,0,0,0,0
3300,9960,8685,27,3,3,2,3,4,6,0,1,1,0,0,0,0,0,0
3400,9962,8733,26,3,4,0,4,2,3,1,1,0,0,0,0,0,0,0
3500,9959,8877,27,2,4,1,4,3,6,1,0,1,0,0,0,0,0,0
3600,9963,8935,25,10,3,6,2,3,6,3,1,0,0,0,0,0,0,0
3700,9967,8377,24,7,0,4,2,1,5,3,2,0,0,0,0,0,0,0
3800,9966,7262,27,9,1,1,3,0,3,2,0,0,0,0,0,0,0,0
3900,9969,7413,23,10,1,3,3,1,3,2,1,0,0,0,0,0,0,0
4000,9960,7381,29,10,1,2,4,1,3,0,3,0,0,0,0,0,0,0
4100,9960,7398,24,9,6,3,4,0,1,1,5,0,0,0,0,0,0,0
4200,9964,7531,26,13,1,0,6,1,2,1,1,2,0,0,0,0,0,0
4300,9962,6398,28,5,2,2,5,1,3,1,0,1,0,0,0,0,0,0
4400,9957,6435,32,10,6,1,1,2,3,0,1,0,0,1,0,0,0,0
4500,9958,6594,33,20,2,1,2,2,4,2,1,1,0,0,0,0,0,0
4600,9961,6705,29,10,1,5,4,1,4,5,0,3,1,0,0,0,0,0
4700,9959,6648,30,2,1,3,3,1,3,0,1,1,3,0,0,0,0,0
4800,9953,5920,43,4,1,0,0,2,3,2,0,0,0,0,0,0,0,0
4900,9947,5868,46,7,1,2,2,0,4,3,0,2,0,0,0,0,0,0
5000,9936,5923,50,11,3,2,4,2,7,2,0,1,0,0,0,0,0,0
5100,9943,6042,45,6,3,0,3,3,5,2,1,1,0,0,0,0,0,0
5200,9947,6277,46,11,3,1,1,3,3,1,0,3,0,0,0,0,0,0
5300,9947,6280,41,44,1,3,5,1,1,2,2,0,3,0,0,0,0,0
5400,9931,7426,60,40,2,1,3,1,2,4,2,2,0,0,0,0,0,0
5500,9935,9671,54,17,2,21,2,1,7,3,0,1,0,0,0,0,0,0
5600,9933,13063,54,206,4,11,6,2,2,7,0,1,1,0,0,0,0,0
5700,9937,15606,56,252,0,4,2,2,5,4,0,3,0,0,0,0,0,0
5800,9941,15737,52,259,1,13,5,8,1,15,0,1,0,0,0,0,0,0
5900,9915,15269,61,278,4,7,16,10,4,5,0,4,0,0,0,0,0,0
6000,9916,16633,60,563,2,5,11,6,8,7,3,2,0,0,0,0,0,0
6100,9921,17490,56,304,5,9,12,3,5,7,1,3,0,0,0,0,0,0
6200,9919,18458,63,350,6,11,11,6,1,7,0,4,0,0,0,0,0,0
6300,9929,18436,56,360,0,28,9,9,5,5,1,3,0,0,0,0,0,0
6400,9914,16636,69,323,1,3,7,5,9,5,0,1,0,0,0,0,0,0
6500,9905,18849,76,471,3,3,7,5,6,6,3,1,0,0,0,0,0,0
6600,9889,19191,90,372,3,16,8,11,9,16,1,4,0,0,0,0,0,0
6700,9894,18750,91,453,4,10,7,8,3,6,0,1,1,0,0,0,0,0
6800,9907,18172,85,281,1,7,2,8,5,8,0,4,0,0,0,0,0,0
6900,9897,17205,87,248,3,18,6,5,7,9,0,1,0,0,0,0,0,0
7000,9891,19172,92,246,3,2,9,8,3,6,2,0,0,0,0,0,0,0
7100,9893,20025,92,180,1,7,7,8,6,2,0,0,1,0,0,0,0,0
7200,9893,19693,94,107,2,3,6,8,5,6,0,1,0,0,0,0,0,0
7300,9884,20418,102,237,2,4,9,5,2,4,0,2,1,0,0,0,0,0
7400,9901,19313,90,145,1,4,4,7,4,3,0,2,0,0,0,0,0,0
7500,9890,19759,91,133,4,5,5,8,7,4,3,4,0,0,0,0,0,0
7600,9891,22665,95,98,2,5,7,3,4,7,1,1,0,0,0,0,0,0
7700,9894,22562,99,99,1,3,5,3,1,3,0,1,0,0,0,0,0,0
7800,9886,20542,96,85,4,3,6,3,7,4,1,2,0,0,0,0,0,0
7900,9891,20881,97,54,1,5,8,3,2,4,1,2,0,0,0,1,0,0
8000,9893,19839,91,207,6,5,9,5,1,2,0,0,0,0,0,0,0,0
8100,9897,21546,92,263,1,9,4,1,5,3,1,3,0,0,0,0,0,1
8200,9897,21117,87,274,3,3,3,3,7,4,3,3,0,0,0,0,0,0
8300,9901,21765,81,290,2,5,10,11,5,3,1,4,0,0,0,0,0,0
8400,9901,20561,83,394,2,3,8,18,5,10,1,1,0,0,0,0,0,0
8500,9895,19645,81,260,5,1,9,18,5,7,4,2,1,0,0,0,0,0
8600,9904,20597,82,331,1,2,8,19,4,13,0,1,1,0,0,0,0,0
8700,9895,20216,80,268,5,5,13,10,7,11,0,1,0,0,0,0,0,0
8800,9900,22435,74,331,4,5,11,6,7,5,3,2,1,0,0,0,0,0
8900,9903,22362,75,355,3,10,12,5,6,5,1,1,0,0,0,0,0,0
9000,9918,21503,59,259,3,13,9,10,7,3,3,3,1,0,0,0,0,0
9100,9924,21239,59,302,1,4,8,5,5,9,3,3,0,0,0,0,0,0
9200,9917,21418,66,319,3,4,8,7,5,8,1,3,0,0,0,0,0,0
9300,9921,21182,68,271,1,2,5,8,3,7,2,2,0,0,0,0,0,0
9400,9909,19804,77,395,5,5,6,6,0,3,3,0,0,0,0,0,0,0
9500,9887,19861,89,275,3,33,11,5,6,8,3,2,1,0,0,0,0,0
9600,9877,20245,95,401,3,17,16,3,5,9,2,1,2,0,0,0,0,0
9700,9883,20720,98,480,2,3,7,7,8,4,2,1,0,0,0,0,0,0
9800,9884,20993,94,229,6,6,12,5,4,5,0,1,0,0,0,0,0,0
9900,9884,22391,103,410,1,9,8,6,3,7,1,3,0,0,0,0,0,0
10000,9882,22862,95,544,0,5,16,1,7,0,0,1,0,0,0,0,0,0
10100,9875,22673,100,453,8,14,10,4,6,10,1,4,0,0,0,0,0,0
10200,9896,24065,90,421,3,26,7,8,3,6,1,0,0,0,0,0,0,0
10300,9866,23362,108,365,5,5,16,15,4,9,1,3,0,0,0,0,0,0
10400,9867,23805,104,370,6,7,16,1,2,12,4,0,1,0,0,0,0,0
10500,9863,23811,103,365,3,11,18,3,7,6,4,2,2,0,0,0,0,0
10600,9861,21092,118,452,2,2,12,7,5,4,1,3,1,0,0,0,0,0
10700,9848,21650,117,404,4,3,18,5,12,3,1,2,0,1,0,0,0,0
10800,9842,22702,129,495,6,5,13,12,7,2,3,1,0,0,0,0,0,0
10900,9844,22750,125,419,6,3,18,17,5,4,2,2,0,0,0,0,0,0
11000,9824,25218,143,300,6,7,19,3,6,8,2,2,0,0,0,0,0,0
11100,9775,23703,197,365,3,8,19,6,3,6,3,2,0,0,0,0,0,0
11200,9707,24688,266,328,3,4,18,5,2,3,3,4,1,0,0,0,0,0
11300,9699,25606,280,500,5,5,7,12,5,8,3,5,1,0,0,0,0,0
11400,9699,26878,276,366,7,4,6,8,10,8,2,2,0,0,0,0,0,0
11500,9692,27932,270,298,7,5,17,10,11,2,3,1,0,0,0,0,0,0
11600,9694,29115,272,331,5,8,12,3,16,7,1,1,0,0,0,0,0,0
11700,9696,27418,279,316,5,15,7,6,10,6,3,0,0,0,0,0,0,0
11800,9621,28984,345,218,2,6,13,5,10,5,6,1,3,0,0,0,0,0
11900,9598,30094,376,190,3,3,15,5,6,6,2,1,0,0,0,0,0,0
12000,9609,31202,363,167,3,2,22,6,3,4,0,2,0,0,0,0,0,0
12100,9583,29481,386,132,4,7,19,12,5,4,3,2,0,0,0,0,0,0
12200,9463,30559,501,172,4,4,23,7,6,5,2,2,1,0,0,0,0,0
12300,9376,31837,597,135,4,4,20,7,2,3,1,1,0,0,0,0,0,1
12400,9258,28660,698,180,6,2,25,3,9,4,3,4,1,0,0,0,0,0
12500,9231,30765,727,119,5,7,25,5,3,15,7,2,2,0,0,0,0,0
12600,9287,32297,676,136,4,12,18,5,11,11,3,1,1,0,0,0,0,0
12700,9214,35192,746,196,7,9,16,4,15,4,2,2,0,2,0,0,0,0
12800,9092,33000,864,152,5,5,23,9,14,8,2,1,0,0,0,0,0,0
12900,9042,33185,925,117,5,3,18,6,4,10,6,2,0,0,0,0,0,0
13000,9008,32542,953,134,8,3,20,7,9,7,2,1,0,0,0,0,0,0
13100,8890,35397,1073,129,9,9,21,6,6,4,1,1,0,0,0,0,0,0
13200,8833,34632,1126,106,5,10,24,1,9,7,3,0,0,0,0,0,0,0
13300,8758,34770,1215,123,4,6,15,5,5,4,3,0,0,0,0,0,0,0
13400,8764,34387,1195,116,7,5,24,3,5,4,5,0,0,0,0,0,0,0
13500,8659,33774,1301,125,4,3,25,7,3,2,7,4,1,0,0,0,0,0
13600,8606,33573,1357,116,8,5,18,4,7,6,4,1,0,0,0,0,0,0
13700,8382,34397,1581,147,9,2,15,10,6,7,7,2,0,0,0,0,0,0
13800,8387,32003,1569,182,6,16,23,7,9,4,5,0,1,0,0,0,0,0
13900,8322,30196,1643,103,10,2,19,1,5,4,1,4,0,1,0,0,0,0
14000,8264,29281,1699,108,1,2,21,4,11,1,4,0,0,0,0,0,0,0
14100,8204,30635,1745,113,4,1,29,15,11,6,7,2,0,0,0,0,0,0
14200,8213,31941,1754,198,2,7,17,5,9,7,5,0,0,0,0,0,0,0
14300,8149,31659,1809,193,5,5,22,10,12,8,3,1,0,0,0,0,0,0
14400,7965,30690,1993,231,5,4,21,4,13,5,3,3,0,0,0,0,0,0
14500,7943,30085,2001,147,11,13,28,7,12,6,5,2,0,1,0,0,0,0
14600,7874,28903,2091,145,3,2,23,6,7,0,2,3,0,0,0,0,0,0
14700,7617,28916,2337,156,7,3,33,4,6,4,0,3,0,0,0,0,0,0
14800,7464,26800,2492,134,9,4,23,2,9,12,3,1,0,0,0,0,0,0
14900,7467,28374,2488,187,11,3,26,1,2,11,6,2,0,0,0,0,0,0
15000,7347,27847,2611,194,4,7,31,3,4,3,3,1,0,0,0,0,0,0
15100,7099,27780,2874,149,3,2,14,3,7,2,3,1,0,0,0,0,0,0
15200,6975,27867,2971,132,14,6,18,7,15,9,7,1,0,0,0,0,0,0
15300,7069,25390,2898,121,3,4,28,8,2,5,0,0,0,0,0,0,0,0
15400,7079,25638,2889,147,7,1,13,1,10,4,2,3,0,0,0,0,0,0
15500,6996,26427,2946,144,11,1,21,4,18,3,8,1,0,0,0,0,0,0
15600,6903,25174,3045,206,7,8,34,2,5,8,6,2,0,0,0,0,0,0
15700,6878,24155,3061,136,9,7,34,11,11,2,7,1,0,0,0,0,0,0
15800,6770,24510,3190,133,3,4,24,10,6,6,7,1,0,0,0,0,0,0
15900,6803,23604,3159,145,9,3,25,3,3,4,1,1,0,0,0,0,0,0
16000,6706,24439,3238,240,7,2,32,4,12,11,5,2,0,0,0,0,0,0
16100,6706,23144,3251,204,12,4,25,2,5,9,1,3,0,0,0,0,0,0
16200,6623,23873,3324,125,9,3,29,6,9,10,6,1,0,0,0,0,0,0
16300,6576,23164,3390,178,3,7,22,4,5,6,2,2,2,0,0,0,0,0
16400,6570,23810,3395,120,9,3,22,4,3,0,1,1,0,0,0,0,0,0
16500,6525,23132,3436,106,5,2,19,7,9,4,5,1,1,0,0,0,0,0
16600,6506,23363,3456,128,4,6,26,4,4,5,4,1,0,0,0,0,0,0
16700,6351,22973,3611,129,4,7,25,5,4,4,5,4,0,0,0,0,0,0
16800,6194,23517,3766,103,1,1,22,3,9,4,8,0,0,0,0,0,0,0
16900,6149,21722,3799,128,7,2,33,3,11,4,1,0,0,0,0,0,0,0
17000,6040,19897,3912,119,6,3,30,5,10,6,2,3,0,0,0,0,0,0
17100,5800,19514,4165,84,3,2,21,1,10,4,1,4,0,0,0,0,0,0
17200,5830,21459,4132,75,8,3,17,1,8,4,5,2,0,0,0,0,0,0
17300,5971,22146,3991,40,2,1,27,2,4,4,4,0,1,0,0,0,0,0
17400,6198,20863,3764,20,2,3,28,4,6,7,2,1,0,0,0,0,0,0
17500,6320,21038,3634,31,4,7,33,4,7,4,2,1,0,0,0,0,0,0
17600,6123,20395,3835,25,5,4,26,6,6,5,4,1,1,0,0,0,0,0
17700,6008,18835,3932,92,14,4,31,12,12,2,3,1,0,0,0,0,0,0
17800,5979,19634,3985,56,8,1,19,2,6,3,3,1,0,0,0,0,0,0
17900,6018,19149,3943,44,2,2,29,2,6,6,1,0,1,0,0,0,0,0
18000,6045,16633,3917,8,4,1,22,1,9,5,3,0,0,0,0,0,0,0
18100,6110,16201,3860,32,6,3,9,7,9,4,6,0,0,0,0,0,0,0
18200,6155,17574,3813,20,7,3,11,3,9,2,4,2,1,0,0,0,0,0
18300,6262,16759,3714,6,5,5,6,2,8,2,4,2,0,0,1,0,0,0
18400,6403,16939,3584,14,3,6,4,5,4,1,2,2,0,0,0,0,0,0
18500,6441,15304,3535,29,4,2,11,2,7,6,2,1,0,0,0,0,0,0
18600,6472,15989,3501,45,6,0,12,5,8,4,1,2,0,0,0,0,0,0
18700,6398,14674,3559,14,6,3,27,1,7,2,3,0,0,0,0,0,0,0
18800,6261,14554,3666,64,11,1,48,1,11,4,3,1,0,0,0,0,0,0
18900,6202,13847,3739,26,5,1,45,2,8,4,1,0,0,0,0,0,0,0
19000,6270,13820,3669,15,8,2,42,3,8,2,3,2,0,0,0,0,0,0
19100,6292,13775,3657,62,8,0,32,1,7,5,4,0,0,0,0,0,0,0
19200,6286,13407,3655,138,2,1,45,0,8,0,4,2,0,0,0,0,0,0
19300,6316,13067,3626,336,9,1,43,0,3,2,3,0,0,0,0,0,0,0
19400,6334,11676,3604,277,5,2,46,7,7,4,4,0,0,0,0,0,0,0
19500,6190,12048,3769,265,5,8,27,6,6,1,3,1,0,0,0,0,0,0
19600,6004,12240,3977,322,8,8,0,0,8,3,3,0,0,0,0,0,0,0
19700,6017,11787,3966,320,5,7,4,1,4,4,4,3,0,0,0,0,0,0
19800,6118,11626,3851,411,11,0,9,7,8,2,3,0,0,0,0,0,0,0
19900,6108,10917,3879,441,4,2,5,3,3,3,1,0,0,0,0,0,0,0
20000,6125,10412,3855,498,6,4,8,1,3,4,3,0,0,0,0,0,0,0
20100,6126,9811,3854,529,2,2,9,2,6,2,3,0,0,0,0,0,0,0
20200,6186,10101,3793,540,6,7,8,2,5,4,2,0,0,0,0,0,0,0
20300,6199,9973,3783,757,3,4,9,5,5,4,1,0,0,0,0,0,0,0
20400,6138,10453,3842,776,2,2,12,14,5,2,1,2,0,0,0,0,0,0
20500,6116,10969,3852,842,4,10,16,6,8,5,4,0,0,0,0,0,0,0
20600,6170,11147,3798,755,7,6,14,5,9,6,1,1,1,0,0,0,0,0
20700,6164,10458,3798,597,9,2,22,1,4,5,3,1,0,0,0,0,0,0
20800,6303,11339,3652,495,12,2,22,2,9,6,2,0,0,0,0,0,0,0
20900,6460,10960,3496,682,14,3,16,3,11,6,3,0,0,0,0,0,0,0
21000,6331,10468,3625,764,14,3,22,0,5,4,3,1,0,0,0,0,0,0
21100,6396,9898,3558,702,14,3,22,2,8,4,2,0,0,0,0,0,0,0
21200,6500,10762,3467,635,9,3,18,12,4,2,2,3,0,0,0,0,0,0
21300,6544,10176,3415,568,12,1,18,6,8,3,3,2,0,0,0,0,0,0
21400,6363,9128,3596,589,14,3,23,9,2,4,2,1,0,0,0,0,0,0
21500,6302,9160,3652,486,16,1,18,3,12,3,0,1,0,0,0,0,0,0
21600,6376,9586,3586,490,11,2,23,5,2,2,1,0,1,0,0,0,0,0
21700,6391,10205,3563,455,6,5,34,3,4,9,2,4,0,0,0,0,0,0
21800,6504,9646,3449,498,13,0,25,5,6,5,2,0,1,0,0,0,0,0
21900,6571,8201,3379,516,18,3,26,8,5,1,1,3,0,0,0,0,0,0
22000,6511,8277,3438,583,23,2,19,2,6,3,3,1,0,0,0,0,0,0
22100,6497,9559,3472,587,13,6,13,3,3,6,1,0,0,0,1,0,0,0
22200,6589,10435,3369,578,14,1,19,6,5,2,4,0,0,0,0,0,0,0
22300,6786,9074,3180,628,13,6,14,1,6,2,1,0,0,0,0,0,0,0
22400,6850,8125,3116,789,9,4,12,2,11,3,2,0,0,0,0,0,0,0
22500,6791,8581,3166,696,14,4,21,2,6,2,2,0,0,0,0,0,0,0
22600,6991,8210,2983,670,8,4,12,2,4,6,2,0,0,0,0,0,0,0
22700,7067,8245,2903,656,11,0,14,3,1,4,4,1,0,0,0,0,0,0
22800,7018,7918,2934,514,12,3,24,0,7,6,5,3,0,0,0,0,0,0
22900,7021,7754,2946,522,13,1,15,3,3,4,2,1,0,0,0,0,0,0
23000,7040,7258,2923,565,15,2,13,4,8,3,1,1,0,0,0,0,0,0
23100,7231,7899,2740,608,11,0,12,2,4,2,2,0,0,0,0,0,0,0
23200,7277,8034,2677,641,18,0,15,4,10,3,3,0,0,0,0,0,0,0
23300,7298,6991,2670,458,11,2,12,1,4,2,5,0,0,0,0,0,0,0
23400,7458,6751,2503,382,12,2,15,5,8,0,4,0,0,0,0,0,0,0
23500,7553,6244,2405,367,16,1,17,1,6,1,3,0,0,0,0,0,0,0
23600,7636,6774,2331,337,8,0,16,5,6,3,3,0,0,0,0,0,0,0
23700,7626,5256,2339,328,15,1,16,1,4,3,0,1,0,0,0,0,0,0
23800,7651,5189,2324,365,10,2,11,0,3,1,1,0,0,0,0,0,0,0
23900,7639,5116,2332,389,4,0,18,0,5,0,2,0,0,0,0,0,0,0
24000,7523,4927,2448,358,7,0,14,1,5,0,3,0,0,0,0,0,0,0
24100,7438,4863,2536,352,4,4,15,1,6,3,1,0,0,0,0,0,0,0
24200,7508,5226,2479,285,0,2,8,1,3,4,2,1,0,0,0,0,0,0
24300,7524,5894,2452,265,5,1,12,2,4,1,3,1,0,0,0,0,0,0
24400,7516,6138,2464,229,2,2,12,1,4,5,2,1,0,0,0,0,0,0
24500,7532,6326,2444,221,6,0,13,4,4,0,1,1,0,0,0,0,0,0
24600,7488,5462,2482,208,8,3,14,5,5,2,2,0,0,0,1,0,0,0
24700,7449,5187,2524,247,3,2,15,1,6,3,3,2,0,0,0,0,0,0
24800,7498,6129,2477,219,5,2,14,3,3,2,3,1,0,0,0,0,0,0
24900,7586,5466,2384,211,13,2,13,6,1,5,3,0,0,0,0,0,0,0
25000,7690,5369,2266,243,12,11,15,1,10,4,7,2,0,0,0,0,0,0
25100,7819,5425,2155,188,10,0,13,3,3,1,0,0,0,0,0,0,0,0
25200,7961,5409,1998,149,12,1,25,0,1,2,2,0,1,0,0,0,0,0
25300,7886,5665,2065,227,13,1,28,0,6,5,2,0,0,0,0,0,0,0
25400,7850,5480,2101,240,8,0,31,2,9,2,1,1,0,0,0,0,0,0
25500,7950,5051,2023,247,14,0,9,4,4,3,0,0,0,0,0,0,0,0
25600,7963,5203,2008,242,14,0,9,2,5,0,1,0,0,0,0,0,0,0
25700,7965,6358,2005,265,12,2,13,2,3,2,2,0,0,0,0,0,0,0
25800,8013,5120,1964,285,12,1,5,2,3,0,3,0,0,0,0,0,0,0
25900,8014,4633,1955,252,12,0,10,1,6,1,3,1,0,0,0,0,0,0
26000,8041,4585,1926,248,9,0,14,0,9,0,1,1,0,0,0,0,0,0
26100,8217,4597,1753,229,11,1,11,2,1,2,7,0,0,0,0,0,0,0
26200,8206,4987,1771,246,13,3,4,0,6,2,0,2,0,0,0,0,0,0
26300,8151,5374,1829,252,9,0,8,0,1,1,2,0,0,0,0,0,0,0
26400,8296,5036,1671,200,10,13,13,0,5,0,5,0,0,0,0,0,0,0
26500,8348,4626,1619,184,11,11,7,1,11,1,4,2,0,0,0,0,0,0
26600,8405,4371,1571,181,13,0,5,2,3,0,3,2,0,0,0,0,0,0
26700,8437,3587,1543,158,9,0,4,7,4,1,3,0,0,0,0,0,0,0
26800,8560,3628,1411,149,13,1,7,0,5,0,4,0,0,0,0,0,0,0
26900,8637,3942,1334,159,15,0,6,2,7,0,1,0,0,0,0,0,0,0
27000,8745,4051,1226,153,16,0,5,0,5,1,3,0,0,0,0,0,0,0
27100,8718,3699,1264,143,12,0,2,1,2,0,2,0,0,0,0,0,0,0
27200,8801,3820,1177,161,10,0,5,0,6,1,1,0,0,0,0,0,0,0
27300,8863,4624,1126,126,8,0,1,0,1,0,1,0,0,0,0,0,0,0
27400,8842,3856,1137,126,14,1,1,1,1,1,5,0,0,0,0,0,0,0
27500,8837,3479,1139,156,13,0,0,2,9,2,1,0,1,0,0,0,0,0
27600,8872,3394,1106,109,12,0,3,0,7,0,0,0,0,0,0,0,0,0
27700,8899,3083,1081,140,13,3,0,1,6,2,1,0,0,0,0,0,0,0
27800,8983,3793,995,159,12,2,4,3,4,0,2,0,0,0,0,0,0,0
27900,9030,4219,949,132,11,3,5,1,5,0,0,2,0,0,0,0,0,0
28000,9078,3867,911,151,10,1,1,2,0,1,0,0,0,0,0,0,0,0
28100,9118,3514,856,168,9,1,6,4,10,0,0,1,1,0,0,0,0,0
28200,9187,4230,800,182,4,11,3,1,4,1,2,1,0,0,0,0,0,0
28300,9173,4719,819,143,2,0,3,0,3,3,0,0,0,0,0,0,0,0
28400,9116,4549,875,139,2,0,5,0,1,0,1,0,0,0,0,0,0,0
28500,9103,3868,883,159,4,1,2,0,8,0,0,0,0,0,0,0,0,0
28600,9155,4288,834,153,1,0,4,0,6,2,0,1,0,0,0,0,0,0
28700,9165,4839,821,140,3,1,3,1,7,1,1,0,0,0,0,0,0,0
28800,9190,3652,801,106,1,0,3,0,4,0,1,0,0,0,0,0,0,0
28900,9215,3599,776,110,5,1,1,1,1,1,2,1,0,0,0,0,0,0
29000,9209,4030,777,103,5,1,2,0,5,0,2,0,0,0,0,0,0,0
29100,9269,4490,715,107,5,3,3,5,5,0,3,1,0,0,0,0,0,0
29200,9386,4286,607,108,1,1,0,0,5,1,1,1,0,0,0,0,0,0
29300,9383,3763,602,118,4,2,4,1,4,3,2,1,1,0,0,0,0,0
29400,9378,3488,608,130,4,0,3,1,4,1,3,0,0,0,0,0,0,0
29500,9387,3036,597,128,7,0,2,0,5,1,1,0,1,0,0,0,0,0
29600,9403,3717,582,125,1,1,8,1,3,1,3,0,0,0,0,0,0,0
29700,9445,4084,550,99,1,1,1,1,2,0,1,0,0,0,0,0,0,0
29800,9458,3762,537,71,1,2,2,0,1,1,1,0,0,0,0,0,0,0
29900,9499,3704,489,71,5,0,1,1,6,4,0,0,0,0,0,0,0,0
30000,9408,3143,582,54,2,0,1,0,6,3,1,0,0,0,0,0,0,0
30100,9356,3607,637,48,1,0,1,1,3,0,2,0,0,0,0,0,0,0
30200,9384,3571,612,51,0,1,2,0,1,0,1,0,0,0,0,0,0,0
30300,9369,3339,616,46,5,0,4,2,3,2,2,0,1,0,0,0,0,0
30400,9319,3634,667,42,5,0,2,1,5,0,2,1,0,0,0,0,0,0
30500,9305,3707,686,64,2,1,2,0,3,2,2,1,0,0,0,0,0,0
30600,9312,3900,681,128,2,1,0,1,1,1,3,0,1,0,0,0,0,0
30700,9462,3494,535,146,0,0,0,0,1,1,2,0,0,0,0,0,0,0
30800,9487,3658,500,60,5,0,3,0,5,1,0,0,0,0,0,0,0,0
30900,9506,3612,486,49,2,0,3,0,3,3,0,0,0,0,0,0,0,0
31000,9527,2841,458,66,4,1,3,4,6,1,2,1,0,0,0,0,0,0
31100,9610,2738,373,33,4,0,5,0,4,0,4,1,0,0,0,0,0,0
31200,9656,2195,332,20,3,0,2,0,4,1,2,0,1,0,0,0,0,0
31300,9650,2207,340,23,1,1,4,0,3,0,2,0,0,0,0,0,0,0
31400,9636,2407,362,20,1,0,0,0,0,2,1,1,0,0,0,0,0,0
31500,9628,3036,360,34,4,3,4,1,4,1,0,0,0,0,0,0,0,0
31600,9630,4019,366,25,2,0,1,1,0,0,1,1,0,0,0,0,0,0
31700,9611,3551,366,26,4,2,12,0,4,0,3,0,0,0,0,0,0,0
31800,9639,3423,339,62,3,1,14,7,4,1,1,0,0,0,0,0,0,0
31900,9683,3199,283,71,4,1,15,0,15,4,0,0,0,0,0,0,0,0
32000,9721,2894,253,72,3,1,15,0,5,2,3,1,0,0,0,0,0,0
32100,9729,2459,251,71,1,1,17,1,0,0,2,0,0,0,0,0,0,0
32200,9715,2995,259,36,9,0,14,0,2,1,1,0,0,0,0,0,0,0
32300,9719,3472,251,32,8,0,17,0,3,1,2,0,0,0,0,0,0,0
32400,9716,3520,258,24,3,0,16,3,6,1,1,0,0,0,0,0,0,0
32500,9723,3733,253,49,3,0,15,1,4,1,2,0,0,0,0,0,0,0
32600,9703,3350,275,55,5,2,14,1,1,1,2,0,0,0,0,0,0,0
32700,9724,2998,256,30,3,1,13,1,2,1,2,0,0,0,0,0,0,0
32800,9728,2511,251,27,1,0,17,2,2,0,1,0,0,0,0,0,0,0
32900,9696,2424,282,24,4,1,12,0,5,1,1,0,0,0,0,0,0,0
33000,9662,2504,309,9,3,0,16,0,10,0,0,0,0,0,0,0,0,0
33100,9782,2152,191,7,3,0,17,0,6,0,1,0,0,0,0,0,0,0
33200,9793,2301,176,14,4,0,18,0,5,0,4,0,0,0,0,0,0,0
33300,9808,2142,167,13,0,1,16,0,8,0,1,0,0,0,0,0,0,0
33400,9800,1837,171,9,2,0,18,3,7,0,2,0,0,0,0,0,0,0
33500,9805,2044,170,1,4,0,17,1,3,1,0,1,1,0,0,0,0,0
33600,9799,2334,174,1,6,0,15,0,3,1,3,0,0,0,0,0,0,0
33700,9803,3162,168,0,5,0,18,0,6,0,0,0,0,0,0,0,0,0
33800,9814,3525,165,3,5,2,10,2,6,1,0,0,0,0,0,0,0,0
33900,9838,3537,149,16,3,0,4,2,5,3,1,0,0,0,0,0,0,0
34000,9836,3625,147,20,3,0,5,0,7,0,2,0,0,0,0,0,0,0
34100,9827,2794,157,29,1,0,8,0,4,0,3,0,0,0,0,0,0,0
34200,9842,2561,149,32,1,0,4,1,2,0,2,1,0,0,0,0,0,0
34300,9840,2904,149,5,2,0,2,0,6,0,1,0,0,0,0,0,0,0
34400,9843,2589,153,4,1,0,0,0,2,0,1,0,0,0,0,0,0,0
34500,9855,2798,138,16,2,0,2,1,2,1,1,0,0,0,0,0,0,0
34600,9866,3118,128,4,1,0,0,0,4,1,1,0,0,0,0,0,0,0
34700,9868,2917,126,5,1,1,1,0,3,0,1,0,0,0,0,0,0,0
34800,9859,2897,135,2,1,0,2,1,1,2,2,0,0,0,0,0,0,0
34900,9854,2532,128,3,5,1,8,0,4,1,1,0,0,0,0,0,0,0
35000,9862,2837,126,0,5,0,1,0,3,3,3,0,0,0,0,0,0,0
35100,9872,2862,120,2,2,0,2,1,3,0,1,0,0,0,0,0,0,0
35200,9856,2892,132,0,5,1,0,0,5,3,2,0,0,0,0,0,0,0
35300,9869,3181,126,2,1,0,4,0,0,1,0,0,0,0,0,0,0,0
35400,9881,2930,110,3,0,0,4,0,3,2,2,0,0,0,0,0,0,0
35500,9919,2265,62,2,8,1,5,0,5,0,1,0,0,0,0,0,0,0
35600,9914,1650,77,0,3,0,1,0,4,1,1,0,0,0,0,0,0,0
35700,9888,1538,107,3,0,1,1,0,1,4,3,0,0,0,0,0,0,0
35800,9882,1939,112,0,2,0,1,0,1,2,2,0,0,0,0,0,0,0
35900,9892,2053,101,0,3,0,0,0,3,0,1,0,0,0,0,0,0,0
36000,9910,2098,81,13,3,1,3,6,3,0,0,0,0,0,0,0,0,0
36100,9884,2581,97,44,5,0,9,7,4,1,1,0,0,0,0,0,0,0
36200,9900,2480,94,13,2,1,2,2,2,0,0,0,0,0,0,0,0,0
36300,9913,2688,80,2,0,0,2,0,3,0,1,0,1,0,0,0,0,0
36400,9910,2270,80,0,4,0,4,1,1,0,1,0,0,0,0,0,0,0
36500,9884,2391,112,0,1,0,0,0,0,0,3,0,0,0,0,0,0,0
36600,9881,2263,106,0,3,1,5,0,5,0,0,0,0,0,0,0,0,0
36700,9899,1877,92,0,0,0,3,0,5,0,1,1,0,0,0,0,0,0
36800,9890,1723,100,0,2,0,3,0,3,0,2,0,0,0,0,0,0,0
36900,9892,1935,102,0,2,0,2,2,2,0,0,1,0,0,0,0,0,0
37000,9905,2722,85,0,3,0,1,2,4,0,2,1,0,0,0,0,0,0
37100,9875,2668,110,4,5,0,4,0,5,0,1,1,0,0,0,0,0,0
37200,9871,2140,121,0,3,1,3,0,2,0,0,0,0,0,0,0,0,0
37300,9869,2414,123,0,3,1,2,1,2,0,1,0,0,0,0,0,0,0
37400,9878,2113,117,10,1,1,2,0,2,1,0,0,0,0,0,0,0,0
37500,9864,2341,120,2,2,1,3,0,8,1,3,0,0,0,0,0,0,0
37600,9875,2163,112,6,5,0,5,0,2,4,1,0,0,0,0,0,0,0
37700,9877,2701,107,10,0,1,12,1,3,0,1,1,0,0,0,0,0,0
37800,9877,3068,104,8,3,1,9,0,5,0,2,0,0,0,0,0,0,0
37900,9898,3500,89,11,2,1,7,0,4,2,0,0,0,0,0,0,0,0
38000,9894,3768,85,0,3,0,8,0,7,0,3,0,0,0,0,0,0,0
38100,9913,3768,78,4,2,0,4,0,2,0,0,0,1,0,0,0,0,0
38200,9920,3111,65,6,1,0,10,0,3,1,1,0,0,0,0,0,0,0
38300,9946,3320,43,4,2,0,3,0,5,1,1,1,0,0,0,0,0,0
38400,9989,3491,3,2,2,0,1,0,3,1,2,1,0,0,0,0,0,0
38500,9986,2639,6,24,1,0,3,0,3,3,1,2,0,0,0,0,0,0
38600,9984,2046,8,0,4,0,2,0,1,0,1,0,0,0,0,0,0,0
38700,9982,1865,12,1,2,0,1,2,1,0,2,0,0,0,0,0,0,0
38800,9983,1897,10,1,2,0,1,2,3,0,1,0,0,0,0,0,0,0
38900,9981,2488,8,0,3,1,6,0,2,2,0,0,0,0,0,0,0,0
39000,9979,3110,8,7,1,1,4,1,4,0,3,0,1,0,0,0,0,0
39100,9981,3147,9,2,0,0,2,0,8,0,0,0,0,0,0,0,0,0
39200,9985,3408,8,0,1,1,1,4,4,1,1,0,0,0,0,0,0,0
39300,9978,2858,11,2,3,1,3,0,3,0,2,0,0,0,0,0,0,0
39400,9983,3106,9,3,2,0,0,0,4,0,2,1,0,0,0,0,0,0
39500,9979,2978,10,1,3,1,3,3,4,1,1,0,0,0,0,0,0,0
39600,9984,2644,8,3,3,0,0,0,4,2,1,0,0,0,0,0,0,0
39700,9984,2867,9,1,0,0,5,0,1,0,1,0,0,0,0,0,0,0
39800,9986,2752,8,0,3,2,1,0,2,0,0,0,0,0,0,0,0,0
39900,9980,3057,8,3,2,0,4,2,4,0,2,0,0,0,0,0,0,0
40000,9984,2903,11,12,1,1,0,1,3,1,1,1,0,0,0,0,0,0
40100,9983,3267,8,3,2,3,1,0,5,0,1,0,0,0,0,0,0,0
40200,9984,3021,8,2,1,1,6,2,0,0,1,0,0,0,0,0,0,0
40300,9972,3053,13,4,4,0,1,0,9,1,1,0,0,0,0,0,0,0
40400,9980,3115,8,0,3,0,3,0,5,0,1,0,0,0,0,0,0,0
40500,9984,2313,9,23,1,0,2,0,2,0,2,0,0,0,0,0,0,0
40600,9975,2061,15,3,2,0,3,0,3,0,2,0,0,0,0,0,0,0
40700,9985,1622,8,0,0,0,4,0,2,0,1,0,0,0,0,0,0,0
40800,9981,1656,10,1,3,1,2,1,4,0,0,0,0,0,0,0,0,0
40900,9974,1562,15,2,4,0,2,5,4,1,1,1,0,0,0,0,0,0
41000,9987,2022,9,3,1,1,1,0,2,2,0,0,0,0,0,0,0,0
41100,9988,1758,8,0,0,0,0,0,4,0,0,0,0,0,0,0,0,0
41200,9967,1755,10,2,4,1,6,0,10,3,3,0,0,0,0,0,0,0
41300,9982,1681,8,1,3,7,3,0,3,0,1,1,0,0,0,0,0,0
41400,9981,1769,9,0,3,15,2,0,4,0,1,1,0,0,0,0,0,0
41500,9981,2175,11,4,2,1,1,0,5,1,0,1,0,0,0,0,0,0
41600,9985,2331,8,3,0,0,2,0,4,0,0,1,1,0,0,0,0,0
41700,9989,2509,8,2,1,2,0,1,2,1,0,0,0,0,0,0,0,0
41800,9987,2552,9,0,2,0,0,3,2,0,0,0,0,0,0,0,0,0
41900,9987,2082,10,0,1,0,0,0,2,0,0,0,0,0,0,0,0,0
42000,9984,1751,8,0,2,1,2,0,3,1,1,0,0,0,0,0,0,0
42100,9984,1714,10,0,0,0,2,0,4,1,0,0,0,0,0,0,0,0
42200,9981,2031,8,0,1,0,3,0,5,0,2,0,0,0,0,0,0,0
42300,9992,2319,1,1,1,0,0,0,6,0,0,0,0,0,0,0,0,0
42400,9994,3077,0,5,0,0,1,0,5,0,0,0,0,0,0,0,0,0
42500,9991,2551,2,0,0,0,1,0,6,0,0,0,0,0,0,0,0,0
42600,9989,2726,2,2,2,0,3,0,4,1,0,0,0,0,0,0,0,0
42700,9992,2763,0,5,2,1,2,0,4,0,0,0,0,0,0,0,0,0
42800,9990,2517,2,17,3,0,2,0,3,1,0,1,0,0,0,0,0,0
42900,9987,2041,1,1,1,0,0,1,11,1,0,0,0,0,0,0,0,0
43000,9984,2180,1,1,1,0,5,0,6,1,3,0,0,0,0,0,0,0
43100,9992,2115,1,10,1,0,0,0,6,0,0,0,0,0,0,0,0,0
43200,9993,2264,1,3,0,1,2,0,3,0,1,0,0,0,0,0,0,0
43300,9993,2120,0,6,0,0,0,0,1,0,6,0,0,0,0,0,0,0
43400,9991,1647,1,4,2,1,1,0,2,1,2,0,1,0,0,0,0,0
43500,9993,1608,0,4,1,0,2,0,2,0,2,0,0,0,0,0,0,0
43600,9992,1379,0,13,3,1,0,0,4,0,1,0,0,0,0,0,0,0
43700,9992,1409,0,11,3,0,1,1,3,0,1,0,0,0,0,0,0,0
43800,9981,1640,0,4,4,0,11,0,2,0,2,0,0,0,0,0,0,0
43900,9987,1516,0,2,2,1,3,0,7,0,0,1,1,0,0,0,0,0
44000,9988,1672,0,1,4,0,6,0,0,0,2,0,0,0,0,0,0,0
44100,9990,1657,0,0,1,0,5,0,4,0,0,1,0,1,0,0,0,0
44200,9981,1750,1,1,2,0,13,0,2,0,1,0,0,0,0,0,0,0
44300,9970,1848,9,0,0,0,12,0,9,4,0,0,0,0,0,0,0,0
44400,9970,1711,8,0,2,0,16,2,2,0,2,0,0,0,0,0,0,0
44500,9978,1626,8,1,4,0,8,0,2,0,0,0,0,0,0,0,0,0
44600,9973,1928,8,0,2,0,11,1,6,0,0,0,0,0,0,0,0,0
44700,9981,2187,2,0,1,0,8,1,5,0,3,0,0,0,0,0,0,0
44800,9977,1533,2,0,6,0,10,0,5,0,0,1,0,0,0,0,0,0
44900,9983,1665,1,2,2,0,9,0,4,0,1,0,0,0,0,0,0,0
45000,9979,1423,2,3,1,0,10,2,8,0,0,0,0,0,0,0,0,0
45100,9979,1451,0,0,3,0,9,1,8,0,1,0,0,0,0,0,0,0
45200,9983,1306,0,1,2,0,5,1,10,0,0,0,0,0,0,0,0,0
45300,9974,1238,1,3,3,0,13,0,8,1,1,0,0,0,0,0,0,0
45400,9986,1318,0,1,3,0,6,1,3,0,2,1,0,0,0,0,0,0
45500,9987,1363,0,1,1,1,5,1,6,2,1,0,0,0,0,0,0,0
45600,9991,1115,2,10,1,0,2,0,4,2,0,0,0,0,0,0,0,0
45700,9987,1087,3,22,0,2,4,0,5,0,1,0,0,0,0,0,0,0
45800,9985,1244,2,26,4,0,2,0,6,0,1,0,0,0,0,0,0,0
45900,9986,1502,4,28,5,0,2,0,2,0,1,0,0,0,0,0,0,0
46000,9990,1539,0,23,1,0,2,0,5,0,2,0,0,0,0,0,0,0
46100,9991,1369,3,1,1,0,3,1,1,0,1,1,0,0,0,0,0,0
46200,9990,1569,4,0,0,3,3,0,2,0,1,0,0,0,0,0,0,0
46300,9992,1401,0,0,1,0,2,0,5,1,0,0,0,0,0,0,0,0
46400,9990,1361,1,0,2,0,1,1,4,1,2,0,0,0,0,0,0,0
46500,9989,1433,2,0,1,0,3,0,5,0,0,0,0,0,0,0,0,0
46600,9986,1727,2,0,1,0,4,0,7,0,0,1,0,0,0,0,0,0
46700,9993,1655,2,0,2,0,1,2,1,0,1,0,0,0,0,0,0,0
46800,9985,1576,2,9,0,6,5,1,7,0,1,0,0,0,0,0,0,0
46900,9981,1769,1,2,2,1,2,0,12,0,1,0,1,0,0,0,0,0
47000,9988,1805,1,8,4,2,3,0,3,1,1,0,0,0,0,0,0,0
47100,9988,1669,4,15,1,0,1,0,5,0,1,0,0,0,0,0,0,0
47200,9988,1655,0,12,2,2,3,0,4,0,3,1,0,0,0,0,0,0
47300,9989,2374,0,13,1,0,2,3,7,0,1,0,0,0,0,0,0,0
47400,9985,2426,1,13,3,2,4,0,6,0,1,0,0,0,0,0,0,0
47500,9968,2234,27,4,1,0,0,3,3,0,1,0,0,0,0,0,0,0
47600,9943,2180,46,6,3,1,5,0,2,1,1,0,0,0,0,0,0,0
47700,9946,1796,45,17,4,0,3,2,2,0,0,0,0,0,0,0,0,0
47800,9947,1508,45,13,1,0,0,1,5,0,2,0,0,0,0,0,0,0
47900,9944,1661,46,1,4,0,3,0,3,2,0,0,0,0,0,0,0,0
48000,9950,1717,45,1,1,0,1,1,3,1,0,0,0,0,0,0,0,0
48100,9945,1590,45,0,4,0,1,0,5,0,0,0,0,0,0,0,0,0
48200,9944,1581,46,0,2,0,0,0,4,0,1,0,3,0,0,0,0,0
48300,9947,1567,48,0,0,0,2,1,3,0,0,0,0,0,0,0,0,0
48400,9953,1235,44,0,0,0,0,1,3,4,0,0,0,0,0,0,0,0
48500,9989,1086,1,0,4,1,5,0,1,2,0,1,0,0,0,0,0,0
48600,9994,1213,1,1,1,0,1,0,3,1,0,0,0,0,0,0,0,0
48700,9990,1245,5,0,1,0,2,0,1,0,1,0,0,0,0,0,0,0
48800,9990,1135,3,0,3,0,3,0,1,0,0,0,0,0,0,0,0,0
48900,9989,987,5,1,2,0,0,0,3,0,1,0,0,0,0,0,0,0
49000,9985,1143,5,0,5,1,2,0,2,0,1,0,0,0,0,0,0,0
49100,9986,1265,7,0,2,1,4,0,1,0,0,0,0,0,0,0,0,0
49200,9984,1508,7,0,1,1,1,1,5,1,2,2,0,0,0,0,0,0
49300,9976,1748,5,1,3,0,6,0,9,0,1,0,0,0,0,0,0,0
49400,9983,1459,4,2,4,0,3,0,4,0,2,1,0,0,0,0,0,0
49500,9982,1187,4,0,1,1,11,0,2,1,0,0,0,0,0,0,0,0
49600,9994,1283,2,0,0,0,2,1,2,0,0,0,0,0,0,0,0,0
49700,9989,1647,2,5,3,0,1,0,4,0,1,0,0,0,0,0,0,0
49800,9988,1949,5,17,2,0,5,0,0,0,0,0,0,0,0,0,0,0
49900,9989,1932,7,0,2,0,0,0,2,0,0,0,0,0,0,0,0,0
50000,9972,1754,7,6,4,2,10,0,4,1,3,0,0,0,0,0,0,0
50100,9980,1426,5,10,2,1,2,0,7,0,4,0,0,0,0,0,0,0
50200,9984,1164,4,2,3,0,3,0,5,1,1,0,0,0,0,0,0,0
50300,9989,1200,6,1,1,0,2,0,1,1,1,0,0,0,0,0,0,0
50400,9986,1391,4,0,3,0,5,0,2,0,0,0,0,0,0,0,0,0
50500,9987,1191,5,0,3,0,2,0,2,1,0,0,1,0,0,0,0,0
50600,9988,1368,4,1,3,0,3,1,2,1,0,0,0,0,0,0,0,0
50700,9984,1490,8,0,2,0,4,0,2,0,0,0,0,0,0,0,0,0
50800,9988,1164,7,0,2,0,1,0,2,0,0,0,0,0,0,0,0,0
50900,9984,1170,5,1,0,1,4,0,4,0,3,0,0,0,0,0,0,0
51000,9980,1068,8,0,3,0,2,1,4,0,3,1,0,0,0,0,0,0
51100,9988,1274,5,0,1,0,3,0,1,0,2,0,0,0,0,0,0,0
51200,9990,1348,7,5,0,0,2,0,1,0,0,0,0,0,0,0,0,0
51300,9984,1329,14,10,1,0,0,1,0,0,1,0,0,0,0,0,0,0
51400,9975,1243,16,0,3,1,1,0,5,0,0,0,0,0,0,0,0,0
51500,9962,1179,32,0,1,0,1,0,2,0,2,0,0,0,0,0,0,0
51600,9962,1388,33,0,1,0,2,0,1,0,1,0,0,0,0,0,0,0
51700,9964,1453,26,4,6,0,2,0,1,1,1,0,0,0,0,0,0,0
51800,9975,1339,18,29,3,0,1,0,3,0,0,1,0,0,0,0,0,0
51900,9981,1556,18,26,0,0,0,0,1,0,0,0,0,0,0,0,0,0
52000,9979,2026,17,0,1,0,0,0,2,1,1,0,0,0,0,0,0,0
52100,9973,1542,21,0,0,0,2,0,3,0,1,0,0,0,0,0,0,0
52200,9960,1328,31,0,2,0,2,0,2,2,3,0,0,0,0,0,0,0
52300,9965,1380,28,0,2,1,5,1,0,0,0,0,0,0,0,0,0,0
52400,9926,1401,68,0,3,0,0,1,2,2,1,0,0,0,0,0,0,0
52500,9933,1486,61,0,1,0,1,0,4,0,0,0,0,0,0,0,0,0
52600,9952,1562,43,0,2,0,3,0,0,1,0,0,0,0,0,0,0,0
52700,9952,1680,40,3,5,0,1,2,2,1,0,0,0,0,0,0,0,0
52800,9937,1747,56,6,0,0,3,0,3,0,1,0,0,0,0,0,0,0
52900,9939,1648,53,3,1,1,3,0,4,1,0,0,0,0,0,0,0,0
53000,9935,1309,52,3,4,0,1,0,8,0,0,1,0,0,0,0,0,0
53100,9931,1422,63,1,2,0,1,0,1,0,2,0,0,0,0,0,0,0
53200,9900,1176,84,0,0,0,1,0,13,1,2,0,0,0,0,0,0,0
53300,9912,1301,85,2,1,0,1,0,1,0,0,0,0,0,0,0,0,0
53400,9912,1343,74,9,2,1,2,1,6,0,4,1,0,0,0,0,0,0
53500,9933,1665,62,2,1,0,0,0,1,1,3,1,0,0,0,0,0,0
53600,9944,1769,55,4,1,1,0,2,0,1,0,1,0,0,0,0,0,0
53700,9942,1738,55,0,2,0,0,0,1,1,0,0,0,0,0,0,0,0
53800,9938,1338,55,1,3,0,2,0,2,2,0,0,0,0,0,0,0,0
53900,9938,1396,60,4,0,0,1,1,0,0,1,0,0,0,0,0,0,0
54000,9933,1678,59,1,2,1,1,0,4,0,1,1,0,0,0,0,0,0
54100,9935,1882,59,6,2,2,1,0,1,0,2,0,0,0,0,0,0,0
54200,9926,2270,63,2,6,1,2,2,1,0,2,1,0,0,0,0,0,0
54300,9935,2261,61,0,1,1,1,1,1,0,1,1,0,0,0,0,0,0
54400,9924,2033,60,0,5,0,1,1,8,1,2,0,0,0,0,0,0,0
54500,9934,1543,57,1,2,0,2,0,4,0,1,0,0,0,0,0,0,0
54600,9941,1552,56,0,0,1,0,0,2,0,1,0,0,0,0,0,0,0
54700,9941,2043,56,0,1,0,0,0,1,0,0,1,0,0,0,0,1,0
54800,9943,2015,53,0,1,0,0,0,3,0,0,0,0,0,0,0,0,0
54900,9950,1806,39,0,2,0,1,0,7,1,0,0,1,0,0,0,0,0
55000,9968,1949,26,11,2,0,3,1,1,1,0,0,0,0,0,0,0,0
55100,9971,1985,22,7,4,1,2,0,1,0,0,0,0,0,0,0,0,0
55200,9969,2050,24,11,1,2,1,0,5,1,0,0,0,0,0,0,0,0
55300,9970,1967,24,9,0,1,0,0,4,1,2,0,0,0,0,0,0,0
55400,9973,1406,23,1,2,1,0,1,2,2,0,0,0,0,0,0,0,0
55500,9896,1304,101,1,3,1,0,0,0,0,0,0,0,0,0,0,0,0
55600,9870,1664,122,1,4,2,0,1,3,0,1,0,0,0,0,0,0,0
55700,9872,1549,121,0,1,0,2,0,3,0,1,0,0,0,0,0,0,0
55800,9871,1879,122,3,1,1,0,0,5,1,1,0,0,0,0,0,0,0
55900,9868,1701,128,2,2,0,1,0,1,1,0,0,0,0,0,0,0,0
56000,9866,1687,127,3,4,0,0,0,2,1,1,0,0,0,0,0,0,0
56100,9868,1675,128,6,2,0,1,3,0,0,1,0,0,0,0,0,0,0
56200,9840,2057,122,2,2,0,31,0,2,0,3,0,0,0,0,0,0,0
56300,9842,1678,115,0,0,2,35,0,6,1,2,1,0,0,0,0,0,0
56400,9854,1575,113,0,0,0,33,0,0,1,0,0,0,0,0,0,0,0
56500,9845,1487,114,0,1,0,33,2,5,0,1,1,1,0,0,0,0,0
56600,9842,1578,116,0,1,1,35,0,6,1,0,0,0,0,0,0,0,0
56700,9850,1745,113,0,1,1,34,0,2,0,0,0,0,0,0,0,0,0
56800,9851,1945,114,0,1,0,33,0,0,0,1,1,0,0,0,0,0,0
56900,9850,1728,113,0,0,0,35,0,0,0,2,0,0,0,0,0,0,0
57000,9846,1673,115,0,2,0,34,0,2,0,1,0,0,0,0,0,0,0
57100,9846,1465,115,2,1,0,33,0,5,1,0,0,0,0,0,0,0,0
57200,9848,1520,114,2,1,1,34,0,1,1,1,0,1,0,0,0,0,0
57300,9850,1524,114,0,1,0,33,0,1,3,1,0,0,0,0,0,0,0
57400,9844,1562,118,0,0,1,34,1,4,0,0,0,0,0,0,0,0,0
57500,9839,1790,117,2,4,2,37,0,2,1,1,0,0,0,0,0,0,0
57600,9846,1761,116,0,3,1,34,0,1,0,0,1,0,0,0,0,0,0
57700,9847,1603,115,0,0,0,34,0,4,1,0,0,0,0,0,0,0,0
57800,9846,1571,115,0,3,0,35,0,0,0,1,0,0,0,0,0,0,0
57900,9846,1484,115,1,1,0,33,0,4,0,1,1,0,0,0,0,0,0
58000,9851,1638,118,0,3,2,24,0,3,3,1,0,0,0,0,0,0,0
58100,9880,1591,114,0,2,1,3,0,1,1,0,0,0,0,0,0,0,0
58200,9879,1463,113,13,2,0,4,1,2,0,0,0,0,0,0,0,0,0
58300,9881,1498,114,129,0,0,2,1,2,0,1,0,0,0,0,0,0,0
58400,9881,1819,115,147,2,1,1,0,0,1,1,0,0,0,0,0,0,0
58500,9885,1468,113,166,1,0,0,0,1,0,0,0,0,0,0,0,0,0
58600,9879,1312,114,90,2,0,1,0,3,1,1,0,0,0,0,0,0,0
58700,9879,1451,113,80,0,1,0,0,6,0,2,0,0,0,0,0,0,0
58800,9883,1423,113,80,2,0,1,0,1,0,0,0,0,0,0,0,0,0
58900,9877,1502,115,82,1,0,2,0,3,0,2,0,0,0,0,0,0,0
59000,9878,1390,115,80,2,0,2,0,3,0,0,0,0,0,0,0,0,0
59100,9876,1544,116,27,0,1,5,0,1,0,2,0,0,0,0,0,0,0
59200,9880,1504,118,8,0,0,0,2,1,2,1,0,0,0,0,0,0,0
59300,9882,1491,116,12,0,0,1,1,1,0,0,0,0,0,0,0,0,0
59400,9881,1274,114,28,1,0,3,0,1,0,0,0,0,0,0,0,0,0
59500,9883,1347,108,7,2,0,0,0,5,0,2,0,0,0,0,0,0,0
59600,9892,1394,107,6,1,0,0,3,0,0,0,0,0,0,0,0,0,0
59700,9888,1726,108,8,1,0,1,0,1,1,1,0,0,0,0,0,0,0
59800,9881,1999,111,3,3,2,3,0,0,2,2,0,0,0,0,0,0,0
59900,9884,2133,111,3,0,0,2,1,2,1,1,0,0,0,0,0,0,0
60000,9879,1952,112,0,1,0,1,0,6,0,1,0,0,0,0,0,0,0
60100,9882,2073,113,0,1,0,2,1,2,1,0,0,0,0,0,0,0,0
60200,9880,1995,116,0,1,0,3,0,0,0,0,0,0,0,0,0,0,0
60300,9879,1950,117,4,1,0,1,0,0,0,2,0,0,0,0,0,0,0
60400,9884,1688,111,2,1,0,2,0,1,0,1,0,0,0,0,0,0,0
60500,9891,1734,109,6,0,0,0,0,0,0,0,0,0,0,0,0,0,0
60600,9883,1760,109,5,2,0,2,0,3,0,1,0,0,0,0,0,0,0
60700,9884,1473,111,14,3,0,1,0,1,1,0,0,0,0,0,0,0,0
60800,9882,1431,111,18,1,0,0,0,5,0,1,0,0,0,0,0,0,0
60900,9879,1423,112,7,1,0,1,0,4,1,3,2,0,0,0,0,0,0
61000,9886,1632,111,0,2,1,1,0,0,0,0,0,0,0,0,0,0,0
61100,9886,1734,111,3,1,1,1,0,1,1,0,0,0,0,0,0,0,0
61200,9886,2071,112,2,0,0,2,0,0,0,0,0,0,0,0,0,0,0
61300,9883,1950,113,3,0,0,3,2,0,1,1,0,0,0,0,0,0,0
61400,9878,1846,115,0,2,0,4,0,1,0,0,0,0,0,0,0,0,0
61500,9885,1888,111,1,1,0,2,2,0,0,1,0,0,0,0,0,0,0
61600,9891,2122,105,0,0,0,1,1,1,0,2,0,0,0,0,0,0,0
61700,9883,2371,109,1,3,0,1,0,3,1,1,2,0,0,0,0,0,0
61800,9882,2463,108,9,5,0,2,0,3,0,0,2,0,0,0,0,0,0
61900,9884,2316,108,17,0,1,5,0,3,0,0,0,0,0,0,0,0,0
62000,9886,2004,111,5,2,0,0,0,1,0,0,0,0,0,0,0,0,0
62100,9876,1947,110,2,3,1,5,1,4,1,2,0,0,0,0,0,0,0
62200,9885,1683,110,5,1,1,3,2,1,0,0,0,0,0,0,0,0,0
62300,9885,1576,107,4,2,0,2,5,3,3,1,0,0,0,0,0,0,0
62400,9880,1691,111,3,1,0,4,5,4,0,0,0,0,0,0,0,0,0
62500,9881,1974,110,18,3,0,3,4,2,0,1,0,0,0,0,0,0,0
62600,9887,1844,106,9,3,1,2,2,1,0,1,1,0,0,0,0,0,0
62700,9929,1865,62,14,2,0,2,1,4,0,1,0,0,0,0,0,0,0
62800,9981,1813,15,13,2,1,1,0,0,0,1,0,0,0,0,0,0,0
62900,9985,1688,6,6,1,0,4,1,1,0,3,1,0,0,0,0,0,0
63000,9991,1375,4,2,2,1,2,1,0,2,1,1,0,0,0,0,0,0
63100,9992,1453,4,6,1,1,2,1,1,0,0,0,0,0,0,0,0,0
63200,9989,1732,4,13,0,1,5,0,2,1,0,0,0,0,0,0,0,0
63300,9987,1712,3,16,3,0,3,1,4,0,0,0,0,0,0,0,0,0
63400,9995,1887,1,3,2,1,0,1,2,1,0,1,0,0,0,0,0,0
63500,9990,2209,5,0,4,0,0,0,0,0,1,0,0,0,0,0,0,0
63600,9998,2346,0,3,1,1,0,1,0,1,1,0,0,0,0,0,0,0
63700,9993,1750,4,7,1,0,0,0,1,3,1,0,0,0,0,0,0,0
63800,9991,1820,2,6,2,1,2,0,1,0,2,0,0,0,0,0,0,0
63900,9993,1877,2,1,1,1,4,0,0,0,0,0,0,0,0,0,0,0
64000,9980,1780,9,0,0,0,6,0,4,0,1,0,0,0,0,0,0,0
64100,9987,1993,8,0,1,0,1,0,2,0,1,1,0,0,0,0,0,0
64200,9978,1832,9,0,1,0,3,0,8,1,1,0,0,0,0,0,0,0
64300,9987,2209,8,1,1,0,2,1,1,1,1,0,0,0,0,0,0,0
64400,9980,1978,10,0,2,3,2,3,6,3,0,0,0,0,0,0,0,0
64500,9991,1815,7,0,0,0,1,0,1,1,0,0,0,0,0,0,0,0
64600,9979,1677,7,1,3,0,4,0,5,0,2,0,0,0,0,0,0,0
64700,9987,2176,9,5,2,1,0,0,2,0,0,0,0,0,0,0,0,0
64800,9977,2166,8,15,4,1,3,0,4,1,4,0,0,0,0,0,0,0
64900,9980,2138,16,12,0,0,1,1,1,3,2,0,0,0,0,0,0,0
65000,9971,1991,23,3,1,0,1,0,2,0,2,0,0,0,0,0,0,0
65100,9978,1844,21,6,0,0,0,1,1,0,0,0,0,0,0,0,0,0
65200,9969,2181,28,0,1,0,0,0,1,0,1,0,0,0,0,0,0,0
65300,9966,2608,30,0,1,0,0,0,2,0,1,0,0,0,0,0,0,0
65400,9976,2671,17,0,1,0,1,0,2,0,3,0,0,0,0,0,0,0
65500,9991,2450,2,2,2,0,2,1,1,0,2,1,0,0,0,0,0,0
65600,9992,2500,2,7,2,0,1,0,1,0,2,0,0,0,0,0,0,0
65700,9984,2216,6,1,3,0,3,0,3,0,1,0,0,0,0,0,0,0
65800,9992,2194,5,5,0,0,1,0,1,0,1,1,0,0,0,0,0,0
65900,9987,1922,7,3,0,1,1,1,4,1,1,0,0,0,0,0,0,0
66000,9991,1577,4,3,2,0,2,2,0,2,1,0,0,0,0,0,0,0
66100,9991,1955,3,0,2,0,0,0,4,0,0,0,0,0,0,0,0,0
66200,9995,1908,0,0,1,0,3,0,0,0,1,1,0,0,0,0,0,0
66300,9994,1636,1,0,1,0,1,0,2,0,1,0,0,0,0,0,0,0
66400,9990,1300,4,4,2,0,1,0,3,1,0,1,0,0,0,0,0,0
66500,9986,1359,10,0,1,0,2,0,1,0,0,0,0,0,0,0,0,0
66600,9982,1382,11,0,3,0,3,0,1,1,0,0,0,0,0,0,0,0
66700,9990,1384,6,3,1,0,2,0,0,0,1,0,0,0,0,0,0,0
66800,9984,1056,10,1,0,0,1,1,4,0,1,0,0,0,0,0,0,0
66900,9991,1248,4,1,0,1,1,0,3,0,1,0,0,0,0,0,0,0
67000,9993,1476,5,3,1,0,1,0,0,0,0,0,0,0,0,0,0,0
67100,9986,1748,7,0,0,0,5,0,2,1,0,0,0,0,0,0,0,0
67200,9992,2155,4,20,1,0,1,2,1,1,1,0,0,0,0,0,0,0
67300,9984,2075,6,0,6,1,1,1,3,0,0,0,0,0,0,0,0,0
67400,9990,1596,4,0,1,0,2,1,3,0,0,0,0,0,0,0,0,0
67500,9986,1450,5,0,4,0,1,0,3,1,1,0,0,0,0,0,0,0
67600,9985,1740,8,2,2,0,5,2,0,0,0,0,0,0,0,0,0,0
67700,9990,1698,4,1,2,1,1,0,3,0,0,0,0,0,0,0,0,0
67800,9983,1393,8,2,1,0,3,0,4,0,1,0,0,0,0,0,0,0
67900,9993,1195,4,4,1,0,0,0,0,3,2,0,0,0,0,0,0,0
68000,9990,1202,2,3,4,0,1,2,1,0,2,1,0,0,0,0,0,0
68100,9990,1578,4,1,2,0,2,0,1,0,0,0,1,0,0,0,0,0
68200,9985,2190,5,1,0,0,7,3,1,0,2,1,0,0,0,0,0,0
68300,9966,1971,29,0,0,0,2,0,2,0,1,0,0,0,0,0,0,0
68400,9892,1500,105,6,1,0,0,0,0,0,2,1,0,0,0,0,0,0
68500,9886,1307,101,9,4,0,5,0,3,0,1,0,0,0,0,0,0,0
68600,9894,1495,101,10,3,1,1,0,0,0,1,0,0,0,0,0,0,0
68700,9893,1599,104,7,0,0,2,2,1,0,0,1,0,0,0,0,0,0
68800,9895,1762,102,11,0,1,1,0,1,1,1,0,0,0,0,0,0,0
68900,9890,1742,102,6,0,0,0,0,5,0,3,0,0,0,0,0,0,0
69000,9889,1499,102,9,1,0,4,1,3,0,1,1,0,0,0,0,0,0
69100,9891,1682,103,8,1,0,1,0,3,0,1,0,0,0,0,0,0,0
69200,9893,2204,103,7,3,0,0,0,0,0,1,0,0,0,0,0,0,0
69300,9896,2192,100,1,1,1,2,0,1,0,0,0,0,0,0,0,0,0
69400,9894,1958,99,2,2,0,5,3,0,0,0,1,0,0,0,0,0,0
69500,9986,1701,0,0,6,0,3,0,5,0,0,0,0,0,0,0,0,0
69600,9995,1438,0,0,0,0,1,1,4,0,0,0,0,0,0,0,0,0
69700,9995,2012,0,0,0,0,3,1,2,0,0,0,0,0,0,0,0,0
69800,9990,2131,2,2,2,0,4,0,1,1,1,0,0,0,0,0,0,0
69900,9989,1826,3,0,0,0,4,3,4,0,0,0,0,0,0,0,0,0
70000,9987,2093,3,0,1,0,3,1,5,0,0,1,1,0,0,0,0,0
70100,9989,2028,3,2,4,0,1,0,1,0,2,0,0,0,0,0,0,0
70200,9986,2264,3,1,3,0,3,1,4,1,1,0,0,0,0,0,0,0
70300,9985,2809,4,0,4,0,2,0,5,3,0,1,0,0,0,0,0,0
70400,9990,2325,4,1,0,1,3,0,3,0,0,0,0,0,0,0,0,0
70500,9983,2527,4,4,6,0,3,0,3,0,1,0,0,0,0,0,0,0
70600,9991,2570,5,2,0,1,1,0,3,0,0,1,0,0,0,0,0,0
70700,9992,2806,2,10,2,0,3,0,1,0,0,0,0,0,0,0,0,0
70800,9986,2527,6,5,3,0,3,1,2,1,0,0,0,0,0,0,0,0
70900,9981,2459,3,2,3,0,5,4,8,1,0,0,0,0,0,0,0,0
71000,9982,2289,2,2,5,4,3,1,7,0,1,0,0,0,0,0,0,0
71100,9995,1951,1,0,1,2,0,0,2,1,1,0,0,0,0,0,0,0
71200,9996,1614,1,1,0,2,2,1,0,2,1,0,0,0,0,0,0,0
71300,9992,2263,3,0,1,1,2,0,2,1,0,0,0,0,0,0,0,0
71400,9989,2431,3,4,0,0,4,0,3,1,1,0,0,0,0,0,0,0
71500,9992,2496,0,6,0,1,7,0,1,0,0,0,0,0,0,0,0,0
71600,9992,2260,0,3,0,1,5,0,2,0,1,0,0,0,0,0,0,0
71700,9988,2047,0,1,4,0,1,1,7,1,0,0,0,0,0,0,0,0
71800,9992,1912,0,0,1,1,1,1,6,1,0,1,0,0,0,0,0,0
71900,9983,1980,7,4,4,0,1,1,4,1,1,1,0,0,0,0,0,0
72000,9993,1909,0,2,1,0,5,0,1,0,0,0,0,0,0,0,0,0
72100,9992,1640,0,0,1,0,4,0,3,0,0,0,0,0,0,0,0,0
72200,9990,1661,0,1,1,1,7,0,1,0,1,0,0,0,0,0,0,0
72300,9989,1900,2,4,1,0,6,0,2,3,0,1,0,0,0,0,0,0
72400,9979,1547,8,0,4,1,8,0,0,0,1,0,0,0,0,0,0,0
72500,9969,1505,9,0,3,1,16,0,3,0,0,1,0,0,0,0,0,0
72600,9979,1661,8,0,5,0,3,0,3,0,2,0,0,0,0,0,0,0
72700,9959,1892,11,0,3,0,24,1,2,2,1,0,0,0,0,0,0,0
72800,9963,1938,12,4,2,0,20,0,2,1,1,0,0,0,0,0,0,0
72900,9962,2099,10,0,1,0,25,0,2,1,0,0,0,0,0,0,0,0
73000,9968,2060,12,8,1,0,18,1,1,0,0,1,0,0,0,0,0,0
73100,9957,2011,18,14,2,0,21,1,1,1,1,0,0,0,0,0,0,0
73200,9962,1959,9,38,2,1,19,0,8,1,0,2,0,0,0,0,0,0
73300,9978,1803,10,39,3,1,7,0,1,1,1,0,0,0,0,0,0,0
73400,9974,2068,12,39,4,0,8,1,2,2,0,0,0,0,0,0,0,0
73500,9977,2536,9,106,2,2,10,0,1,3,1,0,0,0,0,0,0,0
73600,9979,2656,10,26,2,0,7,1,2,1,0,0,0,0,0,0,0,0
73700,9977,2533,9,5,1,1,10,0,1,1,2,1,0,0,0,0,0,0
73800,9974,2292,7,14,2,1,11,0,5,1,1,0,0,0,0,0,0,0
73900,9991,2332,0,93,0,0,7,0,2,0,0,1,0,0,0,0,0,0
74000,9991,2915,0,101,1,0,4,0,4,0,0,0,0,0,0,0,0,0
74100,9991,2731,1,29,0,2,6,0,1,2,1,1,0,0,0,0,0,0
74200,9986,2294,1,29,3,2,7,2,3,2,0,0,0,0,0,0,0,0
74300,9982,2302,0,38,1,0,14,3,3,0,0,0,0,0,0,0,0,0
74400,9990,2103,1,136,2,2,7,0,0,1,0,1,0,0,0,0,0,0
74500,9990,2330,0,84,3,3,6,2,1,1,0,0,0,0,0,0,0,0
74600,9983,2122,3,104,2,0,10,0,1,1,1,1,0,0,0,0,0,0
74700,9979,1925,0,81,3,0,15,1,3,1,0,0,0,0,0,0,0,0
74800,9984,2423,1,86,2,0,9,2,2,2,2,0,0,0,0,0,0,0
74900,9986,2586,1,174,3,1,10,0,0,0,0,1,0,0,0,0,0,0
75000,9978,2806,1,242,3,0,15,0,1,0,2,1,0,0,0,0,0,0
75100,9982,2736,1,146,1,1,11,0,4,1,1,0,0,0,0,0,0,0
75200,9982,2383,1,186,0,1,13,0,3,1,1,0,0,0,0,0,0,0
75300,9978,2208,3,251,3,0,11,1,4,0,0,0,1,0,0,0,0,0
75400,9975,2366,2,244,2,1,15,0,4,1,2,0,0,0,0,0,0,0
75500,9986,2358,6,179,0,1,5,0,3,0,0,0,0,0,0,0,0,0
75600,9986,2296,2,160,1,0,9,0,2,0,0,1,0,0,0,0,0,0
75700,9981,2286,3,96,1,2,7,0,7,1,1,1,0,0,0,0,0,0
75800,9984,2496,1,81,2,0,8,0,3,0,2,1,0,0,0,0,0,0
75900,9984,2705,2,13,1,1,9,0,4,1,0,0,0,0,0,0,0,0
76000,9987,2409,3,1,1,0,8,0,1,0,0,0,0,0,0,0,0,0
76100,9987,2569,4,0,1,0,4,1,2,1,2,0,0,1,0,0,0,0
76200,9978,2516,2,0,1,0,14,2,4,1,1,0,0,0,0,0,0,0
76300,9984,2610,4,1,2,1,8,1,0,2,2,0,0,0,0,0,0,0
76400,9987,2529,3,0,0,0,8,1,0,0,2,1,0,0,0,0,0,0
76500,9984,2522,2,0,2,0,10,0,2,0,0,0,0,0,0,0,0,0
76600,9988,2413,1,0,2,1,7,1,2,2,0,0,0,0,0,0,0,0
76700,9969,2545,5,21,5,1,16,0,3,0,2,0,0,0,0,0,0,0
76800,9985,2402,0,82,3,0,9,1,1,2,2,0,0,0,0,0,0,0
76900,9985,2459,1,65,3,3,5,3,4,2,2,0,0,0,0,0,0,0
77000,9984,2535,0,53,2,2,13,1,1,2,0,0,0,0,0,0,0,0
77100,9987,1906,2,146,4,0,6,1,1,1,0,1,0,0,0,0,0,0
77200,9981,2061,4,66,0,2,11,3,4,1,0,0,0,0,0,0,0,0
77300,9984,2345,1,26,3,0,10,6,1,0,1,0,0,0,0,0,0,0
77400,9979,2154,4,49,0,1,17,4,0,0,0,0,0,0,0,0,0,0
77500,9978,2373,9,33,3,0,7,4,3,1,0,0,0,0,0,0,0,0
77600,9979,2111,11,3,1,0,7,1,2,0,0,0,0,0,0,0,0,0
77700,9981,2385,7,62,1,1,9,0,2,1,0,0,0,0,0,0,0,0
77800,9991,2170,0,54,1,1,4,0,2,2,2,0,0,0,0,0,0,0
77900,9992,1543,2,20,3,1,0,0,3,1,0,0,0,0,0,0,0,0
78000,9995,1667,4,9,0,0,1,1,0,1,0,0,0,0,0,0,0,0
78100,9993,2051,1,6,1,0,4,0,1,1,0,0,0,0,0,0,0,0
78200,9993,1779,1,7,2,1,1,1,3,0,0,1,0,0,0,0,0,0
78300,9997,1803,0,2,1,0,1,0,1,1,0,0,0,0,0,0,0,0
78400,9985,2142,7,8,2,0,2,1,3,0,1,0,0,0,0,0,0,0
78500,9978,1658,20,6,1,0,1,4,0,0,0,1,0,0,0,0,0,0
78600,9981,1365,16,6,1,0,0,2,2,1,0,0,0,1,0,0,0,0
78700,9979,1657,17,5,3,0,1,1,0,0,0,0,0,0,0,0,0,0
78800,9978,1899,17,4,3,0,2,1,0,0,0,2,0,0,0,0,0,0
78900,9978,2296,16,0,3,0,1,0,1,0,1,0,0,0,0,0,0,0
79000,9972,2175,18,5,2,0,1,0,6,1,1,0,0,0,0,0,0,0
79100,9976,2083,17,3,1,0,3,1,2,0,1,1,0,0,0,0,0,0
79200,9982,2041,7,5,2,0,7,1,2,0,0,0,0,0,0,0,0,0
79300,9997,1505,0,3,0,1,3,2,0,0,0,0,0,0,0,0,0,0
79400,9993,1414,0,0,3,0,3,0,1,0,0,0,0,0,0,0,0,0
79500,9996,1554,2,0,1,1,1,0,0,0,0,0,0,0,0,0,0,0
79600,9993,1367,0,2,1,0,5,0,1,1,0,0,0,0,0,0,0,0
79700,9989,1435,1,0,1,0,9,0,0,3,0,0,0,0,0,0,0,0
79800,9988,1907,0,0,1,1,10,0,0,0,1,0,0,0,0,0,0,0
79900,9981,1808,0,1,2,1,13,1,1,1,3,0,0,0,0,0,0,0
80000,9985,1974,2,2,3,0,10,1,0,0,0,0,0,0,0,0,0,0
80100,9993,2263,0,9,1,0,5,0,1,2,0,0,0,0,0,0,0,0
80200,9987,2032,6,11,1,0,3,0,2,0,1,0,0,0,0,0,0,0
80300,9998,2004,0,4,0,0,2,0,0,0,0,0,0,0,0,0,0,0
80400,9989,1847,2,0,0,0,3,0,5,0,1,0,0,0,0,0,0,0
80500,9988,2055,0,3,1,0,9,1,2,0,0,0,0,0,0,0,0,0
80600,9994,1867,1,0,1,0,3,0,1,0,0,0,0,0,0,0,0,0
80700,9988,1911,0,0,0,0,9,6,0,1,3,0,0,0,0,0,0,0
80800,9986,1976,1,0,5,1,6,5,1,0,1,0,0,0,0,0,0,0
80900,9987,2097,2,2,3,0,6,0,2,3,0,0,0,0,0,0,0,0
81000,9983,2093,4,1,0,1,5,3,7,0,1,0,0,0,0,0,0,0
81100,9991,2189,2,0,2,0,4,1,0,0,1,0,0,0,0,0,0,0
81200,9986,2408,3,0,3,1,5,0,2,1,1,0,0,0,0,0,0,0
81300,9983,2037,1,0,2,0,8,0,5,0,1,0,0,0,0,0,0,0
81400,9992,2235,1,0,0,0,5,1,1,0,1,0,0,0,0,0,0,0
81500,9973,2187,3,0,4,3,7,0,10,0,3,0,0,0,0,0,0,0
81600,9987,2054,1,3,2,0,4,0,5,2,1,0,0,0,0,0,0,0
81700,9990,2056,3,0,1,1,3,0,1,0,2,0,0,0,0,0,0,0
81800,9992,1803,0,0,0,0,5,1,3,1,0,0,0,0,0,0,0,0
81900,9984,1499,1,3,2,0,6,0,6,1,1,0,0,0,0,0,0,0
82000,9989,1844,1,16,1,1,6,1,3,0,0,0,0,0,0,0,0,0
82100,9986,1952,3,0,2,0,4,0,5,1,0,0,0,0,0,0,0,0
82200,9984,2114,2,5,1,2,9,1,2,0,2,1,0,0,0,0,0,0
82300,9977,1554,14,6,2,1,6,0,1,0,0,0,0,0,0,0,0,0
82400,9968,1658,22,6,4,1,4,0,2,0,0,0,0,0,0,0,0,0
82500,9965,1212,20,1,1,1,7,1,7,1,0,0,0,0,0,0,0,0
82600,9971,1296,18,0,3,0,5,0,2,1,1,0,0,0,0,0,0,0
82700,9964,1638,18,0,6,0,9,0,3,0,0,0,0,0,0,0,0,0
82800,9968,2108,17,3,5,0,6,1,4,0,0,0,0,0,0,0,0,0
82900,9965,2250,20,2,4,1,6,0,3,0,2,0,0,0,0,0,0,0
83000,9971,2096,18,0,3,0,8,0,0,0,0,0,0,0,0,0,0,0
83100,9969,1895,18,1,1,0,10,0,1,0,1,0,0,0,0,0,0,0
83200,9982,1493,8,0,0,0,5,1,3,0,2,0,0,0,0,0,0,0
83300,9993,1766,1,0,1,1,3,0,0,2,2,0,0,0,0,0,0,0
83400,9986,1845,0,3,2,0,6,0,3,0,3,0,0,0,0,0,0,0
83500,9982,1565,2,0,0,0,5,0,9,0,2,0,0,0,0,0,0,0
83600,9986,1414,3,0,2,0,6,0,2,0,1,0,0,0,0,0,0,0
83700,9989,1376,3,3,1,0,6,0,1,0,0,0,0,0,0,0,0,0
83800,9990,1669,0,2,3,0,4,3,1,0,2,0,0,0,0,0,0,0
83900,9988,1694,3,2,0,1,6,6,2,0,1,0,0,0,0,0,0,0
84000,9987,1582,1,5,2,0,4,7,4,0,2,0,0,0,0,0,0,0
84100,9990,1780,0,2,1,1,2,2,7,0,0,1,0,0,0,0,0,0
84200,9983,1743,0,0,4,0,5,0,8,0,0,0,0,0,0,0,0,0
84300,9986,1253,1,0,3,0,6,0,2,0,2,0,0,0,0,0,0,0
84400,9994,1153,4,0,1,1,1,0,0,0,0,0,0,0,0,0,0,0
84500,9989,2192,0,3,5,0,1,1,5,0,0,1,0,0,0,0,0,0
84600,9991,2574,1,6,1,1,2,0,4,1,1,1,0,0,0,0,0,0
84700,9987,2135,6,2,0,0,2,0,4,1,1,1,0,0,0,0,0,0
84800,9992,1685,0,0,2,4,3,0,3,1,0,1,0,0,0,0,0,0
84900,9993,1942,0,0,1,0,3,0,1,0,2,0,0,0,0,0,0,0
85000,9993,1895,0,1,2,1,3,1,2,1,0,1,0,0,0,0,0,0
85100,9995,1570,0,3,1,0,1,0,2,0,1,2,0,0,0,0,0,0
85200,9994,1342,3,0,0,0,3,1,0,0,0,0,0,0,0,0,0,0
85300,9990,1411,1,1,4,0,2,1,3,0,0,0,0,0,0,0,0,0
85400,9988,1859,0,6,3,0,4,0,3,0,2,0,0,0,0,0,0,0
85500,9986,1666,0,12,3,0,3,0,6,1,1,0,0,0,1,0,0,0
85600,9995,1625,0,11,0,1,1,0,2,3,2,0,0,0,0,0,0,0
85700,9991,1450,1,0,1,0,5,0,2,0,0,0,0,0,0,0,0,0
85800,9991,1274,1,2,3,0,2,1,1,0,2,0,0,0,0,0,0,0
85900,9982,907,5,0,2,0,10,1,0,2,1,0,0,0,0,0,0,0
86000,9988,865,2,0,3,1,2,0,3,0,2,0,0,0,0,0,0,0
86100,9990,988,3,3,1,2,4,0,1,0,1,1,0,0,0,0,0,0
86200,9994,1287,2,0,0,0,1,0,1,0,2,0,0,0,0,0,0,0
86300,9985,1541,3,1,6,3,4,0,2,0,0,2,0,0,0,0,0,0
86400,9988,2397,4,42,3,0,2,1,1,0,2,0,0,0,0,0,0,0
86500,9988,2112,7,39,1,0,1,0,2,1,1,0,0,0,0,0,0,0
86600,9989,1620,5,0,1,0,3,3,1,0,1,1,0,0,0,0,0,0
86700,9986,1876,4,2,1,0,2,0,5,0,2,0,0,0,0,0,0,0
86800,9985,1924,5,3,4,0,3,0,3,0,0,0,0,0,0,0,0,0
86900,9989,1466,2,2,3,0,1,0,3,0,2,0,0,0,0,0,0,0
87000,9993,1442,2,0,3,2,0,0,0,0,2,0,0,0,0,0,0,0
87100,9983,1511,1,0,4,1,3,0,8,0,1,0,0,0,0,0,0,0
87200,9991,1789,2,2,2,0,3,0,2,0,0,1,0,0,0,0,0,0
87300,9993,1481,0,1,3,2,2,2,2,2,0,3,0,0,0,0,0,0
87400,9996,1996,0,0,1,0,2,1,0,0,1,1,0,0,0,0,0,0
87500,9998,2350,0,0,1,0,0,0,1,0,0,0,0,0,0,0,0,0
87600,9992,1825,0,3,1,0,1,1,4,0,1,0,1,0,0,0,0,0
87700,9990,1941,3,3,2,3,0,0,3,0,2,0,0,0,0,0,0,0
87800,9988,2589,3,4,1,0,5,0,2,0,1,0,0,0,0,0,0,0
87900,9988,2223,0,2,2,0,6,0,3,0,1,0,0,0,0,0,0,0
88000,9987,2020,2,2,9,0,0,0,2,1,0,1,0,0,0,0,0,0
88100,9954,2101,30,0,10,0,1,0,3,0,2,0,0,0,0,0,0,0
88200,9956,2073,27,0,10,1,3,1,2,0,2,0,0,0,0,0,0,0
88300,9952,2569,32,17,11,0,4,0,1,0,0,1,0,0,0,0,0,0
88400,9956,2561,25,11,11,0,0,3,7,0,1,0,0,0,0,0,0,0
88500,9969,2137,15,5,10,0,4,0,1,0,1,0,0,0,0,0,0,0
88600,9983,2087,1,1,10,0,2,0,1,0,3,0,0,0,0,0,0,0
88700,9983,2320,2,11,10,18,2,0,3,1,0,0,0,0,0,0,0,0
88800,9986,2279,2,3,10,8,0,0,2,0,0,1,0,0,0,0,0,0
88900,9981,2170,0,5,12,0,1,3,3,1,3,0,0,0,0,0,0,0
89000,9979,2343,2,1,11,0,5,0,3,0,0,0,0,0,0,0,0,0
89100,9987,2149,0,4,9,0,1,0,3,0,0,1,0,0,0,0,0,0
89200,9989,2002,1,1,9,1,1,1,0,2,0,0,0,0,0,0,0,0
89300,9982,2023,1,5,10,0,2,2,5,1,0,0,0,0,0,0,0,0
89400,9987,2436,3,2,8,1,1,0,1,2,0,0,0,0,0,0,0,0
89500,9988,2429,1,7,10,0,0,0,0,0,1,0,0,0,0,0,0,0
89600,9989,2503,1,25,9,0,0,1,1,0,0,0,0,0,0,0,0,0
89700,9989,2413,1,4,10,0,0,0,0,1,0,0,0,0,0,0,0,0
89800,9983,2174,0,0,10,0,4,0,2,0,1,0,0,0,0,0,0,0
89900,9983,2175,1,2,9,0,1,0,5,0,1,0,0,0,0,0,0,0
90000,9980,2129,7,0,9,0,0,1,2,0,2,0,0,0,0,0,0,0
90100,9973,2038,6,1,10,0,3,0,7,0,1,0,0,0,0,0,0,0
90200,9984,2275,4,0,9,0,0,0,2,0,1,0,0,0,0,0,0,0
90300,9974,2076,8,1,13,0,0,0,4,1,1,0,0,0,0,0,0,0
90400,9976,2532,5,1,15,0,1,0,2,0,1,0,0,0,0,0,0,0
90500,9982,2231,5,4,11,0,1,0,1,0,0,0,0,0,0,0,0,0
90600,9973,1836,8,0,11,1,2,1,4,0,2,0,0,0,0,0,0,0
90700,9981,2091,5,0,9,1,1,0,4,0,0,0,0,0,0,0,0,0
90800,9982,1963,5,0,10,0,2,2,1,0,0,0,0,0,0,0,0,0
90900,9977,1823,4,0,13,0,5,0,0,0,1,2,0,0,0,0,0,0
91000,9983,1696,6,4,9,0,2,0,0,1,0,0,0,0,0,0,0,0
91100,9983,1761,6,0,10,0,1,0,0,0,0,0,0,0,0,0,0,0
91200,9984,1669,4,0,10,0,0,2,2,1,0,0,0,0,0,0,0,0
91300,9977,1580,9,2,12,0,2,1,0,2,0,1,0,0,0,0,0,0
91400,9967,1449,17,0,10,1,3,0,2,2,1,0,0,0,0,0,0,0
91500,9973,1502,17,0,9,0,0,0,1,0,0,1,0,0,0,0,0,0
91600,9974,1696,17,0,4,0,1,0,4,2,0,1,0,0,0,0,0,0
91700,9981,1518,16,1,1,0,2,0,0,1,0,0,0,0,0,0,0,0
91800,9981,1366,17,3,1,0,0,0,0,2,1,0,0,0,0,0,0,0
91900,9979,1185,17,24,1,1,0,0,2,1,1,0,0,0,0,0,0,0
92000,9972,1131,17,26,4,0,2,0,4,0,1,0,0,0,0,0,0,0
92100,9975,1070,18,11,1,1,4,0,1,0,1,0,0,0,0,0,0,0
92200,9980,1059,18,3,1,1,1,1,0,1,0,0,0,0,0,0,0,0
92300,9976,1209,15,3,1,1,5,2,1,0,2,0,0,0,0,0,0,0
92400,9979,1183,14,10,2,0,1,1,3,0,1,0,0,0,0,0,0,0
92500,9975,1380,15,10,3,0,1,1,6,0,0,0,0,0,0,0,0,0
92600,9978,1246,17,12,2,0,3,0,0,0,0,0,0,0,0,0,0,0
92700,9974,1311,18,8,1,0,1,0,5,0,1,0,0,0,0,0,0,0
92800,9979,994,19,3,0,0,0,0,2,0,0,0,0,0,0,0,0,0
92900,9974,1194,21,15,1,0,0,0,3,0,1,1,0,0,0,0,0,0
93000,9980,1616,16,7,1,0,1,0,2,0,0,0,0,0,0,0,0,0
93100,9980,1649,16,4,1,0,2,0,1,2,0,0,0,0,0,0,0,0
93200,9979,1374,17,12,0,0,0,3,3,1,1,0,0,0,0,0,0,0
93300,9986,1377,12,9,0,0,0,0,1,1,1,0,0,0,0,0,0,0
93400,9979,1701,13,8,3,0,2,0,3,0,0,0,0,0,0,0,0,0
93500,9979,1901,15,40,0,0,1,1,4,0,1,0,0,0,0,0,0,0
93600,9982,1761,14,15,2,0,0,3,1,1,1,0,0,0,0,0,0,0
93700,9983,1453,12,10,0,1,3,0,2,1,0,0,0,0,0,0,0,0
93800,9979,1232,12,9,4,0,2,0,3,0,0,0,0,0,0,0,0,0
93900,9971,1214,13,6,2,1,8,0,4,2,2,0,0,0,0,0,0,0
94000,9981,1421,14,4,0,0,2,0,3,0,0,1,0,0,0,0,0,0
94100,9982,1229,12,0,1,0,0,0,2,0,3,0,0,0,0,0,0,0
94200,9985,1100,12,6,2,0,0,0,1,0,0,0,0,0,0,0,0,0
94300,9983,1301,13,31,3,0,0,3,0,3,1,0,0,0,0,0,0,0
94400,9986,1221,12,9,1,0,0,0,0,0,1,2,0,0,0,0,0,0
94500,9972,1315,19,11,4,0,2,0,3,0,0,0,0,0,0,0,0,0
94600,9968,1508,23,11,2,0,2,0,3,0,2,0,0,0,0,0,0,0
94700,9971,1455,25,24,3,2,0,0,1,0,0,0,0,0,0,0,0,0
94800,9973,1533,23,12,2,0,0,1,2,0,0,0,0,0,0,0,0,0
94900,9974,1628,23,13,2,0,1,1,0,0,0,0,0,0,0,0,0,0
95000,9971,1768,23,3,1,1,2,13,1,1,2,0,0,0,0,0,0,0
95100,9961,1572,26,5,2,1,5,14,6,2,0,0,0,0,0,0,0,0
95200,9972,1236,23,4,1,2,1,6,3,0,0,0,0,0,0,0,0,0
95300,9965,1068,27,7,0,0,4,1,3,0,1,0,0,0,0,0,0,0
95400,9967,1217,24,4,3,1,1,0,4,0,1,0,0,0,0,0,0,0
95500,9969,1470,27,20,2,0,0,2,2,0,0,0,0,0,0,0,0,0
95600,9973,1389,23,5,1,0,1,2,1,0,1,0,0,0,0,0,0,0
95700,9968,1301,25,15,3,0,0,1,1,0,3,0,0,0,0,0,0,0
95800,9967,1283,25,29,1,0,1,0,4,0,2,0,0,0,0,0,0,0
95900,9971,1283,23,30,2,0,2,1,2,0,0,1,0,0,0,0,0,0
96000,9970,1361,23,28,1,1,5,0,1,2,0,0,0,0,0,0,0,0
96100,9966,1338,24,43,1,0,1,0,8,0,0,0,0,0,0,0,0,0
96200,9969,1318,23,60,0,0,3,1,4,0,1,1,0,0,0,0,0,0
96300,9973,1402,23,44,0,0,2,0,2,1,0,0,0,0,0,0,0,0
96400,9970,1497,23,13,4,1,2,0,1,0,0,0,0,0,0,0,0,0
96500,9971,1915,24,2,2,0,1,1,1,0,1,0,0,0,0,0,0,0
96600,9967,1925,24,2,1,0,4,2,4,0,0,0,0,0,0,0,0,0
96700,9969,1888,23,0,1,0,1,0,5,0,1,0,0,0,0,0,0,0
96800,9957,1485,23,11,1,0,11,2,6,0,2,1,0,0,0,0,0,0
96900,9974,1120,23,31,1,0,0,0,1,1,1,0,0,0,0,0,0,0
97000,9970,1103,23,30,2,0,0,2,2,0,3,0,0,0,0,0,0,0
97100,9972,1434,24,5,0,1,2,1,1,0,1,0,0,0,0,0,0,0
97200,9967,1385,29,0,1,0,1,0,1,1,1,0,0,0,0,0,0,0
97300,9968,1511,24,1,1,1,1,0,4,0,2,0,0,0,0,0,0,0
97400,9970,1434,23,0,2,0,2,0,3,0,0,0,0,0,0,0,0,0
97500,9970,1713,26,0,1,0,1,1,2,2,0,0,0,0,0,0,0,0
97600,9968,1682,27,2,2,0,2,0,0,0,1,0,0,0,0,0,0,0
97700,9969,1719,24,1,1,0,0,0,6,0,0,0,0,0,0,0,0,0
97800,9977,2011,23,0,0,1,0,1,0,0,0,0,0,0,0,0,0,0
97900,9971,2415,22,0,4,0,0,0,2,1,1,0,0,0,0,0,0,0
98000,9968,3033,24,0,2,0,4,0,2,3,0,0,0,0,0,0,0,0
98100,9971,3375,24,0,2,0,1,1,1,1,1,0,0,0,0,0,0,0
98200,9970,3473,24,0,2,1,2,0,2,1,0,0,0,0,0,0,0,0
98300,9971,3372,27,0,0,0,1,0,1,0,0,0,0,0,0,0,0,0
98400,9967,2934,24,5,1,0,0,0,8,1,0,0,0,0,0,0,0,0
98500,9963,2573,25,1,2,1,4,0,4,3,2,0,0,0,0,0,0,0
98600,9968,2844,24,0,2,1,4,0,1,4,1,0,0,0,0,0,0,0
98700,9970,2619,23,2,2,1,2,0,3,2,0,0,0,0,0,0,0,0
98800,9967,2738,26,2,0,0,4,0,2,0,0,0,1,0,0,0,0,0
98900,9964,2538,25,2,1,0,7,0,3,0,0,0,0,0,0,0,0,0
99000,9964,2233,24,1,0,3,7,0,1,0,4,0,0,0,0,0,0,0
99100,9960,2045,26,0,1,4,8,0,5,0,0,0,0,0,0,0,0,0
99200,9961,1756,27,7,2,0,8,1,2,0,0,0,0,0,0,0,0,0
99300,9968,1944,25,6,1,0,4,0,0,1,2,1,0,0,0,0,0,0
99400,9980,2457,14,2,0,0,2,0,4,0,0,0,0,0,0,0,0,0
99500,9969,2678,17,10,2,0,1,1,10,1,1,0,0,0,0,0,0,0
99600,9979,2145,15,4,1,1,2,0,2,2,1,0,0,0,0,0,0,0
99700,9980,1989,17,16,1,0,1,0,1,1,0,0,0,0,0,0,0,0
99800,9984,1838,13,8,0,0,1,1,2,0,0,1,0,0,0,0,0,0
99900,9981,1717,15,9,1,0,1,1,2,0,0,0,0,0,0,0,0,0
100000,9982,1949,15,6,2,0,1,0,0,0,0,0,0,0,0,0,0,0
