update,host_task_NOT,sym_task_NOT,host_task_NAND,sym_task_NAND,host_task_AND,sym_task_AND,host_task_ORN,sym_task_ORN,host_task_OR,sym_task_OR,host_task_ANDN,sym_task_ANDN,host_task_NOR,sym_task_NOR,host_task_XOR,sym_task_XOR,host_task_EQU,sym_task_EQU
0,0,0,0,0,0,0,0,0,0,0,0,0,0,0,0,0,0,0
100,10000,0,0,0,2,0,0,0,0,0,0,0,0,0,0,0,0,0
200,9995,0,0,0,2,0,2,0,0,0,1,0,0,0,0,0,0,0
300,9996,0,0,0,4,0,0,0,0,0,0,0,0,0,0,0,0,0
400,9996,0,0,0,1,0,0,0,3,0,0,0,0,0,0,0,0,0
500,9995,0,0,0,1,0,2,0,2,0,0,0,0,0,0,0,0,0
600,9995,0,0,0,1,0,0,0,4,0,0,0,0,0,0,0,0,0
700,9992,0,1,0,2,0,1,0,3,0,1,0,0,0,0,0,0,0
800,9994,0,0,0,1,0,3,0,2,0,0,0,0,0,0,0,0,0
900,9996,0,0,0,1,0,0,0,3,0,0,0,0,0,0,0,0,0
1000,9993,0,0,0,2,0,1,0,2,0,2,0,0,0,0,0,0,0
1100,9996,0,0,0,1,0,0,0,2,0,1,0,0,0,0,0,0,0
1200,9994,0,0,0,1,0,0,0,2,0,3,0,0,0,0,0,0,0
1300,9990,0,0,0,4,0,1,0,4,0,1,0,0,0,0,0,0,0
1400,9993,0,1,0,1,0,0,0,4,0,1,0,0,0,0,0,0,0
1500,9991,0,0,0,4,0,1,0,2,0,2,0,0,0,0,0,0,0
1600,9993,0,1,0,3,0,0,0,1,0,2,0,0,0,0,0,0,0
1700,9991,0,4,0,1,0,1,0,3,0,0,0,0,0,0,0,0,0
1800,9990,0,5,0,2,0,0,0,1,0,2,0,0,0,0,0,0,0
1900,9990,0,4,0,2,0,1,0,3,0,0,0,0,0,0,0,0,0
2000,9986,0,6,0,3,0,2,0,0,0,2,0,1,0,0,0,0,0
2100,9996,0,4,0,0,0,0,0,0,0,0,0,0,0,0,0,0,0
2200,9990,0,1,0,3,0,4,0,1,0,1,0,0,0,0,0,0,0
2300,9992,0,1,0,3,0,1,0,1,0,2,0,0,0,0,0,0,0
2400,9989,0,1,0,5,0,3,0,2,0,0,0,0,0,0,0,0,0
2500,9993,0,0,0,1,0,2,0,2,0,2,0,0,0,0,0,0,0
2600,9991,0,3,0,2,0,2,0,1,0,1,0,0,0,0,0,0,0
2700,9993,0,1,0,4,0,1,0,0,0,1,0,0,0,0,0,0,0
2800,9980,0,2,0,2,0,7,0,6,0,3,0,0,0,0,0,0,0
2900,9984,0,2,0,3,0,6,0,4,0,1,0,0,0,0,0,0,0
3000,9990,0,0,0,2,0,5,0,3,0,0,0,0,0,0,0,0,0
3100,9984,0,2,0,2,0,4,0,4,0,3,0,1,0,0,0,0,0
3200,9990,0,3,0,1,0,4,0,2,0,0,0,0,0,0,0,0,0
3300,9978,0,4,0,5,0,7,0,6,0,0,0,0,0,0,0,0,0
3400,9981,0,5,0,1,0,5,0,3,0,4,0,1,0,0,0,0,0
3500,9983,0,6,0,3,0,3,0,2,0,3,0,0,0,0,0,0,0
3600,9979,0,7,0,1,0,5,0,5,0,3,0,0,0,0,0,0,0
3700,9986,0,6,0,0,0,4,0,2,0,2,0,0,0,0,0,0,0
3800,9987,0,12,0,1,0,0,0,0,0,0,0,0,0,0,0,0,0
3900,9976,0,12,0,4,0,1,0,6,0,0,0,1,0,0,0,0,0
4000,9973,0,14,0,4,0,4,0,3,0,2,0,0,0,0,0,0,0
4100,9976,0,11,0,3,0,6,0,3,0,1,0,0,0,0,0,0,0
4200,9981,0,11,0,2,0,1,0,2,0,3,0,0,0,0,0,0,0
4300,9971,0,19,0,5,0,4,0,1,0,0,0,0,0,0,0,0,0
4400,9966,0,27,0,2,0,1,0,4,0,0,0,0,0,0,0,0,0
4500,9963,0,27,0,2,0,2,0,5,0,1,0,0,0,0,0,0,0
4600,9947,0,40,0,4,0,3,0,4,0,2,0,0,0,0,0,0,0
4700,9955,0,33,0,2,0,1,0,4,0,5,0,0,0,0,0,0,0
4800,9949,0,41,0,0,0,3,0,5,0,2,0,0,0,0,0,0,0
4900,9925,0,58,0,1,0,9,0,6,0,1,0,0,0,0,0,0,0
5000,9892,0,84,0,2,0,12,0,8,0,2,0,0,0,0,0,0,0
5100,9896,0,85,0,5,0,8,0,3,0,3,0,0,0,0,0,0,0
5200,9894,0,83,0,8,0,12,0,3,0,0,0,0,0,0,0,0,0
5300,9908,0,81,0,1,0,5,0,4,0,1,0,0,0,0,0,0,0
5400,9898,0,86,0,4,0,8,0,4,0,0,0,0,0,0,0,0,0
5500,9913,0,66,0,5,0,10,0,3,0,3,0,0,0,0,0,0,0
5600,9911,0,69,0,3,0,9,0,7,0,1,0,0,0,0,0,0,0
5700,9902,0,70,0,5,0,11,0,8,0,2,0,2,0,0,0,0,0
5800,9891,0,84,0,7,0,9,0,4,0,2,0,3,0,0,0,0,0
5900,9888,0,92,0,6,0,8,0,6,0,0,0,0,0,0,0,0,0
6000,9878,0,102,0,7,0,8,0,4,0,1,0,0,0,0,0,0,0
6100,9874,0,95,0,9,0,13,0,6,0,3,0,0,0,0,0,0,0
6200,9868,0,108,0,8,0,8,0,8,0,0,0,0,0,0,0,0,0
6300,9816,0,153,0,14,0,11,0,4,0,2,0,0,0,0,0,0,0
6400,9800,0,182,0,5,0,6,0,3,0,3,0,1,0,0,0,0,0
6500,9739,0,235,0,6,0,13,0,3,0,4,0,0,0,0,0,0,0
6600,9729,0,242,0,9,0,9,0,6,0,5,0,0,0,0,0,0,0
6700,9735,0,236,0,8,0,12,0,5,0,4,0,0,0,0,0,0,0
6800,9717,0,252,0,5,0,12,0,10,0,4,0,0,0,0,0,0,0
6900,9706,0,264,0,5,0,9,0,10,0,6,0,0,0,0,0,0,0
7000,9680,0,292,0,5,0,10,0,11,0,2,0,0,0,0,0,0,0
7100,9693,0,287,0,5,0,8,0,3,0,4,0,0,0,0,0,0,0
7200,9650,0,329,0,4,0,9,0,7,0,1,0,0,0,0,0,0,0
7300,9627,0,341,0,7,0,13,0,9,0,3,0,0,0,0,0,0,0
7400,9607,0,352,0,10,0,15,0,14,0,2,0,0,0,0,0,0,0
7500,9601,0,364,0,9,0,8,0,8,0,10,0,0,0,0,0,0,0
7600,9641,0,317,0,13,0,10,0,14,0,5,0,0,0,0,0,0,0
7700,9682,0,281,0,11,0,14,0,8,0,4,0,0,0,0,0,0,0
7800,9693,0,275,0,6,0,14,0,10,0,2,0,0,0,0,0,0,0
7900,9726,0,247,0,8,0,14,0,4,0,1,0,0,0,0,0,0,0
8000,9737,0,241,0,7,0,9,0,4,0,2,0,0,0,0,0,0,0
8100,9723,0,241,0,9,0,12,0,13,0,2,0,0,0,0,0,0,0
8200,9740,0,242,0,8,0,4,0,6,0,0,0,0,0,0,0,0,0
8300,9704,0,270,0,7,0,7,0,8,0,4,0,0,0,0,0,0,0
8400,9684,0,286,0,11,0,12,0,5,0,2,0,0,0,0,0,0,0
8500,9646,0,323,0,9,0,9,0,8,0,5,0,0,0,0,0,0,0
8600,9654,0,311,0,11,0,12,0,7,0,5,0,0,0,0,0,0,0
8700,9626,0,351,0,7,0,5,0,9,0,2,0,0,0,0,0,0,0
8800,9589,0,370,0,8,0,21,0,7,0,5,0,0,0,0,0,0,0
8900,9613,0,356,0,9,0,13,0,7,0,2,0,0,0,0,0,0,0
9000,9589,0,389,0,1,0,11,0,7,0,1,0,2,0,0,0,0,0
9100,9559,0,405,0,8,0,11,0,14,0,2,0,1,0,0,0,0,0
9200,9566,0,405,0,6,0,15,0,5,0,3,0,0,0,0,0,0,0
9300,9565,0,408,0,3,0,12,0,11,0,1,0,0,0,0,0,0,0
9400,9547,0,423,0,7,0,11,0,8,0,4,0,0,0,0,0,0,0
9500,9525,0,438,0,8,0,20,0,9,0,0,0,0,0,0,0,0,0
9600,9519,0,443,0,8,0,22,0,6,0,2,0,0,0,0,0,0,0
9700,9555,0,411,0,4,0,19,0,8,0,3,0,0,0,0,0,0,0
9800,9554,0,408,0,10,0,21,0,6,0,0,0,1,0,0,0,0,0
9900,9565,0,406,0,0,0,20,0,7,0,2,0,0,0,0,0,0,0
10000,9541,0,420,0,11,0,22,0,5,0,1,0,0,0,0,0,0,0
10100,9541,0,417,0,11,0,21,0,7,0,2,0,1,0,0,0,0,0
10200,9599,0,360,0,7,0,24,0,10,0,0,0,0,0,0,0,0,0
10300,9656,0,318,0,6,0,12,0,6,0,2,0,0,0,0,0,0,0
10400,9647,0,328,0,2,0,13,0,10,0,0,0,0,0,0,0,0,0
10500,9677,0,296,0,7,0,12,0,5,0,2,0,1,0,0,0,0,0
10600,9647,0,330,0,6,0,10,0,5,0,2,0,0,0,0,0,0,0
10700,9618,0,357,0,2,0,13,0,7,0,3,0,0,0,0,0,0,0
10800,9577,0,393,0,6,0,11,0,10,0,3,0,0,0,0,0,0,0
10900,9539,0,432,0,7,0,15,0,5,0,2,0,0,0,0,0,0,0
11000,9543,0,439,0,5,0,8,0,3,0,2,0,0,0,0,0,0,0
11100,9505,0,468,0,9,0,7,0,7,0,4,0,0,0,0,0,0,0
11200,9512,0,465,0,2,0,9,0,6,0,5,0,1,0,0,0,0,0
11300,9496,0,479,0,8,0,9,0,4,0,4,0,0,0,0,0,0,0
11400,9478,0,494,0,12,0,6,0,9,0,1,0,0,0,0,0,0,0
11500,9476,0,502,0,5,0,7,0,5,0,5,0,0,0,0,0,0,0
11600,9459,0,490,0,4,0,32,0,10,0,5,0,0,0,0,0,0,0
11700,9489,0,468,0,5,0,28,0,5,0,5,0,0,0,0,0,0,0
11800,9485,0,474,0,3,0,28,0,8,0,2,0,0,0,0,0,0,0
11900,9447,0,507,0,3,0,34,0,5,0,4,0,0,0,0,0,0,0
12000,9432,0,516,0,7,0,38,0,5,0,2,0,0,0,0,0,0,0
12100,9457,0,491,0,3,0,42,0,7,0,0,0,0,0,0,0,0,0
12200,9440,0,498,0,7,0,35,0,17,0,3,0,0,0,0,0,0,0
12300,9480,0,471,0,7,0,35,0,5,0,2,0,0,0,0,0,0,0
12400,9470,0,480,0,5,0,36,0,8,0,1,0,0,0,0,0,0,0
12500,9471,0,485,0,4,0,28,0,6,0,5,0,0,0,0,0,1,0
12600,9488,0,482,0,5,0,15,0,7,0,3,0,0,0,0,0,0,0
12700,9498,0,473,0,9,0,13,0,5,0,2,0,0,0,0,0,0,0
12800,9494,0,480,0,3,0,13,0,6,0,4,0,0,0,0,0,0,0
12900,9494,0,479,0,8,0,13,0,4,0,2,0,0,0,0,0,0,0
13000,9477,0,492,0,8,0,13,0,7,0,3,0,0,0,0,0,0,0
13100,9514,0,456,0,7,0,12,0,8,0,3,0,0,0,0,0,0,0
13200,9511,0,457,0,7,0,13,0,10,0,2,0,0,0,0,0,0,0
13300,9488,0,477,0,7,0,12,0,12,0,3,0,1,0,0,0,0,0
13400,9516,0,458,0,9,0,6,0,10,0,1,0,0,0,0,0,0,0
13500,9489,0,475,0,11,0,12,0,10,0,3,0,0,0,0,0,0,0
13600,9500,0,474,0,8,0,9,0,9,0,0,0,0,0,0,0,0,0
13700,9454,0,526,0,7,0,3,0,6,0,4,0,0,0,0,0,0,0
13800,9468,0,504,0,9,0,3,0,8,0,8,0,0,0,0,0,0,0
13900,9471,0,513,0,3,0,5,0,8,0,0,0,0,0,0,0,0,0
14000,9491,0,489,0,5,0,7,0,6,0,2,0,0,0,0,0,0,0
14100,9498,0,480,0,6,0,9,0,5,0,2,0,0,0,0,0,0,0
14200,9538,0,447,0,4,0,0,0,7,0,4,0,0,0,0,0,0,0
14300,9500,0,476,0,6,0,5,0,9,0,4,0,0,0,0,0,0,0
14400,9527,0,448,0,8,0,6,0,8,0,3,0,0,0,0,0,0,0
14500,9579,0,394,0,11,0,3,0,11,0,2,0,0,0,0,0,0,0
14600,9616,0,357,0,10,0,8,0,8,0,1,0,0,0,0,0,0,0
14700,9616,0,364,0,6,0,7,0,3,0,4,0,0,0,0,0,0,0
14800,9602,0,378,0,4,0,8,0,5,0,3,0,0,0,0,0,0,0
14900,9626,0,350,0,4,0,6,0,11,0,3,0,0,0,0,0,0,0
15000,9621,0,364,0,2,0,5,0,7,0,1,0,0,0,0,0,0,0
15100,9633,0,333,0,9,0,10,0,7,0,6,0,2,0,0,0,0,0
15200,9624,0,354,0,4,0,4,0,10,0,4,0,0,0,0,0,0,0
15300,9604,0,375,0,5,0,7,0,6,0,3,0,0,0,0,0,0,0
15400,9606,0,364,0,9,0,12,0,6,0,3,0,0,0,0,0,0,0
15500,9583,0,397,0,8,0,3,0,6,0,3,0,0,0,0,0,0,0
15600,9601,0,378,0,7,0,6,0,4,0,4,0,0,0,0,0,0,0
15700,9577,0,396,0,4,0,7,0,11,0,5,0,0,0,0,0,0,0
15800,9586,0,388,0,6,0,5,0,10,0,5,0,0,0,0,0,0,0
15900,9580,0,397,0,7,0,7,0,5,0,4,0,0,0,0,0,0,0
16000,9570,0,400,0,8,0,11,0,7,0,4,0,0,0,0,0,0,0
16100,9580,0,398,0,9,0,6,0,5,0,2,0,0,0,0,0,0,0
16200,9590,0,384,0,6,0,8,0,10,0,2,0,0,0,0,0,0,0
16300,9578,0,399,0,9,0,2,0,8,0,4,0,0,0,0,0,0,0
16400,9579,0,393,0,4,0,12,0,9,0,3,0,0,0,0,0,0,0
16500,9603,0,373,0,4,0,11,0,3,0,6,0,0,0,0,0,0,0
16600,9590,0,385,0,7,0,3,0,11,0,4,0,0,0,0,0,0,0
16700,9623,0,347,0,9,0,5,0,9,0,6,0,1,0,0,0,0,0
16800,9614,0,355,0,10,0,3,0,11,0,7,0,0,0,0,0,0,0
16900,9591,0,378,0,12,0,8,0,9,0,2,0,0,0,0,0,0,0
17000,9610,0,367,0,3,0,8,0,7,0,5,0,0,0,0,0,0,0
17100,9619,0,353,0,7,0,7,0,12,0,2,0,0,0,0,0,0,0
17200,9613,0,363,0,5,0,8,0,8,0,3,0,0,0,0,0,0,0
17300,9572,0,401,0,6,0,10,0,9,0,1,0,1,0,0,0,0,0
17400,9545,0,427,0,4,0,11,0,7,0,6,0,0,0,0,0,0,0
17500,9534,0,442,0,3,0,9,0,7,0,5,0,0,0,0,0,0,0
17600,9533,0,436,0,6,0,12,0,8,0,5,0,0,0,0,0,0,0
17700,9596,0,383,0,6,0,9,0,4,0,2,0,0,0,0,0,0,0
17800,9598,0,377,0,11,0,7,0,6,0,1,0,0,0,0,0,0,0
17900,9605,0,374,0,3,0,9,0,6,0,3,0,0,0,0,0,0,0
18000,9604,0,370,0,5,0,11,0,6,0,3,0,1,0,0,0,0,0
18100,9603,0,363,0,9,0,16,0,7,0,2,0,0,0,0,0,0,0
18200,9596,0,377,0,5,0,13,0,8,0,1,0,0,0,0,0,0,0
18300,9634,0,344,0,9,0,5,0,5,0,3,0,0,0,0,0,0,0
18400,9638,0,325,0,6,0,12,0,14,0,5,0,0,0,0,0,0,0
18500,9611,0,362,0,5,0,7,0,9,0,6,0,0,0,0,0,0,0
18600,9598,0,378,0,6,0,9,0,7,0,2,0,0,0,0,0,0,0
18700,9565,0,413,0,9,0,4,0,6,0,3,0,0,0,0,0,0,0
18800,9547,0,426,0,3,0,13,0,6,0,5,0,0,0,0,0,0,0
18900,9541,0,433,0,7,0,12,0,6,0,1,0,0,0,0,0,0,0
19000,9565,0,419,0,2,0,6,0,5,0,3,0,0,0,0,0,0,0
19100,9507,0,469,0,6,0,9,0,7,0,1,0,1,0,0,0,0,0
19200,9454,0,522,0,5,0,8,0,5,0,6,0,0,0,0,0,0,0
19300,9431,0,544,0,3,0,6,0,11,0,5,0,0,0,0,0,0,0
19400,9385,0,591,0,10,0,7,0,4,0,3,0,0,0,0,0,0,0
19500,9366,0,619,0,1,0,6,0,7,0,1,0,0,0,0,0,0,0
19600,9380,0,606,0,4,0,4,0,3,0,3,0,0,0,0,0,0,0
19700,9413,0,565,0,4,0,13,0,4,0,1,0,0,0,0,0,0,0
19800,9407,0,576,0,6,0,7,0,2,0,2,0,0,0,0,0,0,0
19900,9343,0,635,0,5,0,6,0,10,0,0,0,1,0,0,0,0,0
20000,9302,0,677,0,8,0,9,0,2,0,2,0,0,0,0,0,0,0
20100,9290,0,689,0,7,0,6,0,7,0,1,0,0,0,0,0,0,0
20200,9275,0,701,0,6,0,4,0,11,0,3,0,0,0,0,0,0,0
20300,9305,0,664,0,10,0,11,0,9,0,1,0,0,0,0,0,0,0
20400,9356,0,633,0,0,0,5,0,4,0,2,0,0,0,0,0,0,0
20500,9449,0,530,0,7,0,2,0,9,0,3,0,0,0,0,0,0,0
20600,9517,0,462,0,6,0,7,0,5,0,2,0,1,0,0,0,0,0
20700,9558,0,422,0,5,0,5,0,6,0,4,0,0,0,0,0,0,0
20800,9531,0,451,0,6,0,6,0,3,0,3,0,0,0,0,0,0,0
20900,9495,0,490,0,1,0,8,0,5,0,1,0,0,0,0,0,0,0
21000,9495,0,487,0,4,0,6,0,7,0,1,0,0,0,0,0,0,0
21100,9557,0,429,0,3,0,8,0,2,0,1,0,0,0,0,0,0,0
21200,9544,0,437,0,8,0,5,0,6,0,0,0,0,0,0,0,0,0
21300,9560,0,425,0,5,0,5,0,3,0,2,0,0,0,0,0,0,0
21400,9554,0,423,0,5,0,10,0,5,0,3,0,0,0,0,0,0,0
21500,9545,0,423,0,7,0,18,0,4,0,3,0,0,0,0,0,0,0
21600,9588,0,389,0,3,0,15,0,5,0,0,0,0,0,0,0,0,0
21700,9591,0,393,0,4,0,7,0,4,0,1,0,0,0,0,0,0,0
21800,9596,0,378,0,4,0,11,0,11,0,0,0,0,0,0,0,0,0
21900,9613,0,360,0,6,0,10,0,6,0,5,0,0,0,0,0,0,0
22000,9652,0,334,0,4,0,7,0,2,0,1,0,0,0,0,0,0,0
22100,9650,0,331,0,3,0,8,0,7,0,1,0,0,0,0,0,0,0
22200,9634,0,340,0,3,0,16,0,6,0,1,0,0,0,0,0,0,0
22300,9626,0,351,0,3,0,15,0,5,0,0,0,0,0,0,0,0,0
22400,9649,0,326,0,3,0,11,0,6,0,5,0,0,0,0,0,0,0
22500,9631,0,343,0,3,0,12,0,7,0,4,0,0,0,0,0,0,0
22600,9620,0,354,0,5,0,11,0,8,0,2,0,0,0,0,0,0,0
22700,9617,0,352,0,9,0,11,0,9,0,2,0,0,0,0,0,0,0
22800,9641,0,334,0,5,0,13,0,4,0,3,0,0,0,0,0,0,0
22900,9624,0,355,0,3,0,12,0,4,0,2,0,0,0,0,0,0,0
23000,9657,0,323,0,4,0,10,0,6,0,0,0,0,0,0,0,0,0
23100,9654,0,321,0,4,0,15,0,3,0,3,0,0,0,0,0,0,0
23200,9626,0,347,0,4,0,17,0,5,0,1,0,0,0,0,0,0,0
23300,9638,0,339,0,6,0,10,0,5,0,2,0,0,0,0,0,0,0
23400,9615,0,351,0,4,0,15,0,12,0,3,0,0,0,0,0,0,0
23500,9645,0,336,0,1,0,12,0,3,0,3,0,0,0,0,0,0,0
23600,9650,0,329,0,5,0,12,0,3,0,1,0,0,0,0,0,0,0
23700,9649,0,326,0,5,0,11,0,8,0,1,0,0,0,0,0,0,0
23800,9626,0,351,0,2,0,16,0,4,0,1,0,0,0,0,0,0,0
23900,9634,0,349,0,3,0,8,0,4,0,2,0,0,0,0,0,0,0
24000,9653,0,335,0,3,0,6,0,0,0,3,0,0,0,0,0,0,0
24100,9707,0,277,0,2,0,6,0,5,0,2,0,1,0,0,0,0,0
24200,9703,0,279,0,5,0,6,0,6,0,1,0,0,0,0,0,0,0
24300,9695,0,280,0,2,0,5,0,11,0,6,0,0,0,1,0,0,0
24400,9710,0,275,0,4,0,6,0,3,0,2,0,0,0,0,0,0,0
24500,9750,0,235,0,2,0,2,0,5,0,6,0,0,0,0,0,0,0
24600,9746,0,236,0,5,0,7,0,4,0,2,0,0,0,0,0,0,0
24700,9747,0,241,0,2,0,6,0,2,0,2,0,0,0,0,0,0,0
24800,9750,0,229,0,5,0,7,0,6,0,3,0,0,0,0,0,0,0
24900,9731,0,243,0,4,0,17,0,3,0,2,0,0,0,0,0,0,0
25000,9733,0,228,0,5,0,25,0,6,0,3,0,0,0,0,0,0,0
25100,9749,0,222,0,4,0,19,0,4,0,2,0,0,0,0,0,0,0
25200,9730,0,232,0,7,0,18,0,10,0,3,0,0,0,0,0,0,0
25300,9722,0,254,0,2,0,18,0,3,0,1,0,0,0,0,0,0,0
25400,9729,0,245,0,6,0,14,0,5,0,1,0,0,0,0,0,0,0
25500,9733,0,243,0,4,0,16,0,4,0,0,0,0,0,0,0,0,0
25600,9702,0,267,0,8,0,17,0,5,0,1,0,0,0,0,0,0,0
25700,9695,0,279,0,5,0,16,0,5,0,0,0,0,0,0,0,0,0
25800,9746,0,224,0,4,0,19,0,6,0,0,0,1,0,0,0,0,0
25900,9753,0,216,0,3,0,15,0,9,0,4,0,0,0,0,0,0,0
26000,9752,0,219,0,3,0,19,0,4,0,3,0,0,0,0,0,0,0
26100,9750,0,219,0,5,0,19,0,4,0,3,0,0,0,0,0,0,0
26200,9759,0,220,0,1,0,15,0,4,0,1,0,0,0,0,0,0,0
26300,9771,0,207,0,5,0,15,0,1,0,1,0,0,0,0,0,0,0
26400,9763,0,209,0,2,0,19,0,6,0,1,0,0,0,0,0,0,0
26500,9785,0,190,0,1,0,15,0,7,0,2,0,0,0,0,0,0,0
26600,9785,0,185,0,3,0,17,0,5,0,5,0,0,0,0,0,0,0
26700,9795,0,183,0,2,0,14,0,1,0,5,0,0,0,0,0,0,0
26800,9818,0,160,0,5,0,14,0,3,0,0,0,0,0,0,0,0,0
26900,9813,0,156,0,5,0,17,0,5,0,3,0,0,0,1,0,0,0
27000,9819,0,153,0,3,0,16,0,4,0,5,0,0,0,0,0,0,0
27100,9819,0,151,0,2,0,24,0,2,0,2,0,0,0,0,0,0,0
27200,9811,0,157,0,4,0,22,0,3,0,3,0,0,0,0,0,0,0
27300,9808,0,159,0,4,0,28,0,0,0,1,0,0,0,0,0,0,0
27400,9798,0,168,0,3,0,25,0,6,0,0,0,0,0,0,0,0,0
27500,9790,0,178,0,2,0,25,0,2,0,3,0,0,0,0,0,0,0
27600,9802,0,164,0,1,0,26,0,7,0,0,0,0,0,0,0,0,0
27700,9792,0,167,0,3,0,25,0,11,0,2,0,0,0,0,0,0,0
27800,9803,0,158,0,3,0,29,0,5,0,2,0,0,0,0,0,0,0
27900,9813,0,155,0,3,0,24,0,4,0,1,0,0,0,0,0,0,0
28000,9827,0,142,0,4,0,24,0,3,0,0,0,0,0,0,0,0,0
28100,9818,0,141,0,5,0,26,0,5,0,4,0,1,0,0,0,0,0
28200,9831,0,140,0,3,0,25,0,1,0,0,0,0,0,0,0,0,0
28300,9878,0,92,0,3,0,21,0,4,0,2,0,0,0,0,0,0,0
28400,9867,0,100,0,3,0,27,0,3,0,0,0,0,0,0,0,0,0
28500,9876,0,95,0,3,0,20,0,3,0,3,0,0,0,0,0,0,0
28600,9869,0,97,0,6,0,21,0,4,0,3,0,0,0,0,0,0,0
28700,9866,0,100,0,3,0,26,0,3,0,2,0,0,0,0,0,0,0
28800,9861,0,100,0,7,0,25,0,7,0,0,0,0,0,0,0,0,0
28900,9841,0,129,0,0,0,25,0,4,0,1,0,0,0,0,0,0,0
29000,9830,0,138,0,2,0,22,0,6,0,2,0,0,0,0,0,0,0
29100,9830,0,139,0,5,0,22,0,3,0,1,0,0,0,0,0,0,0
29200,9832,0,137,0,4,0,23,0,3,0,1,0,0,0,0,0,0,0
29300,9878,0,94,0,1,0,23,0,3,0,1,0,0,0,0,0,0,0
29400,9872,0,93,0,6,0,23,0,5,0,1,0,0,0,0,0,0,0
29500,9866,0,95,0,6,0,24,0,6,0,3,0,0,0,0,0,0,0
29600,9881,0,93,0,2,0,21,0,1,0,2,0,0,0,0,0,0,0
29700,9866,0,93,0,5,0,26,0,8,0,2,0,0,0,0,0,0,0
29800,9887,0,89,0,1,0,22,0,1,0,0,0,0,0,0,0,0,0
29900,9879,0,99,0,3,0,15,0,2,0,2,0,0,0,0,0,0,0
30000,9843,0,131,0,2,0,19,0,3,0,2,0,0,0,0,0,0,0
30100,9847,0,130,0,4,0,16,0,2,0,1,0,0,0,0,0,0,0
30200,9872,0,106,0,3,0,13,0,6,0,0,0,0,0,0,0,0,0
30300,9879,0,104,0,4,0,10,0,3,0,0,0,0,0,0,0,0,0
30400,9893,0,86,0,2,0,14,0,5,0,0,0,0,0,0,0,0,0
30500,9921,0,60,0,4,0,12,0,2,0,1,0,0,0,0,0,0,0
30600,9915,0,64,0,4,0,12,0,4,0,1,0,0,0,0,0,0,0
30700,9920,0,64,0,1,0,12,0,1,0,2,0,0,0,0,0,0,0
30800,9917,0,61,0,3,0,14,0,4,0,1,0,0,0,0,0,0,0
30900,9921,0,60,0,4,0,10,0,5,0,0,0,0,0,0,0,0,0
31000,9925,0,59,0,2,0,9,0,2,0,3,0,0,0,0,0,0,0
31100,9917,0,67,0,2,0,11,0,2,0,1,0,0,0,0,0,0,0
31200,9906,0,78,0,2,0,10,0,3,0,1,0,0,0,0,0,0,0
31300,9897,0,78,0,4,0,18,0,3,0,0,0,0,0,0,0,0,0
31400,9903,0,78,0,5,0,12,0,1,0,1,0,0,0,0,0,0,0
31500,9905,0,75,0,0,0,15,0,4,0,1,0,0,0,0,0,0,0
31600,9895,0,85,0,1,0,14,0,5,0,0,0,0,0,0,0,0,0
31700,9894,0,82,0,2,0,15,0,6,0,1,0,0,0,0,0,0,0
31800,9888,0,88,0,5,0,17,0,1,0,1,0,0,0,0,0,0,0
31900,9909,0,71,0,4,0,12,0,3,0,1,0,0,0,0,0,0,0
32000,9912,0,64,0,2,0,17,0,5,0,0,0,0,0,0,0,0,0
32100,9914,0,61,0,2,0,18,0,4,0,1,0,0,0,0,0,0,0
32200,9913,0,61,0,1,0,21,0,4,0,0,0,0,0,0,0,0,0
32300,9921,0,51,0,3,0,23,0,2,0,0,0,0,0,0,0,0,0
32400,9924,0,51,0,3,0,14,0,7,0,1,0,0,0,0,0,0,0
32500,9925,0,50,0,3,0,16,0,5,0,1,0,0,0,0,0,0,0
32600,9933,0,52,0,1,0,14,0,0,0,0,0,0,0,0,0,0,0
32700,9929,0,52,0,2,0,14,0,2,0,1,0,0,0,0,0,0,0
32800,9938,0,52,0,1,0,7,0,2,0,0,0,0,0,0,0,0,0
32900,9937,0,56,0,3,0,1,0,0,0,3,0,0,0,0,0,0,0
33000,9945,0,49,0,1,0,2,0,3,0,0,0,0,0,0,0,0,0
33100,9946,0,48,0,1,0,2,0,2,0,1,0,0,0,0,0,0,0
33200,9942,0,52,0,2,0,0,0,4,0,0,0,0,0,0,0,0,0
33300,9937,0,55,0,3,0,1,0,2,0,2,0,0,0,0,0,0,0
33400,9929,0,60,0,2,0,4,0,3,0,2,0,0,0,0,0,0,0
33500,9936,0,56,0,5,0,0,0,2,0,1,0,0,0,0,0,0,0
33600,9935,0,59,0,2,0,1,0,2,0,1,0,0,0,0,0,0,0
33700,9937,0,57,0,3,0,0,0,2,0,1,0,0,0,0,0,0,0
33800,9938,0,57,0,1,0,1,0,1,0,2,0,0,0,0,0,0,0
33900,9936,0,63,0,0,0,0,0,0,0,1,0,0,0,0,0,0,0
34000,9938,0,58,0,3,0,0,0,0,0,1,0,0,0,0,0,0,0
34100,9931,0,55,0,8,0,2,0,3,0,1,0,0,0,0,0,0,0
34200,9927,0,57,0,11,0,1,0,2,0,2,0,0,0,0,0,0,0
34300,9928,0,56,0,14,0,0,0,1,0,1,0,0,0,0,0,0,0
34400,9927,0,57,0,10,0,1,0,2,0,3,0,0,0,0,0,0,0
34500,9927,0,55,0,12,0,3,0,3,0,0,0,0,0,0,0,0,0
34600,9927,0,56,0,13,0,3,0,1,0,0,0,0,0,0,0,0,0
34700,9932,0,51,0,13,0,0,0,2,0,2,0,0,0,0,0,0,0
34800,9929,0,55,0,12,0,1,0,3,0,0,0,0,0,0,0,0,0
34900,9931,0,53,0,12,0,0,0,4,0,0,0,0,0,0,0,0,0
35000,9927,0,55,0,12,0,1,0,3,0,2,0,0,0,0,0,0,0
35100,9930,0,52,0,13,0,1,0,2,0,2,0,0,0,0,0,0,0
35200,9918,0,61,0,12,0,0,0,8,0,1,0,0,0,0,0,0,0
35300,9912,0,72,0,12,0,1,0,2,0,1,0,0,0,0,0,0,0
35400,9911,0,67,0,15,0,1,0,5,0,1,0,0,0,0,0,0,0
35500,9933,0,51,0,10,0,0,0,5,0,1,0,0,0,0,0,0,0
35600,9922,0,68,0,3,0,4,0,3,0,0,0,0,0,0,0,0,0
35700,9920,0,72,0,2,0,4,0,2,0,0,0,0,0,0,0,0,0
35800,9917,0,68,0,1,0,5,0,7,0,2,0,0,0,0,0,0,0
35900,9923,0,69,0,2,0,3,0,2,0,0,0,1,0,0,0,0,0
36000,9926,0,65,0,1,0,3,0,4,0,1,0,0,0,0,0,0,0
36100,9938,0,50,0,4,0,2,0,4,0,2,0,0,0,0,0,0,0
36200,9960,0,36,0,1,0,2,0,0,0,1,0,0,0,0,0,0,0
36300,9932,0,58,0,2,0,2,0,5,0,1,0,0,0,0,0,0,0
36400,9927,0,65,0,3,0,3,0,2,0,0,0,0,0,0,0,0,0
36500,9922,0,68,0,0,0,1,0,3,0,5,0,0,0,0,0,1,0
36600,9925,0,65,0,3,0,3,0,3,0,1,0,0,0,0,0,0,0
36700,9926,0,65,0,3,0,0,0,4,0,2,0,0,0,0,0,0,0
36800,9928,0,64,0,3,0,2,0,3,0,0,0,0,0,0,0,0,0
36900,9926,0,68,0,2,0,1,0,2,0,1,0,0,0,0,0,0,0
37000,9928,0,64,0,1,0,5,0,1,0,1,0,0,0,0,0,0,0
37100,9923,0,66,0,2,0,2,0,6,0,1,0,0,0,0,0,0,0
37200,9926,0,66,0,3,0,1,0,2,0,1,0,1,0,0,0,0,0
37300,9928,0,66,0,3,0,0,0,3,0,0,0,0,0,0,0,0,0
37400,9924,0,69,0,1,0,3,0,2,0,1,0,0,0,0,0,0,0
37500,9921,0,71,0,1,0,4,0,2,0,1,0,0,0,0,0,0,0
37600,9926,0,63,0,3,0,4,0,4,0,0,0,0,0,0,0,0,0
37700,9942,0,49,0,1,0,1,0,4,0,1,0,2,0,0,0,0,0
37800,9951,0,42,0,4,0,2,0,1,0,0,0,0,0,0,0,0,0
37900,9945,0,48,0,3,0,1,0,3,0,0,0,0,0,0,0,0,0
38000,9939,0,45,0,7,0,3,0,5,0,1,0,0,0,0,0,0,0
38100,9945,0,52,0,1,0,2,0,0,0,0,0,0,0,0,0,0,0
38200,9936,0,55,0,4,0,1,0,3,0,1,0,0,0,0,0,0,0
38300,9934,0,53,0,3,0,1,0,7,0,2,0,0,0,0,0,0,0
38400,9932,0,55,0,3,0,3,0,7,0,0,0,0,0,0,0,0,0
38500,9931,0,60,0,2,0,3,0,1,0,3,0,0,0,0,0,0,0
38600,9930,0,53,0,5,0,3,0,6,0,2,0,1,0,0,0,0,0
38700,9931,0,56,0,6,0,1,0,3,0,3,0,0,0,0,0,0,0
38800,9960,0,34,0,3,0,1,0,1,0,1,0,0,0,0,0,0,0
38900,9954,0,39,0,4,0,0,0,3,0,0,0,0,0,0,0,0,0
39000,9954,0,36,0,4,0,1,0,4,0,1,0,0,0,0,0,0,0
39100,9958,0,37,0,1,0,4,0,0,0,0,0,0,0,0,0,0,0
39200,9961,0,35,0,0,0,1,0,1,0,2,0,0,0,0,0,0,0
39300,9955,0,42,0,2,0,0,0,1,0,0,0,0,0,0,0,0,0
39400,9951,0,39,0,4,0,1,0,1,0,4,0,0,0,0,0,0,0
39500,9938,0,47,0,4,0,5,0,3,0,3,0,0,0,0,0,0,0
39600,9946,0,47,0,2,0,2,0,2,0,1,0,0,0,0,0,0,0
39700,9948,0,42,0,3,0,1,0,5,0,1,0,0,0,0,0,0,0
39800,9943,0,47,0,2,0,0,0,5,0,3,0,0,0,0,0,0,0
39900,9945,0,44,0,2,0,3,0,4,0,2,0,0,0,0,0,0,0
40000,9951,0,41,0,2,0,2,0,4,0,0,0,0,0,0,0,0,0
40100,9956,0,36,0,2,0,2,0,4,0,0,0,0,0,0,0,0,0
40200,9952,0,33,0,2,0,4,0,8,0,1,0,0,0,0,0,0,0
40300,9956,0,39,0,0,0,2,0,2,0,1,0,0,0,0,0,0,0
40400,9954,0,37,0,2,0,3,0,4,0,0,0,0,0,0,0,0,0
40500,9945,0,39,0,2,0,8,0,5,0,1,0,0,0,0,0,0,0
40600,9950,0,41,0,1,0,2,0,6,0,0,0,0,0,0,0,0,0
40700,9958,0,34,0,2,0,4,0,2,0,0,0,0,0,0,0,0,0
40800,9957,0,32,0,3,0,1,0,2,0,4,0,1,0,0,0,0,0
40900,9960,0,32,0,3,0,2,0,3,0,0,0,0,0,0,0,0,0
41000,9963,0,29,0,3,0,1,0,3,0,1,0,0,0,0,0,0,0
41100,9964,0,31,0,2,0,1,0,2,0,0,0,0,0,0,0,0,0
41200,9951,0,35,0,9,0,1,0,4,0,0,0,0,0,0,0,0,0
41300,9943,0,37,0,11,0,6,0,3,0,0,0,0,0,0,0,0,0
41400,9945,0,41,0,6,0,4,0,3,0,1,0,0,0,0,0,0,0
41500,9956,0,33,0,7,0,2,0,0,0,2,0,0,0,0,0,0,0
41600,9948,0,34,0,9,0,1,0,5,0,3,0,0,0,0,0,0,0
41700,9955,0,34,0,8,0,0,0,1,0,2,0,0,0,0,0,0,0
41800,9960,0,31,0,8,0,1,0,0,0,0,0,0,0,0,0,0,0
41900,9955,0,33,0,9,0,0,0,1,0,2,0,0,0,0,0,0,0
42000,9949,0,40,0,8,0,1,0,1,0,0,0,0,0,0,0,1,0
42100,9957,0,34,0,6,0,1,0,1,0,1,0,0,0,0,0,0,0
42200,9976,0,14,0,8,0,2,0,0,0,0,0,0,0,0,0,0,0
42300,9975,0,14,0,6,0,0,0,4,0,1,0,0,0,0,0,0,0
42400,9968,0,15,0,9,0,2,0,4,0,2,0,0,0,0,0,0,0
42500,9975,0,14,0,7,0,1,0,3,0,0,0,0,0,0,0,0,0
42600,9981,0,11,0,6,0,0,0,2,0,0,0,0,0,0,0,0,0
42700,9976,0,13,0,9,0,0,0,1,0,1,0,0,0,0,0,0,0
42800,9929,0,61,0,8,0,0,0,1,0,1,0,0,0,0,0,0,0
42900,9927,0,62,0,8,0,1,0,1,0,1,0,0,0,0,0,0,0
43000,9927,0,60,0,8,0,1,0,3,0,1,0,0,0,0,0,0,0
43100,9927,0,60,0,10,0,3,0,0,0,0,0,0,0,0,0,0,0
43200,9921,0,61,0,9,0,3,0,3,0,3,0,0,0,0,0,0,0
43300,9919,0,62,0,8,0,5,0,5,0,1,0,0,0,0,0,0,0
43400,9926,0,64,0,7,0,0,0,2,0,1,0,0,0,0,0,0,0
43500,9923,0,62,0,6,0,2,0,6,0,1,0,0,0,0,0,0,0
43600,9924,0,64,0,9,0,2,0,0,0,1,0,0,0,0,0,0,0
43700,9921,0,64,0,6,0,3,0,4,0,2,0,0,0,0,0,0,0
43800,9930,0,61,0,3,0,2,0,1,0,3,0,0,0,0,0,0,0
43900,9923,0,64,0,5,0,4,0,4,0,0,0,0,0,0,0,0,0
44000,9927,0,61,0,3,0,4,0,3,0,2,0,0,0,0,0,0,0
44100,9944,0,49,0,2,0,1,0,3,0,1,0,0,0,0,0,0,0
44200,9975,0,15,0,1,0,5,0,3,0,1,0,0,0,0,0,0,0
44300,9983,0,13,0,1,0,2,0,1,0,0,0,0,0,0,0,0,0
44400,9980,0,14,0,1,0,1,0,4,0,0,0,0,0,0,0,0,0
44500,9979,0,14,0,2,0,3,0,1,0,1,0,0,0,0,0,0,0
44600,9974,0,20,0,3,0,1,0,1,0,1,0,0,0,0,0,0,0
44700,9966,0,25,0,0,0,1,0,6,0,2,0,0,0,0,0,0,0
44800,9972,0,25,0,1,0,1,0,1,0,0,0,0,0,0,0,0,0
44900,9976,0,21,0,2,0,0,0,1,0,0,0,0,0,0,0,0,0
45000,9969,0,27,0,0,0,2,0,1,0,1,0,0,0,0,0,0,0
45100,9961,0,29,0,5,0,0,0,5,0,0,0,0,0,0,0,0,0
45200,9978,0,15,0,2,0,1,0,2,0,2,0,0,0,0,0,0,0
45300,9977,0,15,0,1,0,1,0,4,0,2,0,0,0,0,0,0,0
45400,9979,0,17,0,2,0,0,0,1,0,1,0,0,0,0,0,0,0
45500,9980,0,14,0,1,0,0,0,3,0,2,0,0,0,0,0,0,0
45600,9979,0,16,0,4,0,0,0,0,0,1,0,0,0,0,0,0,0
45700,9979,0,12,0,3,0,4,0,2,0,0,0,0,0,0,0,0,0
45800,9975,0,14,0,3,0,6,0,2,0,0,0,0,0,0,0,0,0
45900,9974,0,17,0,3,0,1,0,3,0,2,0,0,0,0,0,0,0
46000,9985,0,12,0,1,0,1,0,0,0,1,0,0,0,0,0,0,0
46100,9983,0,13,0,3,0,0,0,1,0,0,0,0,0,0,0,0,0
46200,9977,0,14,0,4,0,0,0,3,0,2,0,0,0,0,0,0,0
46300,9983,0,13,0,3,0,0,0,1,0,0,0,0,0,0,0,0,0
46400,9988,0,2,0,7,0,1,0,2,0,0,0,0,0,0,0,0,0
46500,9985,0,6,0,5,0,2,0,1,0,1,0,0,0,0,0,0,0
46600,9982,0,3,0,7,0,3,0,4,0,1,0,0,0,0,0,0,0
46700,9989,0,3,0,4,0,0,0,3,0,1,0,0,0,0,0,0,0
46800,9990,0,2,0,6,0,0,0,1,0,1,0,0,0,0,0,0,0
46900,9985,0,4,0,4,0,3,0,4,0,0,0,0,0,0,0,0,0
47000,9984,0,2,0,8,0,1,0,4,0,1,0,0,0,0,0,0,0
47100,9978,0,7,0,6,0,0,0,8,0,1,0,0,0,0,0,0,0
47200,9982,0,5,0,7,0,1,0,4,0,1,0,0,0,0,0,0,0
47300,9983,0,3,0,7,0,1,0,4,0,2,0,0,0,0,0,0,0
47400,9988,0,5,0,4,0,0,0,2,0,1,0,0,0,0,0,0,0
47500,9985,0,7,0,3,0,0,0,4,0,1,0,0,0,0,0,0,0
47600,9983,0,10,0,2,0,1,0,1,0,3,0,0,0,0,0,0,0
47700,9981,0,12,0,1,0,2,0,3,0,1,0,0,0,0,0,0,0
47800,9985,0,9,0,1,0,1,0,3,0,1,0,0,0,0,0,0,0
47900,9976,0,13,0,2,0,4,0,4,0,1,0,0,0,0,0,0,0
48000,9989,0,7,0,0,0,2,0,1,0,1,0,0,0,0,0,0,0
48100,9983,0,10,0,2,0,1,0,3,0,1,0,0,0,0,0,0,0
48200,9986,0,12,0,0,0,1,0,1,0,0,0,0,0,0,0,0,0
48300,9990,0,8,0,0,0,1,0,1,0,0,0,0,0,0,0,0,0
48400,9977,0,8,0,4,0,1,0,7,0,3,0,0,0,0,0,0,0
48500,9977,0,12,0,3,0,4,0,3,0,1,0,0,0,0,0,0,0
48600,9978,0,17,0,2,0,1,0,2,0,0,0,0,0,0,0,0,0
48700,9981,0,15,0,2,0,1,0,1,0,0,0,0,0,0,0,0,0
48800,9977,0,15,0,2,0,2,0,3,0,1,0,0,0,0,0,0,0
48900,9975,0,15,0,5,0,3,0,2,0,0,0,0,0,0,0,0,0
49000,9967,0,25,0,1,0,1,0,4,0,2,0,0,0,0,0,0,0
49100,9953,0,34,0,3,0,2,0,7,0,1,0,0,0,0,0,0,0
49200,9960,0,37,0,3,0,0,0,0,0,0,0,0,0,0,0,0,0
49300,9950,0,43,0,4,0,1,0,1,0,1,0,0,0,0,0,0,0
49400,9945,0,52,0,2,0,1,0,0,0,0,0,0,0,0,0,0,0
49500,9934,0,56,0,5,0,1,0,4,0,0,0,0,0,0,0,0,0
49600,9937,0,58,0,2,0,1,0,0,0,2,0,0,0,0,0,0,0
49700,9939,0,57,0,1,0,0,0,2,0,1,0,0,0,0,0,0,0
49800,9938,0,58,0,1,0,1,0,1,0,1,0,0,0,0,0,0,0
49900,9939,0,55,0,4,0,0,0,1,0,1,0,0,0,0,0,0,0
50000,9939,0,53,0,2,0,2,0,3,0,1,0,0,0,0,0,0,0
50100,9939,0,53,0,3,0,1,0,4,0,0,0,0,0,0,0,0,0
50200,9939,0,51,0,2,0,3,0,4,0,1,0,0,0,0,0,0,0
50300,9951,0,45,0,2,0,0,0,1,0,1,0,0,0,0,0,0,0
50400,9951,0,44,0,3,0,1,0,1,0,0,0,0,0,0,0,0,0
50500,9948,0,47,0,1,0,1,0,3,0,0,0,0,0,0,0,0,0
50600,9939,0,47,0,4,0,4,0,4,0,2,0,0,0,0,0,0,0
50700,9947,0,49,0,2,0,1,0,0,0,1,0,0,0,0,0,0,0
50800,9948,0,45,0,3,0,0,0,2,0,2,0,0,0,0,0,0,0
50900,9954,0,42,0,0,0,3,0,1,0,0,0,0,0,0,0,0,0
51000,9947,0,45,0,1,0,0,0,4,0,3,0,0,0,0,0,0,0
51100,9952,0,44,0,2,0,1,0,1,0,0,0,0,0,0,0,0,0
51200,9952,0,44,0,2,0,0,0,1,0,1,0,0,0,0,0,0,0
51300,9952,0,39,0,4,0,2,0,3,0,0,0,0,0,0,0,0,0
51400,9954,0,43,0,2,0,1,0,0,0,0,0,0,0,0,0,0,0
51500,9951,0,39,0,3,0,1,0,5,0,1,0,0,0,0,0,0,0
51600,9961,0,31,0,2,0,1,0,3,0,2,0,0,0,0,0,0,0
51700,9958,0,33,0,6,0,1,0,2,0,0,0,0,0,0,0,0,0
51800,9963,0,34,0,1,0,1,0,0,0,1,0,0,0,0,0,0,0
51900,9966,0,28,0,1,0,2,0,3,0,0,0,0,0,0,0,0,0
52000,9957,0,31,0,4,0,2,0,5,0,1,0,0,0,0,0,0,0
52100,9968,0,28,0,2,0,0,0,2,0,0,0,0,0,0,0,0,0
52200,9965,0,28,0,6,0,0,0,1,0,0,0,0,0,0,0,0,0
52300,9964,0,26,0,4,0,1,0,5,0,0,0,0,0,0,0,0,0
52400,9967,0,27,0,1,0,2,0,3,0,0,0,0,0,0,0,0,0
52500,9968,0,27,0,2,0,0,0,2,0,1,0,0,0,0,0,0,0
52600,9956,0,26,0,8,0,3,0,5,0,2,0,0,0,0,0,0,0
52700,9961,0,28,0,3,0,2,0,3,0,3,0,0,0,0,0,0,0
52800,9968,0,22,0,5,0,4,0,1,0,0,0,0,0,0,0,0,0
52900,9972,0,20,0,4,0,3,0,1,0,0,0,0,0,0,0,0,0
53000,9976,0,17,0,2,0,3,0,2,0,0,0,0,0,0,0,0,0
53100,9973,0,20,0,4,0,3,0,0,0,0,0,0,0,0,0,0,0
53200,9975,0,17,0,5,0,1,0,2,0,0,0,0,0,0,0,0,0
53300,9976,0,17,0,2,0,1,0,3,0,1,0,0,0,0,0,0,0
53400,9978,0,19,0,2,0,0,0,0,0,1,0,0,0,0,0,0,0
53500,9986,0,10,0,4,0,0,0,0,0,0,0,0,0,0,0,0,0
53600,9987,0,9,0,0,0,1,0,2,0,1,0,0,0,0,0,0,0
53700,9980,0,8,0,5,0,0,0,5,0,2,0,0,0,0,0,0,0
53800,9983,0,9,0,4,0,1,0,3,0,0,0,0,0,0,0,0,0
53900,9979,0,10,0,7,0,0,0,4,0,0,0,0,0,0,0,0,0
54000,9986,0,12,0,1,0,0,0,1,0,0,0,0,0,0,0,0,0
54100,9988,0,6,0,2,0,3,0,0,0,1,0,0,0,0,0,0,0
54200,9980,0,10,0,4,0,2,0,3,0,1,0,0,0,0,0,0,0
54300,9981,0,10,0,5,0,1,0,2,0,1,0,0,0,0,0,0,0
54400,9985,0,7,0,2,0,0,0,5,0,1,0,0,0,0,0,0,0
54500,9990,0,6,0,0,0,1,0,1,0,2,0,0,0,0,0,0,0
54600,9977,0,10,0,5,0,4,0,3,0,1,0,0,0,0,0,0,0
54700,9985,0,9,0,2,0,3,0,1,0,0,0,0,0,0,0,0,0
54800,9979,0,5,0,2,0,8,0,4,0,2,0,0,0,0,0,0,0
54900,9987,0,1,0,4,0,6,0,2,0,0,0,0,0,0,0,0,0
55000,9989,0,2,0,1,0,6,0,2,0,0,0,0,0,0,0,0,0
55100,9980,0,1,0,4,0,13,0,1,0,1,0,0,0,0,0,0,0
55200,9982,0,5,0,4,0,6,0,0,0,3,0,0,0,0,0,0,0
55300,9963,0,17,0,8,0,10,0,1,0,1,0,0,0,0,0,0,0
55400,9971,0,19,0,3,0,5,0,2,0,0,0,0,0,0,0,0,0
55500,9956,0,26,0,8,0,7,0,0,0,3,0,0,0,0,0,0,0
55600,9975,0,14,0,5,0,5,0,1,0,0,0,0,0,0,0,0,0
55700,9983,0,2,0,2,0,9,0,4,0,0,0,0,0,0,0,0,0
55800,9988,0,1,0,3,0,7,0,0,0,1,0,0,0,0,0,0,0
55900,9987,0,3,0,4,0,6,0,0,0,0,0,0,0,0,0,0,0
56000,9987,0,0,0,4,0,5,0,3,0,1,0,0,0,0,0,0,0
56100,9978,0,2,0,7,0,10,0,2,0,1,0,0,0,0,0,0,0
56200,9983,0,0,0,3,0,6,0,6,0,2,0,0,0,0,0,0,0
56300,9978,0,7,0,6,0,7,0,2,0,0,0,0,0,0,0,0,0
56400,9979,0,10,0,6,0,1,0,4,0,0,0,0,0,0,0,0,0
56500,9973,0,14,0,4,0,7,0,2,0,0,0,0,0,0,0,0,0
56600,9983,0,11,0,1,0,0,0,3,0,2,0,0,0,0,0,0,0
56700,9984,0,7,0,6,0,1,0,0,0,2,0,0,0,0,0,0,0
56800,9993,0,0,0,4,0,1,0,1,0,1,0,0,0,0,0,0,0
56900,9985,0,1,0,6,0,2,0,3,0,3,0,0,0,0,0,0,0
57000,9990,0,0,0,5,0,1,0,2,0,2,0,0,0,0,0,0,0
57100,9982,0,9,0,7,0,0,0,0,0,2,0,0,0,0,0,0,0
57200,9987,0,5,0,5,0,0,0,2,0,1,0,0,0,0,0,0,0
57300,9987,0,5,0,4,0,4,0,0,0,0,0,0,0,0,0,0,0
57400,9984,0,6,0,8,0,0,0,1,0,1,0,0,0,0,0,0,0
57500,9987,0,5,0,5,0,1,0,1,0,1,0,0,0,0,0,0,0
57600,9988,0,5,0,5,0,0,0,2,0,0,0,0,0,0,0,0,0
57700,9989,0,3,0,7,0,0,0,1,0,0,0,0,0,0,0,0,0
57800,9982,0,4,0,5,0,0,0,6,0,3,0,0,0,0,0,0,0
57900,9992,0,0,0,5,0,2,0,0,0,1,0,0,0,0,0,0,0
58000,9978,0,11,0,5,0,3,0,1,0,2,0,0,0,0,0,0,0
58100,9974,0,16,0,2,0,3,0,4,0,1,0,0,0,0,0,0,0
58200,9976,0,16,0,4,0,0,0,2,0,2,0,0,0,0,0,0,0
58300,9977,0,16,0,2,0,0,0,4,0,1,0,0,0,0,0,0,0
58400,9975,0,19,0,2,0,2,0,0,0,2,0,0,0,0,0,0,0
58500,9971,0,17,0,4,0,4,0,3,0,1,0,0,0,0,0,0,0
58600,9978,0,17,0,2,0,1,0,2,0,0,0,0,0,0,0,0,0
58700,9978,0,15,0,4,0,1,0,1,0,1,0,0,0,0,0,0,0
58800,9976,0,18,0,3,0,1,0,0,0,2,0,0,0,0,0,0,0
58900,9983,0,15,0,2,0,0,0,0,0,0,0,0,0,0,0,0,0
59000,9978,0,16,0,1,0,3,0,2,0,0,0,0,0,0,0,0,0
59100,9974,0,17,0,2,0,2,0,3,0,2,0,0,0,0,0,0,0
59200,9974,0,20,0,3,0,1,0,1,0,1,0,0,0,0,0,0,0
59300,9971,0,17,0,4,0,3,0,4,0,1,0,0,0,0,0,0,0
59400,9979,0,16,0,4,0,1,0,0,0,0,0,0,0,0,0,0,0
59500,9977,0,17,0,2,0,1,0,2,0,1,0,0,0,0,0,0,0
59600,9976,0,19,0,2,0,0,0,2,0,1,0,0,0,0,0,0,0
59700,9978,0,15,0,2,0,1,0,4,0,0,0,0,0,0,0,0,0
59800,9977,0,16,0,4,0,3,0,0,0,0,0,0,0,0,0,0,0
59900,9978,0,17,0,1,0,1,0,1,0,2,0,0,0,0,0,0,0
60000,9973,0,21,0,2,0,2,0,2,0,0,0,0,0,0,0,0,0
60100,9973,0,17,0,5,0,1,0,3,0,1,0,0,0,0,0,0,0
60200,9973,0,15,0,5,0,1,0,6,0,0,0,0,0,0,0,0,0
60300,9973,0,20,0,3,0,2,0,2,0,0,0,0,0,0,0,0,0
60400,9979,0,16,0,2,0,1,0,2,0,0,0,0,0,0,0,0,0
60500,9979,0,15,0,3,0,0,0,2,0,1,0,0,0,0,0,0,0
60600,9978,0,17,0,2,0,1,0,1,0,1,0,0,0,0,0,0,0
60700,9981,0,16,0,1,0,0,0,1,0,1,0,0,0,0,0,0,0
60800,9973,0,15,0,1,0,6,0,4,0,1,0,0,0,0,0,0,0
60900,9970,0,22,0,4,0,2,0,2,0,0,0,0,0,0,0,0,0
61000,9974,0,21,0,2,0,0,0,1,0,2,0,0,0,0,0,0,0
61100,9977,0,18,0,2,0,2,0,0,0,1,0,0,0,0,0,0,0
61200,9968,0,20,0,5,0,4,0,3,0,0,0,0,0,0,0,0,0
61300,9971,0,19,0,4,0,5,0,1,0,0,0,0,0,0,0,0,0
61400,9965,0,26,0,1,0,0,0,7,0,1,0,0,0,0,0,0,0
61500,9963,0,28,0,4,0,3,0,1,0,1,0,0,0,0,0,0,0
61600,9963,0,26,0,6,0,0,0,4,0,1,0,0,0,0,0,0,0
61700,9966,0,28,0,2,0,2,0,2,0,0,0,0,0,0,0,0,0
61800,9961,0,34,0,1,0,0,0,2,0,2,0,0,0,0,0,0,0
61900,9953,0,34,0,5,0,3,0,2,0,3,0,0,0,0,0,0,0
62000,9956,0,37,0,2,0,2,0,3,0,0,0,0,0,0,0,0,0
62100,9953,0,38,0,3,0,3,0,2,0,1,0,0,0,0,0,0,0
62200,9952,0,41,0,2,0,2,0,2,0,1,0,0,0,0,0,0,0
62300,9959,0,35,0,1,0,1,0,1,0,3,0,0,0,0,0,0,0
62400,9965,0,27,0,1,0,3,0,3,0,1,0,0,0,0,0,0,0
62500,9958,0,40,0,0,0,1,0,0,0,1,0,0,0,0,0,0,0
62600,9962,0,31,0,3,0,0,0,3,0,1,0,0,0,0,0,0,0
62700,9950,0,41,0,3,0,1,0,4,0,1,0,0,0,0,0,0,0
62800,9965,0,32,0,0,0,2,0,1,0,0,0,0,0,0,0,0,0
62900,9956,0,32,0,2,0,0,0,8,0,2,0,0,0,0,0,0,0
63000,9964,0,31,0,1,0,0,0,4,0,0,0,0,0,0,0,0,0
63100,9957,0,29,0,5,0,2,0,5,0,2,0,0,0,0,0,0,0
63200,9963,0,27,0,3,0,2,0,4,0,1,0,0,0,0,0,0,0
63300,9966,0,26,0,3,0,3,0,1,0,1,0,0,0,0,0,0,0
63400,9964,0,30,0,1,0,2,0,2,0,1,0,0,0,0,0,0,0
63500,9966,0,23,0,4,0,2,0,3,0,2,0,0,0,0,0,0,0
63600,9965,0,27,0,0,0,3,0,4,0,1,0,0,0,0,0,0,0
63700,9973,0,23,0,1,0,3,0,0,0,0,0,0,0,0,0,0,0
63800,9978,0,19,0,1,0,1,0,1,0,0,0,0,0,0,0,0,0
63900,9977,0,16,0,2,0,1,0,4,0,0,0,0,0,0,0,0,0
64000,9976,0,15,0,0,0,2,0,5,0,2,0,0,0,0,0,0,0
64100,9976,0,12,0,4,0,1,0,6,0,1,0,0,0,0,0,0,0
64200,9981,0,13,0,4,0,0,0,2,0,0,0,0,0,0,0,0,0
64300,9979,0,10,0,4,0,4,0,2,0,1,0,0,0,0,0,0,0
64400,9979,0,13,0,4,0,2,0,2,0,0,0,0,0,0,0,0,0
64500,9982,0,11,0,1,0,2,0,4,0,0,0,0,0,0,0,0,0
64600,9981,0,11,0,4,0,2,0,2,0,0,0,0,0,0,0,0,0
64700,9988,0,6,0,1,0,1,0,4,0,0,0,0,0,0,0,0,0
64800,9989,0,5,0,2,0,0,0,4,0,0,0,0,0,0,0,0,0
64900,9990,0,3,0,3,0,3,0,1,0,0,0,0,0,0,0,0,0
65000,9985,0,8,0,2,0,0,0,3,0,2,0,0,0,0,0,0,0
65100,9990,0,6,0,1,0,1,0,2,0,0,0,0,0,0,0,0,0
65200,9990,0,5,0,1,0,1,0,3,0,0,0,0,0,0,0,0,0
65300,9991,0,4,0,1,0,1,0,1,0,2,0,0,0,0,0,0,0
65400,9988,0,7,0,2,0,2,0,1,0,0,0,0,0,0,0,0,0
65500,9994,0,0,0,2,0,2,0,2,0,0,0,0,0,0,0,0,0
65600,9994,0,3,0,2,0,0,0,1,0,0,0,0,0,0,0,0,0
65700,9989,0,7,0,1,0,0,0,3,0,0,0,0,0,0,0,0,0
65800,9995,0,0,0,0,0,2,0,3,0,0,0,0,0,0,0,0,0
65900,9992,0,4,0,0,0,1,0,1,0,2,0,0,0,0,0,0,0
66000,9983,0,8,0,5,0,0,0,3,0,1,0,0,0,0,0,0,0
66100,9981,0,8,0,3,0,2,0,5,0,1,0,0,0,0,0,0,0
66200,9986,0,8,0,2,0,1,0,2,0,1,0,0,0,0,0,0,0
66300,9987,0,8,0,0,0,0,0,3,0,2,0,0,0,0,0,0,0
66400,9986,0,7,0,0,0,3,0,0,0,4,0,0,0,0,0,0,0
66500,9978,0,10,0,5,0,0,0,6,0,1,0,0,0,0,0,0,0
66600,9978,0,6,0,4,0,4,0,7,0,1,0,0,0,0,0,0,0
66700,9988,0,8,0,1,0,1,0,1,0,1,0,0,0,0,0,0,0
66800,9988,0,8,0,2,0,1,0,1,0,0,0,0,0,0,0,0,0
66900,9986,0,7,0,1,0,2,0,3,0,1,0,0,0,0,0,0,0
67000,9982,0,11,0,2,0,0,0,4,0,1,0,0,0,0,0,0,0
67100,9985,0,9,0,0,0,2,0,2,0,2,0,0,0,0,0,0,0
67200,9981,0,8,0,4,0,2,0,4,0,1,0,0,0,0,0,0,0
67300,9986,0,6,0,0,0,2,0,3,0,3,0,0,0,0,0,0,0
67400,9981,0,9,0,1,0,2,0,6,0,1,0,0,0,0,0,0,0
67500,9986,0,8,0,2,0,3,0,0,0,1,0,0,0,0,0,0,0
67600,9954,0,38,0,4,0,1,0,3,0,0,0,0,0,0,0,0,0
67700,9910,0,87,0,0,0,0,0,3,0,0,0,0,0,0,0,0,0
67800,9907,0,87,0,2,0,0,0,3,0,1,0,0,0,0,0,0,0
67900,9911,0,86,0,2,0,1,0,0,0,0,0,0,0,0,0,0,0
68000,9902,0,88,0,4,0,0,0,5,0,1,0,0,0,0,0,0,0
68100,9903,0,92,0,2,0,0,0,2,0,1,0,0,0,0,0,0,0
68200,9896,0,92,0,2,0,8,0,1,0,1,0,0,0,0,0,0,0
68300,9911,0,86,0,0,0,1,0,1,0,1,0,0,0,0,0,0,0
68400,9903,0,87,0,4,0,2,0,4,0,0,0,0,0,0,0,0,0
68500,9902,0,88,0,1,0,1,0,6,0,2,0,0,0,0,0,0,0
68600,9906,0,88,0,1,0,1,0,3,0,1,0,0,0,0,0,0,0
68700,9905,0,92,0,0,0,1,0,2,0,0,0,0,0,0,0,0,0
68800,9871,0,124,0,3,0,0,0,0,0,2,0,0,0,0,0,0,0
68900,9829,0,167,0,2,0,1,0,1,0,0,0,0,0,0,0,0,0
69000,9823,0,166,0,2,0,4,0,4,0,1,0,0,0,0,0,0,0
69100,9828,0,166,0,4,0,1,0,1,0,0,0,0,0,0,0,0,0
69200,9827,0,167,0,1,0,0,0,5,0,0,0,0,0,0,0,0,0
69300,9827,0,166,0,0,0,2,0,4,0,1,0,0,0,0,0,0,0
69400,9820,0,172,0,3,0,1,0,2,0,2,0,0,0,0,0,0,0
69500,9841,0,147,0,3,0,4,0,3,0,2,0,0,0,0,0,0,0
69600,9889,0,103,0,2,0,2,0,2,0,2,0,0,0,0,0,0,0
69700,9882,0,104,0,5,0,4,0,2,0,3,0,0,0,0,0,0,0
69800,9881,0,112,0,2,0,2,0,3,0,0,0,0,0,0,0,0,0
69900,9874,0,120,0,3,0,0,0,2,0,1,0,0,0,0,0,0,0
70000,9874,0,120,0,1,0,0,0,4,0,1,0,0,0,0,0,0,0
70100,9874,0,118,0,4,0,1,0,3,0,0,0,0,0,0,0,0,0
70200,9867,0,125,0,3,0,1,0,3,0,1,0,0,0,0,0,0,0
70300,9871,0,127,0,0,0,1,0,0,0,1,0,0,0,0,0,0,0
70400,9868,0,121,0,2,0,5,0,4,0,0,0,0,0,0,0,0,0
70500,9868,0,126,0,3,0,0,0,2,0,1,0,0,0,0,0,0,0
70600,9870,0,128,0,0,0,0,0,1,0,1,0,0,0,0,0,0,0
70700,9875,0,122,0,1,0,1,0,0,0,1,0,0,0,0,0,0,0
70800,9872,0,126,0,1,0,1,0,0,0,0,0,0,0,0,0,0,0
70900,9856,0,136,0,3,0,1,0,4,0,0,0,0,0,0,0,0,0
71000,9865,0,133,0,1,0,0,0,1,0,0,0,0,0,0,0,0,0
71100,9847,0,148,0,1,0,2,0,1,0,0,0,1,0,0,0,0,0
71200,9843,0,151,0,2,0,1,0,2,0,1,0,0,0,0,0,0,0
71300,9839,0,152,0,3,0,2,0,2,0,2,0,0,0,0,0,0,0
71400,9841,0,155,0,2,0,0,0,1,0,1,0,0,0,0,0,0,0
71500,9838,0,151,0,0,0,4,0,6,0,1,0,0,0,0,0,0,0
71600,9844,0,149,0,1,0,1,0,3,0,2,0,0,0,0,0,0,0
71700,9845,0,146,0,3,0,0,0,4,0,2,0,0,0,0,0,0,0
71800,9859,0,139,0,1,0,0,0,1,0,0,0,0,0,0,0,0,0
71900,9861,0,132,0,1,0,1,0,5,0,0,0,0,0,0,0,0,0
72000,9864,0,130,0,2,0,0,0,3,0,1,0,0,0,0,0,0,0
72100,9865,0,133,0,1,0,0,0,1,0,0,0,0,0,0,0,0,0
72200,9868,0,121,0,0,0,7,0,2,0,2,0,0,0,0,0,0,0
72300,9881,0,109,0,2,0,0,0,5,0,3,0,0,0,0,0,0,0
72400,9884,0,108,0,0,0,3,0,5,0,0,0,0,0,0,0,0,0
72500,9880,0,111,0,0,0,3,0,1,0,5,0,0,0,0,0,0,0
72600,9874,0,112,0,3,0,1,0,3,0,7,0,0,0,0,0,0,0
72700,9882,0,107,0,1,0,1,0,5,0,4,0,0,0,0,0,0,0
72800,9877,0,111,0,2,0,1,0,0,0,9,0,0,0,0,0,0,0
72900,9876,0,113,0,1,0,1,0,2,0,7,0,0,0,0,0,0,0
73000,9881,0,108,0,3,0,0,0,4,0,4,0,0,0,0,0,0,0
73100,9882,0,110,0,1,0,0,0,2,0,5,0,0,0,0,0,0,0
73200,9880,0,111,0,2,0,0,0,1,0,6,0,0,0,0,0,0,0
73300,9882,0,108,0,1,0,3,0,2,0,4,0,0,0,0,0,0,0
73400,9867,0,123,0,1,0,2,0,1,0,6,0,0,0,0,0,0,0
73500,9795,0,188,0,0,0,0,0,7,0,10,0,0,0,0,0,0,0
73600,9804,0,188,0,0,0,1,0,3,0,4,0,0,0,0,0,0,0
73700,9795,0,196,0,2,0,0,0,2,0,5,0,0,0,0,0,0,0
73800,9721,0,268,0,2,0,1,0,1,0,7,0,0,0,0,0,0,0
73900,9724,0,267,0,1,0,1,0,2,0,5,0,0,0,0,0,0,0
74000,9799,0,188,0,0,0,1,0,2,0,10,0,0,0,0,0,0,0
74100,9799,0,188,0,2,0,2,0,4,0,5,0,0,0,0,0,0,0
74200,9808,0,188,0,1,0,0,0,2,0,0,0,1,0,0,0,0,0
74300,9803,0,188,0,1,0,2,0,3,0,3,0,0,0,0,0,0,0
74400,9806,0,188,0,1,0,2,0,1,0,1,0,1,0,0,0,0,0
74500,9808,0,188,0,0,0,2,0,2,0,0,0,0,0,0,0,0,0
74600,9808,0,188,0,1,0,1,0,1,0,1,0,0,0,0,0,0,0
74700,9807,0,188,0,2,0,0,0,1,0,2,0,0,0,0,0,0,0
74800,9807,0,187,0,3,0,0,0,2,0,1,0,0,0,0,0,0,0
74900,9800,0,193,0,2,0,1,0,3,0,1,0,0,0,0,0,0,0
75000,9811,0,187,0,0,0,2,0,0,0,0,0,0,0,0,0,0,0
75100,9812,0,185,0,1,0,1,0,0,0,1,0,0,0,0,0,0,0
75200,9810,0,186,0,1,0,0,0,3,0,0,0,0,0,0,0,0,0
75300,9863,0,133,0,2,0,0,0,2,0,0,0,0,0,0,0,0,0
75400,9889,0,106,0,1,0,2,0,0,0,2,0,0,0,0,0,0,0
75500,9889,0,106,0,0,0,2,0,2,0,1,0,0,0,0,0,0,0
75600,9888,0,106,0,1,0,0,0,2,0,3,0,0,0,0,0,0,0
75700,9889,0,106,0,1,0,3,0,1,0,0,0,0,0,0,0,0,0
75800,9888,0,107,0,1,0,2,0,0,0,2,0,0,0,0,0,0,0
75900,9888,0,105,0,3,0,1,0,2,0,1,0,0,0,0,0,0,0
76000,9889,0,105,0,1,0,5,0,0,0,0,0,0,0,0,0,0,0
76100,9885,0,108,0,1,0,5,0,1,0,0,0,0,0,0,0,0,0
76200,9886,0,106,0,0,0,5,0,2,0,1,0,0,0,0,0,0,0
76300,9887,0,104,0,4,0,1,0,4,0,0,0,0,0,0,0,0,0
76400,9892,0,105,0,1,0,0,0,1,0,1,0,0,0,0,0,0,0
76500,9891,0,103,0,3,0,0,0,3,0,0,0,0,0,0,0,0,0
76600,9889,0,106,0,0,0,1,0,1,0,3,0,0,0,0,0,0,0
76700,9891,0,104,0,1,0,0,0,1,0,3,0,0,0,0,0,0,0
76800,9887,0,106,0,2,0,3,0,1,0,1,0,0,0,0,0,0,0
76900,9860,0,138,0,1,0,0,0,1,0,0,0,0,0,0,0,0,0
77000,9806,0,183,0,4,0,5,0,1,0,1,0,0,0,0,0,0,0
77100,9804,0,186,0,2,0,0,0,8,0,0,0,0,0,0,0,0,0
77200,9815,0,180,0,1,0,0,0,2,0,2,0,0,0,0,0,0,0
77300,9825,0,170,0,1,0,2,0,1,0,1,0,0,0,0,0,0,0
77400,9850,0,142,0,2,0,3,0,1,0,2,0,0,0,0,0,0,0
77500,9834,0,163,0,1,0,1,0,1,0,0,0,0,0,0,0,0,0
77600,9813,0,185,0,0,0,0,0,1,0,1,0,0,0,0,0,0,0
77700,9850,0,145,0,0,0,1,0,2,0,2,0,0,0,0,0,0,0
77800,9888,0,102,0,1,0,4,0,3,0,2,0,0,0,0,0,0,0
77900,9889,0,104,0,3,0,1,0,2,0,1,0,0,0,0,0,0,0
78000,9891,0,101,0,2,0,2,0,3,0,1,0,0,0,0,0,0,0
78100,9885,0,108,0,1,0,2,0,4,0,0,0,0,0,0,0,0,0
78200,9892,0,103,0,1,0,1,0,2,0,1,0,0,0,0,0,0,0
78300,9893,0,104,0,2,0,0,0,1,0,0,0,0,0,0,0,0,0
78400,9887,0,106,0,1,0,3,0,2,0,1,0,0,0,0,0,0,0
78500,9893,0,102,0,0,0,5,0,0,0,0,0,0,0,0,0,0,0
78600,9892,0,104,0,2,0,1,0,1,0,0,0,0,0,0,0,0,0
78700,9889,0,102,0,0,0,5,0,4,0,0,0,0,0,0,0,0,0
78800,9892,0,102,0,1,0,1,0,4,0,0,0,0,0,0,0,0,0
78900,9893,0,101,0,1,0,1,0,3,0,1,0,0,0,0,0,0,0
79000,9888,0,104,0,3,0,2,0,1,0,2,0,0,0,0,0,0,0
79100,9889,0,105,0,2,0,1,0,2,0,1,0,0,0,0,0,0,0
79200,9894,0,101,0,0,0,3,0,1,0,1,0,0,0,0,0,0,0
79300,9894,0,102,0,0,0,0,0,2,0,2,0,0,0,0,0,0,0
79400,9894,0,102,0,0,0,0,0,1,0,2,0,0,0,1,0,0,0
79500,9890,0,103,0,1,0,3,0,2,0,1,0,0,0,0,0,0,0
79600,9890,0,101,0,2,0,5,0,0,0,2,0,0,0,0,0,0,0
79700,9891,0,101,0,3,0,4,0,0,0,1,0,0,0,0,0,0,0
79800,9890,0,102,0,2,0,3,0,0,0,3,0,0,0,0,0,0,0
79900,9893,0,103,0,2,0,2,0,0,0,0,0,0,0,0,0,0,0
80000,9891,0,105,0,2,0,1,0,1,0,0,0,0,0,0,0,0,0
80100,9894,0,103,0,1,0,0,0,1,0,1,0,0,0,0,0,0,0
80200,9894,0,103,0,0,0,2,0,1,0,0,0,0,0,0,0,0,0
80300,9891,0,101,0,2,0,4,0,2,0,0,0,0,0,0,0,0,0
80400,9889,0,102,0,0,0,4,0,5,0,0,0,0,0,0,0,0,0
80500,9896,0,92,0,3,0,3,0,5,0,1,0,0,0,0,0,0,0
80600,9913,0,81,0,1,0,3,0,1,0,1,0,0,0,0,0,0,0
80700,9905,0,82,0,7,0,3,0,3,0,0,0,0,0,0,0,0,0
80800,9910,0,84,0,1,0,1,0,4,0,0,0,0,0,0,0,0,0
80900,9917,0,80,0,1,0,2,0,0,0,0,0,0,0,0,0,0,0
81000,9898,0,87,0,2,0,6,0,7,0,0,0,0,0,0,0,0,0
81100,9913,0,81,0,2,0,1,0,3,0,0,0,0,0,0,0,0,0
81200,9903,0,89,0,2,0,3,0,2,0,1,0,0,0,0,0,0,0
81300,9909,0,85,0,1,0,4,0,1,0,0,0,0,0,0,0,0,0
81400,9913,0,84,0,0,0,1,0,1,0,1,0,0,0,0,0,0,0
81500,9908,0,86,0,1,0,2,0,2,0,1,0,0,0,0,0,0,0
81600,9910,0,87,0,0,0,1,0,2,0,0,0,0,0,0,0,0,0
81700,9908,0,84,0,1,0,2,0,3,0,2,0,0,0,0,0,0,0
81800,9903,0,89,0,4,0,2,0,2,0,0,0,0,0,0,0,0,0
81900,9913,0,84,0,2,0,1,0,0,0,0,0,0,0,0,0,0,0
82000,9910,0,82,0,2,0,2,0,4,0,0,0,0,0,0,0,0,0
82100,9908,0,87,0,2,0,0,0,2,0,1,0,0,0,0,0,0,0
82200,9905,0,89,0,2,0,4,0,0,0,0,0,0,0,0,0,0,0
82300,9976,0,16,0,2,0,2,0,3,0,1,0,0,0,0,0,0,0
82400,9979,0,16,0,2,0,0,0,2,0,1,0,0,0,0,0,0,0
82500,9985,0,10,0,1,0,0,0,3,0,1,0,0,0,0,0,0,0
82600,9987,0,10,0,0,0,1,0,1,0,1,0,0,0,0,0,0,0
82700,9979,0,13,0,2,0,1,0,3,0,2,0,0,0,0,0,0,0
82800,9980,0,16,0,0,0,2,0,0,0,2,0,0,0,0,0,0,0
82900,9990,0,8,0,2,0,0,0,0,0,0,0,0,0,0,0,0,0
83000,9978,0,18,0,1,0,0,0,2,0,1,0,0,0,0,0,0,0
83100,9978,0,12,0,2,0,2,0,5,0,1,0,0,0,0,0,0,0
83200,9979,0,13,0,2,0,2,0,3,0,1,0,0,0,0,0,0,0
83300,9983,0,14,0,0,0,3,0,0,0,0,0,0,0,0,0,0,0
83400,9977,0,12,0,2,0,6,0,3,0,0,0,0,0,0,0,0,0
83500,9984,0,13,0,0,0,2,0,0,0,1,0,0,0,0,0,0,0
83600,9982,0,14,0,2,0,1,0,1,0,0,0,0,0,0,0,0,0
83700,9978,0,11,0,3,0,3,0,3,0,2,0,0,0,0,0,0,0
83800,9981,0,14,0,1,0,3,0,0,0,1,0,0,0,0,0,0,0
83900,9973,0,23,0,1,0,0,0,3,0,0,0,0,0,0,0,0,0
84000,9973,0,25,0,1,0,1,0,0,0,0,0,0,0,0,0,0,0
84100,9968,0,22,0,4,0,2,0,3,0,1,0,0,0,0,0,0,0
84200,9964,0,24,0,1,0,9,0,1,0,1,0,0,0,0,0,0,0
84300,9976,0,19,0,0,0,2,0,3,0,0,0,0,0,0,0,0,0
84400,9968,0,23,0,2,0,4,0,2,0,1,0,0,0,0,0,0,0
84500,9973,0,19,0,3,0,4,0,1,0,0,0,0,0,0,0,0,0
84600,9971,0,22,0,2,0,1,0,3,0,1,0,0,0,0,0,0,0
84700,9974,0,20,0,4,0,1,0,0,0,1,0,0,0,0,0,0,0
84800,9972,0,23,0,2,0,0,0,2,0,1,0,0,0,0,0,0,0
84900,9979,0,19,0,1,0,0,0,0,0,1,0,0,0,0,0,0,0
85000,9970,0,20,0,0,0,0,0,9,0,1,0,0,0,0,0,0,0
85100,9958,0,35,0,2,0,1,0,2,0,2,0,0,0,0,0,0,0
85200,9949,0,45,0,3,0,1,0,1,0,1,0,0,0,0,0,0,0
85300,9946,0,44,0,3,0,2,0,4,0,1,0,0,0,0,0,0,0
85400,9946,0,49,0,1,0,0,0,4,0,0,0,0,0,0,0,0,0
85500,9947,0,44,0,3,0,1,0,4,0,1,0,0,0,0,0,0,0
85600,9950,0,43,0,2,0,1,0,4,0,0,0,0,0,0,0,0,0
85700,9947,0,47,0,2,0,0,0,3,0,1,0,0,0,0,0,0,0
85800,9947,0,46,0,0,0,4,0,3,0,0,0,0,0,0,0,0,0
85900,9941,0,47,0,2,0,3,0,5,0,2,0,0,0,0,0,0,0
86000,9943,0,50,0,3,0,2,0,2,0,0,0,0,0,0,0,0,0
86100,9943,0,50,0,3,0,0,0,4,0,0,0,0,0,0,0,0,0
86200,9958,0,37,0,1,0,1,0,3,0,0,0,0,0,0,0,0,0
86300,9990,0,4,0,1,0,4,0,0,0,1,0,0,0,0,0,0,0
86400,9995,0,3,0,0,0,1,0,0,0,1,0,0,0,0,0,0,0
86500,9987,0,3,0,5,0,1,0,3,0,1,0,0,0,0,0,0,0
86600,9977,0,13,0,4,0,2,0,4,0,0,0,0,0,0,0,0,0
86700,9978,0,9,0,2,0,6,0,4,0,1,0,0,0,0,0,0,0
86800,9968,0,21,0,4,0,2,0,5,0,0,0,0,0,0,0,0,0
86900,9975,0,18,0,5,0,2,0,0,0,0,0,0,0,0,0,0,0
87000,9971,0,23,0,1,0,1,0,2,0,2,0,0,0,0,0,0,0
87100,9971,0,20,0,3,0,2,0,2,0,2,0,0,0,0,0,0,0
87200,9981,0,16,0,3,0,0,0,0,0,0,0,0,0,0,0,0,0
87300,9973,0,18,0,3,0,2,0,3,0,1,0,0,0,0,0,0,0
87400,9976,0,19,0,2,0,0,0,3,0,0,0,0,0,0,0,0,0
87500,9967,0,23,0,5,0,3,0,2,0,0,0,0,0,0,0,0,0
87600,9967,0,25,0,2,0,1,0,4,0,1,0,0,0,0,0,0,0
87700,9970,0,28,0,0,0,1,0,1,0,0,0,0,0,0,0,0,0
87800,9972,0,23,0,1,0,4,0,0,0,0,0,0,0,0,0,0,0
87900,9964,0,28,0,4,0,3,0,1,0,0,0,0,0,0,0,0,0
88000,9962,0,31,0,2,0,1,0,2,0,2,0,0,0,0,0,0,0
88100,9965,0,30,0,3,0,0,0,1,0,1,0,0,0,0,0,0,0
88200,9962,0,27,0,0,0,3,0,6,0,2,0,0,0,0,0,0,0
88300,9975,0,19,0,1,0,0,0,4,0,1,0,0,0,0,0,0,0
88400,9966,0,28,0,2,0,3,0,1,0,0,0,0,0,0,0,0,0
88500,9963,0,29,0,1,0,1,0,4,0,1,0,1,0,0,0,0,0
88600,9968,0,29,0,2,0,0,0,0,0,1,0,0,0,0,0,0,0
88700,9958,0,27,0,4,0,4,0,4,0,3,0,0,0,0,0,0,0
88800,9964,0,25,0,1,0,5,0,4,0,1,0,0,0,0,0,0,0
88900,9968,0,23,0,3,0,2,0,2,0,2,0,0,0,0,0,0,0
89000,9963,0,27,0,0,0,2,0,8,0,0,0,0,0,0,0,0,0
89100,9964,0,29,0,4,0,0,0,2,0,1,0,0,0,0,0,0,0
89200,9963,0,26,0,6,0,1,0,2,0,2,0,0,0,0,0,0,0
89300,9958,0,27,0,12,0,0,0,1,0,2,0,0,0,0,0,0,0
89400,9951,0,29,0,13,0,3,0,3,0,1,0,0,0,0,0,0,0
89500,9956,0,25,0,12,0,1,0,2,0,4,0,0,0,0,0,0,0
89600,9950,0,31,0,13,0,2,0,3,0,1,0,0,0,0,0,0,0
89700,9958,0,27,0,12,0,2,0,1,0,0,0,0,0,0,0,0,0
89800,9955,0,24,0,15,0,0,0,3,0,3,0,0,0,0,0,0,0
89900,9967,0,18,0,12,0,1,0,2,0,0,0,0,0,0,0,0,0
90000,9951,0,28,0,16,0,1,0,1,0,3,0,0,0,0,0,0,0
90100,9961,0,25,0,12,0,0,0,2,0,0,0,0,0,0,0,0,0
90200,9962,0,23,0,10,0,0,0,4,0,1,0,0,0,0,0,0,0
90300,9953,0,29,0,14,0,2,0,2,0,0,0,0,0,0,0,0,0
90400,9954,0,27,0,14,0,0,0,2,0,3,0,0,0,0,0,0,0
90500,9954,0,29,0,12,0,1,0,3,0,1,0,0,0,0,0,0,0
90600,9965,0,17,0,11,0,1,0,4,0,2,0,0,0,0,0,0,0
90700,9964,0,15,0,12,0,0,0,7,0,2,0,0,0,0,0,0,0
90800,9958,0,15,0,14,0,6,0,6,0,1,0,0,0,0,0,0,0
90900,9974,0,7,0,12,0,1,0,4,0,2,0,0,0,0,0,0,0
91000,9965,0,14,0,16,0,2,0,1,0,2,0,0,0,0,0,0,0
91100,9969,0,12,0,11,0,2,0,5,0,1,0,0,0,0,0,0,0
91200,9977,0,9,0,9,0,1,0,4,0,0,0,0,0,0,0,0,0
91300,9969,0,16,0,10,0,2,0,1,0,2,0,0,0,0,0,0,0
91400,9974,0,12,0,11,0,1,0,0,0,2,0,0,0,0,0,0,0
91500,9981,0,6,0,10,0,2,0,1,0,0,0,0,0,0,0,0,0
91600,9986,0,9,0,2,0,1,0,1,0,1,0,0,0,0,0,0,0
91700,9981,0,10,0,5,0,2,0,1,0,1,0,0,0,0,0,0,0
91800,9983,0,8,0,5,0,2,0,1,0,1,0,0,0,0,0,0,0
91900,9987,0,7,0,2,0,1,0,2,0,1,0,0,0,0,0,0,0
92000,9984,0,11,0,2,0,1,0,2,0,0,0,0,0,0,0,0,0
92100,9979,0,13,0,4,0,0,0,3,0,1,0,0,0,0,0,0,0
92200,9979,0,9,0,3,0,2,0,4,0,2,0,1,0,0,0,0,0
92300,9980,0,12,0,2,0,1,0,4,0,1,0,0,0,0,0,0,0
92400,9973,0,15,0,3,0,3,0,2,0,4,0,0,0,0,0,0,0
92500,9975,0,14,0,8,0,3,0,0,0,0,0,0,0,0,0,0,0
92600,9969,0,18,0,3,0,2,0,6,0,2,0,0,0,0,0,0,0
92700,9968,0,20,0,2,0,4,0,3,0,3,0,0,0,0,0,0,0
92800,9977,0,13,0,4,0,1,0,4,0,1,0,0,0,0,0,0,0
92900,9987,0,7,0,2,0,0,0,3,0,1,0,0,0,0,0,0,0
93000,9982,0,10,0,2,0,1,0,2,0,3,0,0,0,0,0,0,0
93100,9979,0,11,0,6,0,0,0,3,0,1,0,0,0,0,0,0,0
93200,9985,0,7,0,1,0,3,0,4,0,0,0,0,0,0,0,0,0
93300,9985,0,11,0,0,0,0,0,3,0,1,0,0,0,0,0,0,0
93400,9991,0,7,0,0,0,2,0,0,0,0,0,0,0,0,0,0,0
93500,9982,0,10,0,3,0,2,0,3,0,0,0,0,0,0,0,0,0
93600,9984,0,7,0,2,0,3,0,3,0,1,0,0,0,0,0,0,0
93700,9980,0,5,0,0,0,4,0,9,0,2,0,0,0,0,0,0,0
93800,9989,0,5,0,2,0,0,0,2,0,2,0,0,0,0,0,0,0
93900,9987,0,6,0,0,0,3,0,4,0,0,0,0,0,0,0,0,0
94000,9992,0,8,0,0,0,0,0,0,0,0,0,0,0,0,0,0,0
94100,9988,0,5,0,3,0,0,0,2,0,2,0,0,0,0,0,0,0
94200,9992,0,6,0,0,0,1,0,1,0,0,0,0,0,0,0,0,0
94300,9984,0,7,0,0,0,1,0,7,0,1,0,0,0,0,0,0,0
94400,9989,0,3,0,1,0,3,0,4,0,0,0,0,0,0,0,0,0
94500,9994,0,1,0,1,0,2,0,2,0,0,0,0,0,0,0,0,0
94600,9994,0,2,0,1,0,3,0,0,0,0,0,0,0,0,0,0,0
94700,9987,0,4,0,3,0,2,0,3,0,1,0,0,0,0,0,0,0
94800,9994,0,2,0,2,0,0,0,1,0,1,0,0,0,0,0,0,0
94900,9991,0,6,0,2,0,0,0,1,0,0,0,0,0,0,0,0,0
95000,9996,0,1,0,1,0,0,0,1,0,1,0,0,0,0,0,0,0
95100,9992,0,1,0,0,0,3,0,4,0,0,0,0,0,0,0,0,0
95200,9996,0,1,0,0,0,1,0,1,0,1,0,0,0,0,0,0,0
95300,9991,0,1,0,3,0,1,0,3,0,1,0,0,0,0,0,0,0
95400,9989,0,6,0,1,0,1,0,1,0,2,0,0,0,0,0,0,0
95500,9992,0,2,0,3,0,1,0,2,0,0,0,0,0,0,0,0,0
95600,9991,0,3,0,3,0,1,0,2,0,0,0,0,0,0,0,0,0
95700,9997,0,0,0,0,0,0,0,3,0,0,0,0,0,0,0,0,0
95800,9997,0,0,0,1,0,1,0,1,0,0,0,0,0,0,0,0,0
95900,9985,0,1,0,2,0,6,0,4,0,2,0,0,0,0,0,0,0
96000,9987,0,3,0,7,0,0,0,2,0,1,0,0,0,0,0,0,0
96100,9984,0,1,0,9,0,2,0,2,0,2,0,0,0,0,0,0,0
96200,9986,0,7,0,6,0,0,0,0,0,1,0,0,0,0,0,0,0
96300,9986,0,0,0,9,0,3,0,2,0,0,0,0,0,0,0,0,0
96400,9988,0,0,0,6,0,1,0,5,0,0,0,0,0,0,0,0,0
96500,9984,0,0,0,5,0,4,0,6,0,1,0,0,0,0,0,0,0
96600,9995,0,4,0,0,0,0,0,1,0,0,0,0,0,0,0,0,0
96700,9991,0,2,0,4,0,1,0,1,0,1,0,0,0,0,0,0,0
96800,9991,0,2,0,1,0,1,0,2,0,3,0,0,0,0,0,0,0
96900,9986,0,8,0,2,0,2,0,1,0,1,0,0,0,0,0,0,0
97000,9979,0,10,0,3,0,3,0,5,0,0,0,0,0,0,0,0,0
97100,9982,0,13,0,2,0,0,0,2,0,1,0,0,0,0,0,0,0
97200,9988,0,9,0,2,0,0,0,0,0,1,0,0,0,0,0,0,0
97300,9990,0,7,0,1,0,0,0,2,0,0,0,0,0,0,0,0,0
97400,9992,0,4,0,1,0,1,0,2,0,0,0,0,0,0,0,0,0
97500,9988,0,3,0,4,0,0,0,4,0,1,0,0,0,0,0,0,0
97600,9986,0,5,0,5,0,0,0,4,0,0,0,0,0,0,0,0,0
97700,9991,0,2,0,0,0,1,0,5,0,1,0,0,0,0,0,0,0
97800,9994,0,2,0,2,0,0,0,2,0,0,0,0,0,0,0,0,0
97900,9996,0,0,0,1,0,1,0,2,0,0,0,0,0,0,0,0,0
98000,9991,0,2,0,0,0,3,0,1,0,2,0,1,0,0,0,0,0
98100,9995,0,3,0,0,0,1,0,1,0,0,0,0,0,0,0,0,0
98200,9989,0,0,0,3,0,1,0,5,0,2,0,0,0,0,0,0,0
98300,9993,0,0,0,2,0,2,0,3,0,0,0,0,0,0,0,0,0
98400,9991,0,2,0,1,0,1,0,5,0,0,0,0,0,0,0,0,0
98500,9996,0,0,0,1,0,1,0,1,0,1,0,0,0,0,0,0,0
98600,9988,0,2,0,2,0,2,0,3,0,2,0,1,0,0,0,0,0
98700,9995,0,3,0,1,0,1,0,0,0,0,0,0,0,0,0,0,0
98800,9997,0,0,0,1,0,0,0,2,0,0,0,0,0,0,0,0,0
98900,9990,0,3,0,0,0,5,0,2,0,0,0,0,0,0,0,0,0
99000,9991,0,1,0,2,0,3,0,3,0,0,0,0,0,0,0,0,0
99100,9993,0,0,0,2,0,0,0,4,0,1,0,0,0,0,0,0,0
99200,9993,0,1,0,1,0,4,0,1,0,0,0,0,0,0,0,0,0
99300,9997,0,0,0,1,0,1,0,1,0,0,0,0,0,0,0,0,0
99400,9991,0,2,0,1,0,3,0,2,0,1,0,0,0,0,0,0,0
99500,9995,0,0,0,0,0,4,0,0,0,1,0,0,0,0,0,0,0
99600,9986,0,1,0,2,0,4,0,4,0,3,0,0,0,0,0,0,0
99700,9990,0,3,0,3,0,0,0,3,0,1,0,0,0,0,0,0,0
99800,9988,0,4,0,2,0,3,0,3,0,0,0,0,0,0,0,0,0
99900,9996,0,0,0,0,0,1,0,1,0,2,0,0,0,0,0,0,0
100000,9992,0,2,0,0,0,1,0,5,0,0,0,0,0,0,0,0,0
