update,host_task_NOT,sym_task_NOT,host_task_NAND,sym_task_NAND,host_task_AND,sym_task_AND,host_task_ORN,sym_task_ORN,host_task_OR,sym_task_OR,host_task_ANDN,sym_task_ANDN,host_task_NOR,sym_task_NOR,host_task_XOR,sym_task_XOR,host_task_EQU,sym_task_EQU
0,0,0,0,0,0,0,0,0,0,0,0,0,0,0,0,0,0,0
100,9999,38379,0,0,2,6,0,2,0,7,1,3,0,0,0,0,0,0
200,9996,33364,0,6,0,1,1,4,3,5,0,3,0,0,0,0,0,0
300,9993,33220,0,6,1,2,1,3,1,7,4,1,0,0,0,0,0,0
400,9999,33315,0,8,0,4,0,4,1,3,0,4,0,0,0,0,0,0
500,9987,33277,0,7,6,6,0,6,3,4,4,4,0,0,0,0,0,0
600,9997,28109,0,3,2,5,0,1,1,8,0,1,0,0,0,0,0,0
700,9997,25874,0,4,2,7,0,3,1,8,0,4,0,0,0,0,0,0
800,9991,25975,0,4,3,5,1,1,5,2,0,2,0,0,0,0,0,0
900,9990,26124,0,3,4,7,0,2,4,5,2,3,0,0,0,0,0,0
1000,9994,26079,0,1,1,4,1,1,4,6,0,4,0,0,0,0,0,0
1100,9989,23232,3,0,2,8,2,0,3,7,1,0,0,0,0,0,0,0
1200,9993,20417,2,6,0,6,2,1,2,5,1,0,0,0,0,0,0,0
1300,9989,20280,3,3,3,5,1,4,3,2,1,3,0,0,0,0,0,0
1400,9991,20279,1,3,2,2,0,1,6,4,0,0,0,0,0,0,0,0
1500,9990,20292,0,4,5,3,0,3,5,3,0,1,0,0,0,0,0,0
1600,9985,19287,3,5,4,1,3,1,3,5,2,1,0,0,0,0,0,0
1700,9994,16350,1,8,0,2,1,1,1,3,3,2,0,0,0,0,0,0
1800,9994,16249,0,5,1,5,2,3,2,2,1,1,0,0,0,0,0,0
1900,9995,16156,2,2,0,2,1,2,1,4,1,0,0,0,0,0,0,0
2000,9993,16083,1,5,1,2,4,5,1,8,0,0,0,0,0,0,0,0
2100,9993,16123,4,7,1,4,1,0,1,1,0,0,0,0,0,0,0,0
2200,9994,13049,2,10,1,0,1,1,1,3,1,1,0,0,0,0,0,0
2300,9990,12797,2,7,4,1,3,3,1,3,0,1,0,0,0,0,0,0
2400,9988,12913,3,6,4,3,0,1,4,0,1,2,0,0,0,0,0,0
2500,9986,12939,1,2,4,0,2,1,4,2,3,1,0,0,0,0,0,0
2600,9989,12972,2,0,2,4,3,0,4,2,0,1,0,0,0,0,0,0
2700,9991,11118,2,6,1,0,2,2,4,0,0,1,0,0,0,0,0,0
2800,9985,10583,5,2,2,4,1,0,2,1,5,1,0,0,0,0,0,0
2900,9991,10430,4,6,2,1,1,8,2,3,0,0,0,0,0,0,0,0
3000,9992,10456,4,10,1,0,2,5,1,1,0,0,0,0,0,0,0,0
3100,9984,10486,1,5,0,3,7,1,5,3,3,0,0,0,0,0,0,0
3200,9984,9392,4,8,0,1,5,3,6,3,1,0,0,0,0,0,0,0
3300,9986,8672,6,4,0,2,1,2,5,1,2,0,0,0,0,0,0,0
3400,9986,8745,1,3,2,5,7,0,4,2,0,1,0,0,0,0,0,0
3500,9981,8746,5,8,4,1,6,1,3,1,1,1,0,0,0,0,0,0
3600,9983,8657,2,10,3,0,7,1,3,2,2,0,0,0,0,0,0,0
3700,9985,8268,8,3,1,0,3,2,3,2,0,1,0,0,0,0,0,0
3800,9986,7237,5,8,1,0,6,2,2,0,0,1,0,0,0,0,0,0
3900,9982,7345,6,8,2,1,7,2,2,4,1,0,0,0,0,0,0,0
4000,9976,7339,7,7,2,0,11,1,4,2,0,2,0,0,0,0,0,0
4100,9980,7262,8,3,3,1,5,3,2,2,2,1,0,3,0,0,0,0
4200,9976,7294,4,12,2,3,9,3,6,0,3,1,0,0,0,0,0,0
4300,9979,6218,9,14,4,1,5,1,3,4,0,0,0,0,0,0,0,0
4400,9978,6553,7,7,0,2,10,1,3,0,2,1,0,0,0,0,0,0
4500,9970,6421,11,5,3,0,13,1,2,2,1,0,0,0,0,0,0,0
4600,9972,6449,8,4,3,1,10,3,7,1,0,0,0,0,0,0,0,0
4700,9973,6382,10,10,2,0,11,2,4,2,0,0,0,0,0,0,0,0
4800,9974,5596,12,7,2,2,11,3,1,5,0,0,0,0,0,0,0,0
4900,9960,5446,20,9,2,0,14,3,3,0,1,0,0,0,0,0,0,0
5000,9968,5610,17,4,2,1,8,2,3,0,1,1,1,0,0,0,0,0
5100,9967,5759,16,10,2,2,10,1,3,1,1,1,1,0,0,0,0,0
5200,9959,5724,20,9,2,1,14,1,3,2,2,1,0,0,0,0,0,0
5300,9961,5150,24,16,2,1,8,2,2,1,3,0,0,0,0,0,0,0
5400,9961,4794,24,22,1,0,9,2,2,3,2,0,1,0,0,0,0,0
5500,9954,4928,25,23,3,1,9,2,7,1,2,0,0,0,0,0,0,0
5600,9956,5051,26,16,2,4,10,1,3,2,3,1,0,0,0,0,0,0
5700,9954,5030,26,5,1,0,11,5,7,1,1,0,0,0,0,0,0,0
5800,9959,4799,24,12,4,3,8,5,5,4,0,1,0,0,0,0,0,0
5900,9951,4313,34,11,2,0,11,6,1,2,1,0,0,0,0,0,0,0
6000,9947,4469,36,24,3,0,10,5,4,2,0,0,0,0,0,0,0,0
6100,9945,4667,34,29,2,0,11,4,8,2,0,0,0,0,0,0,0,0
6200,9938,4713,35,22,3,3,17,0,7,1,0,0,0,0,0,0,0,0
6300,9943,4710,39,15,1,3,14,8,3,3,0,0,0,0,0,0,0,0
6400,9939,4199,38,13,3,1,18,7,1,1,1,1,0,0,0,0,0,0
6500,9934,4297,41,27,1,0,16,4,6,3,1,0,1,0,0,0,0,0
6600,9935,4350,43,29,2,0,17,1,3,1,0,0,0,0,0,0,0,0
6700,9900,4491,72,37,2,2,19,1,5,2,2,0,0,0,0,0,0,0
6800,9907,4629,67,31,1,2,15,5,10,3,0,1,0,0,0,0,0,0
6900,9912,4372,66,38,1,1,15,1,5,3,1,1,0,0,0,0,0,0
7000,9900,4525,75,40,4,2,14,1,4,1,3,0,0,0,0,0,0,0
7100,9907,5016,68,66,5,0,15,10,4,3,1,0,0,0,0,0,0,0
7200,9900,6268,73,120,1,0,17,12,6,2,3,0,0,0,0,0,0,0
7300,9922,8377,50,117,6,1,19,39,3,3,0,0,0,1,0,0,0,0
7400,9908,9860,60,152,2,7,24,17,5,6,1,1,0,0,0,0,0,0
7500,9910,11119,57,268,4,11,25,11,2,6,2,2,0,0,0,0,0,0
7600,9904,12296,59,267,3,6,24,11,7,12,3,3,0,0,0,0,0,0
7700,9900,13695,58,537,4,3,25,14,13,7,0,3,0,0,0,0,0,0
7800,9900,13548,60,698,3,4,31,18,5,8,1,4,0,0,0,0,0,0
7900,9898,15766,57,785,4,4,32,18,5,5,4,1,0,0,0,0,0,0
8000,9874,15167,88,487,3,7,21,10,12,4,2,4,0,0,0,0,0,0
8100,9870,18155,94,543,2,5,21,5,12,6,1,4,0,0,0,0,0,0
8200,9885,17852,89,642,3,3,16,2,6,6,1,2,0,0,0,0,0,0
8300,9861,19454,104,727,4,6,18,16,9,7,4,3,0,0,0,0,0,0
8400,9867,21029,109,574,2,7,15,7,6,10,1,1,0,0,0,0,0,0
8500,9885,18879,97,450,2,6,14,9,2,3,0,2,0,0,0,0,0,0
8600,9871,19968,104,419,2,5,15,9,7,2,1,2,0,1,0,0,0,0
8700,9855,21445,123,405,2,12,14,3,5,4,1,3,0,0,0,0,0,0
8800,9840,22386,134,262,3,4,15,6,6,2,1,2,1,0,0,0,0,0
8900,9842,23481,132,278,3,11,11,11,10,6,2,1,0,0,0,0,0,0
9000,9840,21370,130,286,4,5,15,3,10,6,1,2,0,0,0,0,0,0
9100,9841,22805,125,276,4,7,12,5,14,1,4,1,0,1,0,0,0,0
9200,9814,21625,126,274,12,17,23,4,20,4,5,0,0,0,0,0,0,0
9300,9780,23019,173,257,11,5,20,6,15,5,1,3,0,0,0,0,0,0
9400,9707,22354,223,241,13,1,31,6,21,8,4,2,1,0,0,0,0,0
9500,9674,23795,265,299,8,4,29,11,20,4,4,0,0,0,0,0,0,0
9600,9715,23817,227,289,8,9,27,8,18,3,4,1,1,0,0,0,0,0
9700,9719,24467,222,259,11,9,30,11,18,7,0,3,0,0,0,0,0,0
9800,9737,25587,213,320,8,14,24,8,16,7,2,2,0,0,0,0,0,0
9900,9722,27143,234,245,10,7,20,5,11,2,3,0,0,0,0,0,0,0
10000,9702,27948,250,271,9,3,17,13,22,4,0,1,0,0,0,0,0,0
10100,9717,28972,247,242,1,4,13,6,18,3,4,1,0,0,0,0,0,0
10200,9714,29441,252,205,6,4,13,1,12,7,3,3,0,0,0,0,0,0
10300,9688,28584,274,183,8,7,17,3,10,4,3,1,0,0,0,0,0,0
10400,9693,29278,274,259,9,4,10,3,12,9,2,2,0,0,0,0,0,0
10500,9713,27454,254,166,10,5,7,5,15,4,1,3,0,0,0,0,0,0
10600,9726,27768,239,201,7,4,12,4,13,2,3,1,0,0,0,0,0,0
10700,9728,27098,234,160,6,6,12,2,18,4,1,3,1,0,0,0,0,0
10800,9739,26380,231,150,4,4,8,5,15,7,3,2,0,0,0,0,0,0
10900,9700,25836,270,101,7,5,9,2,14,3,0,3,0,0,0,0,0,0
11000,9695,26043,274,105,5,2,10,2,12,4,4,0,0,0,0,0,0,0
11100,9690,26558,272,120,5,2,13,6,18,10,2,3,0,0,0,0,0,0
11200,9693,25643,268,130,8,9,15,1,15,6,1,0,0,0,0,0,0,0
11300,9700,25139,260,171,4,7,14,0,17,15,4,2,1,0,0,0,0,0
11400,9645,24439,326,88,5,3,11,1,12,8,1,1,0,0,0,0,0,0
11500,9603,22905,360,100,6,2,11,3,18,3,2,1,0,0,0,0,0,0
11600,9627,22789,349,117,4,4,11,3,8,2,1,1,0,0,0,0,0,0
11700,9641,24069,329,96,2,5,11,6,16,1,1,0,0,0,0,0,0,0
11800,9637,23717,334,81,5,9,9,4,14,7,1,2,0,0,0,0,0,0
11900,9628,19826,350,78,2,5,8,4,9,5,2,0,1,0,0,0,0,0
12000,9627,19845,348,112,2,2,8,4,11,3,2,3,2,0,0,0,0,0
12100,9632,19023,336,118,5,4,14,6,12,2,1,1,0,0,0,0,0,0
12200,9657,21038,319,98,2,4,9,3,11,5,2,0,0,0,0,0,0,0
12300,9650,21412,314,102,3,2,15,4,16,3,2,3,0,0,0,0,0,0
12400,9650,21289,323,95,4,3,13,7,10,7,0,0,0,0,0,0,0,0
12500,9665,19845,306,69,6,3,8,0,12,9,2,0,1,0,0,0,0,0
12600,9689,19002,281,31,4,4,10,5,15,10,1,0,0,0,0,0,0,0
12700,9701,18701,270,55,4,3,7,4,15,10,3,1,0,0,0,0,0,0
12800,9705,18813,265,25,4,3,11,4,15,4,0,2,0,0,0,0,0,0
12900,9738,18866,239,99,2,2,5,1,14,8,2,0,0,0,0,0,0,0
13000,9768,17799,211,39,2,2,6,2,12,5,1,1,0,0,0,0,0,0
13100,9750,15680,217,43,2,6,12,4,17,3,2,0,0,0,0,0,0,0
13200,9734,16582,237,60,0,5,8,7,16,1,5,0,0,0,0,0,0,0
13300,9725,13226,241,160,3,4,15,1,15,5,1,1,0,0,0,0,0,0
13400,9750,13209,229,91,1,2,14,2,4,6,1,2,1,0,0,0,0,0
13500,9757,13562,223,33,3,3,10,4,5,1,2,1,0,0,0,0,0,0
13600,9739,14101,240,29,3,0,5,4,10,1,3,0,0,0,0,0,0,0
13700,9740,15341,237,19,0,0,14,4,6,4,3,1,0,0,0,0,0,0
13800,9725,14263,249,14,6,3,7,0,11,4,1,0,0,0,1,0,0,0
13900,9705,14037,269,21,2,3,8,3,11,4,4,0,1,0,0,0,0,0
14000,9649,14709,324,53,4,3,13,3,6,4,4,2,0,0,0,0,0,0
14100,9655,13308,322,34,4,2,8,2,6,3,5,2,0,0,0,0,0,0
14200,9687,14332,298,25,2,3,3,3,10,2,0,4,0,0,0,0,0,0
14300,9693,14141,286,39,6,7,5,2,5,2,5,1,0,0,0,0,0,0
14400,9715,12968,272,35,4,2,5,2,3,5,1,1,0,0,0,0,0,0
14500,9746,12159,244,37,5,4,2,2,2,2,1,2,0,0,0,0,0,0
14600,9774,12543,216,51,1,5,4,2,2,3,3,2,0,0,0,0,0,0
14700,9775,12877,214,13,2,5,5,3,0,3,4,0,0,0,0,0,0,0
14800,9775,13293,213,20,2,0,7,5,2,6,1,0,0,0,0,0,0,0
14900,9747,13046,238,17,4,3,3,0,5,2,3,4,0,0,0,0,0,0
15000,9732,11711,255,16,1,7,5,3,4,5,2,1,1,0,0,0,0,0
15100,9732,11632,255,34,1,1,7,1,4,2,1,1,0,0,0,0,0,0
15200,9742,10637,242,79,2,0,5,2,8,1,1,1,0,0,0,0,0,0
15300,9777,11070,214,32,2,0,3,1,3,0,0,0,1,0,0,0,0,0
15400,9810,9344,180,17,1,1,7,0,1,1,1,0,0,0,0,0,0,0
15500,9807,8506,173,43,3,1,13,0,1,2,3,0,0,0,0,0,0,0
15600,9829,9774,157,15,3,4,8,1,1,0,2,2,0,0,0,0,0,0
15700,9826,8686,155,24,5,3,10,0,4,1,0,0,0,0,0,0,0,0
15800,9825,8109,155,16,0,2,13,1,5,1,2,2,0,0,0,0,0,0
15900,9820,7381,164,15,3,4,8,2,4,4,1,0,0,0,0,0,0,0
16000,9826,8261,161,28,2,1,7,6,2,1,2,1,0,0,0,0,0,0
16100,9825,8765,156,13,4,0,8,0,5,1,2,1,0,0,0,0,0,0
16200,9824,7614,159,14,3,0,7,6,7,0,0,1,0,0,0,0,0,0
16300,9844,8113,146,4,3,3,5,1,1,4,1,3,0,0,0,0,0,0
16400,9829,8796,153,14,5,3,5,16,6,3,2,1,0,0,0,0,0,0
16500,9848,8781,140,4,2,2,7,2,3,3,0,0,0,0,0,0,0,0
16600,9839,9752,146,8,5,1,7,2,2,2,1,0,0,0,0,0,0,0
16700,9853,9359,132,19,7,1,6,2,0,4,2,0,0,0,0,0,0,0
16800,9849,9085,134,15,2,2,7,1,6,2,2,1,0,0,0,0,0,0
16900,9850,8995,131,45,1,4,11,2,5,0,2,0,0,0,0,0,0,0
17000,9852,7889,136,100,1,2,7,1,2,0,2,1,0,0,0,0,0,0
17100,9845,7782,140,4,1,2,11,0,3,4,0,1,0,0,0,0,0,0
17200,9862,8025,119,76,4,2,10,0,3,1,2,0,0,0,0,0,0,0
17300,9898,7958,87,2,3,0,5,1,6,2,1,0,0,0,0,0,0,0
17400,9899,8390,85,10,7,1,5,2,3,1,1,2,0,0,0,0,0,0
17500,9903,8150,84,24,8,2,4,1,1,0,0,1,0,0,0,0,0,0
17600,9913,6516,67,11,11,1,4,4,4,0,1,1,0,0,0,0,0,0
17700,9918,5857,64,25,11,1,4,0,2,1,1,3,0,0,0,0,0,0
17800,9911,7563,70,74,13,1,2,0,4,1,0,1,0,0,0,0,0,0
17900,9919,7600,63,66,9,0,4,1,5,3,0,0,0,0,0,0,0,0
18000,9916,7233,67,49,7,0,3,2,6,1,1,1,0,0,0,0,0,0
18100,9903,6795,77,28,9,1,6,0,4,2,1,0,0,0,0,0,0,0
18200,9915,6040,70,30,10,1,4,2,1,2,0,0,0,0,0,0,0,0
18300,9920,6656,68,35,9,0,0,1,3,1,0,0,0,0,0,0,0,0
18400,9938,6481,54,15,5,4,2,0,0,2,1,0,0,0,0,0,0,0
18500,9943,5963,44,14,5,6,2,3,5,0,1,1,0,0,0,0,0,0
18600,9953,6238,37,32,6,4,2,2,2,4,0,1,0,0,0,0,0,0
18700,9944,6353,44,47,3,8,3,3,6,0,0,0,0,0,0,0,0,0
18800,9954,5985,37,85,4,8,0,2,5,4,0,2,0,0,0,0,0,0
18900,9960,5505,31,113,6,10,1,3,1,3,1,0,0,0,0,0,0,0
19000,9952,6606,35,32,5,8,5,2,2,0,1,2,0,0,0,0,0,0
19100,9967,6103,23,13,4,13,2,2,2,0,2,0,0,0,0,0,0,0
19200,9967,4796,24,16,2,10,2,0,5,3,0,2,0,0,0,0,0,0
19300,9974,5250,22,8,1,8,1,1,2,2,0,1,0,0,0,0,0,0
19400,9977,5847,16,8,3,1,0,1,4,1,0,0,0,0,0,0,0,0
19500,9975,4750,18,7,0,0,3,0,2,0,2,0,0,0,0,0,0,0
19600,9971,4099,16,4,4,0,6,4,3,0,0,1,0,0,0,0,0,0
19700,9978,4533,15,5,2,1,0,0,2,3,3,2,0,0,0,0,0,0
19800,9972,4328,17,9,5,0,0,1,4,1,2,1,0,0,0,0,0,0
19900,9973,4992,20,2,1,2,0,3,3,1,3,0,0,0,0,0,0,0
20000,9977,5246,15,4,2,2,3,1,3,2,0,0,0,0,0,0,0,0
20100,9967,5010,27,4,1,2,3,0,1,3,1,0,0,0,0,0,0,0
20200,9951,4659,36,5,3,5,4,0,6,0,0,1,0,0,0,0,0,0
20300,9960,3974,31,13,3,1,1,0,4,1,1,1,0,0,0,0,0,0
20400,9952,4033,36,28,2,3,1,1,7,1,2,0,0,0,0,0,0,0
20500,9958,4557,36,14,0,4,3,1,1,3,2,1,0,0,0,0,0,0
20600,9946,4435,47,5,4,5,1,7,2,2,0,0,0,0,0,0,0,0
20700,9956,4076,40,11,0,1,1,2,3,0,0,1,0,0,0,0,0,0
20800,9954,4192,39,4,0,0,2,2,3,1,2,0,0,0,0,0,0,0
20900,9949,4249,40,8,3,2,3,0,4,0,1,0,0,0,0,0,0,0
21000,9954,4213,38,13,4,3,1,0,2,1,1,0,0,0,0,0,0,0
21100,9941,3868,48,92,4,0,2,8,5,4,0,0,0,0,0,0,0,0
21200,9953,4228,40,17,1,2,1,0,5,1,0,1,0,0,0,0,0,0
21300,9958,4031,36,4,0,0,4,0,2,0,0,1,0,0,0,0,0,0
21400,9953,3965,41,0,2,0,2,1,2,0,0,1,0,0,0,0,0,0
21500,9952,3855,36,12,3,1,2,1,7,1,0,0,0,0,0,0,0,0
21600,9959,3576,37,48,2,1,2,1,0,1,0,0,0,0,0,0,0,0
21700,9959,4912,36,45,2,0,1,0,2,1,0,0,0,0,0,0,0,0
21800,9954,4985,32,14,3,0,4,1,5,0,2,0,0,0,0,0,0,0
21900,9958,5327,36,27,0,1,2,0,2,2,2,0,0,0,0,0,0,0
22000,9953,4775,36,4,1,1,2,0,4,0,4,1,0,0,0,0,0,0
22100,9957,4588,38,4,3,2,1,0,1,3,0,1,0,0,0,0,0,0
22200,9951,4132,38,3,1,0,5,2,4,0,1,1,0,0,0,0,0,0
22300,9931,4711,66,10,0,1,0,0,2,0,1,0,0,0,0,0,0,0
22400,9926,4987,62,3,3,0,3,0,5,3,1,0,0,0,0,0,0,0
22500,9927,4461,62,34,2,5,4,0,4,2,1,0,0,0,0,0,0,0
22600,9929,4310,65,36,3,3,1,1,0,0,2,1,0,0,0,0,0,0
22700,9927,4627,64,13,1,0,5,1,3,1,0,0,0,0,0,0,0,0
22800,9926,4625,64,60,3,1,1,0,6,1,0,0,0,0,0,0,0,0
22900,9926,4228,66,17,2,2,3,1,0,1,3,1,0,0,0,0,0,0
23000,9931,4506,62,10,3,1,1,0,3,1,0,1,0,0,0,0,0,0
23100,9938,5057,52,5,1,1,3,0,3,1,2,0,1,0,0,0,0,0
23200,9954,4008,37,2,1,0,3,0,4,0,1,2,0,0,0,0,0,0
23300,9962,4411,31,3,2,0,0,0,4,1,1,0,0,0,0,0,0,0
23400,9955,4343,37,0,2,0,3,0,3,2,0,0,0,0,0,0,0,0
23500,9958,3264,34,0,2,2,3,0,2,0,1,0,0,0,0,0,0,0
23600,9963,3992,29,12,2,0,3,1,2,0,1,0,0,0,0,0,0,0
23700,9967,4067,26,7,1,0,2,0,2,1,2,0,0,0,0,0,0,0
23800,9970,4239,27,11,0,1,2,4,0,0,1,1,0,0,0,0,0,0
23900,9954,4723,32,97,4,0,3,0,4,1,3,0,0,0,0,0,0,0
24000,9961,5295,26,1,3,0,8,0,1,2,1,0,0,0,0,0,0,0
24100,9954,5436,30,3,2,0,12,0,2,0,0,0,0,0,0,0,0,0
24200,9951,5026,33,5,0,0,9,0,5,0,2,1,0,0,0,0,0,0
24300,9947,4288,37,76,3,1,11,0,2,2,0,0,0,0,0,0,0,0
24400,9957,4033,28,3,1,1,11,0,2,0,1,0,0,0,0,0,0,0
24500,9958,4256,27,49,1,0,12,0,0,1,2,0,0,0,0,0,0,0
24600,9961,4604,24,32,1,1,10,0,2,4,2,0,0,0,0,0,0,0
24700,9962,4621,25,5,2,0,9,1,2,0,0,0,0,0,0,0,0,0
24800,9958,3997,26,4,2,1,10,0,4,8,0,0,0,0,0,0,0,0
24900,9958,3248,28,6,0,0,9,0,2,1,3,1,0,0,0,0,0,0
25000,9955,4090,29,5,1,0,9,0,5,1,1,1,0,0,0,0,0,0
25100,9952,4348,35,6,1,1,8,0,3,0,1,1,0,0,0,0,0,0
25200,9942,4211,38,7,3,1,10,1,5,2,2,0,0,0,0,0,0,0
25300,9944,3929,39,0,1,1,10,3,4,0,2,0,0,0,0,0,0,0
25400,9948,3850,38,2,1,0,7,0,5,0,1,0,0,0,0,0,0,0
25500,9958,4304,36,3,2,0,0,0,3,0,1,0,0,0,0,0,0,0
25600,9959,4434,36,6,1,1,2,0,2,3,0,0,0,0,0,0,0,0
25700,9961,4016,33,71,2,0,2,0,2,0,0,0,0,0,0,0,0,0
25800,9944,4196,46,186,2,1,3,2,1,1,3,0,1,0,0,0,0,0
25900,9961,3831,35,42,3,0,0,1,1,1,0,0,0,0,0,0,0,0
26000,9960,3915,33,1,2,0,1,1,4,1,0,0,0,0,0,0,0,0
26100,9971,4181,16,3,1,1,4,0,7,1,1,0,0,0,0,0,0,0
26200,9977,3876,9,8,3,0,8,0,1,2,2,0,0,0,0,0,0,0
26300,9974,3830,18,19,1,0,3,2,4,0,0,2,0,0,0,0,0,0
26400,9966,4303,21,15,1,1,3,3,7,1,2,1,0,0,0,0,0,0
26500,9968,4504,22,6,2,0,3,0,5,1,0,2,0,0,0,0,0,0
26600,9972,4615,18,11,1,0,3,1,3,1,3,0,0,0,0,0,0,0
26700,9965,4613,21,16,6,2,4,1,1,1,2,0,1,0,0,0,0,0
26800,9975,4047,17,10,2,1,4,0,1,1,1,0,0,0,0,0,0,0
26900,9973,3536,17,9,1,3,7,5,1,1,1,0,0,0,0,0,0,0
27000,9973,3210,20,6,1,0,3,18,2,2,1,0,0,0,0,0,0,0
27100,9969,2628,17,10,1,1,5,18,7,0,1,0,0,0,0,0,0,0
27200,9978,3463,15,11,0,0,2,1,3,2,2,0,0,0,0,0,0,0
27300,9977,3125,17,12,1,0,2,0,3,0,0,1,0,0,0,0,0,0
27400,9983,3694,15,23,0,0,1,1,1,0,0,0,0,0,0,0,0,0
27500,9980,4239,15,8,1,0,1,0,1,0,2,0,0,0,0,0,0,0
27600,9975,4754,18,8,2,0,3,0,2,1,0,1,0,0,0,0,0,0
27700,9982,4025,10,12,3,0,4,0,0,0,1,0,0,0,0,0,0,0
27800,9980,4068,16,6,1,1,3,1,0,0,0,0,0,0,0,0,0,0
27900,9970,3290,23,14,2,1,2,0,2,0,1,1,0,0,0,0,0,0
28000,9975,3434,21,15,0,2,1,0,2,2,1,0,0,0,0,0,0,0
28100,9970,2819,22,2,3,0,1,1,4,0,0,0,0,0,0,0,0,0
28200,9968,3383,19,6,2,3,3,0,7,2,1,0,0,0,0,0,0,0
28300,9977,3574,18,0,0,0,0,0,3,1,2,1,0,0,0,0,0,0
28400,9984,2879,13,0,0,1,2,1,1,2,0,0,0,0,0,0,0,0
28500,9984,3026,12,0,1,1,1,0,2,0,0,0,0,0,0,0,0,0
28600,9975,3619,13,3,1,0,2,0,5,0,3,0,1,0,0,0,0,0
28700,9981,3650,12,6,0,0,2,0,4,0,1,0,0,0,0,0,0,0
28800,9979,4264,13,3,0,1,2,1,2,0,2,2,2,0,0,0,0,0
28900,9977,3735,19,7,1,0,1,0,2,3,0,1,0,0,0,0,0,0
29000,9977,3343,15,14,3,3,1,0,3,2,1,0,0,0,0,0,0,0
29100,9981,2932,11,29,2,1,3,0,2,1,1,1,0,0,0,0,0,0
29200,9968,3420,20,11,3,0,3,0,4,0,2,0,0,0,0,0,0,0
29300,9980,4175,15,1,4,1,0,0,1,0,0,0,0,0,0,0,0,0
29400,9966,4437,20,0,5,1,2,0,5,2,2,0,0,0,0,0,0,0
29500,9977,4345,17,3,1,0,0,0,5,0,0,1,0,0,0,0,0,0
29600,9974,4100,20,0,2,0,1,0,1,0,2,0,0,0,0,0,0,0
29700,9973,3310,16,13,3,1,3,1,3,0,2,0,0,0,0,0,0,0
29800,9972,2803,16,0,2,0,5,0,3,0,2,0,0,0,0,0,0,0
29900,9981,2473,11,2,0,0,4,0,4,0,0,0,0,0,0,0,0,0
30000,9980,3370,12,0,2,0,4,0,2,1,0,0,0,0,0,0,0,0
30100,9979,3352,18,0,1,0,0,0,2,0,0,1,0,0,0,0,0,0
30200,9980,3502,16,13,2,0,1,1,1,2,0,1,0,0,0,0,0,0
30300,9979,3551,17,4,0,2,2,0,2,0,0,0,0,0,0,0,0,0
30400,9977,3764,15,4,3,1,2,0,2,0,1,1,0,0,0,0,0,0
30500,9972,3795,22,2,2,0,3,0,0,1,1,0,0,0,0,0,0,0
30600,9964,3708,20,1,4,0,3,0,8,1,0,0,1,0,0,0,0,0
30700,9977,4716,18,1,3,0,0,3,2,0,0,0,0,0,0,0,0,0
30800,9980,4125,14,1,1,1,1,1,3,5,1,0,0,0,0,0,0,0
30900,9974,3283,20,3,2,0,2,1,1,4,1,0,0,0,0,0,0,0
31000,9978,3704,19,0,0,1,1,0,1,1,1,1,0,0,0,0,0,0
31100,9965,3543,18,2,3,1,11,0,2,0,1,0,0,0,0,0,0,0
31200,9970,2760,10,0,5,0,15,0,0,1,0,1,0,0,0,0,0,0
31300,9967,3228,17,0,2,0,11,0,1,0,2,0,0,0,0,0,0,0
31400,9973,2964,11,1,0,1,12,0,2,0,2,0,0,0,0,0,0,0
31500,9971,3312,15,0,1,0,11,0,1,0,1,1,0,0,0,0,0,0
31600,9973,3075,13,3,1,0,11,2,1,1,1,0,0,0,0,0,0,0
31700,9967,3244,18,12,1,2,12,1,1,1,1,0,0,0,0,0,0,0
31800,9976,3077,11,12,1,2,11,1,1,0,0,1,0,0,0,0,0,0
31900,9967,2972,11,3,7,2,13,0,1,1,1,0,0,0,0,0,0,0
32000,9965,3477,19,0,1,0,13,2,1,1,1,0,0,0,0,0,0,0
32100,9971,2819,13,0,3,0,10,0,3,0,0,0,0,0,0,0,0,0
32200,9969,2404,12,3,2,1,14,0,3,0,0,0,0,0,0,0,0,0
32300,9975,2471,14,4,0,0,11,0,0,0,0,0,0,0,0,0,0,0
32400,9966,2212,16,2,1,0,12,3,3,0,2,0,0,0,0,0,0,0
32500,9973,2914,12,0,2,1,11,3,1,1,1,0,0,0,0,0,0,0
32600,9971,3498,14,0,1,0,11,1,3,3,0,0,0,0,0,0,0,0
32700,9972,3841,12,5,1,0,9,0,3,0,3,0,0,0,0,0,0,0
32800,9985,3569,13,1,1,1,0,2,1,0,0,0,0,0,0,0,0,0
32900,9979,2860,10,0,1,0,3,0,7,0,0,0,0,0,0,0,0,0
33000,9983,2764,12,9,0,0,3,1,2,0,0,0,0,0,0,0,0,0
33100,9981,2805,14,32,1,0,0,0,4,0,0,1,0,0,0,0,0,0
33200,9975,2720,21,25,2,1,0,2,1,1,1,1,0,0,0,0,0,0
33300,9982,2439,9,4,2,2,2,5,4,0,1,1,0,0,0,0,0,0
33400,9985,2735,4,2,2,2,5,0,3,2,1,0,0,0,0,0,0,0
33500,9983,3041,5,2,4,0,5,0,2,0,1,0,0,0,0,0,0,0
33600,9992,3079,2,0,1,1,2,0,3,2,0,1,0,0,0,0,0,0
33700,9987,3172,5,2,3,1,2,0,2,1,1,0,0,0,0,0,0,0
33800,9986,3809,1,11,1,1,2,1,8,1,2,0,0,0,0,0,0,0
33900,9991,3872,4,8,1,2,0,0,3,0,1,0,0,0,0,0,0,0
34000,9992,3741,2,5,1,2,1,0,4,1,0,0,0,0,0,0,0,0
34100,9991,3786,1,5,1,3,4,1,2,1,1,0,0,0,0,0,0,0
34200,9987,4072,6,2,3,0,0,0,4,0,0,0,0,0,0,0,0,0
34300,9985,3081,5,4,4,1,2,0,4,1,0,0,0,0,0,0,0,0
34400,9983,3102,2,0,1,0,8,3,6,0,0,0,0,0,0,0,0,0
34500,9976,3116,10,4,1,1,3,0,7,0,3,0,0,0,0,0,0,0
34600,9991,3772,3,2,2,1,2,1,0,0,2,0,0,0,0,0,0,0
34700,9995,3889,1,45,0,0,2,0,2,0,0,0,0,0,0,0,0,0
34800,9984,4274,7,2,5,0,0,1,2,1,2,1,0,0,0,0,0,0
34900,9985,4055,4,3,2,1,3,3,2,1,4,0,0,0,0,0,0,0
35000,9982,4026,4,4,6,2,2,0,6,1,0,1,0,0,0,0,0,0
35100,9988,4198,5,12,3,1,2,0,1,0,1,0,0,0,0,0,0,0
35200,9988,4090,1,3,1,1,3,0,4,1,3,1,0,0,0,0,0,0
35300,9987,4285,5,13,3,0,4,2,0,0,1,0,0,0,0,0,0,0
35400,9993,4292,1,5,2,1,0,1,3,2,1,0,0,0,0,0,0,0
35500,9989,4382,3,3,1,1,2,0,4,0,1,0,0,0,0,0,0,0
35600,9987,3499,5,0,2,0,4,1,1,0,1,1,0,0,0,0,0,0
35700,9991,2894,6,0,0,2,1,2,2,0,0,0,0,0,0,0,0,0
35800,9983,3687,6,22,0,1,4,1,3,0,3,0,1,0,0,0,0,0
35900,9981,4729,8,1,1,0,6,1,2,1,2,0,0,0,0,0,0,0
36000,9988,4647,5,0,0,1,2,1,3,1,2,0,0,0,0,0,0,0
36100,9990,4234,4,1,1,0,2,2,2,0,1,0,0,0,0,0,0,0
36200,9990,4579,4,2,2,0,2,3,2,2,0,0,0,0,0,0,0,0
36300,9978,4134,8,2,5,1,3,0,6,3,0,0,0,0,0,0,0,0
36400,9986,4016,7,5,2,2,0,0,4,0,1,0,0,0,0,0,0,0
36500,9987,5121,4,7,3,2,0,1,6,0,0,2,0,0,0,0,0,0
36600,9989,4588,4,3,0,1,4,0,3,2,0,0,0,0,0,0,0,0
36700,9988,4280,4,8,3,1,0,0,1,0,4,0,0,0,0,0,0,0
36800,9987,4206,8,6,1,0,1,1,3,2,0,1,0,0,0,0,0,0
36900,9984,4401,10,10,2,2,1,1,2,0,1,0,0,0,0,0,0,0
37000,9985,3860,9,3,3,0,1,3,1,1,0,0,1,0,0,0,0,0
37100,9986,3421,5,16,3,1,1,0,2,0,3,0,0,0,0,0,0,0
37200,9973,3131,23,16,0,0,2,1,1,1,1,0,0,0,0,0,0,0
37300,9951,3092,40,19,4,0,4,0,1,2,0,0,0,0,0,0,0,0
37400,9963,3080,29,13,2,0,0,0,6,2,0,0,0,0,0,0,0,0
37500,9959,2963,31,4,0,1,5,2,5,0,0,0,0,0,0,0,0,0
37600,9963,3907,32,1,1,0,1,1,2,0,1,0,0,0,0,0,0,0
37700,9958,3894,31,1,2,0,3,0,5,4,1,0,0,0,0,0,0,0
37800,9962,4109,29,5,1,1,3,4,4,0,1,0,0,0,0,0,0,0
37900,9957,3841,31,5,1,2,6,0,4,0,1,1,0,0,0,0,0,0
38000,9961,3437,29,2,1,0,3,2,3,1,3,0,0,0,0,0,0,0
38100,9955,3891,33,11,5,0,2,1,4,0,1,0,0,0,0,0,0,0
38200,9957,3458,35,13,3,0,1,0,1,1,3,0,0,0,0,0,0,0
38300,9965,3007,29,6,4,2,0,0,2,0,0,1,0,0,0,0,0,0
38400,9961,3303,30,5,2,2,3,0,3,3,1,1,0,0,0,0,0,0
38500,9958,3743,33,17,0,0,4,0,3,0,2,2,0,0,0,0,0,0
38600,9953,3326,34,8,4,1,5,0,2,4,2,0,0,0,0,0,0,0
38700,9961,3132,32,0,3,1,2,0,0,0,2,0,0,0,0,0,0,0
38800,9961,3674,31,3,2,1,1,0,5,0,0,2,0,0,0,0,0,0
38900,9959,3188,32,0,4,1,1,0,3,0,1,0,0,0,0,0,0,0
39000,9967,3305,32,4,0,1,1,0,0,0,0,0,0,0,0,0,0,0
39100,9963,3315,32,0,1,0,2,0,1,1,1,0,0,0,0,0,0,0
39200,9963,3239,31,4,3,0,1,0,1,0,1,1,0,0,0,0,0,0
39300,9959,3256,30,14,4,2,1,0,5,0,1,0,0,0,0,0,0,0
39400,9950,3061,40,18,3,1,2,0,4,0,1,0,0,0,0,0,0,0
39500,9955,3226,38,15,2,1,2,0,2,0,1,0,0,0,0,0,0,0
39600,9949,3990,41,2,0,0,6,1,1,3,3,0,0,0,0,0,0,0
39700,9949,4414,47,4,1,1,1,0,2,1,0,0,0,0,0,0,0,0
39800,9952,3798,43,5,0,1,2,3,2,0,1,0,0,0,0,0,0,0
39900,9946,3879,40,10,3,1,7,2,4,0,0,0,0,0,0,0,0,0
40000,9948,4020,44,1,2,1,3,2,0,0,3,0,0,0,0,0,0,0
40100,9949,4095,49,3,1,1,0,1,0,1,1,0,0,0,0,0,0,0
40200,9950,4396,39,5,3,1,1,0,7,1,0,0,0,0,0,0,0,0
40300,9949,4283,38,8,3,1,2,5,7,1,1,0,0,0,0,0,0,0
40400,9952,4595,43,5,2,0,0,2,3,1,0,1,0,0,0,0,0,0
40500,9955,4425,38,7,2,1,2,1,2,2,1,1,0,0,0,0,0,0
40600,9952,4452,38,14,2,2,2,0,3,7,3,0,0,0,0,0,0,0
40700,9949,3893,37,7,5,4,5,1,3,0,1,0,0,0,0,0,0,0
40800,9951,3528,39,7,4,5,1,0,4,0,1,0,0,0,0,0,0,0
40900,9983,2520,12,3,2,2,0,0,3,1,0,0,0,0,0,0,0,0
41000,9983,2862,9,4,0,0,1,0,5,0,2,0,0,0,0,0,0,0
41100,9981,3811,10,3,2,3,3,1,3,1,1,1,0,0,0,0,0,0
41200,9984,3939,9,4,2,0,1,1,4,1,0,0,0,0,0,0,0,0
41300,9973,4145,11,3,4,0,8,0,4,2,0,1,0,0,0,0,0,0
41400,9982,4019,11,0,0,1,6,1,0,1,1,0,0,0,0,0,0,0
41500,9981,4040,13,2,2,0,1,0,2,0,1,0,0,0,0,0,0,0
41600,9968,3299,18,0,4,0,4,0,6,4,0,1,0,0,0,0,0,0
41700,9974,2266,21,0,2,1,0,0,2,2,1,0,0,0,0,0,0,0
41800,9971,2282,24,5,1,1,2,0,2,0,0,0,0,0,0,0,0,0
41900,9975,3053,19,11,2,0,2,3,1,1,1,0,0,0,0,0,0,0
42000,9971,3540,19,26,2,1,5,2,2,1,1,0,0,0,0,0,0,0
42100,9984,3038,10,12,1,1,2,0,1,5,2,0,0,0,0,0,0,0
42200,9980,3551,9,1,2,1,3,0,6,0,0,0,0,0,0,0,0,0
42300,9982,3636,10,2,2,0,5,2,1,5,0,0,0,0,0,0,0,0
42400,9979,3462,11,10,3,0,4,2,2,0,1,0,0,0,0,0,0,0
42500,9984,3029,9,13,3,1,2,1,0,2,2,0,0,0,0,0,0,0
42600,9983,2969,9,44,0,0,2,0,4,1,2,0,0,0,0,0,0,0
42700,9978,2730,10,2,2,1,2,0,8,1,0,0,0,0,0,0,0,0
42800,9979,2766,9,2,5,0,1,0,6,1,0,1,0,0,0,0,0,0
42900,9982,3243,11,0,0,0,2,0,4,0,1,0,0,0,0,0,0,0
43000,9983,2947,9,5,3,1,4,0,1,0,0,0,0,0,0,0,0,0
43100,9963,3108,23,1,4,0,2,1,8,1,0,0,0,0,0,0,0,0
43200,9956,2782,37,2,3,0,1,0,2,0,1,0,0,0,0,0,0,0
43300,9947,3106,36,3,3,0,5,1,6,1,3,0,0,0,0,0,0,0
43400,9951,2777,36,6,1,0,5,1,5,4,2,1,0,0,0,0,0,0
43500,9961,2464,33,33,2,2,2,0,1,2,1,2,0,0,0,0,0,0
43600,9947,2810,37,88,1,0,10,0,3,0,2,0,0,0,0,0,0,0
43700,9955,2729,35,36,2,2,5,0,3,0,0,1,0,0,0,0,0,0
43800,9961,2596,36,4,3,1,0,2,0,0,0,0,0,0,0,0,0,0
43900,9958,3868,35,72,2,0,4,4,0,0,1,0,0,0,0,0,0,0
44000,9959,3665,34,62,1,1,5,2,1,1,0,0,0,2,0,0,0,0
44100,9951,4190,37,40,2,0,6,1,4,0,0,0,0,0,0,0,0,0
44200,9951,4368,37,14,2,0,5,1,4,1,1,0,0,0,0,0,0,0
44300,9952,3717,35,9,3,0,6,0,4,0,0,1,0,0,0,0,0,0
44400,9954,3904,37,12,2,0,5,0,0,1,2,1,0,0,0,0,0,0
44500,9950,3739,45,14,1,0,3,1,1,0,0,1,0,0,0,0,0,0
44600,9938,3036,54,9,4,0,2,2,2,0,0,0,0,0,0,0,0,0
44700,9935,3457,57,0,2,0,3,1,2,0,1,1,0,0,0,0,0,0
44800,9932,3743,60,21,1,1,3,0,3,1,1,0,0,0,0,0,0,0
44900,9935,4067,54,44,3,0,5,1,2,0,1,0,0,0,0,0,0,0
45000,9932,2935,55,106,4,1,7,3,2,1,0,1,0,0,0,0,0,0
45100,9931,3271,60,105,2,0,2,3,1,0,4,0,0,0,0,0,0,0
45200,9941,2904,52,24,1,0,6,0,0,1,0,1,0,0,0,0,0,0
45300,9944,3128,44,0,1,0,6,0,3,2,1,0,1,0,0,0,0,0
45400,9953,3470,45,13,0,0,0,0,1,0,1,0,0,0,0,0,0,0
45500,9951,3792,43,9,0,0,2,2,3,0,1,0,0,0,0,0,0,0
45600,9948,3141,45,6,1,2,3,1,2,0,1,0,0,0,0,0,0,0
45700,9951,3835,48,14,0,1,1,0,0,0,0,0,0,0,0,0,0,0
45800,9953,3224,43,3,1,0,2,0,1,1,0,0,0,0,0,0,0,0
45900,9950,3431,44,2,2,0,2,0,1,0,1,0,0,0,0,0,0,0
46000,9944,3689,45,2,1,1,7,0,3,0,0,0,0,0,0,0,0,0
46100,9962,3406,31,7,1,0,4,0,0,1,2,0,0,0,0,0,0,0
46200,9967,3043,17,2,1,0,11,0,1,0,3,0,0,0,0,0,0,0
46300,9966,2613,18,12,4,0,9,0,3,3,0,0,0,0,0,0,0,0
46400,9967,2354,22,37,1,0,8,0,1,0,1,0,0,0,0,0,0,0
46500,9971,2269,18,25,1,0,8,1,0,2,2,0,0,0,0,0,0,0
46600,9969,2174,25,3,0,1,4,1,0,0,1,0,1,0,0,0,0,0
46700,9967,2030,19,5,1,0,8,0,2,0,3,0,0,0,0,0,0,0
46800,9966,2875,22,1,2,2,4,1,6,1,0,0,0,0,0,0,0,0
46900,9969,3430,21,12,0,0,9,1,1,1,0,0,0,0,0,0,0,0
47000,9965,3394,19,32,3,1,8,3,3,0,2,0,0,0,0,0,0,0
47100,9963,3573,19,4,2,0,13,1,2,1,1,0,0,0,0,0,0,0
47200,9967,3884,18,1,0,0,13,0,2,0,0,0,0,0,0,0,0,0
47300,9970,4333,20,0,2,0,8,3,0,0,0,1,0,0,0,0,0,0
47400,9963,4075,21,32,1,1,10,0,3,0,1,0,1,0,0,0,0,0
47500,9973,3875,22,3,1,2,4,0,0,1,0,2,0,0,0,0,0,0
47600,9968,3563,19,3,0,2,11,0,2,1,0,0,0,0,0,0,0,0
47700,9971,3917,18,4,2,2,8,1,0,1,1,0,0,0,0,0,0,0
47800,9967,3847,20,7,2,0,7,0,3,1,1,0,0,0,0,0,0,0
47900,9963,3861,21,30,6,1,8,0,2,1,0,1,0,0,0,0,0,0
48000,9964,4957,22,33,5,1,6,0,3,0,0,0,0,0,0,0,0,0
48100,9964,4551,20,5,1,1,9,1,5,3,1,0,0,0,0,0,0,0
48200,9963,4344,25,13,0,0,8,2,4,0,0,0,0,1,0,0,0,0
48300,9967,4268,23,6,1,1,7,2,1,1,1,0,0,0,0,0,0,0
48400,9953,3787,32,35,3,0,9,0,2,2,1,0,0,0,0,0,0,0
48500,9963,3998,29,36,0,1,5,0,2,1,1,0,0,0,0,0,0,0
48600,9965,4142,31,17,2,1,1,0,1,2,0,1,0,0,0,0,0,0
48700,9955,3854,29,16,2,1,2,1,7,0,5,0,0,0,0,0,0,0
48800,9964,4124,29,7,1,1,4,0,2,0,0,0,0,0,0,0,0,0
48900,9955,3996,37,0,1,0,5,0,2,0,0,0,0,0,0,0,0,0
49000,9973,3921,18,12,1,0,5,0,2,0,1,0,0,0,0,0,0,0
49100,9977,3784,17,18,2,0,4,0,0,3,0,1,0,0,0,0,0,0
49200,9979,4844,17,16,0,1,2,0,2,1,0,0,0,0,0,0,0,0
49300,9971,4909,22,10,2,2,3,0,1,1,1,0,0,0,0,0,0,0
49400,9979,3854,12,5,1,2,6,0,1,0,1,1,0,0,0,0,0,0
49500,9970,3793,16,2,1,0,7,0,4,0,2,0,0,0,0,0,0,0
49600,9968,4293,19,6,4,0,6,1,1,0,2,0,0,0,0,0,0,0
49700,9976,4182,17,4,0,0,4,1,2,0,1,1,0,0,0,0,0,0
49800,9985,3901,13,3,1,0,0,0,0,1,1,0,0,0,0,0,0,0
49900,9978,3345,16,0,2,1,1,1,1,0,2,1,0,0,0,0,0,0
50000,9984,3559,9,0,1,0,3,2,0,2,3,1,0,0,0,0,0,0
50100,9982,3920,12,11,3,0,0,1,3,0,0,0,0,0,0,0,0,0
50200,9988,3902,5,28,2,0,2,1,3,0,0,0,0,0,0,0,0,0
50300,9980,4052,7,19,1,0,3,1,9,4,0,0,0,0,0,0,0,0
50400,9981,4600,13,13,2,0,1,1,3,1,0,0,0,0,0,0,0,0
50500,9968,4160,27,3,1,0,2,1,0,0,2,0,0,0,0,0,0,0
50600,9960,4662,25,4,1,2,9,1,3,2,2,1,0,0,0,0,0,0
50700,9970,3659,26,5,1,10,3,3,0,0,0,0,0,0,0,0,0,0
50800,9971,3290,27,3,0,13,2,0,0,0,0,1,0,0,0,0,0,0
50900,9964,2977,23,23,3,4,4,0,3,3,3,1,0,0,0,0,0,0
51000,9983,2862,13,4,0,1,3,2,1,1,0,0,0,0,0,0,0,0
51100,9971,3013,7,0,8,1,6,0,5,0,3,0,0,0,0,0,0,0
51200,9977,3074,6,10,7,2,8,2,2,0,0,1,0,0,0,0,0,0
51300,9987,3430,2,2,4,3,4,3,2,0,1,2,0,0,0,0,0,0
51400,9992,3159,1,8,2,15,3,3,2,1,0,0,0,0,0,0,0,0
51500,9982,4209,2,17,3,16,9,0,2,1,2,0,0,0,0,0,0,0
51600,9996,4339,0,11,1,9,1,0,2,0,0,0,0,0,0,0,0,0
51700,9997,3700,2,7,0,0,1,0,0,1,0,0,0,0,0,0,0,0
51800,9991,3692,2,1,2,2,3,0,0,0,2,0,0,0,0,0,0,0
51900,9991,3864,1,0,0,2,3,1,4,0,1,1,0,0,0,0,0,0
52000,9978,3453,9,0,1,1,5,0,6,0,1,1,0,0,0,0,0,0
52100,9986,3438,9,0,2,2,3,1,0,0,0,0,0,0,0,0,0,0
52200,9982,4188,9,2,2,0,4,1,2,0,1,0,0,0,0,0,0,0
52300,9984,4732,8,0,2,0,4,0,1,0,1,0,0,0,0,0,0,0
52400,9986,4956,1,0,4,0,7,0,2,0,0,0,0,0,0,0,0,0
52500,9993,5168,3,2,0,0,2,4,1,0,1,1,0,0,0,0,0,0
52600,9991,4647,3,5,0,1,3,0,1,1,2,0,0,0,0,0,0,0
52700,9988,4829,3,1,1,0,5,0,3,1,0,0,0,0,0,0,0,0
52800,9997,4620,0,2,1,0,0,0,1,2,1,0,0,0,0,0,0,0
52900,9991,4227,0,11,2,0,5,0,1,3,1,2,0,0,0,0,0,0
53000,9986,4057,2,3,5,0,3,0,3,1,1,1,0,0,0,0,0,0
53100,9988,4177,1,3,1,0,4,0,4,0,2,0,0,0,0,0,0,0
53200,9988,4211,1,5,3,1,3,1,4,0,1,1,0,0,0,0,0,0
53300,9988,3836,0,9,2,1,5,2,5,0,0,0,0,0,0,0,0,0
53400,9994,3372,1,9,1,1,2,3,0,0,2,0,0,0,0,0,0,0
53500,9986,3717,2,11,2,1,8,1,2,0,0,1,0,0,0,0,0,0
53600,9987,3596,4,3,1,0,6,2,1,0,1,0,0,0,0,0,0,0
53700,9986,3622,2,2,2,0,6,1,2,0,2,1,0,0,0,0,0,0
53800,9989,3442,1,3,1,0,6,4,2,3,1,0,0,0,0,0,0,0
53900,9983,2859,2,2,3,0,9,1,2,0,1,0,0,0,0,0,0,0
54000,9989,2763,2,1,1,1,7,1,1,0,0,0,0,0,0,0,0,0
54100,9980,2219,2,4,2,0,14,0,2,2,0,0,0,0,0,0,0,0
54200,9988,2034,0,3,4,0,6,1,2,1,0,0,0,0,0,0,0,0
54300,9982,2549,3,0,0,0,12,0,1,1,2,0,0,0,0,0,0,0
54400,9979,2706,6,3,2,1,9,1,3,0,1,0,0,0,0,0,0,0
54500,9982,3513,3,1,0,0,11,0,1,0,3,1,0,0,0,0,0,0
54600,9982,3761,1,2,4,1,11,3,2,0,0,0,0,0,0,0,0,0
54700,9987,3021,1,0,1,2,7,2,3,4,1,0,0,0,0,0,0,0
54800,9983,2932,0,4,2,0,13,3,1,1,1,0,0,0,0,0,0,0
54900,9980,2856,0,30,2,0,13,1,4,0,1,0,0,0,0,0,0,0
55000,9973,3400,2,8,2,0,20,0,0,1,3,0,0,0,0,0,0,0
55100,9982,3874,4,3,4,0,9,1,0,0,1,0,0,0,0,0,0,0
55200,9980,3666,1,5,2,5,14,1,2,0,0,0,1,0,0,0,0,0
55300,9980,3548,0,0,0,1,15,1,3,0,2,1,0,0,0,0,0,0
55400,9981,3942,0,9,0,0,16,0,3,0,0,0,0,0,0,0,0,0
55500,9983,3396,1,8,0,0,12,0,3,3,1,0,0,0,0,0,0,0
55600,9979,3380,2,6,0,2,16,0,2,2,1,0,0,0,0,0,0,0
55700,9978,3110,2,0,3,0,9,1,6,3,1,0,1,0,0,0,0,0
55800,9985,2835,0,2,1,0,11,0,2,0,1,1,0,0,0,0,0,0
55900,9976,2931,0,7,4,1,16,3,4,0,0,0,0,0,0,0,0,0
56000,9976,3452,5,0,5,0,12,1,2,2,0,0,0,0,0,0,0,0
56100,9980,3556,4,5,3,0,10,0,1,1,2,0,0,0,0,0,0,0
56200,9984,3648,1,10,6,0,6,1,2,0,1,0,0,0,0,0,0,0
56300,9984,4047,0,8,7,0,9,0,0,0,0,1,0,0,0,0,0,0
56400,9982,3370,2,8,6,0,8,0,0,1,2,0,0,0,0,0,0,0
56500,9971,3590,5,0,3,1,10,0,10,0,1,1,0,0,0,0,0,0
56600,9977,3448,6,6,8,0,8,0,0,0,1,1,0,0,0,0,0,0
56700,9986,3185,4,6,1,0,7,0,0,0,2,1,0,0,0,0,0,0
56800,9982,3439,0,3,0,2,14,0,3,4,1,1,0,0,0,0,0,0
56900,9985,3614,5,8,1,1,6,0,2,0,1,1,0,0,0,0,0,0
57000,9996,3691,2,24,0,1,1,0,1,1,0,0,0,0,0,0,0,0
57100,9992,2996,4,26,0,0,2,2,1,0,1,0,0,0,0,0,0,0
57200,9988,2250,2,5,0,2,6,4,2,2,2,2,0,0,0,0,0,0
57300,9993,2368,0,1,1,0,4,0,2,0,0,0,0,0,0,0,0,0
57400,9993,2722,0,2,3,0,3,1,0,2,1,0,0,0,0,0,0,0
57500,9994,2821,1,4,0,0,2,0,2,1,1,0,0,0,0,0,0,0
57600,9992,2751,3,3,2,2,1,0,2,0,0,0,0,0,0,0,0,0
57700,9987,2347,4,2,1,1,5,1,3,0,0,0,0,0,0,0,0,0
57800,9981,3005,9,6,0,2,4,0,4,0,1,0,1,0,0,0,0,0
57900,9980,3448,10,1,0,0,7,0,2,0,1,0,0,0,0,0,0,0
58000,9983,3301,10,0,2,0,3,1,1,4,1,0,0,0,0,0,0,0
58100,9982,3335,4,3,3,0,8,0,2,4,1,0,0,0,0,0,0,0
58200,9986,3332,2,2,2,1,7,0,1,0,2,0,0,0,0,0,0,0
58300,9991,3053,0,0,2,2,4,0,2,5,1,1,0,0,0,0,0,0
58400,9989,3025,1,16,1,1,5,2,3,0,1,1,0,0,0,0,0,0
58500,9996,3065,1,10,0,0,2,3,1,3,0,1,0,1,0,0,0,0
58600,9984,2843,3,2,3,0,8,1,1,3,1,0,0,0,0,0,0,0
58700,9991,3286,2,1,1,0,4,0,2,0,0,0,0,0,0,0,0,0
58800,9992,3464,1,0,3,0,2,0,2,0,0,0,0,0,0,0,0,0
58900,9994,3161,2,2,0,0,3,2,1,0,0,0,0,0,0,0,0,0
59000,9991,3234,4,1,1,0,3,1,1,0,0,0,0,0,0,0,0,0
59100,9984,3199,3,4,2,0,9,0,1,0,1,1,0,0,0,0,0,0
59200,9992,2951,1,0,2,1,3,0,2,3,0,2,0,0,0,0,0,0
59300,9992,3594,0,0,1,0,4,0,2,0,1,0,0,0,0,0,0,0
59400,9987,3364,1,0,2,1,9,0,1,0,0,1,0,0,0,0,0,0
59500,9964,3947,28,1,3,2,3,1,1,1,1,0,0,0,0,0,0,0
59600,9923,3686,69,0,2,0,3,0,3,0,0,0,0,0,0,0,0,0
59700,9926,3298,66,2,0,0,4,0,3,0,1,0,0,0,0,0,0,0
59800,9929,3773,67,1,1,0,1,1,2,1,0,0,0,0,0,0,0,0
59900,9924,3974,71,3,1,0,3,1,1,1,0,0,0,0,0,0,0,0
60000,9926,3558,69,0,0,2,4,1,1,3,0,0,0,0,0,0,0,0
60100,9918,3911,74,2,1,0,1,1,6,0,0,0,0,0,0,0,0,0
60200,9922,3627,67,6,1,0,6,1,3,2,1,0,0,0,0,0,0,0
60300,9922,3489,66,7,0,0,7,3,4,0,1,0,0,0,0,0,0,0
60400,9925,3747,67,2,1,0,2,4,4,0,1,0,0,0,0,0,0,0
60500,9925,3615,67,4,1,1,3,2,3,2,1,0,0,0,0,0,0,0
60600,9922,3611,70,1,1,0,0,2,6,0,1,0,0,0,0,0,0,0
60700,9926,3876,71,3,0,0,1,0,2,0,0,1,0,0,0,0,0,0
60800,9914,3448,70,9,4,0,6,0,4,2,2,0,0,0,0,0,0,0
60900,9923,3631,68,2,3,0,3,1,2,0,1,0,0,0,0,0,0,0
61000,9921,3472,71,0,1,0,4,0,3,1,0,0,0,0,0,0,0,0
61100,9919,3100,70,10,3,0,3,1,4,1,1,0,0,0,0,0,0,0
61200,9918,3293,74,6,3,0,3,0,0,3,1,0,0,0,1,0,0,0
61300,9925,2974,69,10,0,0,5,0,1,2,0,0,0,0,0,0,0,0
61400,9910,2826,77,10,3,0,5,1,3,0,2,0,0,0,0,0,0,0
61500,9908,3397,78,18,1,2,2,1,7,1,4,1,0,0,0,0,0,0
61600,9913,3184,80,9,2,0,3,1,1,3,1,0,0,0,0,0,0,0
61700,9911,3906,79,0,2,1,5,0,2,1,1,0,0,0,0,0,0,0
61800,9904,3719,82,14,0,0,5,0,7,0,2,0,0,0,0,0,0,0
61900,9915,3179,79,35,3,1,2,1,1,0,0,0,0,0,0,0,0,0
62000,9917,2972,77,37,1,0,1,0,4,0,0,0,0,0,0,0,0,0
62100,9917,3172,78,19,1,1,3,0,0,0,0,0,1,0,0,0,0,0
62200,9911,3427,82,8,1,0,3,1,3,0,0,0,0,0,0,0,0,0
62300,9908,3819,79,21,1,0,4,4,4,3,4,0,0,0,0,0,0,0
62400,9904,4157,78,23,0,1,7,0,5,1,6,0,0,0,0,0,0,0
62500,9907,3932,80,2,2,0,6,0,5,0,0,0,0,0,0,0,0,0
62600,9909,3483,81,39,1,0,5,2,4,0,0,0,0,0,0,0,0,0
62700,9904,4199,86,116,3,2,6,0,0,3,1,0,0,0,0,0,0,0
62800,9894,4208,94,101,4,0,4,0,2,1,2,1,0,0,0,0,0,0
62900,9884,4257,110,10,3,2,0,0,3,1,0,0,0,0,0,0,0,0
63000,9891,4199,103,5,1,1,4,0,0,0,1,1,0,0,0,0,0,0
63100,9882,3529,105,7,3,2,5,1,5,0,0,1,0,1,0,0,0,0
63200,9880,3333,110,3,0,1,5,0,4,0,1,0,0,0,0,0,0,0
63300,9900,4015,89,5,2,1,5,0,3,0,1,0,0,0,0,0,0,0
63400,9898,3467,89,5,2,1,11,0,0,0,0,0,0,0,0,0,0,0
63500,9890,3640,98,17,3,1,8,0,1,0,0,0,0,0,0,0,0,0
63600,9899,4468,92,28,1,1,7,1,1,1,0,0,0,0,0,0,0,0
63700,9895,4233,95,61,0,1,6,0,3,1,1,0,0,0,0,0,0,0
63800,9891,3979,99,2,1,0,8,0,1,1,0,0,0,0,0,0,0,0
63900,9889,4150,96,6,1,0,13,3,1,0,0,0,0,0,0,0,0,0
64000,9894,3554,98,0,0,0,5,6,3,1,0,1,0,0,0,0,0,0
64100,9888,3017,100,2,0,0,10,0,1,1,1,0,0,0,0,0,0,0
64200,9879,3341,103,1,3,1,5,0,6,1,4,0,0,0,0,0,0,0
64300,9891,2895,100,1,1,0,7,0,0,0,1,1,0,0,0,0,0,0
64400,9889,3126,103,2,1,0,4,0,2,0,1,0,0,0,0,0,0,0
64500,9885,3726,97,3,2,0,12,0,3,1,1,2,0,0,0,0,0,0
64600,9883,3916,100,0,3,0,10,0,3,1,1,0,0,0,0,0,0,0
64700,9888,3940,100,3,2,0,9,1,0,1,1,0,0,0,0,0,0,0
64800,9899,4194,97,0,1,0,3,2,0,0,0,0,0,0,0,0,0,0
64900,9891,4259,98,4,0,1,10,1,1,0,0,1,0,0,0,0,0,0
65000,9892,3378,89,9,2,1,9,1,5,1,3,1,0,0,0,0,0,0
65100,9902,3212,89,7,2,0,6,1,1,1,0,0,0,0,0,0,0,0
65200,9894,3409,92,5,0,3,10,0,0,1,3,0,1,0,0,0,0,0
65300,9900,3785,89,2,3,0,3,0,4,1,1,0,0,0,0,0,0,0
65400,9916,3408,77,70,3,0,2,0,1,0,1,0,0,0,0,0,0,0
65500,9918,2901,73,54,3,0,0,1,5,0,1,0,0,0,0,0,0,0
65600,9924,2435,70,26,2,0,2,1,2,0,0,0,0,0,0,0,0,0
65700,9922,2512,70,0,0,0,2,1,5,3,1,0,0,0,0,0,0,0
65800,9920,3576,68,1,6,0,2,1,1,0,3,0,0,0,0,0,0,0
65900,9926,3636,68,3,1,0,2,1,3,1,0,2,0,0,0,0,0,0
66000,9917,3604,68,9,3,0,7,1,2,0,3,0,0,0,0,0,0,0
66100,9926,3838,67,8,2,1,3,1,1,0,1,0,0,0,0,0,0,0
66200,9926,3619,68,104,2,0,3,0,1,0,0,0,0,0,0,0,0,0
66300,9921,3488,69,38,1,5,3,0,4,0,2,0,0,0,0,0,0,0
66400,9915,3038,68,3,5,1,3,5,8,1,1,1,0,0,0,0,0,0
66500,9964,3787,25,4,2,1,7,1,2,1,0,0,0,0,0,0,0,0
66600,9986,3149,2,1,0,1,6,1,3,4,3,0,0,0,0,0,0,0
66700,9946,3087,45,8,1,1,5,1,1,0,2,0,0,0,0,0,0,0
66800,9920,2809,69,16,2,0,3,0,4,0,2,0,0,0,0,0,0,0
66900,9920,3684,70,6,1,0,6,1,2,0,1,0,0,0,0,0,0,0
67000,9928,4164,67,1,1,1,1,1,1,1,2,0,0,0,0,0,0,0
67100,9924,3956,66,4,3,3,1,2,4,1,2,0,0,0,0,0,0,0
67200,9921,3342,68,8,2,0,5,0,3,0,1,0,0,0,0,0,0,0
67300,9924,3904,68,9,3,2,1,1,3,1,1,0,0,0,0,0,0,0
67400,9920,4237,68,7,4,0,3,1,3,0,2,1,0,0,0,0,0,0
67500,9918,4075,72,4,0,1,5,3,4,1,1,0,0,0,0,0,0,0
67600,9917,3739,70,74,4,0,3,0,5,0,1,0,0,0,0,0,0,0
67700,9909,4040,67,99,4,0,5,0,14,0,1,0,0,0,0,0,0,0
67800,9923,3658,68,23,1,0,3,0,4,0,1,0,0,0,0,0,0,0
67900,9921,2994,67,100,1,0,3,0,8,3,0,0,0,0,0,0,0,0
68000,9911,3121,66,105,8,0,7,2,5,0,3,0,0,0,0,0,0,0
68100,9914,3195,67,4,7,2,6,0,4,1,2,0,0,0,0,0,0,0
68200,9920,3588,70,4,3,0,2,0,3,1,2,0,0,0,0,0,0,0
68300,9919,3151,68,14,3,1,4,3,6,3,0,0,0,0,0,0,0,0
68400,9920,2742,70,16,0,1,4,0,5,0,1,0,0,0,0,0,0,0
68500,9902,3233,86,3,3,2,1,3,5,4,2,0,1,0,0,0,0,0
68600,9899,3137,94,0,5,1,1,1,1,0,0,0,0,0,0,0,0,0
68700,9884,3262,101,1,3,0,9,0,3,0,0,1,0,0,0,0,0,0
68800,9887,3341,108,4,1,1,1,0,1,0,2,0,0,0,0,0,0,0
68900,9877,3815,114,18,3,1,3,0,2,0,1,0,0,0,0,0,0,0
69000,9850,3292,139,19,1,1,3,1,7,0,0,0,0,0,0,0,0,0
69100,9813,3197,176,13,1,0,5,0,5,1,0,0,0,0,0,0,0,0
69200,9823,3054,168,6,1,0,2,1,6,0,0,0,0,0,0,0,0,0
69300,9851,3799,140,13,2,2,3,1,1,1,3,0,0,0,0,0,0,0
69400,9851,3528,143,0,0,1,3,1,2,1,1,0,0,0,0,0,0,0
69500,9848,3117,144,3,1,2,2,0,5,0,0,0,0,0,0,0,0,0
69600,9835,3417,149,11,3,0,4,0,7,0,2,1,0,0,0,0,0,0
69700,9891,3057,98,26,3,0,3,1,4,0,1,0,0,0,0,0,0,0
69800,9912,3534,77,14,0,0,7,0,3,0,1,0,0,0,0,0,0,0
69900,9907,2990,78,2,2,5,5,0,7,0,1,0,0,0,0,0,0,0
70000,9913,2857,76,2,2,5,6,0,2,0,1,0,0,0,0,0,0,0
70100,9918,3434,73,6,1,2,4,0,4,1,0,1,0,0,0,0,0,0
70200,9916,3779,75,10,3,1,1,1,3,2,2,0,0,0,0,0,0,0
70300,9918,3371,75,6,0,1,5,0,1,0,1,0,0,0,0,0,0,0
70400,9915,3674,75,8,3,0,4,0,2,0,1,0,0,0,0,0,0,0
70500,9900,4352,91,8,2,0,1,1,5,0,1,1,0,0,0,0,0,0
70600,9902,3782,89,10,1,1,5,0,3,1,0,1,0,0,0,0,0,0
70700,9928,4433,62,15,1,0,3,0,6,0,0,0,0,0,0,0,0,0
70800,9965,4268,28,16,2,0,2,3,3,0,0,0,0,0,0,0,0,0
70900,9974,4464,16,9,2,0,2,0,6,4,0,0,0,0,0,0,0,0
71000,9962,4447,29,5,3,2,1,0,5,3,0,0,0,0,0,0,0,0
71100,9973,4283,16,8,6,0,1,2,4,3,0,0,0,0,0,0,0,0
71200,9968,4013,19,14,3,0,1,0,7,1,2,1,0,0,0,0,0,0
71300,9987,4022,1,17,6,0,3,0,3,0,0,1,0,0,0,0,0,0
71400,9973,4382,16,12,0,1,5,2,5,0,1,0,0,0,0,0,0,0
71500,9984,3379,6,0,2,0,2,3,5,0,1,0,0,0,0,0,0,0
71600,9980,3517,17,46,0,0,1,1,0,1,2,0,0,0,0,0,0,0
71700,9982,2999,6,51,3,0,4,1,3,1,2,0,0,1,0,0,0,0
71800,9984,3362,12,21,0,0,2,1,2,2,0,1,0,0,0,0,0,0
71900,9987,3125,5,9,1,1,2,0,3,5,2,0,0,0,0,0,0,0
72000,9979,2899,11,17,1,0,5,2,1,3,3,1,0,0,0,0,0,0
72100,9988,3075,5,4,0,1,2,1,1,0,4,0,0,0,0,0,0,0
72200,9989,2749,10,0,0,0,1,0,0,0,0,0,0,0,0,0,0,0
72300,9984,2756,6,2,2,5,0,0,7,2,1,0,0,0,0,0,0,0
72400,9987,2219,9,3,2,0,1,4,0,0,1,0,0,0,0,0,0,0
72500,9986,1929,7,0,2,0,1,0,1,1,3,1,0,0,0,0,0,0
72600,9981,2328,11,1,2,0,0,0,3,0,3,0,0,0,0,0,0,0
72700,9985,2953,5,2,3,0,2,0,4,0,1,0,0,0,0,0,0,0
72800,9976,2599,14,5,2,0,3,0,3,0,2,0,0,0,0,0,0,0
72900,9984,2698,6,0,3,0,3,0,3,0,1,0,0,0,0,0,0,0
73000,9971,2311,19,8,3,1,3,1,2,0,2,0,0,0,0,0,0,0
73100,9987,2293,2,0,3,0,3,1,2,0,3,0,0,0,0,0,0,0
73200,9972,2438,15,0,1,1,2,0,8,0,2,1,0,0,0,0,0,0
73300,9992,2370,3,7,0,0,2,0,1,0,2,0,0,0,0,0,0,0
73400,9979,2576,15,5,2,0,3,0,0,1,1,0,0,0,0,0,0,0
73500,9961,2881,26,7,3,2,1,0,8,0,1,0,0,0,0,0,0,0
73600,9910,2806,81,2,0,2,1,1,8,2,0,0,0,0,0,0,0,0
73700,9937,2481,49,0,2,1,5,1,7,0,0,0,0,0,0,0,0,0
73800,9975,2313,12,2,2,0,2,0,8,1,1,0,0,0,0,0,0,0
73900,9976,2749,9,3,2,0,3,0,8,0,2,0,0,0,0,0,0,0
74000,9976,3279,11,0,1,2,0,0,11,0,1,0,0,0,0,0,0,0
74100,9975,3486,9,0,3,0,5,0,7,1,1,0,0,0,0,0,0,0
74200,9975,3708,11,0,0,1,1,0,11,0,2,0,0,0,0,0,0,0
74300,9978,4212,9,4,3,1,1,3,8,0,1,0,0,0,0,0,0,0
74400,9981,3601,12,1,1,0,1,0,3,2,2,0,0,0,0,0,0,0
74500,9969,3212,9,5,4,1,2,0,16,0,0,0,0,0,0,0,0,0
74600,9985,2853,7,15,0,0,1,0,7,0,0,0,0,0,0,0,0,0
74700,9972,2548,12,25,4,0,1,0,8,1,3,0,0,0,0,0,0,0
74800,9983,3149,8,16,1,0,3,0,4,2,1,0,0,0,0,0,0,0
74900,9976,3018,12,1,0,0,2,0,8,0,2,0,0,0,0,0,0,0
75000,9985,2918,8,3,0,1,3,0,3,1,1,0,0,0,0,0,0,0
75100,9973,3342,13,0,3,0,0,0,10,0,1,0,0,0,0,0,0,0
75200,9985,3556,2,3,1,0,2,3,10,1,0,0,0,0,0,0,0,0
75300,9967,4282,14,4,3,0,4,0,10,1,2,0,0,0,0,0,0,0
75400,9985,4753,4,13,3,0,1,1,7,0,0,0,0,0,0,0,0,0
75500,9977,4110,13,8,2,0,0,0,7,0,1,0,0,0,0,0,0,0
75600,9984,4515,5,1,2,1,1,0,8,1,0,0,0,0,0,0,0,0
75700,9977,3887,14,67,1,0,3,2,5,0,0,1,0,0,0,0,0,0
75800,9988,4096,5,92,3,1,2,4,2,3,0,0,0,0,0,0,0,0
75900,9969,4305,19,2,4,0,2,0,5,0,1,0,0,0,0,0,0,0
76000,9992,3553,0,10,3,0,1,0,3,1,1,0,0,0,0,0,0,0
76100,9972,3299,17,12,4,2,2,1,4,0,1,1,0,0,0,0,0,0
76200,9994,3445,2,10,1,1,0,0,2,0,1,0,0,0,0,0,0,0
76300,9978,3055,16,5,1,0,1,0,2,5,2,0,0,0,0,0,0,0
76400,9992,3357,2,1,0,1,0,1,4,1,2,0,0,0,0,0,0,0
76500,9972,4171,15,1,3,0,5,0,3,0,2,1,0,0,0,0,0,0
76600,9995,3446,2,11,1,0,0,0,1,0,1,0,0,0,0,0,0,0
76700,9966,3451,28,12,3,0,1,0,2,0,0,0,0,0,0,0,0,0
76800,9989,3610,4,26,0,0,2,0,5,1,0,0,0,0,0,0,0,0
76900,9977,3432,14,25,1,1,1,0,5,0,2,0,0,0,0,0,0,0
77000,9980,2868,8,31,5,0,0,0,6,0,1,1,0,0,0,0,0,0
77100,9986,2662,11,2,1,0,0,0,2,0,0,0,0,0,0,0,0,0
77200,9986,3101,7,6,0,1,5,1,1,1,1,0,0,0,0,0,0,0
77300,9974,3278,18,1,1,0,3,0,3,1,1,1,0,0,0,0,0,0
77400,9979,3614,11,0,2,0,6,0,2,1,0,0,0,0,0,0,0,0
77500,9966,3031,18,1,3,1,9,0,3,1,1,0,0,0,0,0,0,0
77600,9976,2806,13,4,1,1,6,1,1,3,3,0,0,0,0,0,0,0
77700,9933,2053,56,2,2,2,5,1,3,1,1,1,0,0,0,0,0,0
77800,9905,2327,83,1,2,0,9,4,1,1,0,0,0,0,0,0,0,0
77900,9897,3112,86,11,2,0,14,3,0,0,1,0,0,0,0,0,0,0
78000,9905,3032,83,13,0,1,9,1,2,0,1,0,0,0,0,0,0,0
78100,9903,2691,82,3,0,1,10,1,4,2,1,0,0,0,0,0,0,0
78200,9893,2705,84,2,4,0,13,0,4,1,2,0,0,0,0,0,0,0
78300,9901,2401,77,7,0,4,15,0,4,0,2,1,1,0,0,0,0,0
78400,9908,2319,82,9,3,10,6,0,1,1,0,1,0,0,0,0,0,0
78500,9902,2317,78,17,1,1,15,0,3,1,1,0,0,0,0,0,0,0
78600,9866,2582,129,12,1,0,3,3,0,0,1,1,0,0,0,0,0,0
78700,9846,3000,131,10,0,2,18,2,5,4,0,3,0,0,0,0,0,0
78800,9838,2562,144,0,2,0,9,0,6,1,1,0,0,0,0,0,0,0
78900,9878,3144,104,0,4,0,13,0,1,0,0,0,0,0,0,0,0,0
79000,9949,3272,31,4,1,0,16,1,3,0,0,0,0,0,0,0,0,0
79100,9977,3534,6,5,4,1,13,2,0,0,0,0,0,0,0,0,0,0
79200,9973,4019,19,0,1,4,5,1,1,2,1,0,0,0,0,0,0,0
79300,9979,4721,7,0,2,1,9,2,2,0,1,0,0,0,0,0,0,0
79400,9967,3654,20,3,3,1,10,0,0,2,0,0,0,0,0,0,0,0
79500,9966,3560,9,1,5,0,15,4,3,0,2,0,0,0,0,0,0,0
79600,9959,3033,20,0,2,2,16,0,2,1,1,0,0,0,0,0,0,0
79700,9980,3466,6,8,2,11,7,1,4,3,1,0,0,0,0,0,0,0
79800,9967,3357,20,5,2,3,7,0,3,0,1,1,0,0,0,0,0,0
79900,9976,3011,10,0,2,0,6,0,5,0,1,0,0,0,0,0,0,0
80000,9966,2997,20,0,2,0,10,0,2,0,0,0,0,0,0,0,0,0
80100,9979,3792,9,0,1,1,9,0,1,0,1,0,0,0,0,0,0,0
80200,9966,3920,19,0,2,0,10,0,1,0,2,0,0,0,0,0,0,0
80300,9978,3678,8,2,3,0,9,0,1,1,1,0,0,0,0,0,0,0
80400,9969,3721,19,1,2,2,5,1,4,0,1,1,0,0,0,0,0,0
80500,9972,3646,11,3,2,0,10,0,4,1,1,0,0,0,0,0,0,0
80600,9969,3944,18,3,2,2,7,0,3,0,0,0,1,0,0,0,0,0
80700,9975,4450,11,29,4,2,4,0,3,0,3,0,0,0,0,0,0,0
80800,9971,4007,17,3,1,1,10,0,0,1,1,0,0,0,0,0,0,0
80900,9979,4283,8,15,0,0,10,0,2,1,1,1,0,0,0,0,0,0
81000,9969,3632,17,10,3,0,9,1,0,0,2,0,0,0,0,0,0,0
81100,9977,2704,7,5,3,0,7,0,5,0,1,0,0,0,0,0,0,0
81200,9957,3153,34,0,2,0,6,0,1,0,0,0,0,0,0,0,0,0
81300,9970,3266,14,2,3,0,7,1,2,1,4,0,0,0,0,0,0,0
81400,9954,3700,41,2,2,1,3,1,0,3,0,2,0,0,0,0,0,0
81500,9970,3267,21,9,3,0,2,0,1,0,3,0,0,0,0,0,0,0
81600,9963,2594,26,1,2,0,6,0,2,1,1,1,0,0,0,0,0,0
81700,9988,3199,7,2,0,0,3,0,1,1,1,0,0,0,0,0,0,0
81800,9975,3454,19,1,2,2,3,0,1,0,0,0,0,0,0,0,0,0
81900,9977,3077,15,0,1,0,5,0,1,0,1,0,0,0,0,0,0,0
82000,9967,2830,24,0,1,1,4,1,2,0,2,0,0,0,0,0,0,0
82100,9946,2875,41,0,5,1,5,1,3,1,0,0,0,0,0,0,0,0
82200,9905,3239,85,0,3,0,3,1,3,0,1,0,0,0,0,0,0,0
82300,9928,2788,55,0,2,0,10,1,4,0,1,0,0,0,0,0,0,0
82400,9973,2689,17,0,2,0,4,3,1,0,3,0,0,0,0,0,0,0
82500,9962,3032,29,0,3,0,2,0,3,1,1,1,0,0,0,0,0,0
82600,9969,2964,17,3,3,3,9,0,2,0,0,0,0,0,0,0,0,0
82700,9963,2485,20,3,3,0,11,3,3,2,0,0,0,0,0,0,0,0
82800,9965,2570,17,2,5,1,4,0,7,0,2,0,0,0,0,0,0,0
82900,9968,2511,17,4,1,0,5,0,7,0,2,0,0,0,0,0,0,0
83000,9970,2848,18,4,3,0,4,0,4,0,1,1,0,0,0,0,0,0
83100,9915,2995,74,9,3,1,4,0,3,2,1,0,0,0,0,0,0,0
83200,9905,3200,82,28,3,0,4,2,2,1,4,0,0,0,0,0,0,0
83300,9906,2774,82,25,3,0,4,1,3,0,2,0,0,0,0,0,0,0
83400,9916,2655,72,80,3,0,6,0,3,0,0,0,0,0,0,0,0,0
83500,9915,2263,80,75,2,0,2,0,1,0,0,0,0,0,0,0,0,0
83600,9912,2101,73,2,2,0,7,0,5,1,1,2,0,0,0,0,0,0
83700,9909,2366,78,1,4,0,7,0,1,0,1,0,0,0,0,0,0,0
83800,9919,2510,70,9,1,0,7,2,3,0,0,0,0,0,0,0,0,0
83900,9910,2776,79,18,4,0,6,0,1,0,0,0,0,0,0,0,0,0
84000,9916,2121,71,45,1,0,10,0,1,1,1,0,0,0,0,0,0,0
84100,9916,2321,75,4,1,0,4,0,3,0,1,0,0,0,0,0,0,0
84200,9919,2010,69,5,6,0,1,0,4,0,1,0,0,0,0,0,0,0
84300,9920,1830,71,7,2,0,6,0,1,0,0,0,0,0,0,0,0,0
84400,9918,1999,73,5,1,3,4,1,4,1,0,0,0,0,0,0,0,0
84500,9902,2010,85,0,3,0,4,0,5,0,1,0,0,0,0,0,0,0
84600,9907,2462,86,4,1,2,1,1,3,0,2,0,0,0,0,0,0,0
84700,9909,2403,87,3,3,0,0,0,1,0,0,0,0,0,0,0,0,0
84800,9912,2235,85,8,1,0,1,1,1,0,0,0,0,0,0,0,0,0
84900,9905,2071,85,1,0,1,2,0,7,0,1,0,0,0,0,0,0,0
85000,9909,1943,85,0,1,0,2,0,2,1,1,0,0,0,0,0,0,0
85100,9906,2302,87,4,4,0,3,0,0,0,0,0,0,0,0,0,0,0
85200,9905,2361,89,3,2,0,1,0,2,0,1,0,0,0,0,0,0,0
85300,9897,2316,94,0,1,0,3,1,2,1,3,0,0,0,0,0,0,0
85400,9899,2679,93,1,2,0,5,0,1,0,0,0,0,0,0,0,0,0
85500,9904,2349,87,2,0,0,6,1,1,0,2,0,0,0,0,0,0,0
85600,9898,1937,87,3,1,0,10,0,3,2,1,0,0,0,0,0,0,0
85700,9896,1932,92,0,2,0,7,0,3,0,0,0,0,0,0,0,0,0
85800,9897,2199,94,0,2,0,3,1,4,1,0,0,0,0,0,0,0,0
85900,9891,2798,96,2,2,0,5,0,5,1,1,1,0,0,0,0,0,0
86000,9891,2959,87,3,4,0,12,0,3,0,3,0,0,0,0,0,0,0
86100,9899,2392,90,0,3,0,3,1,2,1,3,0,0,0,0,0,0,0
86200,9901,2596,85,69,3,0,6,0,2,1,3,2,0,0,0,0,0,0
86300,9918,2304,77,119,3,0,1,1,1,0,0,0,0,0,0,0,0,0
86400,9927,2219,61,161,2,1,2,1,6,2,2,2,0,0,0,0,0,0
86500,9975,2256,4,144,3,2,12,1,4,1,2,1,0,0,0,0,0,0
86600,9985,2414,3,112,2,0,4,1,4,0,2,0,0,0,0,0,0,0
86700,9989,2446,3,115,3,0,4,1,1,0,0,2,0,0,0,0,0,0
86800,9984,2670,5,0,2,0,5,0,3,1,1,1,0,0,0,0,0,0
86900,9988,3233,2,3,2,0,6,2,1,0,0,0,1,0,0,0,0,0
87000,9981,2839,6,8,3,0,2,0,6,0,2,0,0,0,0,0,0,0
87100,9979,2898,12,5,3,0,3,0,2,0,1,1,0,0,0,0,0,0
87200,9979,2800,14,4,2,1,2,0,3,0,0,1,0,0,0,0,0,0
87300,9966,2258,18,4,3,0,7,0,6,0,0,1,0,0,0,0,0,0
87400,9980,1913,18,12,1,2,0,0,1,0,0,0,0,0,0,0,0,0
87500,9979,2037,17,73,0,0,0,1,2,1,2,1,0,0,0,0,0,0
87600,9971,1872,19,13,4,1,3,0,3,0,0,0,0,0,0,0,0,0
87700,9973,2189,17,62,1,2,4,0,3,0,2,1,0,0,0,0,0,0
87800,9983,1750,14,95,0,0,1,1,2,0,0,0,0,0,0,0,0,0
87900,9993,1559,0,2,2,1,2,2,3,1,0,0,0,0,0,0,0,0
88000,9998,1873,1,9,0,0,1,3,0,2,0,0,0,0,0,0,0,0
88100,9993,1942,0,48,2,1,2,0,2,1,1,2,0,0,0,0,0,0
88200,9987,2115,0,23,1,0,4,2,7,1,1,0,0,0,0,0,0,0
88300,9985,2423,2,3,5,1,2,1,4,2,1,0,1,0,0,0,0,0
88400,9994,2340,1,10,2,1,0,1,2,2,1,0,0,0,0,0,0,0
88500,9997,2184,0,9,1,0,0,0,0,0,2,0,0,0,0,0,0,0
88600,9993,2305,0,17,1,0,3,2,1,0,2,0,0,0,0,0,0,0
88700,9993,1865,2,38,2,1,1,0,2,1,0,0,0,0,0,0,0,0
88800,9991,1649,1,3,5,1,1,0,1,2,1,0,0,0,0,0,0,0
88900,9992,1591,0,11,1,0,1,1,6,1,0,0,0,0,0,0,0,0
89000,9989,1807,3,6,1,0,3,1,4,0,0,0,0,0,0,0,0,0
89100,9993,2244,3,1,1,0,2,0,1,0,0,0,0,0,0,0,0,0
89200,9986,2442,8,0,2,2,1,0,3,3,0,0,0,0,0,0,0,0
89300,9990,2255,7,1,0,0,1,1,1,1,1,0,0,0,0,0,0,0
89400,9979,2119,11,2,3,0,2,0,4,0,1,1,0,0,0,0,0,0
89500,9979,2068,11,0,2,0,3,0,3,0,2,0,0,0,0,0,0,0
89600,9982,1999,11,0,2,1,3,0,1,0,1,0,0,0,0,0,0,0
89700,9977,1609,11,0,4,0,2,0,4,0,2,1,0,0,0,0,0,0
89800,9976,1530,16,10,1,0,1,0,5,0,1,0,0,0,0,0,0,0
89900,9946,1665,48,16,0,0,2,1,4,2,0,0,0,0,0,0,0,0
90000,9912,1699,81,13,2,1,2,0,0,0,3,1,0,0,0,0,0,0
90100,9917,1756,76,12,3,1,0,2,3,3,1,0,0,0,0,0,0,0
90200,9924,1639,72,58,2,2,0,0,2,1,0,0,0,0,0,0,0,0
90300,9919,1321,76,4,1,2,0,0,3,1,1,0,0,0,0,0,0,0
90400,9921,1215,73,3,2,1,1,2,3,0,0,0,0,0,0,0,0,0
90500,9887,1720,108,0,0,0,2,1,3,1,0,0,0,0,0,0,0,0
90600,9851,2504,138,0,5,0,3,1,3,0,0,1,0,0,0,0,0,0
90700,9853,2410,141,0,4,1,2,1,0,0,0,1,0,0,0,0,0,0
90800,9856,2975,138,2,1,0,2,1,1,1,2,0,0,0,0,0,0,0
90900,9850,2820,140,13,3,2,2,0,3,1,2,0,0,0,0,0,0,0
91000,9845,2270,145,13,1,0,3,1,5,1,1,1,0,0,0,0,0,0
91100,9858,2150,129,5,3,0,4,3,5,0,1,1,0,0,0,0,0,0
91200,9921,1517,73,21,2,0,0,0,4,0,0,0,0,0,0,0,0,0
91300,9920,1284,74,14,0,1,2,2,4,1,0,0,0,0,0,0,0,0
91400,9922,1164,69,15,2,0,4,0,2,0,1,0,0,0,0,0,0,0
91500,9923,1180,69,17,4,0,2,4,2,2,0,0,0,0,0,0,0,0
91600,9922,1069,67,13,3,0,5,0,2,2,1,0,0,0,0,0,0,0
91700,9925,1218,68,14,4,0,1,1,1,1,1,0,0,0,0,0,0,0
91800,9924,1380,67,19,3,0,2,1,2,2,2,0,0,0,0,0,0,0
91900,9923,1729,68,16,0,0,2,0,6,2,1,0,0,0,0,0,0,0
92000,9926,1760,70,4,1,7,3,1,0,3,0,0,0,0,0,0,0,0
92100,9926,2164,68,3,3,8,1,0,1,1,1,0,0,0,0,0,0,0
92200,9928,2143,67,6,2,8,3,6,0,1,0,0,0,0,0,0,0,0
92300,9931,1906,67,2,1,5,0,0,1,0,0,0,0,0,0,0,0,0
92400,9921,1936,69,9,1,4,6,1,3,1,0,0,0,0,0,0,0,0
92500,9927,2130,69,7,2,4,0,1,0,0,2,0,0,0,0,0,0,0
92600,9911,2198,85,2,0,3,2,0,2,0,0,0,0,0,0,0,0,0
92700,9851,2084,135,9,3,0,3,3,6,1,2,0,0,0,0,0,0,0
92800,9857,1886,133,14,5,0,2,1,2,0,1,0,0,0,0,0,0,0
92900,9860,1657,136,19,2,0,1,1,1,0,0,0,0,0,0,0,0,0
93000,9859,1710,136,13,1,0,3,1,1,1,0,0,0,0,0,0,0,0
93100,9863,1831,133,13,1,3,1,0,2,1,0,0,0,0,0,0,0,0
93200,9851,1926,137,8,3,0,3,2,5,0,1,0,0,0,0,0,0,0
93300,9856,2207,138,12,1,0,1,4,2,1,2,0,0,0,0,0,0,0
93400,9848,1969,145,5,1,0,1,1,1,1,3,0,1,0,0,0,0,0
93500,9869,2231,120,1,4,1,2,0,4,2,1,0,0,0,0,0,0,0
93600,9888,2638,104,1,3,1,0,0,3,0,2,0,0,0,0,0,0,0
93700,9890,2385,107,4,1,0,0,0,1,0,1,0,0,0,0,0,0,0
93800,9890,2578,106,2,1,0,0,0,1,1,2,0,0,0,0,0,0,0
93900,9889,2570,103,0,3,0,1,1,3,0,1,0,0,0,0,0,0,0
94000,9884,2684,105,1,2,0,3,0,6,0,0,0,0,0,0,0,0,0
94100,9890,2408,107,2,1,0,1,2,1,0,0,0,0,0,0,0,0,0
94200,9890,2957,104,4,1,1,2,0,2,2,1,2,0,0,0,0,0,0
94300,9884,3120,109,7,0,2,3,1,3,2,1,2,0,0,0,0,0,0
94400,9886,3288,107,3,0,0,2,0,3,0,2,0,0,0,0,0,0,0
94500,9885,3456,108,7,2,0,2,0,3,1,0,0,0,0,0,0,0,0
94600,9877,2569,109,8,1,4,12,0,0,0,1,1,0,0,0,0,0,0
94700,9876,2671,112,6,0,3,10,0,2,1,0,1,0,0,0,0,0,0
94800,9884,2462,104,5,2,0,9,0,0,0,1,0,0,0,0,0,0,0
94900,9879,2828,103,6,1,0,15,1,1,0,1,0,0,0,0,0,0,0
95000,9883,2626,105,6,1,1,10,2,1,1,0,0,0,0,0,0,0,0
95100,9884,2678,102,10,3,1,9,3,2,0,0,0,0,0,0,0,0,0
95200,9884,2855,100,17,1,1,12,0,2,0,1,0,0,0,0,0,0,0
95300,9882,2792,105,14,1,0,11,0,1,0,0,0,0,0,0,0,0,0
95400,9882,2862,99,13,2,0,13,2,3,0,1,0,0,0,0,0,0,0
95500,9887,2625,101,16,3,1,9,2,0,0,0,0,0,0,0,0,0,0
95600,9883,2682,102,3,1,0,12,0,1,0,1,0,0,0,0,0,0,0
95700,9876,2607,104,2,4,2,12,1,4,0,0,0,0,0,0,0,0,0
95800,9877,2870,104,3,4,1,9,0,4,0,1,0,1,0,0,0,0,0
95900,9880,2581,106,73,1,2,11,1,0,1,2,0,0,0,0,0,0,0
96000,9888,2321,100,80,1,0,9,0,2,1,0,0,0,0,0,0,0,0
96100,9907,2329,71,82,1,2,12,1,9,0,0,0,0,0,0,0,0,0
96200,9949,2127,35,87,3,0,10,0,1,0,2,0,0,0,0,0,0,0
96300,9946,2140,38,85,3,0,10,0,2,1,1,0,0,0,0,0,0,0
96400,9952,1970,34,41,0,0,10,0,2,0,2,0,0,0,0,0,0,0
96500,9950,2227,36,2,0,0,11,2,2,1,1,0,0,0,0,0,0,0
96600,9943,1901,40,7,2,4,10,0,3,1,2,1,0,0,0,0,0,0
96700,9948,2387,39,11,2,10,10,0,1,0,0,0,0,0,0,0,0,0
96800,9948,2556,41,0,1,2,10,1,0,0,0,1,0,0,0,0,0,0
96900,9943,2933,40,1,2,1,11,2,1,0,3,0,0,0,0,0,0,0
97000,9951,3205,39,7,0,0,8,2,1,0,1,0,0,0,0,0,0,0
97100,9951,3584,43,1,1,1,0,0,3,0,2,0,0,0,0,0,0,0
97200,9984,3242,9,0,2,0,0,0,4,0,1,0,0,0,0,0,0,0
97300,9991,3971,1,5,1,0,5,0,1,0,1,0,0,0,0,0,0,0
97400,9991,3380,3,4,2,2,0,0,3,1,1,0,0,0,0,0,0,0
97500,9996,3297,0,0,1,0,1,1,2,0,0,2,0,0,0,0,0,0
97600,9992,2639,1,8,0,0,0,0,3,0,4,0,0,0,0,0,0,0
97700,9994,2378,0,15,2,2,1,0,2,0,1,1,0,0,0,0,0,0
97800,9932,2233,63,79,0,1,1,0,4,0,0,0,0,0,0,0,0,0
97900,9924,2391,71,10,2,0,1,3,2,1,0,1,0,0,0,0,0,0
98000,9927,2225,66,1,1,0,4,3,1,2,1,0,0,0,0,0,0,0
98100,9926,2412,68,8,1,0,1,0,2,0,2,0,0,0,0,0,0,0
98200,9921,2646,72,9,2,3,1,0,1,0,3,0,0,0,0,0,0,0
98300,9924,2881,70,6,1,0,5,3,0,0,0,0,0,0,0,0,0,0
98400,9924,3021,70,1,1,0,2,5,2,1,1,0,0,0,0,0,0,0
98500,9925,3008,72,5,1,6,1,0,0,2,1,0,0,0,0,0,0,0
98600,9924,3413,70,6,3,7,3,0,0,0,0,0,0,0,0,0,0,0
98700,9927,3836,70,4,0,7,1,0,2,1,0,0,0,0,0,0,0,0
98800,9987,3063,5,14,4,11,1,0,3,1,0,1,0,0,0,0,0,0
98900,9989,2927,3,21,2,11,1,0,3,0,2,1,0,0,0,0,0,0
99000,9988,3028,2,31,1,12,7,0,1,0,1,1,0,0,0,0,0,0
99100,9989,2788,3,25,3,8,4,0,1,0,0,0,0,0,0,0,0,0
99200,9986,2515,4,1,0,3,4,0,5,1,1,0,0,0,0,0,0,0
99300,9984,2216,5,5,1,1,6,0,2,0,1,1,1,0,0,0,0,0
99400,9982,2638,7,0,1,1,5,0,4,0,1,0,0,0,0,0,0,0
99500,9990,2639,3,1,1,0,5,0,0,0,1,0,0,0,0,0,0,0
99600,9985,3108,7,0,0,1,4,1,1,0,3,0,0,0,0,0,0,0
99700,9984,3992,7,1,0,1,9,0,0,1,0,0,0,0,0,0,0,0
99800,9981,3273,5,2,3,1,8,0,2,0,1,1,0,0,0,0,0,0
99900,9983,2764,6,0,2,0,6,0,1,0,2,0,0,0,0,0,0,0
100000,9987,3064,4,0,2,2,5,0,2,0,0,2,0,0,0,0,0,0
