update,host_task_NOT,sym_task_NOT,host_task_NAND,sym_task_NAND,host_task_AND,sym_task_AND,host_task_ORN,sym_task_ORN,host_task_OR,sym_task_OR,host_task_ANDN,sym_task_ANDN,host_task_NOR,sym_task_NOR,host_task_XOR,sym_task_XOR,host_task_EQU,sym_task_EQU
0,0,0,0,0,0,0,0,0,0,0,0,0,0,0,0,0,0,0
100,9998,38359,0,0,2,3,0,0,2,5,0,2,0,0,0,0,0,0
200,9996,33337,0,3,1,4,0,0,3,3,0,1,0,0,0,0,0,0
300,9996,33239,0,2,1,4,0,2,2,3,1,3,0,0,0,0,0,0
400,9994,33175,0,6,2,5,0,3,1,4,3,2,0,0,0,0,0,0
500,9992,33202,0,9,2,5,2,3,2,10,2,1,0,0,0,0,0,0
600,9992,28092,0,1,0,3,1,3,5,7,2,2,0,0,0,0,0,0
700,9989,26030,0,10,1,4,1,5,6,6,3,1,0,0,0,0,0,0
800,9996,26096,0,10,2,6,1,2,1,1,0,5,0,0,0,0,0,0
900,9994,26086,0,3,2,8,3,1,0,4,1,6,0,0,0,0,0,0
1000,9985,25980,0,3,5,6,2,1,5,5,3,3,0,0,0,0,0,0
1100,9997,23327,0,8,1,4,1,3,1,2,0,3,0,0,0,0,0,0
1200,9991,20519,1,7,1,4,3,4,2,6,2,2,0,0,0,0,0,0
1300,9995,20564,0,3,2,3,2,0,0,2,1,2,0,0,0,0,0,0
1400,9994,20614,0,3,2,2,1,1,2,4,1,2,0,0,0,0,0,0
1500,9986,20614,1,5,8,4,2,2,2,5,1,2,0,0,0,0,0,0
1600,9989,19583,4,5,2,3,2,1,1,10,2,1,0,0,0,0,0,0
1700,9980,16617,11,13,2,2,4,0,3,6,0,1,0,0,0,0,0,0
1800,9982,16515,13,10,2,3,0,2,1,1,2,3,0,0,0,0,0,0
1900,9986,16562,11,1,2,3,1,1,0,2,0,2,0,0,0,0,0,0
2000,9977,16519,10,4,2,2,2,4,9,3,0,2,0,0,0,0,0,0
2100,9975,16376,12,8,4,6,2,1,4,1,3,0,0,0,0,0,0,0
2200,9971,13247,20,2,4,1,1,0,3,3,1,0,0,0,0,0,0,0
2300,9967,13176,21,3,4,1,4,0,3,4,1,0,0,0,0,0,0,0
2400,9971,13319,20,7,3,2,2,1,4,1,0,0,0,0,0,0,0,0
2500,9968,13295,20,12,4,3,6,1,1,7,1,1,0,0,0,0,0,0
2600,9968,13211,21,9,6,4,2,1,2,1,1,0,0,0,0,0,0,0
2700,9976,11244,16,12,0,3,3,5,2,2,3,0,0,0,0,0,0,0
2800,9973,10761,16,5,4,3,5,2,1,1,1,0,0,0,0,0,0,0
2900,9969,10718,15,3,5,2,2,1,4,1,5,1,0,0,0,0,0,0
3000,9979,10819,13,4,0,3,3,1,2,0,2,2,1,0,0,0,0,0
3100,9978,10756,15,10,1,0,3,0,2,1,1,1,0,0,0,0,0,0
3200,9983,9723,12,9,1,4,0,0,2,2,2,2,0,0,0,0,0,0
3300,9983,8973,9,6,0,2,5,3,2,1,1,2,0,0,0,0,0,0
3400,9979,8879,10,3,2,1,3,1,4,4,2,2,0,0,0,0,0,0
3500,9975,8875,12,1,1,0,5,0,5,2,1,0,1,0,0,0,0,0
3600,9976,8818,11,0,5,1,5,0,2,1,1,0,0,0,0,0,0,0
3700,9980,8385,8,5,1,1,4,0,5,2,2,1,0,0,0,0,0,0
3800,9986,7457,8,11,1,1,1,1,3,1,1,1,0,0,0,0,0,0
3900,9977,7516,8,3,3,1,7,2,4,2,1,0,0,1,0,0,0,0
4000,9979,7622,6,1,2,4,7,3,5,5,1,0,0,0,0,0,0,0
4100,9984,7621,8,4,1,1,3,4,3,1,1,0,0,0,0,0,0,0
4200,9984,7526,9,4,1,3,1,0,3,1,2,1,0,0,0,0,0,0
4300,9975,6305,13,3,0,1,9,0,1,0,1,0,1,0,0,0,0,0
4400,9971,6491,9,15,1,1,10,0,7,0,2,2,0,0,0,0,0,0
4500,9977,6694,15,21,1,0,5,4,1,0,0,2,1,0,0,0,0,0
4600,9973,6722,16,19,3,2,2,1,4,1,1,1,1,0,0,0,0,0
4700,9979,6537,13,8,2,0,3,1,2,1,1,0,0,0,0,0,0,0
4800,9983,5761,7,9,2,1,1,1,6,2,1,0,0,0,0,0,0,0
4900,9978,5636,7,10,2,1,6,1,6,0,1,0,0,0,0,0,0,0
5000,9980,5742,8,10,2,2,2,0,6,2,2,0,0,0,0,0,0,0
5100,9981,5877,9,13,1,1,2,0,4,0,3,1,0,0,0,0,0,0
5200,9979,5974,13,10,3,2,2,2,3,1,0,0,0,0,0,0,0,0
5300,9973,5979,13,61,2,0,5,0,5,1,2,0,0,0,0,0,0,0
5400,9979,6474,14,44,0,3,4,3,3,3,0,1,0,0,0,0,0,0
5500,9974,7837,13,104,1,7,4,5,7,3,1,1,0,1,0,0,0,0
5600,9977,9964,14,124,2,6,4,3,2,4,1,0,0,0,0,0,0,0
5700,9970,11559,15,155,4,4,5,27,5,5,1,2,0,0,0,0,0,0
5800,9974,11195,17,293,0,6,3,72,5,7,1,2,0,0,0,0,0,0
5900,9974,11464,14,419,3,4,3,34,6,9,0,5,0,0,0,0,0,0
6000,9965,12924,17,523,5,6,7,7,6,8,0,4,0,0,0,0,0,0
6100,9975,12847,14,483,1,6,1,13,7,2,2,5,0,0,0,0,0,0
6200,9967,12814,17,595,2,17,8,8,6,7,0,5,0,0,0,0,0,0
6300,9972,13005,17,427,2,9,5,12,3,8,1,4,0,0,0,0,0,0
6400,9955,12143,29,546,4,7,3,11,8,5,0,4,1,0,0,0,0,0
6500,9948,13286,33,682,5,8,5,69,6,7,3,4,0,0,0,0,0,0
6600,9948,12764,37,604,1,12,7,78,6,8,1,5,0,0,0,0,0,0
6700,9936,14204,41,558,5,13,7,54,9,3,2,1,0,0,0,0,0,0
6800,9945,15025,37,414,1,7,9,56,5,3,3,8,0,0,0,0,0,0
6900,9946,13999,42,297,1,1,5,54,6,8,0,0,0,0,0,0,0,0
7000,9946,14903,43,283,3,3,4,58,4,6,0,1,0,0,0,0,0,0
7100,9943,14316,39,314,1,5,10,92,5,6,1,0,1,0,0,0,0,0
7200,9882,15222,102,309,5,8,5,104,4,3,2,3,0,1,0,0,0,0
7300,9889,14981,100,301,0,9,7,108,2,4,2,1,0,0,0,0,0,0
7400,9879,14257,107,202,3,3,4,104,6,2,1,2,0,0,0,0,0,0
7500,9878,15181,106,122,8,12,5,107,2,6,0,1,1,0,0,0,0,0
7600,9839,16558,143,100,3,6,10,104,4,8,1,5,0,0,0,0,0,0
7700,9878,16463,102,75,4,2,8,104,8,5,0,4,0,0,0,0,0,0
7800,9863,15915,121,37,2,3,6,62,6,4,1,2,1,0,0,0,0,0
7900,9808,15200,169,63,3,3,11,63,5,7,3,3,1,0,0,0,0,0
8000,9877,14292,101,95,3,4,6,57,10,6,3,2,0,0,0,0,0,0
8100,9889,14636,100,59,2,4,5,63,1,4,3,2,0,0,0,0,0,0
8200,9876,15077,98,88,7,7,8,57,5,6,6,2,0,2,0,0,0,0
8300,9884,15230,97,98,5,6,7,62,7,6,0,1,0,0,0,0,0,0
8400,9829,14746,152,116,3,7,10,98,4,8,2,2,0,1,0,0,0,0
8500,9747,14676,237,77,2,3,9,133,4,4,1,2,0,0,0,0,0,0
8600,9776,14870,202,96,5,3,4,159,10,6,3,2,0,0,0,0,0,0
8700,9860,14912,125,73,4,3,4,152,5,4,2,6,0,0,0,0,0,0
8800,9845,16698,134,59,2,4,11,218,5,6,2,3,1,0,0,0,0,0
8900,9835,20637,145,147,3,3,14,84,1,0,2,3,0,0,0,0,0,0
9000,9798,22494,179,96,6,4,9,80,7,8,1,1,0,0,0,0,0,0
9100,9794,25203,168,86,5,5,19,67,6,1,7,4,0,0,1,0,0,0
9200,9854,25681,125,149,5,3,11,67,1,9,4,2,0,0,0,0,0,0
9300,9867,25335,108,169,4,5,15,60,5,5,1,1,0,0,0,0,0,0
9400,9893,23663,87,68,5,4,6,115,7,6,2,1,0,0,0,0,0,1
9500,9899,24254,87,99,6,3,3,84,5,6,0,0,0,0,0,0,0,0
9600,9921,23008,67,41,2,5,2,62,3,11,4,0,1,0,0,0,0,0
9700,9899,22085,82,33,4,3,5,54,5,4,5,4,0,0,0,0,0,0
9800,9876,21328,110,53,4,1,4,85,5,5,1,0,0,0,0,0,0,0
9900,9823,20888,147,29,6,3,19,50,5,3,0,0,0,0,0,0,0,0
10000,9797,21776,170,108,6,3,20,58,5,7,2,0,0,0,0,0,0,0
10100,9761,23572,204,117,6,12,21,61,3,6,5,1,0,0,0,0,0,0
10200,9754,24669,218,52,7,4,16,71,3,2,2,1,0,0,0,0,0,0
10300,9708,22687,263,99,7,4,15,68,7,5,0,1,0,0,0,0,0,0
10400,9685,21714,274,44,6,7,21,70,10,3,4,0,0,0,0,0,0,0
10500,9654,22159,318,34,4,4,15,57,7,2,2,3,0,0,0,0,0,0
10600,9621,22226,347,28,3,4,17,54,7,3,4,1,1,0,0,0,0,0
10700,9551,20532,427,44,2,6,11,58,7,8,2,2,0,0,0,0,0,0
10800,9463,21038,518,30,2,7,14,53,2,2,1,0,0,0,0,0,0,0
10900,9406,22531,559,39,10,1,14,51,10,4,1,1,0,0,0,0,0,0
11000,9448,23060,512,56,4,3,26,64,7,6,3,0,0,0,0,0,0,0
11100,9580,21364,390,20,2,1,23,52,4,8,1,1,0,0,0,0,0,0
11200,9639,21791,337,50,3,4,5,58,11,1,4,0,1,0,0,0,0,0
11300,9607,20704,373,27,2,4,11,113,3,7,4,1,0,0,0,0,0,0
11400,9563,22173,418,37,3,4,7,171,6,7,3,0,0,0,0,0,0,0
11500,9567,21258,416,34,2,13,7,170,5,1,3,0,0,0,0,0,0,0
11600,9549,18575,426,33,7,3,16,157,1,6,1,2,0,0,0,0,0,0
11700,9552,18945,422,33,5,4,10,159,6,6,4,1,1,0,0,0,0,0
11800,9559,19094,419,70,3,2,12,191,3,5,4,0,0,0,0,0,0,0
11900,9555,17972,425,90,2,3,12,162,4,6,2,3,0,0,0,0,0,0
12000,9602,18190,369,63,8,4,7,173,10,1,4,0,0,0,0,0,0,0
12100,9662,18775,325,47,3,4,8,197,1,5,1,3,0,0,0,0,0,0
12200,9647,19669,328,105,5,7,11,172,8,3,1,0,0,0,0,0,0,0
12300,9669,17668,315,120,5,6,6,216,2,3,3,1,0,0,0,0,0,0
12400,9622,17018,347,41,6,4,19,155,3,6,3,0,0,0,0,0,0,0
12500,9571,17440,399,22,3,1,21,159,4,2,2,3,0,0,0,0,0,0
12600,9573,17159,398,32,5,5,11,110,8,4,5,3,0,0,0,0,0,0
12700,9578,16227,406,14,3,3,10,101,3,2,0,1,0,0,0,0,0,0
12800,9566,15546,418,44,3,2,6,103,4,3,3,1,0,0,0,0,0,0
12900,9571,14360,411,9,4,0,8,110,5,2,1,0,0,0,0,0,0,0
13000,9564,14724,414,44,4,4,10,102,6,0,2,0,0,0,0,0,0,0
13100,9609,13568,375,28,1,4,9,139,6,1,0,0,0,0,0,0,0,0
13200,9605,12400,382,75,2,3,8,93,2,3,1,1,0,0,0,0,0,0
13300,9538,15415,437,27,5,2,7,55,9,3,4,0,0,0,0,0,0,0
13400,9540,14217,442,9,2,7,9,51,6,3,1,2,0,0,0,0,0,0
13500,9534,13071,451,20,2,15,10,52,1,3,2,2,0,0,0,0,0,0
13600,9450,12898,522,60,7,2,11,51,9,2,1,2,0,0,0,0,0,0
13700,9344,14034,631,116,4,4,10,50,9,8,2,0,0,0,0,0,0,0
13800,9303,13516,678,25,1,1,13,51,5,4,0,0,0,0,0,0,0,0
13900,9161,12184,819,7,5,0,8,53,5,0,2,1,0,0,0,0,0,0
14000,9102,12854,877,9,3,0,8,51,8,1,2,0,0,0,0,0,0,0
14100,9172,12209,810,10,7,3,3,52,4,3,3,1,1,0,0,0,0,0
14200,9225,11471,758,4,3,1,9,51,4,0,1,0,0,0,0,0,0,0
14300,9235,13048,746,5,4,2,7,52,5,3,3,0,0,0,0,0,0,0
14400,9170,14319,819,16,5,4,6,41,0,0,0,0,0,0,0,0,0,0
14500,9199,13633,787,8,4,3,5,0,1,1,4,1,0,0,0,0,0,0
14600,9210,12477,765,18,4,3,15,1,3,2,3,1,0,0,0,0,0,0
14700,9166,12641,802,30,4,3,16,1,8,1,4,1,0,0,0,0,0,0
14800,9130,12170,851,13,3,0,10,1,5,2,1,0,0,0,0,0,0,0
14900,9113,11180,857,13,6,18,14,4,7,11,3,0,0,0,0,0,0,0
15000,9080,10798,901,5,2,3,11,2,4,3,2,0,0,0,0,0,0,0
15100,9016,11443,955,35,5,0,17,1,4,3,3,0,0,0,0,0,0,0
15200,9052,11513,922,60,2,2,16,1,5,2,3,1,0,0,0,0,0,0
15300,9134,10869,838,51,3,1,15,4,8,5,2,1,0,0,0,0,0,0
15400,9160,9154,812,54,4,2,21,2,0,2,3,0,0,0,0,0,0,0
15500,9173,11538,783,15,6,6,30,2,5,6,3,0,0,0,0,0,0,0
15600,9214,10769,754,23,7,2,22,1,2,4,1,0,0,0,0,0,0,0
15700,9232,10550,740,12,3,1,20,1,3,0,2,0,0,0,0,0,0,0
15800,9290,9281,676,18,5,0,22,0,6,1,1,1,0,0,0,0,0,0
15900,9323,10318,640,12,5,1,26,1,3,4,3,1,0,0,0,0,0,0
16000,9340,8881,641,43,0,2,14,5,4,1,1,0,0,0,0,0,0,0
16100,9333,9256,649,13,6,4,6,8,3,1,3,3,0,0,0,0,0,0
16200,9334,8992,638,59,2,0,15,5,8,1,3,0,0,0,0,0,0,0
16300,9302,8662,685,36,1,0,7,1,3,0,2,0,0,0,0,0,0,0
16400,9315,8589,669,20,4,0,6,2,5,1,1,2,0,0,0,0,0,0
16500,9340,7403,647,57,3,3,3,7,5,0,2,2,0,0,0,0,0,0
16600,9327,8050,653,62,5,5,7,4,5,1,3,1,0,0,0,0,0,0
16700,9275,8659,702,35,6,0,6,4,5,1,5,1,1,0,0,0,0,0
16800,9245,10339,735,14,3,1,7,4,9,1,1,1,0,0,0,0,0,0
16900,9277,9119,705,19,6,2,2,1,9,5,1,1,0,0,0,0,0,0
17000,9395,9256,588,3,5,3,6,0,5,2,0,0,1,0,0,0,0,0
17100,9401,8347,583,24,4,7,4,2,5,0,3,1,0,0,0,0,0,0
17200,9393,7711,592,55,4,3,5,0,3,1,2,2,1,0,0,0,0,0
17300,9408,8280,574,16,6,2,5,4,6,0,1,0,0,0,0,0,0,0
17400,9445,7703,538,4,3,2,7,1,4,3,3,0,0,0,0,0,0,0
17500,9436,8607,548,52,3,2,4,3,6,1,3,0,0,0,0,0,0,0
17600,9458,7671,527,89,4,0,5,0,3,0,3,1,0,0,0,0,0,0
17700,9456,7785,523,68,4,4,5,3,12,1,0,1,0,0,0,0,0,0
17800,9473,8257,499,9,12,0,7,1,6,0,3,0,0,0,0,0,0,0
17900,9468,7912,491,9,35,0,1,2,3,1,2,0,0,0,0,0,0,0
18000,9458,7486,476,18,50,1,5,3,7,0,4,1,0,0,0,0,0,0
18100,9478,6734,476,4,38,0,4,2,2,0,2,0,0,0,0,0,0,0
18200,9487,5838,467,8,38,1,6,3,2,0,0,1,0,0,0,0,0,0
18300,9497,6160,433,65,46,3,6,0,10,2,8,0,0,0,0,0,0,0
18400,9550,6972,404,9,31,5,8,3,6,2,1,0,0,0,0,0,0,0
18500,9540,7367,411,10,37,1,6,2,5,6,1,1,0,0,0,0,0,0
18600,9591,7238,355,4,47,0,4,0,3,6,0,0,0,0,0,0,0,0
18700,9619,6847,313,2,51,3,8,2,6,2,3,0,0,0,0,0,0,0
18800,9584,6195,351,8,51,1,5,0,7,1,2,0,0,0,0,0,0,0
18900,9555,6312,385,6,47,1,4,1,7,3,2,1,0,0,0,0,0,0
19000,9573,6297,383,7,33,2,5,2,6,2,0,0,0,0,0,0,0,0
19100,9694,6842,269,10,21,0,7,2,6,1,3,1,0,0,0,0,0,0
19200,9664,5924,292,5,26,1,2,1,10,1,4,1,2,0,0,0,0,0
19300,9626,4928,354,6,4,0,8,2,7,0,1,2,0,0,0,0,0,0
19400,9556,5204,424,3,3,0,10,1,3,0,4,1,0,0,0,0,0,0
19500,9453,5549,526,11,2,0,11,5,7,2,1,0,0,0,0,0,0,0
19600,9443,6242,537,16,4,0,9,0,6,0,1,0,0,0,0,0,0,0
19700,9462,6382,518,1,3,0,12,0,4,0,1,0,0,0,0,0,0,0
19800,9438,7337,533,1,5,1,15,1,9,1,0,0,0,0,0,0,0,0
19900,9507,6005,469,12,4,3,12,2,5,2,2,0,1,0,0,0,0,0
20000,9426,5912,553,24,3,0,8,1,7,1,3,1,0,0,0,0,0,0
20100,9371,6412,612,21,2,3,8,3,4,0,3,0,0,0,0,0,0,0
20200,9408,5467,578,13,4,9,5,4,3,1,2,1,0,0,0,0,0,0
20300,9397,5956,580,40,9,0,6,1,5,3,3,1,0,0,0,0,0,0
20400,9383,6990,603,1,1,3,7,1,3,1,3,1,0,0,0,0,0,0
20500,9346,6985,643,7,4,0,5,2,1,1,1,0,0,0,0,0,0,0
20600,9348,6572,635,6,6,1,5,0,5,1,1,1,0,0,0,0,0,0
20700,9350,6191,631,4,1,6,9,0,7,1,2,1,0,0,0,0,0,0
20800,9382,6547,609,20,1,2,4,1,2,0,2,0,0,0,0,0,0,0
20900,9334,5441,656,1,2,1,5,2,3,0,0,1,0,0,0,0,0,0
21000,9350,5222,634,3,3,2,4,2,7,0,2,0,0,0,0,0,0,0
21100,9361,5206,624,7,3,2,4,0,7,1,1,0,0,0,0,0,0,0
21200,9357,5429,632,6,1,1,5,0,3,2,2,1,0,0,0,0,0,0
21300,9299,5907,691,6,1,0,6,0,2,0,1,0,0,0,0,0,0,0
21400,9340,5948,649,2,1,2,3,3,5,0,2,2,0,0,0,0,0,0
21500,9322,5457,661,14,3,0,7,3,6,1,1,2,0,0,0,0,0,0
21600,9391,5891,593,2,3,1,6,0,4,1,3,1,0,0,0,0,0,0
21700,9345,5086,637,8,2,0,8,0,6,1,2,0,0,0,0,0,0,0
21800,9286,5850,696,38,5,1,4,2,8,1,1,1,0,0,0,0,0,0
21900,9249,5816,736,44,4,0,6,0,2,1,3,0,0,0,0,0,0,0
22000,9245,4958,744,13,2,0,5,1,3,0,1,0,0,0,0,0,0,0
22100,9204,5640,774,14,2,2,10,0,10,2,0,0,0,0,0,0,0,0
22200,9264,5917,716,18,3,0,8,0,9,1,0,0,0,0,0,0,0,0
22300,9277,5520,713,19,4,2,4,0,0,3,2,0,0,0,0,0,0,0
22400,9296,5206,690,28,2,0,5,0,5,0,2,0,0,0,0,0,0,0
22500,9267,5336,711,19,2,1,9,1,10,1,1,1,0,0,0,0,0,0
22600,9303,5863,674,17,6,1,8,0,6,0,3,0,0,0,0,0,0,0
22700,9314,5678,671,47,5,0,3,1,6,2,0,0,1,0,0,0,0,0
22800,9366,5621,627,56,1,1,0,1,4,0,2,0,0,0,0,0,0,0
22900,9371,5481,604,12,5,1,9,0,11,1,0,0,0,4,0,0,0,0
23000,9411,5732,568,13,4,1,10,4,5,2,2,0,0,1,0,0,0,0
23100,9414,6523,568,14,7,0,5,0,4,2,2,1,0,0,0,0,0,0
23200,9442,5762,550,24,1,2,4,1,2,0,1,2,0,0,0,0,0,0
23300,9488,4946,503,18,1,1,3,0,3,2,2,0,0,0,0,0,0,0
23400,9510,5274,471,16,6,0,3,4,7,4,3,0,0,0,0,0,0,0
23500,9448,5611,541,12,1,1,2,0,6,2,2,0,0,0,0,0,0,0
23600,9462,5889,520,17,5,0,10,0,2,2,1,1,0,0,0,0,0,0
23700,9510,5242,471,12,6,0,4,0,8,1,1,0,0,0,0,0,0,0
23800,9528,5957,462,27,1,3,3,4,6,1,0,1,0,0,0,0,0,0
23900,9490,5529,489,13,4,1,12,0,3,2,2,0,0,0,0,0,0,0
24000,9493,5452,492,16,2,1,9,0,3,1,1,0,0,0,0,0,0,0
24100,9495,4562,493,14,4,0,4,4,3,1,1,0,0,0,0,0,0,0
24200,9521,4442,455,13,4,3,7,0,11,0,2,0,0,0,0,0,0,0
24300,9534,4232,447,4,1,0,7,0,8,0,3,0,0,0,0,0,0,0
24400,9564,4875,419,5,3,0,8,2,4,0,2,1,0,0,0,0,0,0
24500,9581,4202,398,8,4,1,7,0,7,0,3,0,0,0,0,0,0,0
24600,9606,3989,380,24,5,1,1,1,6,0,2,0,0,0,0,0,0,0
24700,9647,4925,334,0,7,0,7,1,2,0,3,0,0,0,0,0,0,0
24800,9660,4302,326,2,1,0,6,2,6,0,1,1,0,0,0,0,0,0
24900,9651,3285,327,0,6,1,4,0,8,1,4,0,0,0,0,0,0,0
25000,9628,3738,354,14,5,0,6,0,6,1,1,0,0,0,0,0,0,0
25100,9655,4165,335,113,1,1,3,0,3,1,3,1,0,0,0,0,0,0
25200,9699,4568,290,183,1,1,6,3,1,1,3,0,0,0,0,0,0,0
25300,9742,4232,244,102,3,1,10,5,1,0,0,3,0,0,0,0,0,0
25400,9751,4267,227,38,4,0,5,0,9,2,4,0,0,0,0,0,0,0
25500,9779,5021,201,4,3,0,10,0,4,0,3,0,0,0,0,0,0,0
25600,9853,5003,124,4,6,1,11,0,3,1,3,0,0,0,0,0,0,0
25700,9867,4311,117,5,2,0,4,2,9,1,1,1,0,0,0,0,0,0
25800,9864,4626,119,10,4,0,8,3,3,0,2,0,0,0,0,0,0,0
25900,9876,4815,110,2,0,0,8,2,6,0,0,1,0,0,0,0,0,0
26000,9859,4173,113,0,5,0,17,0,5,0,1,0,0,0,0,0,0,0
26100,9869,4099,100,2,2,0,25,0,3,0,1,0,0,0,0,0,0,0
26200,9881,4487,83,14,4,1,27,1,3,1,2,1,0,0,0,0,0,0
26300,9884,4716,89,3,4,0,21,0,0,0,2,1,0,0,0,0,0,0
26400,9859,4423,102,2,5,2,25,0,7,0,2,2,0,0,0,0,0,0
26500,9838,3836,121,4,5,0,29,1,7,0,0,0,0,0,0,0,0,0
26600,9847,4736,120,20,2,0,23,0,7,2,1,0,0,0,0,0,0,0
26700,9836,4193,128,4,1,0,27,0,6,1,2,2,0,0,0,0,0,0
26800,9839,4379,125,23,2,0,26,0,3,1,5,0,0,0,0,0,0,0
26900,9832,4281,127,4,4,0,30,0,5,1,2,0,0,0,0,0,0,0
27000,9792,4756,171,7,4,1,26,1,4,1,3,0,0,0,0,0,0,0
27100,9793,4882,175,1,3,1,23,1,3,0,2,0,1,0,0,0,0,0
27200,9796,3631,172,3,4,1,22,2,6,1,0,0,0,0,0,0,0,0
27300,9802,3363,167,6,3,1,23,1,4,0,1,0,0,0,0,0,0,0
27400,9798,3553,165,1,8,1,24,0,4,1,1,1,0,0,0,0,0,0
27500,9804,4387,162,3,4,2,22,1,6,0,1,0,1,0,0,0,0,0
27600,9811,4614,162,3,4,2,21,0,1,0,1,0,0,0,0,0,0,0
27700,9771,4175,205,0,1,1,20,2,3,1,0,1,0,0,0,0,0,0
27800,9766,4087,215,5,3,5,10,0,6,0,0,1,0,0,0,0,0,0
27900,9764,3872,211,9,12,0,8,5,3,1,1,0,1,0,0,0,0,0
28000,9766,3559,193,3,22,1,13,3,3,1,3,1,0,0,0,0,0,0
28100,9760,3548,197,3,23,2,15,0,4,0,1,0,0,0,0,0,0,0
28200,9775,3437,193,7,23,0,4,0,4,1,1,1,0,0,0,0,0,0
28300,9716,4315,237,7,28,1,5,2,12,0,2,0,0,0,0,0,0,0
28400,9716,3370,251,7,25,0,4,0,3,0,1,0,0,0,0,0,0,0
28500,9719,3419,245,13,22,0,9,2,4,0,1,0,0,0,0,0,0,0
28600,9769,3999,197,1,23,0,5,1,5,3,1,1,0,0,0,0,0,0
28700,9750,4064,182,39,39,1,26,1,2,1,1,1,0,0,0,0,0,0
28800,9736,3813,189,36,43,0,24,1,4,1,4,1,0,0,0,0,0,0
28900,9743,3500,188,10,41,0,25,1,2,1,1,0,0,0,0,0,0,0
29000,9736,4310,185,5,43,0,28,3,8,1,0,0,0,0,0,0,0,0
29100,9751,4326,181,15,39,0,24,2,3,1,2,0,0,0,0,0,0,0
29200,9745,4777,184,15,42,0,24,3,5,3,0,1,0,0,0,0,0,0
29300,9734,3942,190,27,42,1,30,2,2,3,2,0,0,0,0,0,0,0
29400,9747,4679,183,12,44,1,23,4,1,1,2,1,0,0,0,0,0,0
29500,9743,4283,184,11,41,0,27,0,4,0,1,0,0,0,0,0,0,0
29600,9747,4328,183,16,41,1,22,2,7,1,0,0,0,0,0,0,0,0
29700,9746,4501,184,15,41,0,24,4,4,0,1,0,0,0,0,0,0,0
29800,9790,4095,135,12,44,0,22,1,8,3,1,0,0,0,0,0,0,0
29900,9809,4018,131,13,31,2,24,2,4,0,1,1,0,0,0,0,0,0
30000,9816,3937,131,10,22,1,26,0,2,3,3,0,0,0,0,0,0,0
30100,9809,3427,134,9,24,0,22,1,8,1,3,1,0,0,0,0,0,0
30200,9814,3217,133,14,21,0,28,1,3,0,1,0,0,0,0,0,0,0
30300,9819,3813,134,11,22,1,21,1,4,0,0,0,0,0,0,0,0,0
30400,9813,3889,135,10,22,1,25,0,5,1,0,0,0,0,0,0,0,0
30500,9721,3439,229,2,22,3,23,0,2,2,2,1,1,0,0,0,0,0
30600,9717,3782,239,0,22,1,20,1,1,0,1,0,0,0,0,0,0,0
30700,9701,4114,246,2,23,1,25,1,2,0,3,1,0,0,0,0,0,0
30800,9638,4353,317,1,24,0,19,0,1,0,1,0,0,0,0,0,0,0
30900,9644,4234,313,4,17,0,19,0,4,1,3,0,0,0,0,0,0,0
31000,9679,4392,317,5,2,0,0,0,2,1,0,0,0,0,0,0,0,0
31100,9663,4864,317,0,7,12,5,0,8,1,0,0,0,0,0,0,0,0
31200,9680,4468,312,29,4,7,2,1,2,0,0,0,0,0,0,0,0,0
31300,9674,4837,312,6,3,0,2,2,6,1,3,0,0,0,0,0,0,0
31400,9688,4425,296,10,6,0,3,7,6,0,1,0,0,0,0,0,0,0
31500,9717,4697,270,2,2,2,5,7,4,3,2,1,0,0,0,0,0,0
31600,9716,4583,272,8,3,0,4,2,4,0,1,1,0,0,0,0,0,0
31700,9711,4735,269,13,5,0,6,0,9,0,0,0,0,0,0,0,0,0
31800,9691,5247,302,25,0,0,3,1,3,1,1,0,0,0,0,0,0,0
31900,9610,4036,380,29,0,2,5,1,4,0,1,0,0,0,0,0,0,0
32000,9614,4078,371,15,5,3,2,1,3,3,5,1,0,0,0,0,0,0
32100,9663,3907,321,0,4,3,5,1,5,1,2,0,0,0,0,0,0,0
32200,9684,2901,306,2,4,1,2,0,4,2,0,0,0,0,0,0,0,0
32300,9673,4072,309,4,8,2,3,0,6,0,1,1,0,0,0,0,0,0
32400,9689,4848,306,2,2,2,2,2,1,1,0,0,0,0,0,0,0,0
32500,9641,4099,352,5,2,0,3,3,2,1,0,0,0,0,0,0,0,0
32600,9620,3377,375,4,1,1,1,0,2,1,1,0,0,0,0,0,0,0
32700,9614,2977,375,6,2,0,4,1,4,0,1,0,0,0,0,0,0,0
32800,9601,3387,387,6,7,1,2,3,2,4,1,1,0,0,0,0,0,0
32900,9575,3245,414,4,4,2,1,0,6,1,0,0,0,0,0,0,0,0
33000,9587,2937,404,7,3,6,2,0,3,1,1,0,0,0,0,0,0,0
33100,9583,2855,405,5,0,0,9,1,2,0,1,1,0,0,0,0,0,0
33200,9580,3340,407,2,4,1,6,1,3,1,0,1,0,0,0,0,0,0
33300,9576,3623,407,4,6,0,5,0,3,2,2,0,1,0,0,0,0,0
33400,9602,3489,386,6,2,1,2,3,6,0,2,0,0,0,0,0,0,0
33500,9692,3996,300,21,2,1,0,7,4,0,2,1,0,0,0,0,0,0
33600,9679,3808,314,0,0,2,2,1,3,1,2,1,0,0,0,0,0,0
33700,9629,3677,356,0,3,1,8,1,4,0,0,0,0,0,0,0,0,0
33800,9689,3675,303,10,2,0,2,0,4,1,0,1,0,0,0,0,0,0
33900,9683,3160,304,12,2,0,3,0,6,0,2,0,0,0,0,0,0,0
34000,9665,3443,319,2,3,1,4,1,6,0,3,0,0,0,0,0,0,0
34100,9673,3259,318,5,3,1,2,0,2,0,2,0,0,0,0,0,0,0
34200,9676,3389,314,2,2,1,1,0,4,0,3,0,0,0,0,0,0,0
34300,9672,2929,320,6,1,3,1,0,5,0,1,1,0,0,0,0,0,0
34400,9690,3063,300,10,1,1,5,0,2,1,2,0,0,0,0,0,0,0
34500,9722,3671,270,12,3,1,1,5,1,0,3,0,0,0,0,0,0,0
34600,9778,4932,216,5,0,0,6,0,0,0,0,0,0,0,0,0,0,0
34700,9808,4300,177,4,0,1,5,0,8,1,1,0,0,0,1,0,0,0
34800,9847,4297,143,3,1,0,5,1,3,0,1,0,0,0,0,0,0,0
34900,9842,4448,147,4,2,0,3,1,4,1,2,0,0,0,0,0,0,0
35000,9824,3716,165,4,1,1,4,2,6,1,0,1,0,0,0,0,0,0
35100,9795,3844,194,1,2,1,5,0,4,0,0,0,0,0,0,0,0,0
35200,9797,3503,189,3,3,1,7,0,1,1,3,0,0,0,0,0,0,0
35300,9815,3582,168,5,4,0,9,1,3,1,1,0,0,0,0,0,0,0
35400,9851,3439,141,0,2,1,0,0,4,2,2,0,0,0,0,0,0,0
35500,9850,2896,145,2,0,0,1,1,4,0,0,0,0,0,0,0,0,0
35600,9846,3736,141,4,3,1,5,0,2,0,3,1,0,0,0,0,0,0
35700,9864,4214,128,5,0,1,4,2,3,1,1,0,0,0,0,0,0,0
35800,9856,3936,134,3,2,1,2,2,5,1,1,0,0,0,0,0,0,0
35900,9854,3627,137,0,2,0,1,0,2,0,4,0,0,0,0,0,0,0
36000,9853,3503,136,0,3,1,1,0,5,1,2,0,0,0,0,0,0,0
36100,9855,3491,134,9,2,3,2,0,5,0,2,1,0,0,0,0,0,0
36200,9861,3274,129,5,2,5,3,0,2,0,3,1,0,0,0,0,0,0
36300,9858,3498,132,7,1,1,6,0,2,4,1,0,0,0,0,0,0,0
36400,9857,3343,130,4,5,1,4,0,3,2,1,1,0,0,0,0,0,0
36500,9861,3168,130,1,2,1,3,0,4,0,0,0,0,0,0,0,0,0
36600,9864,3458,128,6,1,1,1,0,4,0,2,0,0,0,0,0,0,0
36700,9860,3565,128,4,5,0,5,2,2,3,0,0,0,0,0,0,0,0
36800,9852,3049,140,8,1,3,2,0,3,2,2,0,0,0,0,0,0,0
36900,9852,3233,132,17,3,1,9,0,4,0,0,0,0,0,0,0,0,0
37000,9863,3391,135,6,1,1,0,1,0,0,1,0,0,0,0,0,0,0
37100,9863,2679,129,26,3,0,2,1,2,2,1,0,0,0,0,0,0,0
37200,9860,3338,127,32,2,2,3,0,5,1,3,0,0,0,0,0,0,0
37300,9853,3961,133,26,0,0,2,3,11,0,1,0,0,0,0,0,0,0
37400,9852,3605,133,12,3,2,2,1,8,0,2,1,0,0,0,0,0,0
37500,9866,4243,127,9,1,1,1,0,5,0,0,0,0,0,0,0,0,0
37600,9871,4927,127,8,1,0,0,0,0,1,1,0,0,0,0,0,0,0
37700,9861,4543,130,3,2,0,2,0,4,0,1,1,0,0,0,0,0,0
37800,9857,4586,130,2,6,1,0,0,7,1,0,0,0,0,0,0,0,0
37900,9864,4162,127,4,4,0,2,3,2,0,1,0,0,0,0,0,0,0
38000,9863,3994,124,7,2,1,4,1,6,1,1,0,0,0,0,0,0,0
38100,9860,3972,130,2,2,1,2,0,5,0,1,0,0,0,0,0,0,0
38200,9850,3666,135,4,1,0,3,1,4,1,7,0,0,1,0,0,0,0
38300,9868,3450,126,1,1,0,2,0,3,1,0,0,0,0,0,0,0,0
38400,9866,3849,127,21,1,1,1,1,3,1,2,0,0,0,0,0,0,0
38500,9852,3625,137,55,1,0,5,0,3,6,2,0,0,0,0,0,0,0
38600,9860,3627,134,1,3,0,1,0,2,0,0,0,0,0,0,0,0,0
38700,9861,2921,129,1,2,0,3,1,4,0,1,0,0,0,0,0,0,0
38800,9856,3557,131,4,3,0,3,0,6,1,1,0,0,0,0,0,0,0
38900,9863,3622,128,0,4,1,2,0,1,0,2,0,0,0,0,0,0,0
39000,9862,3512,128,21,6,1,2,0,2,3,0,0,0,0,0,0,0,0
39100,9863,3495,128,30,3,0,2,0,3,0,1,0,0,0,0,0,0,0
39200,9856,3318,138,10,0,1,2,0,4,2,0,0,0,0,0,0,0,0
39300,9872,3495,125,0,0,3,0,1,2,2,1,0,0,0,0,0,0,0
39400,9827,3610,163,12,2,0,3,1,4,0,1,1,0,0,0,0,0,0
39500,9812,3739,178,8,1,3,2,1,4,3,3,0,0,0,0,0,0,0
39600,9818,3987,176,23,3,3,0,0,2,1,1,0,0,0,0,0,0,0
39700,9851,3498,143,10,1,0,3,0,2,0,0,0,0,0,0,0,0,0
39800,9881,3405,104,11,6,0,5,1,4,3,0,0,0,0,0,0,0,0
39900,9922,3404,65,1,6,2,2,1,4,0,1,1,0,0,0,0,0,0
40000,9930,2920,65,0,2,1,2,0,1,0,0,0,0,0,0,0,0,0
40100,9929,3793,61,3,2,1,3,0,5,2,0,0,0,0,0,0,0,0
40200,9926,3165,63,5,3,0,2,4,4,2,2,0,0,0,0,0,0,0
40300,9928,2746,61,2,5,2,1,3,4,0,1,0,0,0,0,0,0,0
40400,9924,2971,63,4,3,0,1,0,6,0,3,0,0,0,0,0,0,0
40500,9921,3683,68,2,1,0,1,0,7,0,2,0,0,0,0,0,0,0
40600,9934,3404,59,6,2,2,2,0,3,1,0,1,0,0,0,0,0,0
40700,9923,4117,64,0,2,1,2,0,7,0,2,0,0,0,0,0,0,0
40800,9931,3910,59,12,4,0,0,0,1,1,5,1,0,0,0,0,0,0
40900,9929,4306,62,2,1,1,4,1,4,0,0,1,0,0,0,0,0,0
41000,9929,3847,60,7,2,0,8,1,0,1,1,0,0,0,0,0,0,0
41100,9967,3864,26,2,2,4,2,0,0,1,3,0,0,0,0,0,0,0
41200,9974,3072,16,2,4,3,4,0,2,0,0,0,0,0,0,0,0,0
41300,9984,3713,10,0,3,5,1,0,1,3,1,0,0,0,0,0,0,0
41400,9983,4162,8,0,3,0,2,3,2,0,2,0,0,0,0,0,0,0
41500,9974,3616,14,0,2,0,5,0,4,1,1,0,0,0,0,0,0,0
41600,9981,3919,12,12,3,2,2,0,1,2,1,0,0,0,0,0,0,0
41700,9984,3450,8,10,3,1,0,1,5,4,0,0,0,0,0,0,0,0
41800,9983,3462,14,6,1,0,0,0,2,5,0,0,0,0,0,0,0,0
41900,9984,2976,11,5,1,3,1,0,3,1,0,0,0,0,0,0,0,0
42000,9974,2960,22,3,2,0,2,2,0,0,0,1,0,0,0,0,0,0
42100,9972,3604,18,4,4,0,1,0,3,0,2,1,0,0,0,0,0,0
42200,9967,3288,24,7,1,0,3,0,1,0,4,0,0,0,0,0,0,0
42300,9972,3556,18,0,2,0,6,0,2,0,0,0,0,0,0,0,0,0
42400,9970,3784,17,1,4,1,1,4,8,0,0,0,0,0,0,0,0,0
42500,9980,4120,15,4,2,1,1,1,2,0,0,0,0,0,0,0,0,0
42600,9983,3267,11,12,2,0,1,1,3,0,0,0,0,0,0,0,0,0
42700,9976,3473,18,1,1,0,2,1,2,0,1,0,0,0,0,0,0,0
42800,9972,3706,17,3,2,1,3,3,3,1,3,0,0,0,0,0,0,0
42900,9976,3502,18,0,5,0,0,3,0,1,1,1,0,0,0,0,0,0
43000,9968,3118,17,2,3,0,2,0,6,0,4,0,0,0,0,0,0,0
43100,9981,3856,16,1,2,0,1,0,0,0,0,0,0,0,0,0,0,0
43200,9984,2977,6,2,2,1,5,0,3,0,0,0,0,0,0,0,0,0
43300,9975,2982,13,0,4,0,2,1,5,0,1,0,0,0,0,0,0,0
43400,9985,3277,9,3,1,0,1,0,1,3,3,0,0,0,0,0,0,0
43500,9986,2618,5,1,4,0,0,2,5,1,0,0,0,0,0,0,0,0
43600,9986,2535,7,0,1,0,1,1,4,0,1,0,0,0,0,0,0,0
43700,9981,3842,12,24,2,1,3,0,0,1,2,0,0,0,0,0,0,0
43800,9972,4028,9,3,5,0,5,2,7,0,2,0,0,0,0,0,0,0
43900,9982,3956,6,3,3,0,4,0,3,0,2,0,0,0,0,0,0,0
44000,9975,4283,9,0,5,0,3,0,7,0,1,1,0,0,0,0,0,0
44100,9985,3644,6,4,2,0,1,0,3,1,3,0,0,0,0,0,0,0
44200,9984,3781,8,4,0,0,2,2,5,4,1,1,0,0,0,0,0,0
44300,9983,3506,7,6,2,0,4,1,3,0,1,0,0,0,0,0,0,0
44400,9988,3523,4,2,0,0,4,0,3,0,1,1,0,0,0,0,0,0
44500,9988,3476,3,7,2,1,4,0,3,1,0,1,0,0,0,0,0,0
44600,9989,3779,1,2,1,0,0,1,4,2,5,0,0,0,0,0,0,0
44700,9991,3588,5,3,1,1,0,0,2,1,1,0,0,0,0,0,0,0
44800,9985,3571,7,8,1,0,5,0,2,1,0,0,0,0,0,0,0,0
44900,9987,3891,7,67,2,0,0,0,4,1,0,0,0,0,0,0,0,0
45000,9981,3940,7,33,1,1,4,3,7,1,0,0,0,0,0,0,0,0
45100,9974,3797,9,1,5,1,4,0,5,0,3,1,0,0,0,0,0,0
45200,9989,3696,7,7,0,3,1,0,2,2,1,0,0,0,0,0,0,0
45300,9982,3701,13,8,0,0,1,0,3,0,1,1,0,0,0,0,0,0
45400,9978,3968,7,1,5,2,2,0,7,0,1,0,0,0,0,0,0,0
45500,9979,3084,11,6,2,0,4,0,3,0,1,0,0,0,0,0,0,0
45600,9977,3144,7,7,3,0,2,3,11,0,0,0,0,0,0,0,0,0
45700,9983,3503,6,2,1,0,6,2,3,5,1,0,0,0,0,0,0,0
45800,9992,3687,5,4,2,0,0,4,1,1,0,0,0,0,0,0,0,0
45900,9979,3633,4,23,3,2,10,0,2,0,2,0,0,0,0,0,0,0
46000,9994,3252,0,10,2,0,3,4,1,1,0,2,0,0,0,0,0,0
46100,9982,3134,4,6,4,1,3,0,6,0,1,0,0,0,0,0,0,0
46200,9994,3040,1,4,2,0,2,0,1,0,0,1,0,0,0,0,0,0
46300,9989,3275,3,4,2,2,1,1,3,1,1,0,1,0,0,0,0,0
46400,9988,2628,4,18,1,0,5,0,1,1,1,0,0,0,0,0,0,0
46500,9985,2614,3,11,4,0,3,0,3,1,2,0,0,0,0,0,0,0
46600,9990,2586,0,7,3,0,4,0,2,0,1,1,0,0,0,0,0,0
46700,9985,2695,1,3,1,0,4,1,8,0,1,0,0,0,0,0,0,0
46800,9993,2903,1,0,0,0,3,0,2,0,1,1,0,0,0,0,0,0
46900,9989,2456,4,0,2,0,3,0,1,0,1,1,0,0,0,0,0,0
47000,9984,2564,2,3,2,0,3,2,8,2,1,0,0,0,0,0,0,0
47100,9990,2394,3,6,1,1,3,2,3,1,0,0,0,0,0,0,0,0
47200,9992,1933,3,18,2,0,1,0,1,0,1,0,0,0,0,0,0,0
47300,9988,2366,3,2,2,0,2,1,3,1,2,0,0,0,0,0,0,0
47400,9984,2370,5,6,0,0,1,1,7,1,3,0,0,0,0,0,0,0
47500,9983,2405,3,16,2,0,8,1,2,4,2,2,0,0,0,0,0,0
47600,9990,3332,6,20,0,1,3,1,1,0,0,0,0,0,0,0,0,0
47700,9986,3335,2,15,2,0,2,0,6,2,2,0,0,0,0,0,0,0
47800,9977,2971,9,8,2,0,7,1,5,1,0,1,0,0,0,0,0,0
47900,9982,2650,10,5,2,0,3,3,1,0,1,0,1,0,0,0,0,0
48000,9984,3051,9,8,1,7,0,0,4,1,2,0,0,0,0,0,0,0
48100,9976,2978,10,14,2,0,8,2,2,0,1,0,1,0,0,0,0,0
48200,9982,2624,10,14,1,5,2,2,3,0,2,1,0,0,0,0,0,0
48300,9981,3331,8,12,6,5,2,2,2,0,1,0,0,0,0,0,0,0
48400,9986,3360,6,10,2,2,1,5,3,1,2,0,0,0,0,0,0,0
48500,9977,3181,8,11,3,0,4,0,7,1,1,0,0,0,0,0,0,0
48600,9983,3402,10,10,0,0,4,1,2,1,0,0,1,0,0,0,0,0
48700,9990,3446,3,9,1,3,1,1,4,0,1,0,0,0,0,0,0,0
48800,9986,3717,11,14,3,0,0,0,0,0,0,0,0,0,0,0,0,0
48900,9987,4030,8,11,3,0,0,0,1,1,1,1,0,0,0,0,0,0
49000,9984,4307,7,9,1,0,2,0,5,4,1,0,0,0,0,0,0,0
49100,9980,4349,5,7,4,0,2,0,5,1,4,0,0,0,0,0,0,0
49200,9979,4248,8,4,4,0,1,1,4,0,4,0,0,0,0,0,0,0
49300,9981,4206,9,6,2,2,2,0,5,1,1,0,0,0,0,0,0,0
49400,9988,4655,4,9,2,0,6,1,0,1,0,0,0,0,0,0,0,0
49500,9969,3612,10,19,1,1,17,0,2,1,0,0,1,0,0,0,0,0
49600,9967,3694,10,17,5,2,15,0,1,0,2,0,0,0,0,0,0,0
49700,9970,3101,6,19,2,1,17,0,5,0,0,0,0,0,0,0,0,0
49800,9973,2460,7,26,1,0,15,1,2,1,1,0,1,0,0,0,0,0
49900,9961,3258,13,16,2,0,21,0,2,2,1,0,0,0,0,0,0,0
50000,9965,3407,12,13,2,2,17,0,1,0,2,0,1,0,0,0,0,0
50100,9968,3608,10,8,0,0,21,0,1,1,0,0,0,0,0,0,0,0
50200,9964,3891,12,11,1,1,17,2,6,0,0,0,0,0,0,0,0,0
50300,9974,4034,8,8,1,1,15,1,1,1,0,0,1,0,0,0,0,0
50400,9965,3008,10,8,3,0,15,0,7,0,0,1,0,0,0,0,0,0
50500,9973,3495,9,7,1,1,16,2,1,0,0,0,0,0,0,0,0,0
50600,9975,3233,3,6,1,0,17,1,2,1,2,0,0,0,0,0,0,0
50700,9985,4191,2,7,0,2,10,3,2,0,1,0,0,0,0,0,0,0
50800,9977,3646,1,10,4,0,16,0,0,1,2,0,0,0,0,0,0,0
50900,9988,3308,0,13,0,0,11,0,0,0,1,0,0,0,0,0,0,0
51000,9983,3891,1,12,3,1,9,2,2,2,2,0,0,0,0,0,0,0
51100,9980,3915,3,17,2,1,12,2,3,0,0,0,0,0,0,0,0,0
51200,9984,2997,0,18,1,0,14,0,0,1,1,0,0,0,0,0,0,0
51300,9992,3456,0,12,0,0,7,0,0,2,1,0,0,0,0,0,0,0
51400,9982,2684,2,12,2,0,9,0,3,2,2,0,0,0,0,0,0,0
51500,9975,3156,0,19,3,0,13,1,8,0,1,0,0,0,0,0,0,0
51600,9993,3288,0,21,1,1,3,0,2,2,1,0,0,0,0,0,0,0
51700,9991,2983,0,8,1,0,5,1,3,0,0,1,0,0,0,0,0,0
51800,9946,3010,50,10,1,0,2,0,1,0,0,1,0,0,0,0,0,0
51900,9920,2995,71,15,0,0,2,0,7,0,0,0,0,0,0,0,0,0
52000,9921,3670,70,4,2,1,5,0,1,0,1,1,0,0,0,0,0,0
52100,9922,3386,69,15,1,0,1,0,7,0,0,0,0,0,0,0,0,0
52200,9929,3032,69,9,0,1,0,0,2,3,0,1,0,0,0,0,0,0
52300,9924,3080,69,19,4,0,1,1,1,0,1,0,0,0,0,0,0,0
52400,9924,2674,68,7,1,0,4,1,3,0,0,0,0,0,0,0,0,0
52500,9924,2663,67,5,3,2,1,0,4,1,1,0,0,0,0,0,0,0
52600,9909,2794,80,7,0,2,4,0,6,0,1,0,0,0,0,0,0,0
52700,9909,2877,85,10,0,0,4,0,2,1,0,0,0,0,0,0,0,0
52800,9910,2438,80,6,0,1,9,2,1,0,0,0,0,0,0,0,0,0
52900,9924,1822,66,5,2,3,2,0,6,2,0,0,0,0,0,0,0,0
53000,9958,1979,32,18,3,0,1,1,4,2,2,0,0,0,0,0,0,0
53100,9979,1636,9,24,4,0,3,1,3,0,2,0,0,0,0,0,0,0
53200,9980,1355,7,12,5,0,0,1,4,0,4,1,0,0,0,0,0,0
53300,9980,1825,7,11,3,1,1,0,7,1,2,0,0,0,0,0,0,0
53400,9977,2754,14,11,2,0,4,0,3,0,0,0,0,0,0,0,0,0
53500,9981,3247,7,13,2,1,2,1,8,3,0,0,0,0,0,0,0,0
53600,9983,3150,6,12,2,0,5,0,1,1,3,0,0,0,0,0,0,0
53700,9982,3151,4,21,3,0,4,0,5,2,2,1,0,0,0,0,0,0
53800,9976,2751,9,22,3,0,3,1,6,1,3,0,0,0,0,0,0,0
53900,9963,2027,28,20,1,1,2,0,4,0,2,0,0,0,0,0,0,0
54000,9958,2255,30,14,3,0,2,3,4,0,3,1,0,0,0,0,0,0
54100,9966,2690,28,16,1,2,3,1,2,0,0,0,0,0,0,0,0,0
54200,9964,2552,30,6,1,2,1,0,4,1,0,0,0,0,0,0,0,0
54300,9952,2282,35,8,4,2,4,0,5,0,0,0,0,0,0,0,0,0
54400,9962,2673,28,4,1,0,1,1,6,0,2,0,0,0,0,0,0,0
54500,9951,3224,33,52,2,0,9,1,4,2,1,0,0,0,0,0,0,0
54600,9966,3114,23,105,1,2,4,1,3,0,3,0,0,0,0,0,0,0
54700,9960,2823,27,4,4,0,6,1,1,0,2,0,0,0,0,0,0,0
54800,9955,2666,26,8,4,1,6,4,7,0,2,1,0,0,0,0,0,0
54900,9958,2620,25,10,2,1,9,9,3,5,3,0,0,0,0,0,0,0
55000,9963,3118,25,11,1,0,4,8,5,0,2,0,0,0,0,0,0,0
55100,9959,3308,24,7,6,2,3,5,7,2,1,1,0,0,0,0,0,0
55200,9975,3276,16,9,3,0,4,0,2,2,0,1,0,0,0,0,0,0
55300,9981,3329,8,19,5,1,1,2,1,3,3,1,0,0,1,0,0,0
55400,9975,3256,16,10,4,0,0,0,3,1,2,1,0,0,0,0,0,0
55500,9952,3147,28,4,4,1,9,0,4,0,3,1,0,0,0,0,0,0
55600,9964,3901,19,1,3,0,7,0,5,0,2,1,0,0,0,0,0,0
55700,9967,4073,21,2,1,0,4,2,5,0,2,0,0,0,0,0,0,0
55800,9961,3707,26,1,4,1,5,0,1,0,3,0,0,0,0,0,0,0
55900,9967,3636,20,3,3,1,2,1,6,0,1,2,1,0,0,0,0,0
56000,9971,3177,22,0,3,1,2,1,1,3,1,1,0,0,0,0,0,0
56100,9961,3307,26,3,3,2,8,3,2,0,0,0,0,0,0,0,0,0
56200,9968,3884,24,10,4,0,2,0,0,0,2,2,0,0,0,0,0,0
56300,9951,3667,26,0,6,0,10,0,6,0,1,0,0,1,0,0,0,0
56400,9969,3231,21,7,4,0,5,3,1,0,0,2,0,0,0,0,0,0
56500,9967,3995,22,10,5,1,4,2,2,0,0,0,0,0,0,0,0,0
56600,9981,4251,14,15,0,0,2,0,3,0,0,0,0,0,0,0,0,0
56700,9973,4522,19,2,0,2,4,2,4,0,0,1,0,0,0,0,0,0
56800,9972,3988,17,9,2,0,2,0,7,0,0,0,0,0,0,0,0,0
56900,9973,3796,19,9,1,0,4,1,2,1,1,0,0,0,0,0,0,0
57000,9972,3758,16,16,2,1,3,0,6,1,1,0,0,0,0,0,0,0
57100,9966,3783,19,22,4,0,3,7,7,1,1,0,0,0,0,0,0,0
57200,9964,3718,25,1,3,1,3,11,4,1,1,0,0,0,0,0,0,0
57300,9963,3748,27,1,1,5,3,7,5,0,1,0,0,0,0,0,0,0
57400,9963,3273,27,4,1,3,3,1,5,1,1,1,0,0,0,0,0,0
57500,9966,3279,22,6,2,1,5,0,3,0,2,0,0,0,0,0,0,0
57600,9978,3674,14,9,3,2,2,0,3,0,0,0,0,0,0,0,0,0
57700,9978,4066,16,3,2,1,0,2,4,1,0,0,0,0,0,0,0,0
57800,9977,3173,17,3,2,0,2,1,2,1,0,0,0,0,0,0,0,0
57900,9974,3840,15,2,4,0,3,0,3,1,1,0,0,0,0,0,0,0
58000,9970,3320,22,3,4,0,2,0,2,0,0,0,0,0,0,0,0,0
58100,9945,3521,43,6,1,0,4,0,6,0,1,1,0,0,0,0,0,0
58200,9949,3265,42,2,2,0,1,0,5,0,1,0,0,0,0,0,0,0
58300,9951,3035,42,0,2,0,0,1,5,2,0,0,0,0,0,0,0,0
58400,9946,3264,46,2,3,2,0,2,5,1,0,0,0,0,0,0,0,0
58500,9948,3234,45,4,2,0,3,0,1,1,1,0,0,0,0,0,0,0
58600,9964,3240,34,0,0,1,1,0,1,7,0,0,0,0,0,0,0,0
58700,9959,3044,31,3,4,0,0,0,4,1,2,1,0,0,0,0,0,0
58800,9970,3357,29,4,1,0,0,0,0,0,0,0,0,0,0,0,0,0
58900,9960,2796,32,3,0,1,3,3,3,0,2,0,0,0,0,0,0,0
59000,9952,2845,40,0,1,0,2,0,2,1,3,1,0,0,0,0,0,0
59100,9961,3458,34,6,1,0,2,0,1,0,1,0,0,0,0,0,0,0
59200,9950,3302,43,2,3,0,3,1,1,0,0,0,0,0,0,0,0,0
59300,9963,2868,34,4,1,0,1,0,1,0,0,0,0,0,0,0,0,0
59400,9949,3244,42,4,2,2,1,1,4,1,2,0,0,0,0,0,0,0
59500,9956,3422,37,6,3,0,2,0,2,2,0,0,0,0,0,0,0,0
59600,9962,3226,35,15,1,1,1,0,1,0,0,0,0,0,0,0,0,0
59700,9958,3347,37,18,1,0,0,0,4,0,0,0,0,0,0,0,0,0
59800,9960,3632,32,2,2,1,0,0,5,2,1,1,0,0,0,0,0,0
59900,9962,3884,36,2,1,1,0,0,1,3,0,1,0,0,0,0,0,0
60000,9963,4023,31,23,2,1,1,0,1,3,2,0,0,0,0,0,0,0
60100,9959,3655,35,16,1,0,0,0,5,1,0,0,0,0,0,0,0,0
60200,9959,3620,35,25,1,4,2,0,2,3,1,0,0,0,0,0,0,0
60300,9963,3514,33,4,3,0,1,0,0,1,0,1,0,0,0,0,0,0
60400,9961,3245,34,7,2,0,0,0,1,0,2,0,0,0,0,0,0,0
60500,9966,3146,28,2,3,1,2,0,1,0,0,0,0,0,0,0,0,0
60600,9968,2900,30,2,1,0,1,0,0,0,0,0,0,0,0,0,0,0
60700,9962,2731,32,2,2,1,0,0,1,0,3,0,0,0,0,0,0,0
60800,9966,3237,30,16,1,1,1,0,1,0,1,0,0,0,0,0,0,0
60900,9956,2892,31,3,2,1,6,0,4,0,1,0,0,0,0,0,0,0
61000,9962,2680,29,3,0,1,2,2,5,1,2,1,0,0,0,0,0,0
61100,9964,2874,31,16,1,0,1,1,2,2,1,0,0,0,0,0,0,0
61200,9965,2819,30,17,1,1,3,0,0,4,1,0,0,0,0,0,0,0
61300,9962,2911,33,5,1,1,2,0,1,0,1,0,0,0,0,0,0,0
61400,9960,2931,30,2,3,0,2,3,4,1,1,1,0,0,0,0,0,0
61500,9963,2972,32,10,2,1,2,5,1,0,0,0,0,0,0,0,0,0
61600,9962,2625,31,7,1,0,5,3,1,0,0,0,0,0,0,0,0,0
61700,9956,3313,32,1,3,0,4,4,4,0,1,3,0,0,0,0,0,0
61800,9948,2806,40,6,2,2,4,0,4,0,2,0,0,0,0,0,0,0
61900,9943,2945,47,2,3,1,2,1,5,1,0,1,0,0,0,0,0,0
62000,9947,2968,47,24,1,1,1,0,4,0,0,0,0,0,0,0,0,0
62100,9945,2856,46,26,0,3,6,0,3,3,0,0,0,0,0,0,0,0
62200,9939,2138,47,21,1,0,7,4,4,0,2,0,0,0,0,0,0,0
62300,9941,2226,49,22,2,1,5,0,1,0,2,0,0,0,0,0,0,0
62400,9941,2566,50,26,0,0,7,0,1,1,1,0,0,0,0,0,0,0
62500,9948,2681,43,9,1,0,2,1,3,0,3,1,0,0,0,0,0,0
62600,9974,2611,19,2,2,0,2,0,1,0,2,0,0,0,0,0,0,0
62700,9965,2854,19,1,4,0,10,0,2,0,0,0,0,0,0,0,0,0
62800,9971,3182,19,2,1,0,5,1,4,0,0,0,0,0,0,0,0,0
62900,9961,3150,21,3,1,1,12,0,3,0,2,0,0,0,0,0,0,0
63000,9963,3657,22,2,4,0,6,1,5,0,0,0,0,0,0,0,0,0
63100,9969,3831,20,1,4,0,6,0,0,0,1,0,0,0,0,0,0,0
63200,9965,3720,27,1,3,0,3,0,2,0,0,0,0,0,0,0,0,0
63300,9956,2973,27,3,2,0,4,1,10,0,1,0,0,0,0,0,0,0
63400,9960,2853,27,9,2,2,4,0,6,0,1,0,0,0,0,0,0,0
63500,9960,2902,26,8,4,1,2,1,8,0,0,0,0,0,0,0,0,0
63600,9965,2846,26,15,3,0,1,0,5,0,0,0,0,0,0,0,0,0
63700,9979,2473,11,7,3,0,3,0,1,0,3,0,0,0,0,0,0,0
63800,9981,2673,10,9,3,1,2,1,2,0,2,1,0,0,0,0,0,0
63900,9975,2328,13,2,3,0,1,1,4,1,4,0,0,0,0,0,0,0
64000,9975,2657,11,3,5,1,7,1,2,1,0,0,0,0,0,0,0,0
64100,9975,2814,10,6,3,0,6,2,4,1,2,1,0,0,0,0,0,0
64200,9982,2595,11,12,1,0,2,1,3,0,1,0,0,0,0,0,0,0
64300,9979,3061,13,4,1,0,5,0,2,1,0,1,0,0,0,0,0,0
64400,9986,3062,11,2,1,1,0,2,2,2,0,0,0,0,0,0,0,0
64500,9985,3292,12,0,1,1,1,3,0,0,1,1,0,0,0,0,0,0
64600,9980,3554,12,3,2,0,4,0,1,2,1,1,0,0,0,0,0,0
64700,9976,3438,15,3,3,2,2,1,2,2,2,1,0,0,0,0,0,0
64800,9967,3789,12,6,4,0,8,4,5,0,4,0,0,0,0,0,0,0
64900,9973,3202,14,7,1,1,7,0,4,0,1,0,0,0,0,0,0,0
65000,9977,2853,14,20,3,0,3,1,2,1,1,2,0,0,0,0,0,0
65100,9979,2712,13,22,2,1,3,2,3,1,0,1,0,0,0,0,0,0
65200,9981,3433,14,14,1,0,3,4,1,0,0,0,0,0,0,0,0,0
65300,9980,3357,13,10,1,1,2,1,2,1,2,0,0,0,0,0,0,0
65400,9981,3649,8,16,3,0,3,0,4,1,1,0,0,0,0,0,0,0
65500,9979,3701,10,9,1,0,5,0,4,0,1,0,0,0,0,0,0,0
65600,9982,3872,10,7,3,0,1,2,1,1,3,0,0,0,0,0,0,0
65700,9981,3707,10,14,1,0,4,0,2,0,2,0,0,0,0,0,0,0
65800,9976,2794,10,13,1,1,2,0,9,0,2,0,0,0,0,0,0,0
65900,9972,2617,13,6,4,1,4,1,4,0,3,0,0,0,0,0,0,0
66000,9982,2617,9,12,2,0,4,0,3,1,0,0,0,0,0,0,0,0
66100,9980,3145,11,6,1,1,4,1,3,1,1,0,0,0,0,0,0,0
66200,9972,3468,13,17,6,0,5,0,3,2,1,0,0,0,0,0,0,0
66300,9968,3610,14,4,5,1,10,0,3,0,0,0,0,0,0,0,0,0
66400,9980,3440,10,1,2,0,5,1,1,0,2,0,0,0,0,0,0,0
66500,9982,3469,8,0,4,0,3,0,3,0,0,0,0,0,0,0,0,0
66600,9978,3920,8,0,3,0,5,0,6,0,0,0,0,0,0,0,0,0
66700,9982,3886,9,1,1,0,2,0,6,0,0,0,0,0,0,0,0,0
66800,9982,4174,12,8,1,0,1,0,3,2,1,0,0,0,0,0,0,0
66900,9984,4410,8,2,0,0,2,1,6,2,0,0,0,0,0,0,0,0
67000,9981,3567,8,6,4,0,4,0,3,0,0,0,0,0,0,0,0,0
67100,9976,3368,9,10,2,0,6,0,6,1,1,0,0,0,0,0,0,0
67200,9980,4691,9,2,3,2,4,0,3,4,1,0,0,0,0,0,0,0
67300,9985,4802,8,9,1,2,4,10,0,2,2,1,0,0,0,0,0,0
67400,9969,4430,12,8,3,2,5,1,8,1,3,0,0,0,0,0,0,0
67500,9987,3857,8,5,3,0,0,3,2,1,0,0,0,0,0,0,0,0
67600,9990,3982,8,33,0,2,0,0,0,0,2,0,0,0,0,0,0,0
67700,9980,4188,8,12,5,1,3,2,3,0,1,0,0,0,0,0,0,0
67800,9973,3589,14,7,1,1,8,1,2,1,2,0,0,0,0,0,0,0
67900,9983,3708,8,0,0,2,4,0,5,1,0,0,0,0,0,0,0,0
68000,9981,3632,8,0,0,1,9,0,2,1,0,1,0,0,0,0,0,0
68100,9979,3274,9,0,0,1,3,1,5,3,4,0,0,0,0,0,0,0
68200,9970,3340,11,0,6,0,8,0,4,2,1,0,0,0,0,0,0,0
68300,9974,2588,12,1,3,1,5,1,2,0,4,1,0,0,0,0,0,0
68400,9967,1986,21,0,4,0,5,1,3,1,0,0,0,0,0,0,0,0
68500,9973,1945,21,8,2,1,2,1,2,0,0,0,0,0,0,0,0,0
68600,9965,2319,21,8,4,0,4,0,5,0,1,0,0,0,0,0,0,0
68700,9968,2005,21,6,4,1,3,0,3,1,1,1,0,0,0,0,0,0
68800,9968,1689,24,9,0,1,3,0,5,2,0,0,0,0,0,0,0,0
68900,9971,2426,21,3,4,0,3,0,0,1,1,1,0,0,0,0,0,0
69000,9968,2558,21,6,4,1,2,0,4,0,1,2,0,0,0,0,0,0
69100,9973,2476,20,19,2,0,1,1,3,1,1,0,0,0,0,0,0,0
69200,9960,2450,25,7,6,1,5,1,4,0,0,0,0,0,0,0,0,0
69300,9963,2133,21,5,4,2,8,0,1,1,0,0,3,0,0,0,0,0
69400,9969,2818,22,11,0,0,3,0,4,0,2,0,0,0,0,0,0,0
69500,9969,2587,20,12,1,2,5,0,4,0,1,0,0,0,0,0,0,0
69600,9968,2206,24,4,0,1,6,0,1,0,1,1,0,0,0,0,0,0
69700,9961,2672,24,4,1,2,6,0,6,1,2,1,0,0,0,0,0,0
69800,9968,2253,22,1,1,2,5,0,3,0,1,0,0,0,0,0,0,0
69900,9963,2083,22,1,1,2,11,0,3,1,0,0,0,0,0,0,0,0
70000,9962,2763,21,0,4,0,4,0,5,0,4,0,0,0,0,0,0,0
70100,9969,2799,23,5,4,0,1,1,2,0,1,0,0,0,0,0,0,0
70200,9971,2945,21,8,1,1,5,0,2,0,0,0,0,0,0,0,0,0
70300,9960,3060,25,12,1,0,5,0,7,0,2,0,0,0,0,0,0,0
70400,9954,2437,32,4,5,1,5,0,4,0,0,0,0,0,0,0,0,0
70500,9958,2924,25,5,0,0,8,1,8,2,1,0,0,0,0,0,0,0
70600,9960,3062,31,5,2,1,4,0,2,0,1,0,0,0,0,0,0,0
70700,9954,3703,30,4,5,1,3,0,6,0,2,0,0,0,0,0,0,0
70800,9955,3521,34,10,2,0,3,0,5,2,1,0,0,0,0,0,0,0
70900,9956,3380,27,14,2,2,8,1,5,1,2,0,0,0,0,0,0,0
71000,9964,3981,25,32,1,1,6,0,2,1,2,0,0,0,0,0,0,0
71100,9960,3605,26,28,3,1,8,0,2,1,1,0,0,0,0,0,0,0
71200,9971,3152,17,23,2,2,3,1,5,1,2,0,0,0,0,0,0,0
71300,9977,2973,12,19,3,0,2,0,5,0,1,0,0,0,0,0,0,0
71400,9977,3233,10,2,1,1,8,0,4,0,0,0,0,0,0,0,0,0
71500,9981,3154,13,1,1,0,4,0,1,1,0,1,0,0,0,0,0,0
71600,9987,3746,2,4,7,1,1,0,2,0,1,1,0,0,0,0,0,0
71700,9983,3562,4,45,1,0,7,3,3,0,2,0,0,0,0,0,0,0
71800,9983,3351,1,20,5,0,5,0,4,0,2,0,0,0,0,0,0,0
71900,9986,3016,1,5,2,0,3,0,8,1,0,0,0,0,0,0,0,0
72000,9983,2812,8,0,2,1,2,0,5,1,0,2,0,0,0,0,0,0
72100,9991,2853,1,4,3,0,2,1,2,0,1,0,0,0,0,0,0,0
72200,9988,2952,2,0,1,1,7,1,0,0,2,0,0,0,0,0,0,0
72300,9994,2646,1,2,2,2,1,0,1,1,1,0,0,0,0,0,0,0
72400,9983,2793,1,6,3,2,9,0,4,0,0,0,0,0,0,0,0,0
72500,9992,2474,1,0,2,15,1,0,4,0,0,1,0,0,0,0,0,0
72600,9991,2475,0,4,2,6,2,0,4,1,1,0,0,0,0,0,0,0
72700,9991,2725,0,11,0,6,1,6,6,1,2,0,0,0,0,0,0,0
72800,9983,3034,4,18,4,9,6,1,2,3,1,0,0,0,0,0,0,0
72900,9988,3078,2,16,3,10,1,3,5,3,1,0,0,0,0,0,0,0
73000,9987,3533,1,15,5,0,0,0,7,0,0,1,0,0,0,0,0,0
73100,9991,3404,0,16,3,6,3,0,3,0,0,0,0,0,0,0,0,0
73200,9939,3259,47,14,4,20,1,0,7,0,2,0,0,0,0,0,0,0
73300,9978,3506,9,15,5,13,5,0,1,0,2,0,0,0,0,0,0,0
73400,9988,3832,2,3,3,20,0,1,5,1,2,3,0,0,0,0,0,0
73500,9961,3851,32,11,2,24,2,2,2,0,1,1,0,0,0,0,0,0
73600,9951,3413,40,16,3,25,4,1,1,0,1,0,0,0,0,0,0,0
73700,9949,3218,39,12,2,22,4,1,5,1,1,0,0,0,0,0,0,0
73800,9986,3018,2,7,3,12,5,1,4,2,0,0,0,0,0,0,0,0
73900,9981,2986,3,22,3,40,6,0,5,1,2,0,0,0,0,0,0,0
74000,9988,3025,3,15,5,50,1,9,2,4,1,0,0,0,0,0,0,0
74100,9992,2482,5,16,0,26,0,15,1,2,2,0,0,0,0,0,0,0
74200,9986,2754,5,28,4,34,0,15,3,0,2,0,0,0,0,0,0,0
74300,9986,3141,6,33,3,47,2,4,3,0,0,1,0,0,0,0,0,0
74400,9990,2847,1,14,5,48,3,2,1,5,0,0,0,0,0,0,0,0
74500,9994,3229,1,10,2,41,1,1,1,0,1,2,0,0,0,0,0,0
74600,9991,2871,1,6,1,44,3,0,3,0,1,1,0,0,0,0,0,0
74700,9990,2639,0,11,2,40,3,3,4,1,1,0,0,0,0,0,0,0
74800,9993,2110,2,10,0,24,1,0,2,3,2,0,0,0,0,0,0,0
74900,9990,2374,0,14,3,8,3,5,3,0,1,0,0,0,0,0,0,0
75000,9986,2243,2,12,2,3,4,2,4,1,2,0,0,0,0,0,0,0
75100,9985,2374,2,25,3,8,8,8,2,0,0,0,0,0,0,0,0,0
75200,9988,2562,0,23,0,6,8,1,4,1,0,1,0,0,0,0,0,0
75300,9959,2798,29,16,1,14,6,0,5,0,0,0,0,0,0,0,0,0
75400,9920,3321,71,18,1,3,7,2,1,1,0,0,0,0,0,0,0,0
75500,9908,2983,82,34,0,14,3,1,2,0,5,0,0,0,0,0,0,0
75600,9903,2714,81,43,3,20,10,1,3,0,0,0,0,0,0,0,0,0
75700,9949,3211,35,39,3,18,8,0,4,2,1,0,0,0,0,0,0,0
75800,9961,2917,32,25,1,12,4,1,0,0,2,0,0,0,0,0,0,0
75900,9963,3508,21,25,3,5,6,0,7,2,0,0,0,0,0,0,0,0
76000,9965,3815,16,15,5,6,5,1,7,0,2,0,0,0,0,0,0,0
76100,9972,3087,17,8,3,1,3,1,3,4,2,1,0,0,0,0,0,0
76200,9969,3110,21,13,5,13,5,1,0,0,0,0,0,0,0,0,0,0
76300,9949,3812,40,16,1,10,6,0,3,1,1,1,0,0,0,0,0,0
76400,9950,3487,38,11,4,5,4,2,2,0,2,3,0,0,0,0,0,0
76500,9969,2585,20,12,2,12,3,3,3,1,3,1,0,0,0,0,0,0
76600,9981,2502,8,14,4,7,1,0,4,0,2,0,0,0,0,0,0,0
76700,9988,3479,1,16,0,14,2,0,7,1,2,0,0,0,0,0,0,0
76800,9982,3116,6,26,1,17,5,2,4,1,2,0,0,0,0,0,0,0
76900,9991,2861,6,20,0,9,0,0,2,1,1,0,0,0,0,0,0,0
77000,9983,2870,3,19,3,3,5,2,4,1,2,0,0,0,0,0,0,0
77100,9987,2618,1,24,1,13,5,1,5,2,1,0,0,0,0,0,0,0
77200,9988,2526,3,41,1,4,4,1,4,1,0,0,0,0,0,0,0,0
77300,9984,2889,7,38,2,5,3,3,3,2,1,1,0,0,0,0,0,0
77400,9968,3368,24,37,3,26,2,0,1,1,2,0,0,0,0,0,0,0
77500,9957,3425,29,9,2,17,4,0,7,0,1,0,0,0,0,0,0,0
77600,9964,3352,30,11,2,20,1,0,2,2,1,3,0,0,0,0,0,0
77700,9959,3262,31,8,4,15,1,0,4,4,1,2,0,0,0,0,0,0
77800,9952,3367,33,14,6,19,4,0,3,0,2,0,0,0,0,0,0,0
77900,9952,2984,28,9,6,11,6,3,6,2,2,0,0,0,0,0,0,0
78000,9959,3057,33,10,0,12,3,0,3,1,2,0,0,0,0,0,0,0
78100,9956,3236,29,16,2,3,11,1,1,0,1,0,0,0,0,0,0,0
78200,9964,3286,30,24,0,1,3,0,2,0,1,1,0,0,0,0,0,0
78300,9959,3371,29,14,2,2,0,1,8,0,2,0,0,0,0,0,0,0
78400,9963,3207,30,10,2,2,2,0,3,0,0,0,0,0,0,0,0,0
78500,9966,2577,29,10,2,1,1,0,1,1,1,0,0,0,0,0,0,0
78600,9959,2870,33,16,3,7,5,0,0,0,0,2,0,0,0,0,0,0
78700,9958,2840,31,7,1,1,0,0,9,1,1,0,0,0,0,0,0,0
78800,9955,2792,36,14,3,1,3,0,2,0,1,0,0,0,0,0,0,0
78900,9962,2985,29,8,3,2,1,0,2,0,3,1,0,0,0,0,0,0
79000,9949,2633,34,8,3,4,7,1,7,2,0,2,0,0,0,0,0,0
79100,9957,3499,38,11,0,8,1,1,1,1,3,1,0,0,0,0,0,0
79200,9956,2967,33,10,2,1,3,4,6,1,0,0,0,1,0,0,0,0
79300,9950,3088,36,133,3,1,5,2,5,2,1,0,0,0,0,0,0,0
79400,9957,3138,37,49,2,4,1,1,1,0,2,1,0,0,0,0,0,0
79500,9946,2799,41,33,2,0,5,0,5,2,1,0,0,0,0,0,0,0
79600,9945,3394,44,10,2,1,3,0,6,1,0,1,0,0,0,0,0,0
79700,9952,3132,39,10,4,1,1,0,2,0,2,0,0,0,0,0,0,0
79800,9957,3376,38,9,1,0,3,1,1,1,0,0,0,0,0,0,0,0
79900,9949,2723,39,16,5,2,1,0,3,1,3,0,0,0,0,0,0,0
80000,9944,3368,40,7,1,2,4,1,10,0,1,0,0,0,0,0,0,0
80100,9950,3278,41,7,1,3,1,0,5,0,2,0,0,0,0,0,0,0
80200,9961,3262,27,9,5,11,1,2,6,1,0,1,0,0,0,0,0,0
80300,9927,2643,60,9,2,5,5,0,3,1,3,1,0,0,0,0,0,0
80400,9915,2588,82,7,1,1,0,0,1,0,1,0,0,0,0,0,0,0
80500,9920,3340,72,13,1,1,3,0,2,2,2,0,0,0,0,0,0,0
80600,9912,3194,79,12,0,3,0,1,6,0,3,0,0,0,0,0,0,0
80700,9920,2755,74,11,1,9,1,1,3,1,1,0,0,0,0,0,0,0
80800,9924,2844,69,7,2,20,2,1,1,0,2,1,0,0,0,0,0,0
80900,9923,1782,68,9,1,13,6,0,2,0,0,0,0,0,0,0,0,0
81000,9913,1708,76,17,3,3,2,1,6,0,0,0,0,0,0,0,0,0
81100,9912,2217,78,12,3,3,3,0,3,0,1,2,0,0,0,0,0,0
81200,9911,1445,77,17,2,3,2,0,6,1,2,0,0,0,0,0,0,0
81300,9924,1933,66,9,2,4,1,0,6,0,1,0,0,0,0,0,0,0
81400,9932,2267,64,7,0,0,1,2,1,0,2,0,0,0,0,0,0,0
81500,9926,2917,58,11,4,0,5,1,5,0,1,0,1,0,0,0,0,0
81600,9934,2844,57,13,3,1,1,2,4,0,1,0,0,0,0,0,0,0
81700,9941,2694,57,56,0,2,1,0,1,2,0,0,0,0,0,0,0,0
81800,9944,3013,51,18,2,0,1,0,2,0,0,1,0,0,0,0,0,0
81900,9931,3250,55,9,2,2,7,0,2,2,3,0,0,0,0,0,0,0
82000,9937,3314,55,14,3,1,2,0,2,1,1,1,0,0,0,0,0,0
82100,9925,3413,71,19,3,1,0,0,1,0,0,0,0,0,0,0,0,0
82200,9884,2970,109,12,4,0,3,1,0,0,0,0,0,0,0,0,0,0
82300,9892,3290,104,15,0,0,1,0,2,1,1,0,0,0,0,0,0,0
82400,9886,3556,105,13,2,0,1,0,4,0,2,0,0,0,0,0,0,0
82500,9882,3063,108,15,2,1,4,0,3,1,1,0,0,0,0,0,0,0
82600,9882,3367,111,7,1,0,0,1,4,0,2,0,0,0,0,0,0,0
82700,9878,3233,119,13,0,2,1,1,1,1,1,0,0,0,0,0,0,0
82800,9871,3133,119,9,1,0,1,5,4,0,4,0,0,0,0,0,0,0
82900,9866,2587,125,19,1,0,2,0,1,1,5,0,0,0,0,0,0,0
83000,9859,2696,127,15,4,2,2,0,4,1,4,0,0,0,0,0,0,0
83100,9851,2958,141,23,1,0,2,0,2,0,3,0,0,0,0,0,0,0
83200,9817,2948,167,113,3,2,8,0,2,3,3,0,0,0,0,0,0,0
83300,9819,3455,168,17,2,1,2,2,4,1,5,1,0,0,0,0,0,0
83400,9827,3843,161,13,3,0,1,0,5,1,3,0,0,0,0,0,0,0
83500,9817,3269,169,15,3,1,4,1,2,2,5,1,0,0,0,0,0,0
83600,9825,3071,164,99,2,0,1,2,3,1,5,0,0,0,0,0,0,0
83700,9817,3176,168,76,2,1,0,1,8,0,5,0,0,0,0,0,0,0
83800,9799,2827,192,12,1,0,2,4,3,0,3,0,0,0,0,0,0,0
83900,9772,2989,222,10,1,0,2,0,3,1,0,1,0,0,0,0,0,0
84000,9778,3220,212,5,2,0,2,0,2,0,4,0,0,0,0,0,0,0
84100,9830,3254,159,1,4,1,0,0,0,2,7,0,0,0,0,0,0,0
84200,9894,3643,97,2,3,0,0,0,5,1,1,0,0,0,0,0,0,0
84300,9889,3335,102,1,0,1,2,2,5,0,2,0,0,0,0,0,0,0
84400,9892,3480,99,3,0,0,2,0,6,1,1,0,0,0,0,0,0,0
84500,9887,3858,101,7,3,2,4,1,3,1,2,0,0,0,0,0,0,0
84600,9885,3740,103,3,3,1,2,0,5,0,1,0,1,0,0,0,0,0
84700,9890,3245,105,3,2,0,1,0,1,1,1,0,0,0,0,0,0,0
84800,9889,2951,104,4,2,1,3,1,0,0,2,0,0,0,0,0,0,0
84900,9890,3431,107,3,0,1,1,0,1,0,1,0,0,0,0,0,0,0
85000,9888,2963,104,90,1,2,3,0,3,2,0,0,1,0,0,0,0,0
85100,9890,2710,103,136,1,2,0,2,5,2,1,0,0,0,0,0,0,0
85200,9894,2470,97,75,2,0,4,0,2,3,1,0,0,0,0,0,0,0
85300,9879,2401,101,0,3,0,3,0,11,1,3,0,0,0,0,0,0,0
85400,9900,3177,96,3,2,4,1,2,1,1,0,0,0,0,0,0,0,0
85500,9887,3020,104,14,1,0,3,0,5,0,0,0,0,0,0,0,0,0
85600,9889,3204,99,11,4,0,4,0,4,0,0,0,0,0,0,0,0,0
85700,9885,3563,105,24,1,2,2,0,3,2,4,0,0,0,0,0,0,0
85800,9865,3578,128,29,0,0,1,0,5,0,1,1,0,0,0,0,0,0
85900,9840,3427,147,8,3,2,1,0,6,0,3,1,0,0,0,0,0,0
86000,9801,3144,194,17,2,0,2,0,0,4,1,1,0,0,0,0,0,0
86100,9804,3126,191,17,0,1,1,1,3,5,1,0,0,0,0,0,0,0
86200,9809,3753,187,24,0,0,1,0,3,0,0,0,0,0,0,0,0,0
86300,9801,3696,193,2,3,0,0,1,3,0,0,0,0,0,0,0,0,0
86400,9797,4000,194,2,2,0,0,0,7,0,0,0,0,0,0,0,0,0
86500,9826,3499,170,6,1,1,1,1,2,1,0,0,0,0,0,0,0,0
86600,9868,3660,127,10,2,1,0,0,3,1,0,0,0,0,0,0,0,0
86700,9863,3431,133,11,1,0,1,0,2,3,0,0,0,0,0,0,0,0
86800,9859,3492,129,11,5,0,1,1,4,1,2,0,0,0,0,0,0,0
86900,9860,3644,131,19,3,1,2,0,4,0,0,0,0,0,0,0,0,0
87000,9870,3879,125,7,0,1,1,2,3,1,1,1,0,0,0,0,0,0
87100,9867,3998,125,3,3,0,1,0,3,0,1,1,0,0,0,0,0,0
87200,9872,3733,122,3,2,2,0,1,3,0,1,0,0,0,0,0,0,0
87300,9857,2943,126,0,3,0,3,1,6,2,5,2,0,0,0,0,0,0
87400,9872,3031,121,0,1,1,2,5,4,1,0,1,0,0,0,0,0,0
87500,9874,4099,121,6,0,0,2,0,3,0,0,0,0,0,0,0,0,0
87600,9891,4006,102,0,2,0,0,2,3,0,2,0,0,0,0,0,0,0
87700,9897,3183,98,2,1,1,0,3,2,0,2,1,0,0,0,0,0,0
87800,9900,2931,94,5,2,2,2,2,2,1,0,0,0,0,0,0,0,0
87900,9902,3459,92,2,0,0,1,1,4,2,1,0,0,0,0,0,0,0
88000,9897,3462,92,10,2,0,5,2,3,1,1,1,0,0,0,0,0,0
88100,9900,3165,98,1,1,0,0,1,1,0,0,0,0,0,0,0,0,0
88200,9898,2951,93,0,4,0,1,0,3,1,1,1,0,1,0,0,0,0
88300,9907,2938,87,1,2,1,2,0,1,2,1,0,0,0,0,0,0,0
88400,9892,2576,93,15,4,0,2,1,7,0,2,1,0,0,0,0,0,0
88500,9908,2248,89,21,1,0,0,1,1,0,1,0,0,0,0,0,0,0
88600,9902,2473,90,15,1,0,2,0,4,2,1,0,0,0,0,0,0,0
88700,9896,2581,96,2,4,1,0,0,3,1,1,0,0,0,0,0,0,0
88800,9896,2675,94,5,1,0,4,1,5,0,0,0,0,0,0,0,0,0
88900,9901,3009,90,4,2,0,2,0,3,3,2,1,0,0,0,0,0,0
89000,9897,3185,92,4,1,0,8,0,2,3,0,0,0,0,0,0,0,0
89100,9904,2823,89,3,0,1,5,0,1,1,1,1,0,0,0,0,0,0
89200,9892,2653,92,2,3,0,10,0,2,0,1,0,0,0,0,0,0,0
89300,9899,2269,93,6,2,0,4,0,2,0,0,0,0,0,0,0,0,0
89400,9887,2685,96,3,5,0,3,0,6,1,3,0,0,0,0,0,0,0
89500,9899,3022,90,0,2,1,7,0,1,0,1,0,0,0,0,0,0,0
89600,9906,3093,89,17,0,1,2,5,3,1,0,0,0,0,0,0,0,0
89700,9898,3262,89,19,1,0,7,0,4,3,1,0,0,0,0,0,0,0
89800,9904,2997,85,47,4,0,3,0,3,2,1,0,0,0,0,0,0,0
89900,9925,2850,68,19,0,0,6,0,0,3,1,0,0,0,0,0,0,0
90000,9930,3663,55,4,2,0,6,0,6,0,1,1,0,0,0,0,0,0
90100,9987,2810,1,3,2,1,4,1,5,0,1,0,0,0,0,0,0,0
90200,9987,3144,2,5,3,0,7,3,0,2,1,0,0,0,0,0,0,0
90300,9993,3411,0,0,0,0,4,0,1,1,2,0,0,0,0,0,0,0
90400,9986,3290,0,0,2,0,6,0,5,4,1,2,0,0,0,0,0,0
90500,9987,3223,3,5,1,1,3,0,6,0,0,1,0,0,0,0,0,0
90600,9994,2687,2,0,1,0,2,1,1,1,0,1,0,0,0,0,0,0
90700,9992,2563,0,3,1,1,4,2,2,0,1,0,0,0,0,0,0,0
90800,9985,2592,4,0,2,2,4,0,5,1,0,0,0,0,0,0,0,0
90900,9979,3406,6,2,4,1,7,1,4,0,0,0,0,0,0,0,0,0
91000,9989,2842,0,0,2,1,6,1,3,1,0,0,0,0,0,0,0,0
91100,9978,3029,8,0,2,0,9,0,3,0,0,0,0,0,0,0,0,0
91200,9965,2627,27,0,2,0,5,0,1,0,0,0,0,0,0,0,0,0
91300,9912,2367,77,3,5,1,1,0,3,1,2,0,0,0,0,0,0,0
91400,9909,3365,74,2,3,0,9,0,3,0,2,1,0,0,0,0,0,0
91500,9921,3324,67,4,1,1,8,0,2,2,1,0,0,0,0,0,0,0
91600,9913,3071,68,3,3,0,11,3,5,1,0,0,0,0,0,0,0,0
91700,9912,3967,66,1,1,2,16,1,5,0,0,1,0,0,0,0,0,0
91800,9914,3797,70,1,2,0,6,0,7,1,1,0,0,0,0,0,0,0
91900,9915,3079,67,0,2,0,9,0,6,1,1,0,0,0,0,0,0,0
92000,9905,3614,69,1,2,0,16,0,7,0,1,0,0,0,0,0,0,0
92100,9916,3830,69,0,0,0,13,0,0,1,2,0,0,0,0,0,0,0
92200,9916,3432,67,1,4,0,6,0,5,0,2,0,0,0,0,0,0,0
92300,9924,2996,70,0,2,0,4,2,0,1,0,0,0,0,0,0,0,0
92400,9916,3064,70,4,3,0,7,1,2,0,2,0,0,0,0,0,0,0
92500,9915,2505,70,2,4,0,4,0,5,1,2,1,0,0,0,0,0,0
92600,9918,2327,70,0,1,0,7,0,2,3,2,1,0,0,0,0,0,0
92700,9921,2468,68,0,3,0,6,0,1,0,1,0,0,0,0,0,0,0
92800,9913,3169,67,2,4,1,11,0,4,1,1,0,0,0,0,0,0,0
92900,9904,4098,78,3,3,0,5,0,7,0,3,0,0,0,0,0,0,0
93000,9908,3501,81,3,2,1,5,0,4,1,0,0,0,0,0,0,0,0
93100,9900,3081,86,0,2,1,9,0,0,1,3,0,0,0,0,0,0,0
93200,9902,3660,77,2,5,0,10,0,5,1,1,0,0,0,0,0,0,0
93300,9904,3513,70,4,4,0,9,1,11,0,2,0,0,0,0,0,0,0
93400,9914,2552,78,25,0,0,4,1,2,0,2,0,0,0,0,0,0,0
93500,9964,2681,18,55,4,1,10,0,1,0,3,0,0,0,0,0,0,0
93600,9971,2801,14,53,1,1,10,0,1,3,3,0,0,0,0,0,0,0
93700,9969,3324,16,19,3,1,7,0,4,1,1,0,0,0,0,0,0,0
93800,9973,3099,10,1,1,1,12,0,4,0,0,0,0,0,0,0,0,0
93900,9976,4025,6,5,8,1,6,1,3,2,1,1,0,0,0,0,0,0
94000,9957,4094,4,0,22,0,14,0,1,1,2,0,0,0,0,0,0,0
94100,9947,3843,16,4,25,0,7,0,3,2,2,1,0,0,0,0,0,0
94200,9956,4236,9,0,21,2,7,0,6,1,1,0,0,0,0,0,0,0
94300,9964,3429,6,7,20,0,3,1,4,0,3,0,0,0,0,0,0,0
94400,9961,2971,8,1,22,1,5,1,0,2,4,0,0,0,0,0,0,0
94500,9966,3113,6,23,20,0,5,1,3,2,0,0,0,0,0,0,0,0
94600,9962,3105,5,32,24,0,8,1,1,3,0,0,0,0,0,0,0,0
94700,9981,2892,5,29,4,3,4,0,6,1,0,0,0,0,0,0,0,0
94800,9979,2869,8,35,2,0,4,0,7,0,0,0,0,0,0,0,0,0
94900,9978,3258,6,24,1,0,11,0,4,0,0,0,0,0,0,0,0,0
95000,9986,3449,7,9,0,1,4,1,3,0,0,0,0,0,0,0,0,0
95100,9986,3817,6,24,1,0,5,0,0,1,2,0,0,0,0,0,0,0
95200,9982,3580,6,16,3,2,8,0,1,1,0,1,0,0,0,0,0,0
95300,9959,3688,23,6,3,0,9,0,6,0,0,0,0,0,0,0,0,0
95400,9954,4295,34,1,0,0,7,0,3,0,2,1,0,0,0,0,0,0
95500,9963,3344,32,4,2,1,1,3,2,0,0,0,0,0,0,0,0,0
95600,9950,3541,34,1,4,7,8,4,4,0,0,0,0,0,0,0,0,0
95700,9950,3616,34,3,1,10,11,0,3,2,1,1,0,0,0,0,0,0
95800,9947,2668,35,14,5,1,8,0,5,0,0,0,0,0,0,0,0,0
95900,9951,3016,35,3,5,0,5,0,4,4,0,0,0,0,0,0,0,0
96000,9956,2553,36,15,1,0,6,1,1,0,0,0,0,0,0,0,0,0
96100,9940,2623,45,3,1,0,9,0,4,0,1,0,0,0,0,0,0,0
96200,9919,2824,67,2,1,0,6,0,6,0,1,0,0,0,0,0,0,0
96300,9921,2355,68,0,2,2,4,0,4,0,1,0,0,0,0,0,0,0
96400,9921,2603,62,1,1,1,11,3,3,0,2,0,0,0,0,0,0,0
96500,9923,2801,59,3,3,0,9,1,5,2,1,0,0,0,0,0,0,0
96600,9925,3140,69,1,2,1,4,2,0,0,0,0,0,0,0,0,0,0
96700,9911,2811,77,7,1,0,8,0,2,3,1,0,0,0,0,0,0,0
96800,9922,3007,68,0,1,1,4,1,4,0,1,0,0,0,0,0,0,0
96900,9917,3966,56,3,6,0,14,1,6,1,1,0,0,0,0,0,0,0
97000,9945,3828,43,4,1,1,5,0,5,0,1,0,0,0,0,0,0,0
97100,9941,3517,48,17,3,0,6,0,0,0,2,0,0,0,0,0,0,0
97200,9948,3609,41,10,2,1,6,0,3,0,0,0,0,0,0,0,0,0
97300,9940,4383,41,4,5,0,12,0,2,0,0,0,0,0,0,0,0,0
97400,9941,3688,39,6,4,0,10,0,5,0,1,0,0,0,0,0,0,0
97500,9937,3889,43,2,1,1,10,1,6,0,3,0,0,0,0,0,0,0
97600,9950,3722,35,0,1,1,10,1,3,0,1,0,0,0,0,0,0,0
97700,9942,3466,40,6,2,0,8,1,6,1,2,1,0,0,0,0,0,0
97800,9947,3790,39,12,1,2,10,1,2,0,1,1,0,0,0,0,0,0
97900,9949,4355,38,5,4,0,4,1,4,0,1,0,0,0,0,0,0,0
98000,9947,4070,32,19,4,0,11,2,4,0,2,1,0,0,0,0,0,0
98100,9965,3716,25,9,1,0,6,0,2,0,1,0,0,0,0,0,0,0
98200,9969,3590,20,1,4,0,4,0,2,0,1,0,0,0,0,0,0,0
98300,9947,3536,26,0,4,0,12,0,9,5,2,0,0,0,0,0,0,0
98400,9965,3514,22,11,2,1,2,1,7,1,2,1,0,0,0,0,0,0
98500,9986,3158,5,23,1,0,5,1,2,2,1,1,0,0,0,0,0,0
98600,9973,3149,5,26,13,0,1,0,6,0,2,1,0,0,0,0,0,0
98700,9968,3078,1,15,17,0,9,1,4,0,1,1,0,0,0,0,0,0
98800,9972,2839,10,15,15,0,2,0,1,2,0,0,0,1,0,0,0,0
98900,9977,3366,2,18,18,2,2,1,0,1,1,1,0,0,0,0,0,0
99000,9975,3140,2,15,15,1,6,1,2,2,0,1,0,0,0,0,0,0
99100,9969,3606,3,35,16,0,8,0,3,1,1,1,0,0,0,0,0,0
99200,9968,3796,3,35,18,0,7,2,4,0,0,0,0,0,0,0,0,0
99300,9969,3509,4,19,16,1,3,1,7,0,1,0,0,0,0,0,0,0
99400,9974,3156,3,39,14,1,1,0,5,1,3,0,0,0,0,0,0,0
99500,9977,2779,2,47,16,0,3,1,1,2,1,1,0,0,0,0,0,0
99600,9971,2916,2,32,16,0,4,3,7,0,0,1,0,0,0,0,0,0
99700,9966,3504,4,35,16,1,5,0,5,4,4,0,0,0,0,0,0,0
99800,9974,3008,3,34,16,0,2,0,4,0,1,1,0,0,0,0,0,0
99900,9972,3308,6,34,13,1,4,0,3,1,2,1,0,0,0,0,0,0
100000,9968,2981,8,15,16,1,6,0,1,0,1,1,0,0,0,0,0,0
