update,host_task_NOT,sym_task_NOT,host_task_NAND,sym_task_NAND,host_task_AND,sym_task_AND,host_task_ORN,sym_task_ORN,host_task_OR,sym_task_OR,host_task_ANDN,sym_task_ANDN,host_task_NOR,sym_task_NOR,host_task_XOR,sym_task_XOR,host_task_EQU,sym_task_EQU
0,0,0,0,0,0,0,0,0,0,0,0,0,0,0,0,0,0,0
100,9999,0,0,0,0,0,1,0,2,0,0,0,0,0,0,0,0,0
200,9994,0,0,0,1,0,1,0,2,0,2,0,0,0,0,0,0,0
300,9994,0,0,0,4,0,0,0,1,0,1,0,0,0,0,0,0,0
400,9993,0,0,0,4,0,0,0,1,0,2,0,0,0,0,0,0,0
500,9994,0,0,0,2,0,1,0,3,0,0,0,0,0,0,0,0,0
600,9998,0,0,0,0,0,1,0,0,0,1,0,0,0,0,0,0,0
700,9990,0,0,0,1,0,3,0,4,0,2,0,0,0,0,0,0,0
800,9992,0,1,0,3,0,1,0,3,0,0,0,0,0,0,0,0,0
900,9991,0,0,0,3,0,2,0,4,0,0,0,0,0,0,0,0,0
1000,9992,0,0,0,2,0,1,0,5,0,0,0,0,0,0,0,0,0
1100,9993,0,0,0,2,0,0,0,4,0,1,0,0,0,0,0,0,0
1200,9990,0,0,0,0,0,5,0,4,0,1,0,0,0,0,0,0,0
1300,9988,0,2,0,5,0,3,0,2,0,0,0,0,0,0,0,0,0
1400,9993,0,0,0,1,0,2,0,4,0,0,0,0,0,0,0,0,0
1500,9990,0,0,0,2,0,5,0,3,0,0,0,0,0,0,0,0,0
1600,9985,0,3,0,4,0,3,0,4,0,1,0,0,0,0,0,0,0
1700,9983,0,5,0,2,0,7,0,1,0,2,0,0,0,0,0,0,0
1800,9984,0,6,0,1,0,2,0,6,0,1,0,0,0,0,0,0,0
1900,9987,0,4,0,1,0,4,0,4,0,0,0,0,0,0,0,0,0
2000,9983,0,5,0,3,0,3,0,6,0,0,0,0,0,0,0,0,0
2100,9982,0,4,0,3,0,8,0,3,0,0,0,0,0,0,0,0,0
2200,9981,0,4,0,3,0,7,0,4,0,1,0,0,0,0,0,0,0
2300,9985,0,5,0,1,0,5,0,3,0,1,0,0,0,0,0,0,0
2400,9977,0,7,0,2,0,8,0,3,0,3,0,0,0,0,0,0,0
2500,9980,0,6,0,0,0,12,0,2,0,0,0,0,0,0,0,0,0
2600,9985,0,4,0,0,0,4,0,7,0,0,0,0,0,0,0,0,0
2700,9988,0,2,0,2,0,3,0,3,0,2,0,0,0,0,0,0,0
2800,9990,0,1,0,3,0,0,0,5,0,1,0,0,0,0,0,0,0
2900,9981,0,8,0,2,0,5,0,4,0,0,0,0,0,0,0,0,0
3000,9988,0,2,0,1,0,5,0,4,0,0,0,0,0,0,0,0,0
3100,9990,0,2,0,1,0,2,0,2,0,1,0,2,0,0,0,0,0
3200,9986,0,4,0,3,0,2,0,4,0,1,0,0,0,0,0,0,0
3300,9980,0,8,0,4,0,4,0,2,0,2,0,0,0,0,0,0,0
3400,9983,0,5,0,1,0,4,0,5,0,2,0,0,0,0,0,0,0
3500,9985,0,9,0,1,0,4,0,1,0,0,0,0,0,0,0,0,0
3600,9982,0,11,0,1,0,2,0,3,0,1,0,0,0,0,0,0,0
3700,9976,0,16,0,1,0,5,0,0,0,2,0,0,0,0,0,0,0
3800,9966,0,21,0,4,0,5,0,2,0,2,0,0,0,0,0,0,0
3900,9971,0,17,0,2,0,3,0,3,0,4,0,0,0,0,0,0,0
4000,9969,0,17,0,1,0,4,0,7,0,2,0,0,0,0,0,0,0
4100,9971,0,18,0,2,0,4,0,4,0,1,0,0,0,0,0,0,0
4200,9968,0,21,0,2,0,3,0,6,0,0,0,0,0,0,0,0,0
4300,9979,0,14,0,1,0,1,0,5,0,0,0,0,0,0,0,0,0
4400,9970,0,15,0,4,0,3,0,7,0,0,0,1,0,0,0,0,0
4500,9971,0,13,0,6,0,5,0,4,0,1,0,0,0,0,0,0,0
4600,9974,0,14,0,2,0,6,0,3,0,1,0,0,0,0,0,0,0
4700,9976,0,12,0,2,0,2,0,4,0,4,0,0,0,0,0,0,0
4800,9974,0,13,0,0,0,5,0,7,0,1,0,0,0,0,0,0,0
4900,9961,0,16,0,5,0,10,0,4,0,3,0,1,0,0,0,0,0
5000,9966,0,16,0,2,0,6,0,7,0,1,0,2,0,0,0,0,0
5100,9967,0,14,0,8,0,9,0,0,0,2,0,0,0,0,0,0,0
5200,9978,0,13,0,1,0,5,0,3,0,0,0,0,0,0,0,0,0
5300,9971,0,11,0,2,0,6,0,7,0,3,0,0,0,0,0,0,0
5400,9969,0,15,0,3,0,8,0,2,0,3,0,0,0,0,0,0,0
5500,9963,0,18,0,1,0,8,0,7,0,3,0,0,0,0,0,0,0
5600,9971,0,12,0,4,0,10,0,3,0,0,0,0,0,0,0,0,0
5700,9963,0,15,0,3,0,9,0,7,0,2,0,1,0,0,0,0,0
5800,9973,0,13,0,0,0,8,0,3,0,3,0,0,0,0,0,0,0
5900,9967,0,17,0,2,0,7,0,7,0,0,0,0,0,0,0,0,0
6000,9961,0,20,0,1,0,8,0,9,0,1,0,0,0,0,0,0,0
6100,9959,0,19,0,3,0,8,0,9,0,1,0,1,0,0,0,0,0
6200,9957,0,20,0,8,0,8,0,7,0,0,0,0,0,0,0,0,0
6300,9964,0,20,0,2,0,5,0,8,0,1,0,0,0,0,0,0,0
6400,9956,0,22,0,4,0,9,0,6,0,3,0,0,0,0,0,0,0
6500,9949,0,25,0,5,0,12,0,9,0,0,0,0,0,0,0,0,0
6600,9951,0,25,0,0,0,13,0,10,0,1,0,0,0,0,0,0,0
6700,9946,0,32,0,1,0,12,0,7,0,2,0,0,0,0,0,0,0
6800,9944,0,34,0,6,0,11,0,4,0,1,0,0,0,0,0,0,0
6900,9938,0,35,0,2,0,20,0,4,0,1,0,0,0,0,0,0,0
7000,9930,0,33,0,1,0,29,0,4,0,3,0,0,0,0,0,0,0
7100,9928,0,39,0,5,0,20,0,5,0,3,0,0,0,0,0,0,0
7200,9883,0,70,0,8,0,21,0,11,0,6,0,1,0,0,0,0,0
7300,9826,0,122,0,6,0,28,0,13,0,5,0,0,0,0,0,0,0
7400,9783,0,186,0,4,0,21,0,4,0,2,0,0,0,0,0,0,0
7500,9775,0,189,0,3,0,22,0,5,0,6,0,0,0,0,0,0,0
7600,9729,0,241,0,3,0,22,0,3,0,2,0,0,0,0,0,0,0
7700,9755,0,211,0,5,0,20,0,8,0,0,0,1,0,0,0,0,0
7800,9702,0,270,0,5,0,13,0,7,0,3,0,0,0,0,0,0,0
7900,9676,0,286,0,8,0,17,0,10,0,3,0,0,0,0,0,0,0
8000,9685,0,287,0,3,0,15,0,9,0,1,0,0,0,0,0,0,0
8100,9706,0,279,0,2,0,7,0,5,0,1,0,0,0,0,0,0,0
8200,9654,0,316,0,9,0,8,0,11,0,2,0,0,0,0,0,0,0
8300,9632,0,340,0,3,0,12,0,8,0,5,0,0,0,0,0,0,0
8400,9638,0,336,0,5,0,10,0,5,0,6,0,0,0,0,0,0,0
8500,9622,0,350,0,5,0,12,0,7,0,4,0,0,0,0,0,0,0
8600,9616,0,358,0,9,0,7,0,5,0,5,0,0,0,0,0,0,0
8700,9660,0,312,0,4,0,15,0,7,0,1,0,1,0,0,0,0,0
8800,9751,0,235,0,4,0,4,0,4,0,2,0,0,0,0,0,0,0
8900,9765,0,212,0,4,0,12,0,5,0,2,0,0,0,0,0,0,0
9000,9763,0,217,0,3,0,8,0,4,0,5,0,0,0,0,0,0,0
9100,9780,0,203,0,2,0,11,0,3,0,1,0,0,0,0,0,0,0
9200,9771,0,209,0,3,0,3,0,12,0,2,0,0,0,0,0,0,0
9300,9773,0,209,0,6,0,4,0,4,0,4,0,0,0,0,0,0,0
9400,9779,0,203,0,5,0,7,0,4,0,2,0,0,0,0,0,0,0
9500,9779,0,200,0,8,0,4,0,8,0,1,0,0,0,0,0,0,0
9600,9799,0,182,0,6,0,5,0,5,0,3,0,0,0,0,0,0,0
9700,9832,0,155,0,3,0,4,0,4,0,2,0,0,0,0,0,0,0
9800,9785,0,197,0,4,0,7,0,5,0,2,0,0,0,0,0,0,0
9900,9721,0,260,0,4,0,5,0,5,0,4,0,1,0,0,0,0,0
10000,9699,0,270,0,3,0,16,0,8,0,4,0,0,0,0,0,0,0
10100,9693,0,290,0,3,0,5,0,8,0,1,0,0,0,0,0,0,0
10200,9674,0,308,0,6,0,4,0,5,0,3,0,0,0,0,0,0,0
10300,9685,0,300,0,5,0,3,0,4,0,3,0,0,0,0,0,0,0
10400,9688,0,297,0,3,0,6,0,2,0,4,0,0,0,0,0,0,0
10500,9697,0,289,0,2,0,3,0,6,0,3,0,0,0,0,0,0,0
10600,9720,0,262,0,4,0,9,0,4,0,1,0,0,0,0,0,0,0
10700,9747,0,231,0,6,0,11,0,5,0,0,0,0,0,0,0,0,0
10800,9741,0,248,0,2,0,7,0,1,0,1,0,0,0,0,0,0,0
10900,9691,0,287,0,2,0,11,0,8,0,1,0,0,0,0,0,0,0
11000,9614,0,358,0,5,0,7,0,9,0,6,0,1,0,0,0,0,0
11100,9614,0,366,0,4,0,10,0,6,0,0,0,0,0,0,0,0,0
11200,9607,0,380,0,2,0,7,0,3,0,1,0,0,0,0,0,0,0
11300,9599,0,372,0,9,0,7,0,10,0,3,0,0,0,0,0,0,0
11400,9641,0,345,0,2,0,6,0,3,0,3,0,0,0,0,0,0,0
11500,9714,0,271,0,3,0,5,0,6,0,1,0,0,0,0,0,0,0
11600,9728,0,255,0,4,0,5,0,6,0,2,0,0,0,0,0,0,0
11700,9729,0,256,0,3,0,4,0,5,0,3,0,0,0,0,0,0,0
11800,9723,0,251,0,8,0,8,0,6,0,3,0,1,0,0,0,0,0
11900,9741,0,242,0,5,0,4,0,5,0,3,0,0,0,0,0,0,0
12000,9689,0,293,0,1,0,4,0,7,0,6,0,0,0,0,0,0,0
12100,9708,0,273,0,3,0,2,0,11,0,3,0,0,0,0,0,0,0
12200,9744,0,239,0,8,0,4,0,4,0,1,0,0,0,0,0,0,0
12300,9757,0,217,0,7,0,8,0,6,0,4,0,1,0,0,0,0,0
12400,9794,0,194,0,3,0,6,0,2,0,1,0,0,0,0,0,0,0
12500,9803,0,180,0,6,0,8,0,2,0,1,0,0,0,0,0,0,0
12600,9793,0,182,0,9,0,7,0,4,0,4,0,1,0,0,0,0,0
12700,9792,0,186,0,7,0,7,0,5,0,3,0,0,0,0,0,0,0
12800,9776,0,206,0,5,0,7,0,4,0,2,0,0,0,0,0,0,0
12900,9758,0,224,0,5,0,7,0,4,0,2,0,0,0,0,0,0,0
13000,9791,0,188,0,7,0,8,0,3,0,3,0,0,0,0,0,0,0
13100,9804,0,177,0,6,0,5,0,7,0,1,0,0,0,0,0,0,0
13200,9816,0,170,0,6,0,2,0,5,0,1,0,0,0,0,0,0,0
13300,9802,0,176,0,7,0,5,0,7,0,3,0,0,0,0,0,0,0
13400,9866,0,120,0,3,0,2,0,6,0,3,0,0,0,0,0,0,0
13500,9910,0,72,0,6,0,2,0,6,0,4,0,0,0,0,0,0,0
13600,9915,0,64,0,11,0,3,0,4,0,3,0,0,0,0,0,0,0
13700,9935,0,54,0,2,0,3,0,5,0,1,0,0,0,0,0,0,0
13800,9938,0,42,0,5,0,4,0,8,0,3,0,0,0,0,0,0,0
13900,9939,0,45,0,4,0,2,0,8,0,2,0,0,0,0,0,0,0
14000,9938,0,49,0,4,0,2,0,5,0,2,0,0,0,0,0,0,0
14100,9932,0,50,0,5,0,8,0,5,0,0,0,0,0,0,0,0,0
14200,9928,0,56,0,4,0,3,0,4,0,5,0,0,0,0,0,0,0
14300,9926,0,59,0,5,0,5,0,4,0,1,0,0,0,0,0,0,0
14400,9922,0,61,0,8,0,2,0,5,0,2,0,0,0,0,0,0,0
14500,9912,0,73,0,5,0,2,0,5,0,3,0,0,0,0,0,0,0
14600,9915,0,74,0,4,0,2,0,4,0,1,0,0,0,0,0,0,0
14700,9907,0,77,0,4,0,6,0,3,0,2,0,1,0,0,0,0,0
14800,9902,0,83,0,4,0,5,0,3,0,3,0,0,0,0,0,0,0
14900,9933,0,52,0,3,0,5,0,6,0,1,0,0,0,0,0,0,0
15000,9948,0,36,0,6,0,5,0,1,0,3,0,0,0,0,0,1,0
15100,9958,0,29,0,2,0,1,0,7,0,3,0,0,0,0,0,0,0
15200,9951,0,33,0,6,0,1,0,8,0,1,0,0,0,0,0,0,0
15300,9920,0,60,0,6,0,6,0,6,0,2,0,0,0,0,0,0,0
15400,9909,0,78,0,7,0,1,0,2,0,3,0,0,0,0,0,0,0
15500,9897,0,82,0,6,0,4,0,6,0,5,0,0,0,0,0,0,0
15600,9896,0,87,0,3,0,3,0,6,0,5,0,0,0,0,0,0,0
15700,9901,0,80,0,6,0,4,0,5,0,4,0,0,0,0,0,0,0
15800,9901,0,80,0,7,0,6,0,3,0,3,0,0,0,0,0,0,0
15900,9892,0,94,0,5,0,4,0,3,0,2,0,0,0,0,0,0,0
16000,9895,0,89,0,4,0,3,0,9,0,0,0,0,0,0,0,0,0
16100,9890,0,90,0,5,0,3,0,5,0,7,0,0,0,0,0,0,0
16200,9890,0,93,0,6,0,1,0,8,0,2,0,0,0,0,0,0,0
16300,9900,0,88,0,3,0,3,0,4,0,2,0,0,0,0,0,0,0
16400,9896,0,90,0,5,0,4,0,3,0,2,0,0,0,0,0,0,0
16500,9875,0,105,0,7,0,3,0,7,0,2,0,1,0,0,0,0,0
16600,9889,0,96,0,6,0,4,0,4,0,1,0,0,0,0,0,0,0
16700,9887,0,97,0,7,0,3,0,5,0,1,0,0,0,0,0,0,0
16800,9908,0,75,0,5,0,5,0,6,0,1,0,0,0,0,0,0,0
16900,9914,0,70,0,3,0,6,0,5,0,2,0,0,0,0,0,0,0
17000,9907,0,73,0,4,0,5,0,7,0,4,0,0,0,0,0,0,0
17100,9893,0,85,0,10,0,2,0,8,0,1,0,1,0,0,0,0,0
17200,9860,0,114,0,11,0,4,0,9,0,2,0,0,0,0,0,0,0
17300,9863,0,119,0,8,0,2,0,6,0,2,0,0,0,0,0,0,0
17400,9872,0,111,0,6,0,2,0,7,0,2,0,0,0,0,0,0,0
17500,9858,0,127,0,5,0,4,0,5,0,1,0,0,0,0,0,0,0
17600,9874,0,113,0,3,0,2,0,5,0,2,0,0,0,0,0,1,0
17700,9854,0,129,0,6,0,3,0,7,0,1,0,0,0,0,0,0,0
17800,9824,0,155,0,6,0,4,0,10,0,1,0,0,0,0,0,0,0
17900,9816,0,169,0,3,0,1,0,7,0,4,0,0,0,0,0,0,0
18000,9810,0,172,0,2,0,5,0,8,0,3,0,0,0,0,0,0,0
18100,9814,0,169,0,4,0,3,0,5,0,5,0,0,0,0,0,0,0
18200,9856,0,128,0,5,0,4,0,4,0,3,0,0,0,0,0,0,0
18300,9839,0,146,0,3,0,3,0,4,0,4,0,1,0,0,0,0,0
18400,9827,0,160,0,3,0,4,0,4,0,2,0,0,0,0,0,0,0
18500,9831,0,150,0,5,0,3,0,4,0,7,0,0,0,0,0,0,0
18600,9830,0,157,0,3,0,1,0,8,0,1,0,0,0,0,0,0,0
18700,9820,0,160,0,6,0,1,0,11,0,2,0,0,0,0,0,0,0
18800,9797,0,182,0,4,0,6,0,10,0,1,0,0,0,0,0,0,0
18900,9759,0,215,0,7,0,10,0,7,0,2,0,0,0,0,0,0,0
19000,9752,0,229,0,4,0,4,0,6,0,5,0,0,0,0,0,0,0
19100,9742,0,245,0,4,0,1,0,5,0,3,0,0,0,0,0,0,0
19200,9735,0,242,0,5,0,7,0,8,0,3,0,0,0,0,0,0,0
19300,9719,0,258,0,10,0,5,0,5,0,3,0,0,0,0,0,0,0
19400,9742,0,248,0,5,0,2,0,1,0,2,0,0,0,0,0,0,0
19500,9724,0,260,0,4,0,3,0,4,0,5,0,0,0,0,0,0,0
19600,9711,0,266,0,6,0,8,0,6,0,2,0,1,0,0,0,0,0
19700,9676,0,305,0,6,0,1,0,9,0,3,0,0,0,0,0,0,0
19800,9622,0,357,0,4,0,7,0,5,0,5,0,0,0,0,0,0,0
19900,9549,0,437,0,5,0,3,0,5,0,1,0,0,0,0,0,0,0
20000,9511,0,462,0,2,0,16,0,6,0,3,0,0,0,0,0,0,0
20100,9491,0,464,0,2,0,34,0,4,0,5,0,0,0,0,0,0,0
20200,9503,0,451,0,4,0,31,0,5,0,6,0,0,0,0,0,0,0
20300,9507,0,449,0,3,0,33,0,5,0,2,0,0,0,0,0,1,0
20400,9496,0,456,0,6,0,33,0,8,0,1,0,0,0,0,0,0,0
20500,9500,0,456,0,7,0,31,0,4,0,2,0,0,0,0,0,0,0
20600,9492,0,460,0,6,0,29,0,9,0,4,0,0,0,0,0,0,0
20700,9473,0,479,0,5,0,31,0,10,0,2,0,0,0,0,0,0,0
20800,9466,0,486,0,5,0,30,0,8,0,5,0,0,0,0,0,0,0
20900,9497,0,463,0,3,0,30,0,6,0,1,0,0,0,0,0,0,0
21000,9452,0,508,0,2,0,33,0,1,0,4,0,0,0,0,0,0,0
21100,9433,0,526,0,3,0,33,0,4,0,1,0,0,0,0,0,0,0
21200,9452,0,497,0,7,0,36,0,5,0,3,0,0,0,0,0,0,0
21300,9507,0,449,0,6,0,29,0,6,0,3,0,0,0,0,0,0,0
21400,9570,0,394,0,3,0,29,0,3,0,1,0,0,0,0,0,0,0
21500,9561,0,394,0,5,0,32,0,8,0,0,0,0,0,0,0,0,0
21600,9539,0,416,0,2,0,33,0,7,0,3,0,0,0,0,0,0,0
21700,9534,0,421,0,3,0,31,0,8,0,3,0,0,0,0,0,0,0
21800,9599,0,359,0,4,0,30,0,6,0,2,0,0,0,0,0,0,0
21900,9580,0,378,0,2,0,30,0,6,0,4,0,0,0,0,0,0,0
22000,9547,0,412,0,3,0,31,0,6,0,1,0,0,0,0,0,0,0
22100,9549,0,411,0,3,0,27,0,8,0,2,0,0,0,0,0,0,0
22200,9565,0,398,0,2,0,28,0,5,0,2,0,0,0,0,0,0,0
22300,9579,0,388,0,8,0,19,0,2,0,4,0,0,0,0,0,0,0
22400,9583,0,393,0,5,0,9,0,10,0,0,0,0,0,0,0,0,0
22500,9584,0,391,0,3,0,11,0,8,0,3,0,0,0,0,0,0,0
22600,9596,0,392,0,2,0,5,0,2,0,3,0,0,0,0,0,0,0
22700,9570,0,410,0,1,0,6,0,11,0,2,0,0,0,0,0,0,0
22800,9557,0,421,0,4,0,7,0,9,0,2,0,0,0,0,0,0,0
22900,9564,0,423,0,4,0,4,0,4,0,1,0,0,0,0,0,0,0
23000,9571,0,411,0,7,0,5,0,2,0,4,0,0,0,0,0,0,0
23100,9603,0,383,0,3,0,3,0,6,0,2,0,0,0,0,0,0,0
23200,9570,0,411,0,7,0,5,0,6,0,1,0,0,0,0,0,0,0
23300,9574,0,418,0,5,0,3,0,0,0,0,0,0,0,0,0,0,0
23400,9448,0,537,0,6,0,6,0,1,0,1,0,1,0,0,0,0,0
23500,9434,0,551,0,5,0,4,0,5,0,1,0,0,0,0,0,0,0
23600,9386,0,588,0,7,0,7,0,8,0,3,0,1,0,0,0,0,0
23700,9405,0,575,0,6,0,3,0,9,0,2,0,0,0,0,0,0,0
23800,9410,0,568,0,6,0,9,0,7,0,0,0,0,0,0,0,0,0
23900,9438,0,542,0,5,0,4,0,6,0,5,0,0,0,0,0,0,0
24000,9446,0,528,0,3,0,10,0,9,0,4,0,0,0,0,0,0,0
24100,9497,0,486,0,4,0,1,0,11,0,1,0,0,0,0,0,0,0
24200,9492,0,494,0,2,0,3,0,7,0,2,0,0,0,0,0,0,0
24300,9490,0,492,0,5,0,6,0,3,0,4,0,0,0,0,0,0,0
24400,9525,0,461,0,1,0,2,0,7,0,4,0,0,0,0,0,0,0
24500,9543,0,432,0,7,0,7,0,11,0,0,0,0,0,0,0,0,0
24600,9557,0,425,0,4,0,2,0,8,0,4,0,0,0,0,0,0,0
24700,9557,0,420,0,9,0,4,0,9,0,1,0,0,0,0,0,0,0
24800,9576,0,409,0,5,0,2,0,6,0,2,0,0,0,0,0,0,0
24900,9562,0,418,0,7,0,2,0,10,0,1,0,0,0,0,0,0,0
25000,9524,0,461,0,1,0,7,0,4,0,3,0,0,0,0,0,0,0
25100,9529,0,454,0,6,0,1,0,9,0,1,0,0,0,0,0,0,0
25200,9589,0,398,0,2,0,3,0,5,0,3,0,0,0,0,0,0,0
25300,9583,0,396,0,8,0,3,0,8,0,2,0,0,0,0,0,0,0
25400,9600,0,382,0,7,0,2,0,5,0,4,0,0,0,0,0,0,0
25500,9546,0,431,0,9,0,3,0,7,0,4,0,0,0,0,0,0,0
25600,9591,0,395,0,5,0,3,0,4,0,2,0,0,0,0,0,0,0
25700,9610,0,375,0,5,0,6,0,2,0,2,0,0,0,0,0,0,0
25800,9563,0,417,0,9,0,4,0,4,0,3,0,0,0,0,0,0,0
25900,9550,0,433,0,4,0,3,0,6,0,4,0,0,0,0,0,0,0
26000,9535,0,443,0,7,0,5,0,7,0,3,0,0,0,0,0,0,0
26100,9550,0,431,0,7,0,4,0,5,0,3,0,0,0,0,0,0,0
26200,9561,0,421,0,5,0,6,0,4,0,3,0,0,0,0,0,0,0
26300,9593,0,386,0,4,0,3,0,8,0,6,0,0,0,0,0,0,0
26400,9544,0,436,0,6,0,5,0,8,0,1,0,0,0,0,0,0,0
26500,9556,0,426,0,4,0,5,0,8,0,1,0,0,0,0,0,0,0
26600,9558,0,428,0,3,0,3,0,4,0,4,0,0,0,0,0,0,0
26700,9571,0,415,0,3,0,2,0,5,0,4,0,0,0,0,0,0,0
26800,9594,0,386,0,9,0,1,0,6,0,4,0,0,0,0,0,0,0
26900,9616,0,372,0,2,0,7,0,1,0,2,0,0,0,0,0,0,0
27000,9635,0,344,0,9,0,6,0,5,0,1,0,0,0,0,0,0,0
27100,9640,0,336,0,3,0,6,0,9,0,6,0,0,0,0,0,0,0
27200,9643,0,340,0,4,0,5,0,5,0,3,0,0,0,0,0,0,0
27300,9647,0,338,0,5,0,6,0,4,0,0,0,0,0,0,0,0,0
27400,9673,0,306,0,8,0,6,0,3,0,4,0,0,0,0,0,0,0
27500,9679,0,304,0,5,0,8,0,4,0,0,0,0,0,0,0,0,0
27600,9688,0,302,0,2,0,3,0,4,0,1,0,0,0,0,0,0,0
27700,9682,0,305,0,4,0,4,0,4,0,1,0,0,0,0,0,0,0
27800,9683,0,302,0,3,0,2,0,8,0,2,0,0,0,0,0,0,0
27900,9688,0,293,0,9,0,6,0,0,0,4,0,0,0,0,0,0,0
28000,9655,0,322,0,8,0,8,0,4,0,3,0,0,0,0,0,0,0
28100,9618,0,367,0,3,0,3,0,4,0,5,0,0,0,0,0,0,0
28200,9564,0,417,0,5,0,6,0,7,0,1,0,0,0,0,0,0,0
28300,9610,0,381,0,3,0,4,0,2,0,0,0,0,0,0,0,0,0
28400,9550,0,437,0,2,0,5,0,4,0,2,0,0,0,0,0,0,0
28500,9544,0,434,0,7,0,7,0,7,0,1,0,0,0,0,0,0,0
28600,9557,0,428,0,1,0,9,0,2,0,3,0,0,0,0,0,0,0
28700,9541,0,441,0,2,0,6,0,7,0,3,0,0,0,0,0,0,0
28800,9510,0,476,0,2,0,7,0,3,0,2,0,0,0,0,0,0,0
28900,9557,0,425,0,7,0,5,0,5,0,1,0,0,0,0,0,0,0
29000,9593,0,388,0,6,0,7,0,5,0,1,0,0,0,0,0,0,0
29100,9654,0,329,0,2,0,5,0,9,0,1,0,0,0,0,0,0,0
29200,9781,0,203,0,6,0,7,0,1,0,1,0,0,0,1,0,0,0
29300,9782,0,195,0,7,0,5,0,5,0,6,0,0,0,0,0,0,0
29400,9770,0,215,0,5,0,3,0,5,0,2,0,0,0,0,0,0,0
29500,9685,0,296,0,4,0,4,0,6,0,5,0,0,0,0,0,0,0
29600,9619,0,362,0,4,0,2,0,12,0,1,0,0,0,0,0,0,0
29700,9634,0,352,0,5,0,3,0,4,0,2,0,0,0,0,0,0,0
29800,9597,0,388,0,5,0,6,0,3,0,1,0,0,0,0,0,0,0
29900,9578,0,407,0,4,0,4,0,4,0,3,0,0,0,0,0,0,0
30000,9517,0,473,0,2,0,4,0,2,0,2,0,0,0,0,0,0,0
30100,9549,0,439,0,1,0,6,0,4,0,1,0,0,0,0,0,0,0
30200,9569,0,416,0,5,0,3,0,6,0,1,0,0,0,0,0,0,0
30300,9555,0,424,0,2,0,9,0,8,0,2,0,0,0,0,0,0,0
30400,9526,0,465,0,3,0,2,0,3,0,1,0,0,0,0,0,0,0
30500,9461,0,521,0,4,0,7,0,5,0,2,0,0,0,0,0,0,0
30600,9446,0,537,0,5,0,3,0,6,0,3,0,0,0,0,0,0,0
30700,9454,0,532,0,4,0,3,0,5,0,2,0,0,0,0,0,0,0
30800,9442,0,539,0,9,0,2,0,6,0,2,0,0,0,0,0,0,0
30900,9492,0,489,0,3,0,5,0,10,0,1,0,0,0,0,0,0,0
31000,9508,0,474,0,3,0,7,0,7,0,1,0,0,0,0,0,0,0
31100,9520,0,467,0,5,0,3,0,2,0,3,0,0,0,0,0,0,0
31200,9491,0,490,0,7,0,4,0,6,0,2,0,0,0,0,0,0,0
31300,9465,0,513,0,7,0,5,0,9,0,1,0,0,0,0,0,0,0
31400,9352,0,632,0,4,0,3,0,6,0,2,0,1,0,0,0,0,0
31500,9337,0,618,0,11,0,23,0,8,0,2,0,1,0,0,0,0,0
31600,9294,0,673,0,5,0,18,0,7,0,3,0,0,0,0,0,0,0
31700,9226,0,733,0,9,0,22,0,8,0,2,0,0,0,0,0,0,0
31800,9143,0,819,0,4,0,23,0,7,0,4,0,0,0,0,0,0,0
31900,9153,0,807,0,6,0,24,0,8,0,2,0,0,0,0,0,0,0
32000,9179,0,777,0,6,0,26,0,9,0,3,0,0,0,0,0,0,0
32100,9184,0,778,0,4,0,23,0,6,0,5,0,0,0,0,0,0,0
32200,9164,0,786,0,11,0,22,0,13,0,4,0,0,0,0,0,0,0
32300,9205,0,757,0,2,0,25,0,7,0,4,0,0,0,0,0,0,0
32400,9287,0,686,0,3,0,17,0,6,0,1,0,0,0,0,0,0,0
32500,9328,0,628,0,7,0,22,0,9,0,6,0,0,0,0,0,0,0
32600,9332,0,625,0,6,0,21,0,13,0,3,0,0,0,0,0,0,0
32700,9351,0,616,0,6,0,18,0,6,0,3,0,0,0,0,0,0,0
32800,9331,0,628,0,7,0,23,0,7,0,4,0,0,0,0,0,0,0
32900,9381,0,573,0,10,0,26,0,7,0,3,0,0,0,0,0,0,0
33000,9395,0,572,0,3,0,18,0,10,0,2,0,0,0,0,0,0,0
33100,9404,0,562,0,10,0,15,0,5,0,4,0,0,0,0,0,0,0
33200,9406,0,567,0,5,0,13,0,7,0,2,0,0,0,0,0,0,0
33300,9419,0,570,0,3,0,4,0,2,0,2,0,0,0,0,0,0,0
33400,9399,0,583,0,2,0,7,0,5,0,4,0,0,0,0,0,0,0
33500,9440,0,539,0,6,0,6,0,5,0,4,0,0,0,0,0,0,0
33600,9479,0,498,0,7,0,9,0,6,0,1,0,0,0,0,0,0,0
33700,9467,0,516,0,4,0,4,0,5,0,4,0,0,0,0,0,0,0
33800,9416,0,554,0,10,0,8,0,8,0,4,0,0,0,0,0,0,0
33900,9421,0,568,0,4,0,4,0,2,0,1,0,0,0,0,0,0,0
34000,9432,0,557,0,3,0,1,0,4,0,3,0,0,0,0,0,0,0
34100,9446,0,532,0,7,0,5,0,7,0,3,0,0,0,0,0,0,0
34200,9426,0,551,0,7,0,7,0,6,0,3,0,0,0,0,0,0,0
34300,9428,0,553,0,3,0,6,0,8,0,2,0,0,0,0,0,0,0
34400,9366,0,618,0,4,0,2,0,7,0,3,0,0,0,0,0,0,0
34500,9317,0,661,0,5,0,6,0,8,0,3,0,0,0,0,0,0,0
34600,9287,0,685,0,11,0,5,0,9,0,3,0,0,0,0,0,0,0
34700,9281,0,694,0,6,0,7,0,9,0,3,0,0,0,0,0,0,0
34800,9266,0,716,0,4,0,7,0,5,0,2,0,0,0,0,0,0,0
34900,9257,0,716,0,7,0,7,0,9,0,4,0,0,0,0,0,0,0
35000,9352,0,623,0,4,0,10,0,7,0,4,0,0,0,0,0,0,0
35100,9383,0,594,0,5,0,11,0,4,0,3,0,0,0,0,0,0,0
35200,9325,0,643,0,7,0,9,0,14,0,2,0,0,0,0,0,0,0
35300,9363,0,614,0,4,0,11,0,4,0,4,0,0,0,0,0,0,0
35400,9370,0,616,0,4,0,3,0,3,0,4,0,0,0,0,0,0,0
35500,9400,0,582,0,4,0,8,0,5,0,1,0,0,0,0,0,0,0
35600,9430,0,554,0,5,0,6,0,5,0,0,0,0,0,0,0,0,0
35700,9443,0,534,0,3,0,9,0,9,0,2,0,0,0,0,0,0,0
35800,9475,0,507,0,6,0,4,0,4,0,4,0,0,0,0,0,0,0
35900,9509,0,455,0,11,0,10,0,9,0,6,0,0,0,0,0,0,0
36000,9508,0,469,0,5,0,7,0,9,0,2,0,0,0,0,0,0,0
36100,9512,0,469,0,6,0,4,0,5,0,4,0,0,0,0,0,0,0
36200,9461,0,511,0,4,0,13,0,9,0,2,0,0,0,0,0,0,0
36300,9409,0,569,0,3,0,9,0,8,0,2,0,0,0,0,0,0,0
36400,9472,0,509,0,3,0,7,0,4,0,5,0,0,0,0,0,0,0
36500,9489,0,489,0,6,0,6,0,6,0,4,0,0,0,0,0,0,0
36600,9484,0,493,0,3,0,9,0,10,0,1,0,0,0,0,0,0,0
36700,9497,0,490,0,3,0,4,0,4,0,2,0,0,0,0,0,0,0
36800,9482,0,501,0,4,0,6,0,4,0,3,0,0,0,0,0,0,0
36900,9439,0,540,0,6,0,4,0,5,0,6,0,0,0,0,0,0,0
37000,9390,0,587,0,6,0,9,0,7,0,1,0,0,0,0,0,0,0
37100,9340,0,640,0,7,0,6,0,6,0,1,0,0,0,0,0,0,0
37200,9345,0,639,0,4,0,4,0,6,0,2,0,0,0,0,0,0,0
37300,9313,0,666,0,7,0,5,0,7,0,2,0,0,0,0,0,0,0
37400,9305,0,677,0,3,0,7,0,7,0,1,0,0,0,0,0,0,0
37500,9320,0,657,0,8,0,4,0,6,0,5,0,0,0,0,0,0,0
37600,9242,0,729,0,4,0,9,0,12,0,4,0,0,0,0,0,0,0
37700,9204,0,766,0,7,0,12,0,9,0,2,0,0,0,0,0,0,0
37800,9183,0,797,0,4,0,11,0,4,0,1,0,0,0,0,0,0,0
37900,9170,0,809,0,5,0,12,0,3,0,1,0,0,0,0,0,0,0
38000,9075,0,897,0,6,0,15,0,6,0,1,0,0,0,0,0,0,0
38100,9028,0,944,0,4,0,17,0,5,0,2,0,0,0,0,0,0,0
38200,8975,0,989,0,4,0,22,0,6,0,4,0,0,0,0,0,0,0
38300,9048,0,923,0,5,0,18,0,5,0,1,0,0,0,0,0,0,0
38400,9025,0,945,0,4,0,19,0,4,0,3,0,0,0,0,0,0,0
38500,8967,0,982,0,7,0,34,0,5,0,5,0,0,0,0,0,0,0
38600,8945,0,1030,0,3,0,14,0,5,0,3,0,0,0,0,0,0,0
38700,8915,0,1049,0,5,0,19,0,10,0,2,0,0,0,0,0,0,0
38800,8790,0,1170,0,12,0,18,0,8,0,2,0,0,0,0,0,0,0
38900,8884,0,1076,0,3,0,25,0,9,0,3,0,0,0,0,0,0,0
39000,8932,0,1034,0,6,0,18,0,9,0,1,0,0,0,0,0,0,0
39100,8893,0,1063,0,13,0,23,0,5,0,3,0,0,0,0,0,0,0
39200,8936,0,1022,0,10,0,13,0,16,0,3,0,0,0,0,0,0,0
39300,8922,0,1046,0,8,0,17,0,5,0,2,0,0,0,0,0,0,0
39400,8915,0,1050,0,7,0,18,0,8,0,2,0,0,0,0,0,0,0
39500,8902,0,1055,0,9,0,25,0,7,0,2,0,0,0,0,0,0,0
39600,8874,0,1082,0,7,0,25,0,8,0,4,0,0,0,0,0,0,0
39700,8928,0,1031,0,11,0,17,0,7,0,5,0,0,0,1,0,0,0
39800,8955,0,1003,0,12,0,18,0,8,0,3,0,1,0,0,0,0,0
39900,8974,0,990,0,10,0,16,0,8,0,2,0,0,0,0,0,0,0
40000,8922,0,1049,0,6,0,17,0,3,0,3,0,0,0,0,0,0,0
40100,8914,0,1050,0,8,0,18,0,5,0,5,0,0,0,0,0,0,0
40200,8940,0,1014,0,13,0,20,0,8,0,5,0,0,0,0,0,0,0
40300,8949,0,1003,0,12,0,23,0,7,0,6,0,0,0,0,0,0,0
40400,9018,0,942,0,11,0,16,0,7,0,6,0,0,0,0,0,0,0
40500,9100,0,855,0,14,0,20,0,8,0,3,0,0,0,0,0,0,0
40600,9124,0,833,0,13,0,15,0,10,0,5,0,0,0,0,0,0,0
40700,9147,0,817,0,15,0,14,0,4,0,2,0,1,0,0,0,0,0
40800,9199,0,765,0,12,0,16,0,7,0,1,0,0,0,0,0,0,0
40900,9200,0,760,0,9,0,18,0,8,0,5,0,0,0,0,0,0,0
41000,9185,0,772,0,16,0,19,0,7,0,1,0,0,0,0,0,0,0
41100,9234,0,752,0,6,0,5,0,2,0,1,0,0,0,0,0,0,0
41200,9228,0,755,0,5,0,5,0,5,0,2,0,0,0,0,0,0,0
41300,9261,0,706,0,11,0,7,0,9,0,6,0,0,0,0,0,0,0
41400,9335,0,636,0,8,0,6,0,12,0,3,0,0,0,0,0,0,0
41500,9351,0,615,0,12,0,14,0,2,0,6,0,0,0,0,0,0,0
41600,9280,0,684,0,11,0,11,0,11,0,3,0,0,0,0,0,0,0
41700,9231,0,743,0,2,0,8,0,12,0,4,0,0,0,0,0,0,0
41800,9251,0,727,0,8,0,7,0,6,0,1,0,0,0,0,0,0,0
41900,9276,0,697,0,7,0,8,0,10,0,2,0,0,0,0,0,0,0
42000,9281,0,701,0,11,0,1,0,4,0,2,0,0,0,0,0,0,0
42100,9288,0,689,0,6,0,6,0,4,0,7,0,0,0,0,0,0,0
42200,9312,0,673,0,4,0,3,0,5,0,3,0,0,0,0,0,0,0
42300,9311,0,666,0,2,0,8,0,8,0,4,0,1,0,0,0,0,0
42400,9297,0,685,0,4,0,7,0,5,0,2,0,0,0,0,0,0,0
42500,9306,0,678,0,8,0,4,0,3,0,1,0,0,0,0,0,0,0
42600,9301,0,673,0,10,0,8,0,6,0,2,0,0,0,0,0,0,0
42700,9310,0,675,0,6,0,1,0,3,0,4,0,1,0,0,0,0,0
42800,9352,0,632,0,7,0,2,0,7,0,0,0,0,0,0,0,0,0
42900,9374,0,604,0,8,0,1,0,7,0,6,0,0,0,0,0,0,0
43000,9375,0,597,0,4,0,6,0,12,0,6,0,0,0,0,0,0,0
43100,9287,0,666,0,3,0,2,0,39,0,3,0,0,0,0,0,0,0
43200,9273,0,682,0,7,0,2,0,35,0,1,0,0,0,0,0,0,0
43300,9300,0,677,0,4,0,2,0,13,0,4,0,0,0,0,0,0,0
43400,9311,0,675,0,3,0,3,0,6,0,2,0,0,0,0,0,0,0
43500,9362,0,617,0,4,0,4,0,9,0,3,0,1,0,0,0,0,0
43600,9448,0,537,0,5,0,3,0,5,0,2,0,0,0,0,0,0,0
43700,9418,0,570,0,1,0,1,0,6,0,4,0,0,0,0,0,0,0
43800,9398,0,592,0,3,0,1,0,2,0,4,0,0,0,0,0,0,0
43900,9372,0,611,0,3,0,7,0,6,0,1,0,0,0,0,0,0,0
44000,9411,0,576,0,3,0,4,0,4,0,2,0,0,0,0,0,0,0
44100,9411,0,574,0,7,0,5,0,2,0,1,0,0,0,0,0,0,0
44200,9485,0,498,0,5,0,4,0,4,0,2,0,2,0,0,0,0,0
44300,9512,0,474,0,6,0,1,0,3,0,4,0,0,0,0,0,0,0
44400,9557,0,431,0,6,0,2,0,1,0,3,0,0,0,0,0,0,0
44500,9568,0,424,0,1,0,2,0,2,0,3,0,0,0,0,0,0,0
44600,9554,0,430,0,7,0,4,0,4,0,1,0,0,0,0,0,0,0
44700,9561,0,424,0,3,0,5,0,5,0,2,0,0,0,0,0,0,0
44800,9550,0,427,0,5,0,5,0,9,0,4,0,0,0,0,0,0,0
44900,9572,0,412,0,7,0,0,0,6,0,3,0,0,0,0,0,0,0
45000,9609,0,378,0,6,0,0,0,5,0,2,0,0,0,0,0,0,0
45100,9678,0,301,0,7,0,3,0,8,0,3,0,0,0,0,0,0,0
45200,9660,0,330,0,2,0,2,0,4,0,2,0,0,0,0,0,0,0
45300,9638,0,349,0,2,0,6,0,4,0,1,0,0,0,0,0,0,0
45400,9658,0,330,0,4,0,2,0,4,0,2,0,0,0,0,0,0,0
45500,9676,0,311,0,5,0,6,0,2,0,0,0,0,0,0,0,0,0
45600,9708,0,276,0,6,0,2,0,6,0,2,0,0,0,0,0,0,0
45700,9707,0,283,0,1,0,2,0,6,0,1,0,0,0,0,0,0,0
45800,9742,0,244,0,4,0,3,0,6,0,1,0,0,0,0,0,0,0
45900,9756,0,237,0,1,0,2,0,1,0,3,0,0,0,0,0,0,0
46000,9728,0,261,0,0,0,5,0,6,0,0,0,0,0,0,0,0,0
46100,9706,0,281,0,4,0,4,0,3,0,2,0,0,0,0,0,0,0
46200,9670,0,309,0,7,0,9,0,4,0,1,0,0,0,0,0,0,0
46300,9670,0,309,0,4,0,4,0,7,0,6,0,0,0,0,0,0,0
46400,9635,0,351,0,2,0,5,0,4,0,3,0,0,0,0,0,0,0
46500,9607,0,375,0,5,0,4,0,4,0,5,0,0,0,0,0,0,0
46600,9621,0,363,0,0,0,6,0,8,0,2,0,0,0,0,0,0,0
46700,9621,0,365,0,2,0,6,0,3,0,3,0,0,0,0,0,0,0
46800,9590,0,397,0,2,0,0,0,6,0,5,0,0,0,0,0,0,0
46900,9613,0,360,0,6,0,15,0,5,0,1,0,0,0,0,0,0,0
47000,9591,0,398,0,2,0,4,0,5,0,0,0,0,0,0,0,0,0
47100,9633,0,358,0,1,0,3,0,2,0,3,0,0,0,0,0,0,0
47200,9640,0,344,0,5,0,3,0,6,0,2,0,0,0,0,0,0,0
47300,9581,0,400,0,3,0,8,0,5,0,3,0,0,0,0,0,0,0
47400,9596,0,389,0,5,0,3,0,3,0,4,0,0,0,0,0,0,0
47500,9562,0,421,0,1,0,3,0,10,0,3,0,0,0,0,0,0,0
47600,9564,0,413,0,5,0,10,0,7,0,1,0,0,0,0,0,0,0
47700,9558,0,403,0,2,0,34,0,2,0,1,0,0,0,0,0,0,0
47800,9574,0,415,0,1,0,2,0,7,0,1,0,0,0,0,0,0,0
47900,9557,0,432,0,3,0,3,0,2,0,3,0,0,0,0,0,0,0
48000,9536,0,455,0,2,0,1,0,3,0,3,0,0,0,0,0,0,0
48100,9449,0,536,0,4,0,5,0,4,0,2,0,0,0,0,0,0,0
48200,9436,0,550,0,7,0,0,0,6,0,1,0,0,0,0,0,0,0
48300,9433,0,555,0,2,0,5,0,3,0,2,0,0,0,0,0,0,0
48400,9448,0,544,0,1,0,3,0,1,0,3,0,0,0,0,0,0,0
48500,9481,0,506,0,3,0,3,0,7,0,0,0,0,0,0,0,0,0
48600,9513,0,470,0,2,0,9,0,4,0,2,0,0,0,0,0,0,0
48700,9531,0,456,0,7,0,3,0,0,0,3,0,0,0,0,0,0,0
48800,9511,0,468,0,10,0,6,0,3,0,2,0,0,0,0,0,0,0
48900,9554,0,433,0,3,0,4,0,6,0,0,0,0,0,0,0,0,0
49000,9578,0,410,0,1,0,4,0,3,0,4,0,0,0,0,0,0,0
49100,9605,0,379,0,5,0,4,0,4,0,3,0,0,0,0,0,0,0
49200,9608,0,373,0,2,0,5,0,10,0,2,0,0,0,0,0,0,0
49300,9580,0,404,0,5,0,8,0,3,0,0,0,0,0,0,0,0,0
49400,9596,0,387,0,4,0,6,0,6,0,1,0,0,0,0,0,0,0
49500,9614,0,373,0,5,0,5,0,3,0,0,0,0,0,0,0,0,0
49600,9592,0,398,0,3,0,5,0,0,0,2,0,0,0,0,0,0,0
49700,9551,0,431,0,7,0,4,0,6,0,1,0,0,0,0,0,0,0
49800,9500,0,484,0,3,0,7,0,2,0,4,0,0,0,0,0,0,0
49900,9573,0,406,0,5,0,7,0,8,0,1,0,0,0,0,0,0,0
50000,9673,0,308,0,4,0,3,0,9,0,3,0,0,0,0,0,0,0
50100,9595,0,382,0,4,0,6,0,11,0,2,0,0,0,0,0,0,0
50200,9585,0,404,0,1,0,4,0,1,0,5,0,0,0,0,0,0,0
50300,9592,0,393,0,5,0,5,0,2,0,2,0,1,0,0,0,0,0
50400,9580,0,402,0,3,0,7,0,4,0,4,0,0,0,0,0,0,0
50500,9564,0,422,0,5,0,5,0,1,0,2,0,1,0,0,0,0,0
50600,9496,0,492,0,2,0,2,0,5,0,3,0,0,0,0,0,0,0
50700,9450,0,546,0,0,0,1,0,0,0,3,0,0,0,0,0,0,0
50800,9442,0,546,0,4,0,3,0,5,0,0,0,0,0,0,0,0,0
50900,9459,0,533,0,3,0,3,0,2,0,0,0,0,0,0,0,0,0
51000,9480,0,506,0,0,0,3,0,11,0,0,0,0,0,0,0,0,0
51100,9525,0,453,0,7,0,10,0,0,0,5,0,0,0,0,0,0,0
51200,9530,0,449,0,7,0,2,0,8,0,4,0,0,0,0,0,0,0
51300,9550,0,436,0,2,0,3,0,7,0,2,0,0,0,0,0,0,0
51400,9571,0,418,0,3,0,3,0,5,0,0,0,0,0,0,0,0,0
51500,9610,0,375,0,2,0,9,0,4,0,0,0,0,0,0,0,0,0
51600,9617,0,378,0,1,0,1,0,0,0,2,0,1,0,0,0,0,0
51700,9605,0,385,0,3,0,2,0,2,0,3,0,0,0,0,0,0,0
51800,9585,0,407,0,4,0,2,0,2,0,0,0,0,0,0,0,0,0
51900,9529,0,457,0,3,0,3,0,6,0,2,0,0,0,0,0,0,0
52000,9469,0,517,0,4,0,5,0,4,0,1,0,0,0,0,0,0,0
52100,9484,0,507,0,2,0,3,0,4,0,0,0,0,0,0,0,0,0
52200,9487,0,502,0,1,0,6,0,1,0,3,0,0,0,0,0,0,0
52300,9510,0,473,0,7,0,3,0,4,0,3,0,0,0,0,0,0,0
52400,9514,0,476,0,1,0,0,0,7,0,2,0,0,0,0,0,0,0
52500,9496,0,494,0,4,0,2,0,2,0,2,0,0,0,0,0,0,0
52600,9532,0,460,0,3,0,2,0,2,0,1,0,0,0,0,0,0,0
52700,9540,0,452,0,3,0,3,0,1,0,1,0,0,0,0,0,0,0
52800,9538,0,453,0,1,0,3,0,4,0,1,0,0,0,0,0,0,0
52900,9575,0,411,0,2,0,5,0,6,0,1,0,0,0,0,0,0,0
53000,9588,0,401,0,3,0,2,0,4,0,2,0,0,0,0,0,0,0
53100,9583,0,407,0,3,0,1,0,4,0,2,0,0,0,0,0,0,0
53200,9593,0,400,0,4,0,3,0,0,0,0,0,0,0,0,0,0,0
53300,9556,0,434,0,3,0,3,0,3,0,1,0,0,0,0,0,0,0
53400,9524,0,459,0,4,0,8,0,4,0,1,0,0,0,0,0,0,0
53500,9548,0,432,0,4,0,8,0,5,0,3,0,0,0,0,0,0,0
53600,9510,0,478,0,2,0,6,0,3,0,1,0,0,0,0,0,0,0
53700,9509,0,475,0,1,0,8,0,4,0,3,0,0,0,0,0,0,0
53800,9478,0,506,0,4,0,5,0,6,0,1,0,0,0,0,0,0,0
53900,9428,0,556,0,7,0,2,0,5,0,2,0,0,0,0,0,0,0
54000,9420,0,567,0,4,0,3,0,6,0,0,0,0,0,0,0,0,0
54100,9411,0,581,0,2,0,4,0,1,0,1,0,0,0,0,0,0,0
54200,9415,0,575,0,2,0,2,0,6,0,0,0,0,0,0,0,0,0
54300,9524,0,464,0,3,0,3,0,4,0,2,0,0,0,0,0,0,0
54400,9537,0,457,0,5,0,0,0,1,0,0,0,0,0,0,0,0,0
54500,9523,0,455,0,6,0,6,0,8,0,2,0,0,0,0,0,0,0
54600,9531,0,453,0,4,0,0,0,7,0,5,0,0,0,0,0,0,0
54700,9518,0,468,0,2,0,7,0,1,0,4,0,0,0,0,0,0,0
54800,9522,0,465,0,1,0,3,0,1,0,8,0,0,0,0,0,0,0
54900,9512,0,481,0,3,0,0,0,3,0,1,0,0,0,0,0,0,0
55000,9444,0,543,0,5,0,2,0,4,0,2,0,0,0,0,0,0,0
55100,9374,0,612,0,6,0,6,0,2,0,0,0,0,0,0,0,0,0
55200,9348,0,633,0,2,0,13,0,1,0,3,0,0,0,0,0,0,0
55300,9310,0,636,0,5,0,44,0,4,0,1,0,0,0,0,0,0,0
55400,9342,0,611,0,2,0,39,0,3,0,3,0,0,0,0,0,0,0
55500,9364,0,587,0,3,0,39,0,4,0,3,0,0,0,0,0,0,0
55600,9388,0,564,0,3,0,38,0,5,0,2,0,0,0,0,0,0,0
55700,9357,0,592,0,2,0,41,0,7,0,1,0,0,0,0,0,0,0
55800,9271,0,683,0,6,0,37,0,2,0,1,0,0,0,0,0,0,0
55900,9170,0,780,0,5,0,37,0,6,0,2,0,0,0,0,0,0,0
56000,9147,0,811,0,4,0,30,0,6,0,2,0,0,0,0,0,0,0
56100,9206,0,778,0,1,0,4,0,8,0,3,0,0,0,0,0,0,0
56200,9238,0,758,0,1,0,0,0,3,0,0,0,0,0,0,0,0,0
56300,9270,0,724,0,0,0,1,0,4,0,1,0,0,0,0,0,0,0
56400,9317,0,671,0,5,0,3,0,2,0,2,0,0,0,0,0,0,0
56500,9339,0,648,0,3,0,5,0,2,0,3,0,0,0,0,0,0,0
56600,9279,0,714,0,1,0,1,0,4,0,1,0,0,0,0,0,0,0
56700,9286,0,699,0,1,0,5,0,7,0,2,0,0,0,0,0,0,0
56800,9268,0,728,0,2,0,1,0,1,0,0,0,0,0,0,0,0,0
56900,9287,0,699,0,5,0,3,0,6,0,0,0,0,0,0,0,0,0
57000,9271,0,720,0,2,0,4,0,3,0,0,0,0,0,0,0,0,0
57100,9269,0,718,0,2,0,4,0,6,0,1,0,0,0,0,0,0,0
57200,9270,0,724,0,4,0,1,0,1,0,0,0,0,0,0,0,0,0
57300,9354,0,633,0,3,0,4,0,1,0,2,0,3,0,0,0,0,0
57400,9362,0,633,0,1,0,1,0,3,0,0,0,0,0,0,0,0,0
57500,9363,0,629,0,1,0,3,0,3,0,1,0,0,0,0,0,0,0
57600,9378,0,616,0,0,0,2,0,3,0,1,0,0,0,0,0,0,0
57700,9381,0,609,0,4,0,3,0,2,0,1,0,0,0,0,0,0,0
57800,9371,0,625,0,1,0,0,0,2,0,1,0,0,0,0,0,0,0
57900,9383,0,613,0,0,0,1,0,2,0,1,0,0,0,0,0,0,0
58000,9472,0,520,0,3,0,2,0,2,0,1,0,0,0,0,0,0,0
58100,9509,0,478,0,5,0,0,0,7,0,1,0,0,0,0,0,0,0
58200,9511,0,478,0,1,0,3,0,7,0,0,0,0,0,0,0,0,0
58300,9522,0,458,0,6,0,7,0,6,0,1,0,0,0,0,0,0,0
58400,9539,0,457,0,0,0,1,0,1,0,2,0,0,0,0,0,0,0
58500,9533,0,461,0,2,0,2,0,2,0,0,0,0,0,0,0,0,0
58600,9503,0,485,0,3,0,2,0,6,0,1,0,0,0,0,0,0,0
58700,9488,0,510,0,0,0,0,0,2,0,0,0,0,0,0,0,0,0
58800,9451,0,538,0,2,0,3,0,6,0,0,0,0,0,0,0,0,0
58900,9450,0,537,0,0,0,7,0,4,0,2,0,0,0,0,0,0,0
59000,9461,0,534,0,1,0,2,0,1,0,1,0,0,0,0,0,0,0
59100,9514,0,481,0,0,0,1,0,2,0,2,0,0,0,0,0,0,0
59200,9581,0,403,0,1,0,5,0,7,0,3,0,0,0,0,0,0,0
59300,9604,0,385,0,3,0,2,0,4,0,2,0,0,0,0,0,0,0
59400,9599,0,392,0,2,0,5,0,1,0,1,0,0,0,0,0,0,0
59500,9545,0,450,0,0,0,1,0,4,0,0,0,0,0,0,0,0,0
59600,9541,0,438,0,10,0,4,0,6,0,1,0,0,0,0,0,0,0
59700,9540,0,443,0,4,0,2,0,9,0,2,0,0,0,0,0,0,0
59800,9559,0,422,0,5,0,8,0,6,0,0,0,0,0,0,0,0,0
59900,9603,0,384,0,7,0,1,0,1,0,4,0,0,0,0,0,0,0
60000,9596,0,387,0,6,0,5,0,6,0,0,0,0,0,0,0,0,0
60100,9563,0,426,0,6,0,3,0,1,0,1,0,0,0,0,0,0,0
60200,9593,0,381,0,11,0,3,0,10,0,2,0,0,0,0,0,0,0
60300,9600,0,387,0,6,0,2,0,3,0,2,0,0,0,0,0,0,0
60400,9609,0,383,0,4,0,0,0,4,0,0,0,0,0,0,0,0,0
60500,9667,0,323,0,3,0,6,0,1,0,0,0,0,0,0,0,0,0
60600,9668,0,313,0,7,0,9,0,3,0,0,0,0,0,0,0,0,0
60700,9674,0,312,0,5,0,3,0,4,0,2,0,0,0,0,0,0,0
60800,9700,0,280,0,7,0,8,0,4,0,1,0,0,0,0,0,0,0
60900,9703,0,281,0,7,0,4,0,4,0,1,0,0,0,0,0,0,0
61000,9653,0,327,0,7,0,6,0,6,0,1,0,0,0,0,0,0,0
61100,9674,0,312,0,4,0,7,0,3,0,0,0,0,0,0,0,0,0
61200,9697,0,290,0,6,0,4,0,3,0,0,0,0,0,0,0,0,0
61300,9660,0,319,0,10,0,2,0,6,0,3,0,0,0,0,0,0,0
61400,9674,0,311,0,5,0,6,0,2,0,2,0,0,0,0,0,0,0
61500,9663,0,319,0,5,0,7,0,2,0,4,0,0,0,0,0,0,0
61600,9628,0,359,0,8,0,2,0,2,0,1,0,0,0,0,0,0,0
61700,9594,0,391,0,9,0,3,0,3,0,0,0,0,0,0,0,0,0
61800,9583,0,405,0,6,0,3,0,2,0,1,0,0,0,0,0,0,0
61900,9607,0,380,0,5,0,3,0,4,0,1,0,0,0,0,0,0,0
62000,9615,0,374,0,7,0,0,0,2,0,2,0,0,0,0,0,0,0
62100,9601,0,386,0,3,0,4,0,4,0,2,0,0,0,0,0,0,0
62200,9632,0,349,0,8,0,2,0,6,0,3,0,0,0,0,0,0,0
62300,9682,0,307,0,5,0,3,0,2,0,1,0,0,0,0,0,0,0
62400,9672,0,317,0,5,0,1,0,4,0,1,0,0,0,0,0,0,0
62500,9656,0,330,0,5,0,4,0,5,0,0,0,0,0,0,0,0,0
62600,9672,0,318,0,5,0,2,0,2,0,1,0,0,0,0,0,0,0
62700,9654,0,323,0,11,0,3,0,9,0,0,0,0,0,0,0,0,0
62800,9668,0,313,0,8,0,6,0,4,0,1,0,0,0,0,0,0,0
62900,9663,0,317,0,9,0,0,0,6,0,5,0,0,0,0,0,0,0
63000,9697,0,294,0,2,0,1,0,3,0,3,0,0,0,0,0,0,0
63100,9743,0,244,0,6,0,5,0,1,0,1,0,0,0,0,0,0,0
63200,9734,0,242,0,12,0,4,0,7,0,1,0,0,0,0,0,0,0
63300,9752,0,234,0,5,0,3,0,4,0,2,0,0,0,0,0,0,0
63400,9751,0,238,0,7,0,2,0,2,0,0,0,0,0,0,0,0,0
63500,9711,0,265,0,15,0,2,0,6,0,1,0,0,0,0,0,0,0
63600,9696,0,277,0,16,0,3,0,6,0,2,0,0,0,0,0,0,0
63700,9691,0,280,0,20,0,2,0,5,0,2,0,0,0,0,0,0,0
63800,9716,0,268,0,13,0,1,0,1,0,1,0,0,0,0,0,0,0
63900,9739,0,241,0,15,0,2,0,3,0,0,0,0,0,0,0,0,0
64000,9769,0,212,0,14,0,1,0,4,0,0,0,0,0,0,0,0,0
64100,9756,0,220,0,13,0,5,0,3,0,3,0,0,0,0,0,0,0
64200,9725,0,260,0,12,0,0,0,2,0,1,0,0,0,0,0,0,0
64300,9715,0,265,0,15,0,2,0,2,0,1,0,0,0,0,0,0,0
64400,9709,0,269,0,14,0,2,0,4,0,2,0,0,0,0,0,0,0
64500,9704,0,267,0,14,0,4,0,10,0,1,0,0,0,0,0,0,0
64600,9664,0,313,0,14,0,2,0,5,0,2,0,0,0,0,0,0,0
64700,9676,0,301,0,14,0,3,0,1,0,5,0,0,0,0,0,0,0
64800,9661,0,321,0,14,0,1,0,3,0,0,0,0,0,0,0,0,0
64900,9650,0,330,0,13,0,2,0,4,0,1,0,0,0,0,0,0,0
65000,9685,0,290,0,14,0,2,0,6,0,2,0,1,0,0,0,0,0
65100,9721,0,265,0,7,0,4,0,1,0,2,0,0,0,0,0,0,0
65200,9723,0,267,0,3,0,4,0,2,0,1,0,0,0,0,0,0,0
65300,9732,0,245,0,10,0,5,0,6,0,2,0,0,0,0,0,0,0
65400,9758,0,230,0,4,0,5,0,2,0,1,0,0,0,0,0,0,0
65500,9754,0,232,0,4,0,3,0,6,0,1,0,0,0,0,0,0,0
65600,9757,0,218,0,5,0,12,0,3,0,5,0,0,0,0,0,0,0
65700,9756,0,226,0,5,0,3,0,7,0,3,0,0,0,0,0,0,0
65800,9758,0,216,0,5,0,12,0,7,0,2,0,0,0,0,0,0,0
65900,9754,0,233,0,5,0,3,0,2,0,3,0,0,0,0,0,0,0
66000,9700,0,283,0,1,0,11,0,3,0,2,0,0,0,0,0,0,0
66100,9681,0,295,0,6,0,9,0,5,0,3,0,1,0,0,0,0,0
66200,9713,0,270,0,2,0,8,0,7,0,0,0,0,0,0,0,0,0
66300,9717,0,268,0,1,0,6,0,5,0,3,0,0,0,0,0,0,0
66400,9711,0,272,0,5,0,6,0,5,0,1,0,0,0,0,0,0,0
66500,9723,0,263,0,4,0,5,0,2,0,3,0,0,0,0,0,0,0
66600,9728,0,264,0,1,0,4,0,2,0,1,0,0,0,0,0,0,0
66700,9726,0,262,0,6,0,3,0,3,0,0,0,0,0,0,0,0,0
66800,9711,0,276,0,3,0,5,0,2,0,3,0,0,0,0,0,0,0
66900,9694,0,292,0,3,0,6,0,3,0,2,0,0,0,0,0,0,0
67000,9702,0,287,0,4,0,5,0,1,0,1,0,0,0,0,0,0,0
67100,9740,0,241,0,3,0,7,0,6,0,3,0,0,0,0,0,0,0
67200,9742,0,239,0,3,0,7,0,5,0,4,0,0,0,0,0,0,0
67300,9724,0,266,0,1,0,5,0,4,0,0,0,0,0,0,0,0,0
67400,9716,0,266,0,5,0,6,0,4,0,3,0,0,0,0,0,0,0
67500,9756,0,230,0,1,0,4,0,6,0,3,0,0,0,0,0,0,0
67600,9768,0,224,0,2,0,2,0,3,0,1,0,0,0,0,0,0,0
67700,9768,0,224,0,3,0,1,0,2,0,2,0,0,0,0,0,0,0
67800,9756,0,228,0,4,0,0,0,10,0,2,0,0,0,0,0,0,0
67900,9758,0,221,0,3,0,10,0,6,0,2,0,0,0,0,0,0,0
68000,9743,0,245,0,1,0,6,0,4,0,1,0,0,0,0,0,0,0
68100,9741,0,245,0,4,0,5,0,4,0,1,0,0,0,0,0,0,0
68200,9746,0,242,0,2,0,1,0,7,0,1,0,1,0,0,0,0,0
68300,9742,0,243,0,2,0,3,0,8,0,2,0,0,0,0,0,0,0
68400,9751,0,238,0,3,0,2,0,5,0,0,0,1,0,0,0,0,0
68500,9749,0,240,0,1,0,1,0,6,0,3,0,0,0,0,0,0,0
68600,9747,0,243,0,4,0,3,0,1,0,2,0,0,0,0,0,0,0
68700,9749,0,242,0,1,0,3,0,3,0,2,0,0,0,0,0,0,0
68800,9741,0,242,0,6,0,2,0,6,0,3,0,0,0,0,0,0,0
68900,9743,0,236,0,7,0,3,0,8,0,3,0,0,0,0,0,0,0
69000,9746,0,237,0,3,0,8,0,4,0,2,0,0,0,0,0,0,0
69100,9736,0,239,0,4,0,8,0,12,0,1,0,0,0,0,0,0,0
69200,9738,0,246,0,6,0,4,0,4,0,2,0,0,0,0,0,0,0
69300,9765,0,226,0,3,0,4,0,1,0,1,0,0,0,0,0,0,0
69400,9732,0,250,0,4,0,7,0,5,0,2,0,0,0,0,0,0,0
69500,9699,0,287,0,2,0,6,0,1,0,5,0,0,0,0,0,0,0
69600,9703,0,285,0,2,0,4,0,3,0,3,0,0,0,0,0,0,0
69700,9707,0,277,0,2,0,8,0,6,0,0,0,0,0,0,0,0,0
69800,9739,0,245,0,4,0,4,0,8,0,0,0,0,0,0,0,0,0
69900,9761,0,225,0,3,0,8,0,2,0,1,0,0,0,0,0,0,0
70000,9763,0,223,0,5,0,3,0,5,0,1,0,0,0,0,0,0,0
70100,9749,0,232,0,9,0,7,0,2,0,1,0,0,0,0,0,0,0
70200,9718,0,264,0,7,0,7,0,4,0,0,0,0,0,0,0,0,0
70300,9690,0,291,0,5,0,6,0,6,0,2,0,0,0,0,0,0,0
70400,9672,0,318,0,5,0,3,0,1,0,1,0,0,0,0,0,0,0
70500,9673,0,313,0,4,0,5,0,3,0,2,0,0,0,0,0,0,0
70600,9675,0,312,0,5,0,4,0,4,0,0,0,0,0,0,0,0,0
70700,9678,0,313,0,2,0,2,0,4,0,1,0,0,0,0,0,0,0
70800,9668,0,320,0,3,0,4,0,4,0,1,0,0,0,0,0,0,0
70900,9600,0,391,0,3,0,5,0,1,0,0,0,0,0,0,0,0,0
71000,9572,0,411,0,5,0,6,0,4,0,2,0,0,0,0,0,0,0
71100,9565,0,425,0,3,0,3,0,2,0,2,0,0,0,0,0,0,0
71200,9571,0,414,0,3,0,7,0,3,0,2,0,0,0,0,0,0,0
71300,9626,0,362,0,3,0,5,0,3,0,1,0,0,0,0,0,0,0
71400,9659,0,328,0,3,0,5,0,3,0,2,0,0,0,0,0,0,0
71500,9695,0,289,0,5,0,8,0,3,0,0,0,0,0,0,0,0,0
71600,9668,0,315,0,4,0,6,0,5,0,2,0,0,0,0,0,0,0
71700,9671,0,319,0,3,0,5,0,2,0,0,0,0,0,0,0,0,0
71800,9659,0,326,0,5,0,5,0,3,0,2,0,0,0,0,0,0,0
71900,9664,0,321,0,5,0,2,0,6,0,2,0,0,0,0,0,0,0
72000,9649,0,338,0,5,0,3,0,3,0,2,0,0,0,0,0,0,0
72100,9600,0,391,0,3,0,1,0,3,0,2,0,0,0,0,0,0,0
72200,9589,0,399,0,1,0,0,0,9,0,2,0,0,0,0,0,0,0
72300,9644,0,342,0,7,0,3,0,3,0,1,0,0,0,0,0,0,0
72400,9646,0,343,0,2,0,0,0,6,0,3,0,0,0,0,0,0,0
72500,9650,0,347,0,0,0,2,0,0,0,1,0,0,0,0,0,0,0
72600,9669,0,323,0,3,0,3,0,0,0,2,0,0,0,0,0,0,0
72700,9694,0,292,0,4,0,5,0,4,0,1,0,0,0,0,0,0,0
72800,9692,0,302,0,2,0,2,0,0,0,2,0,0,0,0,0,0,0
72900,9650,0,339,0,5,0,4,0,2,0,0,0,0,0,0,0,0,0
73000,9605,0,386,0,3,0,1,0,3,0,2,0,0,0,0,0,0,0
73100,9653,0,338,0,4,0,3,0,1,0,1,0,0,0,0,0,0,0
73200,9644,0,341,0,1,0,4,0,6,0,4,0,0,0,0,0,0,0
73300,9651,0,339,0,2,0,2,0,3,0,2,0,1,0,0,0,0,0
73400,9659,0,328,0,3,0,5,0,4,0,1,0,0,0,0,0,0,0
73500,9660,0,329,0,2,0,5,0,4,0,0,0,0,0,0,0,0,0
73600,9685,0,305,0,3,0,1,0,3,0,3,0,0,0,0,0,0,0
73700,9719,0,276,0,2,0,1,0,1,0,1,0,0,0,0,0,0,0
73800,9722,0,264,0,3,0,1,0,8,0,2,0,0,0,0,0,0,0
73900,9718,0,270,0,3,0,5,0,2,0,2,0,0,0,0,0,0,0
74000,9689,0,302,0,2,0,2,0,3,0,2,0,0,0,0,0,0,0
74100,9671,0,323,0,2,0,2,0,2,0,0,0,0,0,0,0,0,0
74200,9668,0,324,0,2,0,1,0,1,0,4,0,0,0,0,0,0,0
74300,9668,0,316,0,5,0,4,0,4,0,3,0,0,0,0,0,0,0
74400,9681,0,311,0,1,0,1,0,5,0,1,0,0,0,0,0,0,0
74500,9663,0,321,0,3,0,2,0,10,0,1,0,0,0,0,0,0,0
74600,9715,0,275,0,2,0,1,0,5,0,2,0,0,0,0,0,0,0
74700,9712,0,280,0,3,0,1,0,3,0,1,0,0,0,0,0,0,0
74800,9639,0,351,0,2,0,3,0,3,0,2,0,0,0,0,0,0,0
74900,9628,0,360,0,1,0,1,0,8,0,2,0,0,0,0,0,0,0
75000,9584,0,404,0,3,0,5,0,2,0,2,0,0,0,0,0,0,0
75100,9592,0,398,0,1,0,7,0,2,0,0,0,0,0,0,0,0,0
75200,9595,0,396,0,2,0,5,0,2,0,0,0,0,0,0,0,0,0
75300,9577,0,407,0,3,0,7,0,4,0,2,0,0,0,0,0,0,0
75400,9603,0,378,0,4,0,6,0,8,0,1,0,0,0,0,0,0,0
75500,9610,0,368,0,4,0,12,0,6,0,0,0,0,0,0,0,0,0
75600,9619,0,371,0,1,0,7,0,1,0,1,0,0,0,0,0,0,0
75700,9616,0,369,0,4,0,4,0,7,0,0,0,0,0,0,0,0,0
75800,9625,0,362,0,2,0,4,0,4,0,3,0,0,0,0,0,0,0
75900,9708,0,280,0,5,0,4,0,3,0,0,0,0,0,0,0,0,0
76000,9709,0,275,0,1,0,9,0,3,0,3,0,0,0,0,0,0,0
76100,9700,0,283,0,3,0,8,0,4,0,2,0,0,0,0,0,0,0
76200,9705,0,282,0,3,0,4,0,6,0,0,0,0,0,0,0,0,0
76300,9719,0,268,0,2,0,7,0,2,0,2,0,0,0,0,0,0,0
76400,9739,0,253,0,0,0,2,0,2,0,4,0,0,0,0,0,0,0
76500,9708,0,275,0,5,0,5,0,5,0,2,0,0,0,0,0,0,0
76600,9721,0,272,0,1,0,2,0,4,0,0,0,0,0,0,0,0,0
76700,9733,0,254,0,3,0,5,0,4,0,1,0,0,0,0,0,0,0
76800,9735,0,253,0,3,0,4,0,5,0,0,0,0,0,0,0,0,0
76900,9739,0,245,0,2,0,7,0,5,0,2,0,0,0,0,0,0,0
77000,9739,0,244,0,5,0,8,0,4,0,0,0,0,0,0,0,0,0
77100,9766,0,225,0,2,0,4,0,2,0,1,0,0,0,0,0,0,0
77200,9790,0,190,0,5,0,10,0,5,0,0,0,0,0,0,0,0,0
77300,9794,0,197,0,3,0,5,0,1,0,0,0,0,0,0,0,0,0
77400,9801,0,180,0,1,0,13,0,3,0,2,0,0,0,0,0,0,0
77500,9841,0,144,0,3,0,9,0,2,0,1,0,0,0,0,0,0,0
77600,9846,0,137,0,3,0,10,0,3,0,1,0,0,0,0,0,0,0
77700,9850,0,136,0,2,0,6,0,5,0,1,0,0,0,0,0,0,0
77800,9847,0,136,0,3,0,11,0,2,0,1,0,0,0,0,0,0,0
77900,9860,0,132,0,2,0,3,0,2,0,1,0,0,0,0,0,0,0
78000,9861,0,131,0,1,0,3,0,3,0,1,0,0,0,0,0,0,0
78100,9837,0,146,0,6,0,7,0,1,0,3,0,0,0,0,0,0,0
78200,9803,0,181,0,4,0,7,0,4,0,1,0,0,0,0,0,0,0
78300,9807,0,173,0,2,0,6,0,10,0,2,0,0,0,0,0,0,0
78400,9807,0,177,0,2,0,13,0,0,0,1,0,0,0,0,0,0,0
78500,9760,0,223,0,6,0,6,0,4,0,1,0,0,0,0,0,0,0
78600,9801,0,181,0,2,0,7,0,6,0,3,0,0,0,0,0,0,0
78700,9817,0,166,0,4,0,10,0,3,0,0,0,0,0,0,0,0,0
78800,9846,0,144,0,1,0,8,0,0,0,1,0,0,0,0,0,0,0
78900,9846,0,128,0,5,0,12,0,8,0,1,0,0,0,0,0,0,0
79000,9852,0,137,0,2,0,5,0,3,0,1,0,0,0,0,0,0,0
79100,9856,0,133,0,1,0,4,0,2,0,4,0,0,0,0,0,0,0
79200,9857,0,133,0,1,0,6,0,1,0,2,0,0,0,0,0,0,0
79300,9862,0,135,0,0,0,1,0,1,0,1,0,0,0,0,0,0,0
79400,9864,0,125,0,5,0,4,0,1,0,1,0,0,0,0,0,0,0
79500,9866,0,125,0,2,0,2,0,4,0,1,0,0,0,0,0,0,0
79600,9862,0,129,0,2,0,4,0,3,0,0,0,0,0,0,0,0,0
79700,9853,0,133,0,3,0,4,0,7,0,0,0,0,0,0,0,0,0
79800,9856,0,137,0,0,0,2,0,4,0,1,0,0,0,0,0,0,0
79900,9834,0,146,0,4,0,8,0,6,0,2,0,0,0,0,0,0,0
80000,9865,0,115,0,3,0,9,0,8,0,0,0,0,0,0,0,0,0
80100,9891,0,91,0,2,0,7,0,6,0,3,0,0,0,0,0,0,0
80200,9901,0,87,0,3,0,1,0,5,0,2,0,1,0,0,0,0,0
80300,9907,0,79,0,4,0,4,0,4,0,2,0,0,0,0,0,0,0
80400,9908,0,76,0,4,0,7,0,5,0,0,0,0,0,0,0,0,0
80500,9916,0,75,0,3,0,4,0,2,0,0,0,0,0,0,0,0,0
80600,9912,0,76,0,1,0,4,0,7,0,0,0,0,0,0,0,0,0
80700,9908,0,81,0,1,0,8,0,1,0,1,0,0,0,0,0,0,0
80800,9906,0,80,0,3,0,5,0,5,0,1,0,0,0,0,0,0,0
80900,9913,0,78,0,0,0,5,0,2,0,2,0,0,0,0,0,0,0
81000,9897,0,80,0,8,0,9,0,6,0,0,0,0,0,0,0,0,0
81100,9907,0,76,0,4,0,6,0,6,0,1,0,0,0,0,0,0,0
81200,9907,0,84,0,1,0,5,0,2,0,1,0,0,0,0,0,0,0
81300,9903,0,82,0,2,0,6,0,5,0,2,0,0,0,0,0,0,0
81400,9908,0,77,0,1,0,7,0,5,0,2,0,0,0,0,0,0,0
81500,9913,0,78,0,4,0,2,0,3,0,0,0,0,0,0,0,0,0
81600,9897,0,84,0,4,0,6,0,7,0,2,0,0,0,0,0,0,0
81700,9909,0,76,0,4,0,6,0,4,0,1,0,0,0,0,0,0,0
81800,9906,0,76,0,2,0,4,0,8,0,4,0,0,0,0,0,0,0
81900,9916,0,73,0,1,0,6,0,3,0,1,0,0,0,0,0,0,0
82000,9908,0,76,0,3,0,1,0,9,0,2,0,0,0,1,0,0,0
82100,9902,0,81,0,3,0,4,0,8,0,2,0,0,0,0,0,0,0
82200,9910,0,73,0,2,0,9,0,6,0,0,0,0,0,0,0,0,0
82300,9913,0,78,0,0,0,8,0,1,0,0,0,0,0,0,0,0,0
82400,9914,0,78,0,3,0,4,0,1,0,0,0,0,0,0,0,0,0
82500,9931,0,56,0,2,0,5,0,5,0,1,0,0,0,0,0,0,0
82600,9931,0,56,0,4,0,3,0,4,0,2,0,0,0,0,0,0,0
82700,9935,0,53,0,0,0,7,0,2,0,3,0,0,0,0,0,0,0
82800,9940,0,50,0,4,0,2,0,3,0,1,0,0,0,0,0,0,0
82900,9929,0,51,0,3,0,7,0,8,0,2,0,0,0,0,0,0,0
83000,9970,0,22,0,0,0,6,0,1,0,1,0,0,0,0,0,0,0
83100,9984,0,7,0,1,0,6,0,0,0,2,0,0,0,0,0,0,0
83200,9981,0,5,0,2,0,5,0,6,0,1,0,0,0,0,0,0,0
83300,9971,0,20,0,0,0,4,0,5,0,0,0,0,0,0,0,0,0
83400,9947,0,25,0,0,0,24,0,1,0,3,0,0,0,0,0,0,0
83500,9945,0,27,0,2,0,18,0,8,0,0,0,0,0,0,0,0,0
83600,9943,0,29,0,5,0,18,0,3,0,2,0,0,0,0,0,0,0
83700,9950,0,36,0,4,0,6,0,2,0,2,0,0,0,0,0,0,0
83800,9944,0,37,0,5,0,2,0,9,0,3,0,0,0,0,0,0,0
83900,9958,0,30,0,1,0,3,0,5,0,2,0,0,0,1,0,0,0
84000,9956,0,34,0,1,0,6,0,2,0,1,0,0,0,0,0,0,0
84100,9949,0,37,0,2,0,5,0,4,0,3,0,0,0,0,0,0,0
84200,9947,0,35,0,2,0,6,0,8,0,2,0,0,0,0,0,0,0
84300,9945,0,41,0,5,0,1,0,6,0,2,0,0,0,0,0,0,0
84400,9924,0,68,0,0,0,1,0,5,0,2,0,0,0,0,0,0,0
84500,9919,0,74,0,1,0,0,0,3,0,3,0,0,0,0,0,0,0
84600,9927,0,67,0,4,0,1,0,1,0,0,0,0,0,0,0,0,0
84700,9917,0,71,0,3,0,3,0,2,0,4,0,0,0,0,0,0,0
84800,9892,0,96,0,2,0,7,0,3,0,0,0,0,0,0,0,0,0
84900,9874,0,114,0,1,0,6,0,2,0,3,0,0,0,0,0,0,0
85000,9885,0,99,0,4,0,5,0,6,0,1,0,0,0,0,0,0,0
85100,9896,0,90,0,3,0,6,0,4,0,1,0,0,0,0,0,0,0
85200,9918,0,72,0,3,0,4,0,1,0,2,0,0,0,0,0,0,0
85300,9916,0,77,0,1,0,1,0,5,0,0,0,0,0,0,0,0,0
85400,9924,0,67,0,2,0,4,0,3,0,0,0,0,0,0,0,0,0
85500,9924,0,65,0,3,0,3,0,4,0,1,0,0,0,0,0,0,0
85600,9931,0,54,0,3,0,6,0,4,0,2,0,0,0,0,0,0,0
85700,9928,0,60,0,5,0,2,0,3,0,2,0,0,0,0,0,0,0
85800,9944,0,48,0,3,0,3,0,1,0,1,0,0,0,0,0,0,0
85900,9943,0,41,0,4,0,9,0,3,0,0,0,0,0,0,0,0,0
86000,9946,0,44,0,1,0,5,0,4,0,0,0,0,0,0,0,0,0
86100,9927,0,61,0,2,0,7,0,2,0,1,0,0,0,0,0,0,0
86200,9917,0,66,0,5,0,6,0,4,0,2,0,0,0,0,0,0,0
86300,9929,0,60,0,3,0,7,0,0,0,1,0,0,0,0,0,0,0
86400,9929,0,63,0,2,0,3,0,2,0,1,0,0,0,0,0,0,0
86500,9933,0,51,0,3,0,7,0,5,0,1,0,0,0,0,0,0,0
86600,9882,0,53,0,4,0,54,0,6,0,1,0,0,0,0,0,0,0
86700,9906,0,32,0,4,0,55,0,2,0,1,0,0,0,0,0,0,0
86800,9900,0,31,0,6,0,56,0,6,0,1,0,0,0,0,0,0,0
86900,9862,0,70,0,4,0,57,0,5,0,2,0,0,0,0,0,0,0
87000,9859,0,69,0,4,0,63,0,5,0,0,0,0,0,0,0,0,0
87100,9867,0,70,0,2,0,55,0,3,0,3,0,0,0,0,0,0,0
87200,9855,0,70,0,2,0,60,0,12,0,1,0,0,0,0,0,0,0
87300,9861,0,68,0,2,0,63,0,5,0,1,0,0,0,0,0,0,0
87400,9854,0,68,0,1,0,69,0,5,0,3,0,0,0,0,0,0,0
87500,9851,0,70,0,4,0,67,0,8,0,0,0,0,0,0,0,0,0
87600,9853,0,67,0,7,0,65,0,6,0,2,0,0,0,0,0,0,0
87700,9848,0,71,0,3,0,68,0,9,0,1,0,0,0,0,0,0,0
87800,9839,0,95,0,4,0,59,0,2,0,1,0,0,0,0,0,0,0
87900,9813,0,116,0,5,0,59,0,7,0,0,0,0,0,0,0,0,0
88000,9809,0,116,0,3,0,65,0,5,0,2,0,0,0,0,0,0,0
88100,9820,0,113,0,2,0,60,0,2,0,3,0,0,0,0,0,0,0
88200,9819,0,117,0,2,0,57,0,4,0,1,0,0,0,0,0,0,0
88300,9817,0,116,0,4,0,60,0,3,0,0,0,0,0,0,0,0,0
88400,9810,0,115,0,6,0,64,0,2,0,3,0,0,0,0,0,0,0
88500,9813,0,114,0,2,0,62,0,8,0,1,0,0,0,0,0,0,0
88600,9810,0,115,0,5,0,58,0,9,0,3,0,0,0,0,0,0,0
88700,9807,0,121,0,2,0,60,0,8,0,2,0,0,0,0,0,0,0
88800,9814,0,117,0,4,0,57,0,7,0,1,0,0,0,0,0,0,0
88900,9816,0,120,0,2,0,58,0,4,0,0,0,0,0,0,0,0,0
89000,9822,0,114,0,2,0,54,0,5,0,3,0,0,0,0,0,0,0
89100,9818,0,118,0,1,0,57,0,4,0,2,0,0,0,0,0,0,0
89200,9800,0,137,0,3,0,55,0,5,0,0,0,0,0,0,0,0,0
89300,9782,0,150,0,1,0,59,0,7,0,1,0,0,0,0,0,0,0
89400,9807,0,133,0,5,0,52,0,2,0,0,0,1,0,0,0,0,0
89500,9828,0,108,0,1,0,56,0,2,0,5,0,0,0,0,0,0,0
89600,9848,0,88,0,1,0,53,0,8,0,2,0,0,0,0,0,0,0
89700,9858,0,84,0,0,0,52,0,5,0,1,0,0,0,0,0,0,0
89800,9851,0,84,0,4,0,54,0,6,0,1,0,0,0,0,0,0,0
89900,9847,0,91,0,2,0,57,0,2,0,1,0,0,0,0,0,0,0
90000,9861,0,77,0,5,0,55,0,1,0,1,0,0,0,0,0,0,0
90100,9866,0,76,0,4,0,52,0,1,0,1,0,0,0,0,0,0,0
90200,9861,0,72,0,5,0,56,0,5,0,1,0,0,0,0,0,0,0
90300,9865,0,69,0,0,0,58,0,6,0,2,0,0,0,0,0,0,0
90400,9858,0,73,0,5,0,56,0,5,0,3,0,0,0,0,0,0,0
90500,9844,0,88,0,3,0,59,0,3,0,3,0,0,0,0,0,0,0
90600,9844,0,87,0,1,0,59,0,7,0,2,0,0,0,0,0,0,0
90700,9846,0,97,0,3,0,53,0,1,0,0,0,0,0,0,0,0,0
90800,9838,0,100,0,3,0,53,0,3,0,3,0,0,0,0,0,0,0
90900,9847,0,92,0,4,0,53,0,1,0,3,0,0,0,0,0,0,0
91000,9830,0,104,0,0,0,57,0,8,0,1,0,0,0,0,0,0,0
91100,9803,0,129,0,1,0,58,0,5,0,4,0,0,0,0,0,0,0
91200,9816,0,118,0,2,0,58,0,6,0,0,0,0,0,0,0,0,0
91300,9850,0,89,0,1,0,57,0,1,0,2,0,0,0,0,0,0,0
91400,9872,0,70,0,0,0,51,0,4,0,3,0,0,0,0,0,0,0
91500,9872,0,66,0,6,0,52,0,2,0,2,0,0,0,0,0,0,0
91600,9906,0,74,0,1,0,14,0,3,0,2,0,0,0,0,0,0,0
91700,9908,0,78,0,0,0,5,0,6,0,3,0,0,0,0,0,0,0
91800,9917,0,72,0,4,0,3,0,3,0,1,0,0,0,0,0,0,0
91900,9915,0,72,0,3,0,4,0,5,0,1,0,0,0,0,0,0,0
92000,9912,0,76,0,4,0,3,0,4,0,1,0,0,0,0,0,0,0
92100,9923,0,66,0,1,0,1,0,8,0,1,0,0,0,0,0,0,0
92200,9918,0,71,0,4,0,1,0,6,0,0,0,0,0,0,0,0,0
92300,9936,0,54,0,4,0,3,0,2,0,1,0,0,0,0,0,0,0
92400,9931,0,58,0,4,0,3,0,3,0,1,0,0,0,0,0,0,0
92500,9908,0,85,0,3,0,1,0,3,0,0,0,0,0,0,0,0,0
92600,9919,0,74,0,2,0,3,0,1,0,1,0,0,0,0,0,0,0
92700,9913,0,76,0,3,0,3,0,3,0,2,0,0,0,0,0,0,0
92800,9926,0,60,0,5,0,3,0,6,0,0,0,0,0,0,0,0,0
92900,9943,0,52,0,1,0,0,0,3,0,1,0,0,0,0,0,0,0
93000,9937,0,55,0,1,0,2,0,4,0,1,0,0,0,0,0,0,0
93100,9940,0,50,0,5,0,3,0,2,0,0,0,0,0,0,0,0,0
93200,9969,0,24,0,1,0,2,0,1,0,3,0,0,0,0,0,0,0
93300,9972,0,22,0,1,0,0,0,4,0,1,0,0,0,0,0,0,0
93400,9931,0,54,0,2,0,7,0,4,0,2,0,0,0,0,0,0,0
93500,9958,0,35,0,2,0,2,0,2,0,1,0,0,0,0,0,0,0
93600,9953,0,35,0,3,0,5,0,4,0,0,0,0,0,0,0,0,0
93700,9942,0,51,0,3,0,1,0,2,0,1,0,0,0,0,0,0,0
93800,9956,0,29,0,4,0,4,0,5,0,2,0,0,0,0,0,0,0
93900,9952,0,39,0,2,0,4,0,3,0,0,0,0,0,0,0,0,0
94000,9938,0,51,0,4,0,5,0,2,0,0,0,0,0,0,0,0,0
94100,9941,0,50,0,2,0,4,0,2,0,1,0,0,0,0,0,0,0
94200,9950,0,44,0,2,0,1,0,2,0,1,0,0,0,0,0,0,0
94300,9935,0,48,0,6,0,8,0,3,0,0,0,0,0,0,0,0,0
94400,9942,0,56,0,2,0,0,0,0,0,0,0,0,0,0,0,0,0
94500,9937,0,56,0,3,0,0,0,2,0,2,0,0,0,0,0,0,0
94600,9948,0,44,0,1,0,1,0,3,0,3,0,0,0,0,0,0,0
94700,9952,0,37,0,1,0,5,0,4,0,1,0,0,0,0,0,0,0
94800,9951,0,33,0,4,0,2,0,9,0,1,0,0,0,0,0,0,0
94900,9940,0,52,0,2,0,0,0,3,0,3,0,0,0,0,0,0,0
95000,9945,0,44,0,2,0,5,0,3,0,1,0,0,0,0,0,0,0
95100,9958,0,37,0,2,0,1,0,2,0,0,0,0,0,0,0,0,0
95200,9940,0,50,0,1,0,2,0,7,0,0,0,0,0,0,0,0,0
95300,9931,0,63,0,0,0,4,0,1,0,1,0,0,0,0,0,0,0
95400,9963,0,28,0,1,0,5,0,2,0,1,0,0,0,0,0,0,0
95500,9965,0,26,0,4,0,2,0,2,0,1,0,0,0,0,0,0,0
95600,9965,0,27,0,3,0,0,0,2,0,3,0,0,0,0,0,0,0
95700,9957,0,30,0,1,0,3,0,7,0,2,0,0,0,0,0,0,0
95800,9966,0,30,0,0,0,0,0,3,0,1,0,0,0,0,0,0,0
95900,9959,0,31,0,3,0,3,0,2,0,2,0,0,0,0,0,0,0
96000,9970,0,26,0,1,0,1,0,0,0,2,0,0,0,0,0,0,0
96100,9965,0,21,0,5,0,2,0,7,0,0,0,0,0,0,0,0,0
96200,9963,0,27,0,3,0,6,0,0,0,1,0,0,0,0,0,0,0
96300,9957,0,30,0,4,0,0,0,4,0,3,0,2,0,0,0,0,0
96400,9954,0,31,0,6,0,3,0,3,0,2,0,1,0,0,0,0,0
96500,9971,0,24,0,2,0,0,0,1,0,2,0,0,0,0,0,0,0
96600,9957,0,31,0,3,0,5,0,3,0,1,0,0,0,0,0,0,0
96700,9964,0,27,0,2,0,3,0,3,0,1,0,0,0,0,0,0,0
96800,9962,0,29,0,3,0,2,0,2,0,2,0,0,0,0,0,0,0
96900,9957,0,31,0,3,0,0,0,8,0,1,0,0,0,0,0,0,0
97000,9954,0,36,0,4,0,2,0,2,0,2,0,0,0,0,0,0,0
97100,9960,0,29,0,1,0,8,0,2,0,0,0,0,0,0,0,0,0
97200,9954,0,27,0,0,0,18,0,1,0,0,0,0,0,0,0,0,0
97300,9914,0,30,0,1,0,52,0,1,0,2,0,0,0,0,0,0,0
97400,9895,0,35,0,4,0,55,0,6,0,5,0,0,0,0,0,0,0
97500,9910,0,33,0,3,0,52,0,1,0,1,0,0,0,0,0,0,0
97600,9905,0,33,0,1,0,54,0,5,0,2,0,0,0,0,0,0,0
97700,9904,0,36,0,6,0,53,0,0,0,1,0,0,0,0,0,0,0
97800,9898,0,34,0,2,0,60,0,3,0,3,0,0,0,0,0,0,0
97900,9912,0,31,0,2,0,51,0,2,0,2,0,0,0,0,0,0,0
98000,9898,0,39,0,3,0,53,0,7,0,0,0,0,0,0,0,0,0
98100,9905,0,38,0,1,0,52,0,2,0,2,0,0,0,0,0,0,0
98200,9900,0,44,0,1,0,52,0,1,0,0,0,2,0,0,0,0,0
98300,9896,0,42,0,4,0,54,0,3,0,1,0,0,0,0,0,0,0
98400,9898,0,42,0,4,0,52,0,3,0,1,0,0,0,0,0,0,0
98500,9895,0,42,0,3,0,54,0,6,0,0,0,0,0,0,0,0,0
98600,9894,0,40,0,1,0,57,0,8,0,0,0,0,0,0,0,0,0
98700,9899,0,39,0,3,0,54,0,3,0,2,0,0,0,0,0,0,0
98800,9897,0,47,0,0,0,51,0,3,0,2,0,0,0,0,0,0,0
98900,9898,0,41,0,3,0,54,0,4,0,0,0,0,0,0,0,0,0
99000,9906,0,34,0,4,0,52,0,4,0,0,0,0,0,0,0,0,0
99100,9909,0,33,0,0,0,53,0,4,0,1,0,0,0,0,0,0,0
99200,9899,0,39,0,2,0,55,0,4,0,1,0,0,0,0,0,0,0
99300,9899,0,37,0,3,0,52,0,6,0,3,0,0,0,0,0,0,0
99400,9898,0,37,0,4,0,53,0,6,0,2,0,0,0,0,0,0,0
99500,9911,0,32,0,2,0,51,0,3,0,1,0,0,0,0,0,0,0
99600,9908,0,32,0,5,0,52,0,1,0,2,0,0,0,0,0,0,0
99700,9893,0,39,0,4,0,56,0,8,0,0,0,0,0,0,0,0,0
99800,9892,0,39,0,4,0,58,0,5,0,2,0,0,0,0,0,0,0
99900,9906,0,33,0,0,0,58,0,3,0,0,0,0,0,0,0,0,0
100000,9901,0,37,0,3,0,56,0,2,0,1,0,0,0,0,0,0,0
