update,host_task_NOT,sym_task_NOT,host_task_NAND,sym_task_NAND,host_task_AND,sym_task_AND,host_task_ORN,sym_task_ORN,host_task_OR,sym_task_OR,host_task_ANDN,sym_task_ANDN,host_task_NOR,sym_task_NOR,host_task_XOR,sym_task_XOR,host_task_EQU,sym_task_EQU
0,0,0,0,0,0,0,0,0,0,0,0,0,0,0,0,0,0,0
100,9996,0,0,0,5,0,0,0,1,0,0,0,0,0,0,0,0,0
200,9998,0,0,0,2,0,0,0,0,0,0,0,0,0,0,0,0,0
300,9995,0,0,0,2,0,0,0,2,0,1,0,0,0,0,0,0,0
400,9995,0,0,0,1,0,3,0,0,0,1,0,0,0,0,0,0,0
500,9993,0,0,0,1,0,2,0,4,0,0,0,0,0,0,0,0,0
600,9996,0,0,0,0,0,1,0,3,0,0,0,0,0,0,0,0,0
700,9987,0,3,0,4,0,1,0,2,0,3,0,0,0,0,0,0,0
800,9993,0,0,0,2,0,3,0,2,0,0,0,0,0,0,0,0,0
900,9995,0,0,0,1,0,1,0,3,0,0,0,0,0,0,0,0,0
1000,9993,0,1,0,4,0,1,0,1,0,0,0,0,0,0,0,0,0
1100,9987,0,0,0,2,0,4,0,4,0,3,0,0,0,0,0,0,0
1200,9990,0,1,0,1,0,4,0,2,0,2,0,0,0,0,0,0,0
1300,9994,0,0,0,3,0,0,0,3,0,0,0,0,0,0,0,0,0
1400,9990,0,2,0,2,0,1,0,3,0,2,0,0,0,0,0,0,0
1500,9990,0,2,0,1,0,2,0,3,0,2,0,0,0,0,0,0,0
1600,9989,0,1,0,2,0,5,0,2,0,1,0,0,0,0,0,0,0
1700,9986,0,4,0,3,0,5,0,2,0,0,0,0,0,0,0,0,0
1800,9990,0,2,0,0,0,6,0,0,0,2,0,0,0,0,0,0,0
1900,9990,0,3,0,0,0,4,0,3,0,0,0,0,0,0,0,0,0
2000,9986,0,0,0,2,0,5,0,4,0,3,0,0,0,0,0,0,0
2100,9985,0,5,0,4,0,4,0,1,0,1,0,0,0,0,0,0,0
2200,9986,0,3,0,2,0,6,0,3,0,0,0,0,0,0,0,0,0
2300,9985,0,0,0,2,0,7,0,4,0,2,0,0,0,0,0,0,0
2400,9988,0,3,0,3,0,4,0,2,0,0,0,0,0,0,0,0,0
2500,9983,0,4,0,2,0,4,0,7,0,0,0,0,0,0,0,0,0
2600,9985,0,3,0,2,0,4,0,4,0,2,0,0,0,0,0,0,0
2700,9985,0,4,0,3,0,5,0,3,0,0,0,0,0,0,0,0,0
2800,9978,0,2,0,2,0,12,0,4,0,2,0,0,0,0,0,0,0
2900,9989,0,1,0,0,0,8,0,1,0,1,0,0,0,0,0,0,0
3000,9984,0,5,0,3,0,5,0,2,0,1,0,0,0,0,0,0,0
3100,9987,0,5,0,3,0,5,0,0,0,0,0,0,0,0,0,0,0
3200,9981,0,5,0,0,0,9,0,4,0,1,0,0,0,0,0,0,0
3300,9971,0,10,0,3,0,9,0,6,0,1,0,0,0,0,0,0,0
3400,9972,0,11,0,1,0,13,0,0,0,3,0,0,0,0,0,0,0
3500,9972,0,11,0,3,0,10,0,3,0,1,0,0,0,0,0,0,0
3600,9972,0,10,0,1,0,11,0,4,0,1,0,1,0,0,0,0,0
3700,9965,0,13,0,4,0,10,0,7,0,1,0,0,0,0,0,0,0
3800,9966,0,11,0,5,0,11,0,6,0,1,0,0,0,0,0,0,0
3900,9970,0,12,0,3,0,13,0,1,0,1,0,0,0,0,0,0,0
4000,9976,0,8,0,3,0,9,0,4,0,0,0,0,0,0,0,0,0
4100,9970,0,9,0,2,0,13,0,6,0,0,0,0,0,0,0,0,0
4200,9965,0,9,0,2,0,15,0,7,0,2,0,0,0,0,0,0,0
4300,9977,0,8,0,3,0,8,0,4,0,0,0,0,0,0,0,0,0
4400,9973,0,9,0,1,0,10,0,5,0,2,0,0,0,0,0,0,0
4500,9970,0,8,0,1,0,13,0,7,0,1,0,0,0,0,0,0,0
4600,9966,0,11,0,1,0,15,0,6,0,1,0,0,0,0,0,0,0
4700,9971,0,11,0,0,0,12,0,4,0,2,0,0,0,0,0,0,0
4800,9974,0,7,0,4,0,12,0,3,0,0,0,0,0,0,0,0,0
4900,9974,0,10,0,2,0,9,0,4,0,1,0,0,0,0,0,0,0
5000,9970,0,10,0,3,0,7,0,8,0,2,0,0,0,0,0,0,0
5100,9975,0,10,0,5,0,7,0,3,0,0,0,0,0,0,0,0,0
5200,9978,0,9,0,2,0,6,0,4,0,1,0,0,0,0,0,0,0
5300,9973,0,12,0,0,0,7,0,5,0,3,0,0,0,0,0,0,0
5400,9969,0,13,0,3,0,7,0,7,0,1,0,0,0,0,0,0,0
5500,9973,0,15,0,1,0,7,0,2,0,2,0,0,0,0,0,0,0
5600,9965,0,16,0,4,0,8,0,5,0,1,0,1,0,0,0,0,0
5700,9967,0,13,0,3,0,8,0,4,0,5,0,0,0,0,0,0,0
5800,9968,0,17,0,3,0,6,0,5,0,1,0,0,0,0,0,0,0
5900,9973,0,13,0,3,0,9,0,1,0,1,0,0,0,0,0,0,0
6000,9967,0,13,0,1,0,9,0,9,0,1,0,0,0,0,0,0,0
6100,9971,0,17,0,1,0,5,0,3,0,2,0,1,0,0,0,0,0
6200,9969,0,15,0,2,0,8,0,5,0,1,0,0,0,0,0,0,0
6300,9966,0,14,0,2,0,12,0,6,0,0,0,0,0,0,0,0,0
6400,9958,0,24,0,5,0,9,0,2,0,2,0,0,0,0,0,0,0
6500,9956,0,23,0,5,0,12,0,3,0,1,0,0,0,0,0,0,0
6600,9956,0,24,0,3,0,14,0,1,0,0,0,2,0,0,0,0,0
6700,9951,0,31,0,1,0,10,0,3,0,3,0,1,0,0,0,0,0
6800,9941,0,31,0,4,0,17,0,7,0,0,0,0,0,0,0,0,0
6900,9942,0,40,0,5,0,11,0,1,0,0,0,1,0,0,0,0,0
7000,9928,0,45,0,5,0,15,0,6,0,1,0,0,0,0,0,0,0
7100,9939,0,45,0,1,0,11,0,4,0,0,0,0,0,0,0,0,0
7200,9928,0,43,0,3,0,16,0,5,0,4,0,0,0,0,0,1,0
7300,9928,0,51,0,3,0,13,0,5,0,0,0,0,0,0,0,0,0
7400,9922,0,51,0,4,0,16,0,6,0,1,0,0,0,0,0,0,0
7500,9923,0,58,0,2,0,11,0,6,0,0,0,0,0,0,0,0,0
7600,9916,0,65,0,0,0,13,0,4,0,1,0,1,0,0,0,0,0
7700,9910,0,68,0,1,0,12,0,8,0,1,0,0,0,0,0,0,0
7800,9916,0,64,0,3,0,13,0,2,0,2,0,0,0,0,0,0,0
7900,9895,0,72,0,9,0,18,0,5,0,1,0,0,0,0,0,0,0
8000,9880,0,96,0,2,0,16,0,6,0,0,0,0,0,0,0,0,0
8100,9873,0,98,0,5,0,15,0,7,0,2,0,0,0,0,0,0,0
8200,9868,0,95,0,1,0,25,0,9,0,2,0,0,0,0,0,0,0
8300,9867,0,104,0,4,0,16,0,8,0,1,0,0,0,0,0,0,0
8400,9877,0,98,0,5,0,13,0,5,0,1,0,0,0,0,0,1,0
8500,9852,0,104,0,6,0,21,0,14,0,2,0,1,0,0,0,0,0
8600,9872,0,106,0,5,0,15,0,1,0,1,0,0,0,0,0,0,0
8700,9856,0,107,0,10,0,20,0,3,0,4,0,0,0,0,0,0,0
8800,9828,0,123,0,4,0,27,0,9,0,9,0,0,0,0,0,0,0
8900,9816,0,153,0,9,0,14,0,5,0,3,0,0,0,0,0,0,0
9000,9810,0,164,0,5,0,10,0,9,0,2,0,0,0,0,0,0,0
9100,9760,0,210,0,6,0,13,0,8,0,3,0,0,0,0,0,0,0
9200,9763,0,198,0,8,0,22,0,6,0,3,0,0,0,0,0,0,0
9300,9745,0,207,0,6,0,32,0,9,0,1,0,0,0,0,0,0,0
9400,9706,0,249,0,5,0,30,0,8,0,1,0,1,0,0,0,0,0
9500,9703,0,244,0,8,0,35,0,7,0,3,0,0,0,0,0,0,0
9600,9732,0,219,0,11,0,28,0,5,0,2,0,3,0,0,0,0,0
9700,9729,0,219,0,4,0,31,0,11,0,5,0,1,0,0,0,0,0
9800,9744,0,209,0,5,0,35,0,5,0,2,0,0,0,0,0,0,0
9900,9758,0,191,0,7,0,33,0,5,0,5,0,1,0,0,0,0,0
10000,9757,0,179,0,8,0,40,0,12,0,4,0,0,0,0,0,0,0
10100,9782,0,168,0,6,0,35,0,7,0,2,0,0,0,0,0,0,0
10200,9761,0,189,0,6,0,35,0,8,0,1,0,0,0,0,0,0,0
10300,9750,0,190,0,11,0,42,0,3,0,3,0,1,0,0,0,0,0
10400,9742,0,202,0,8,0,32,0,11,0,5,0,0,0,0,0,0,0
10500,9732,0,216,0,5,0,37,0,8,0,2,0,0,0,0,0,0,0
10600,9725,0,216,0,7,0,40,0,9,0,3,0,0,0,0,0,0,0
10700,9735,0,219,0,5,0,28,0,12,0,1,0,0,0,0,0,0,0
10800,9728,0,212,0,15,0,37,0,7,0,1,0,0,0,0,0,0,0
10900,9723,0,215,0,16,0,35,0,8,0,3,0,0,0,0,0,0,0
11000,9722,0,226,0,12,0,36,0,1,0,3,0,0,0,0,0,0,0
11100,9720,0,231,0,9,0,31,0,7,0,2,0,0,0,0,0,0,0
11200,9723,0,228,0,14,0,29,0,4,0,2,0,0,0,0,0,0,0
11300,9699,0,248,0,9,0,35,0,8,0,1,0,0,0,0,0,0,0
11400,9712,0,230,0,13,0,32,0,11,0,2,0,0,0,0,0,0,0
11500,9715,0,236,0,11,0,29,0,6,0,3,0,0,0,0,0,0,0
11600,9704,0,245,0,15,0,34,0,2,0,0,0,0,0,0,0,0,0
11700,9649,0,294,0,14,0,35,0,4,0,4,0,0,0,0,0,0,0
11800,9636,0,306,0,16,0,36,0,4,0,2,0,0,0,0,0,0,0
11900,9666,0,289,0,10,0,23,0,9,0,3,0,0,0,0,0,0,0
12000,9702,0,270,0,10,0,8,0,7,0,3,0,0,0,0,0,0,0
12100,9691,0,279,0,12,0,12,0,3,0,3,0,0,0,0,0,0,0
12200,9680,0,291,0,18,0,4,0,5,0,2,0,0,0,0,0,0,0
12300,9670,0,298,0,16,0,4,0,9,0,3,0,0,0,0,0,0,0
12400,9649,0,303,0,27,0,7,0,10,0,4,0,0,0,0,0,0,0
12500,9642,0,319,0,18,0,11,0,8,0,2,0,0,0,0,0,0,0
12600,9669,0,302,0,10,0,13,0,4,0,2,0,0,0,0,0,0,0
12700,9685,0,280,0,12,0,13,0,7,0,3,0,0,0,0,0,0,0
12800,9688,0,281,0,11,0,11,0,8,0,1,0,0,0,0,0,0,0
12900,9674,0,285,0,17,0,12,0,12,0,0,0,0,0,0,0,0,0
13000,9661,0,299,0,10,0,17,0,4,0,8,0,1,0,0,0,0,0
13100,9657,0,294,0,19,0,19,0,6,0,5,0,0,0,0,0,0,0
13200,9651,0,302,0,16,0,19,0,11,0,1,0,0,0,0,0,0,0
13300,9660,0,293,0,16,0,20,0,8,0,3,0,0,0,0,0,0,0
13400,9664,0,306,0,17,0,4,0,5,0,4,0,0,0,0,0,0,0
13500,9654,0,301,0,14,0,14,0,11,0,4,0,2,0,0,0,0,0
13600,9645,0,319,0,16,0,6,0,8,0,6,0,0,0,0,0,0,0
13700,9658,0,303,0,12,0,15,0,5,0,7,0,0,0,0,0,0,0
13800,9680,0,297,0,6,0,11,0,4,0,2,0,0,0,0,0,0,0
13900,9675,0,293,0,11,0,12,0,5,0,4,0,0,0,0,0,0,0
14000,9700,0,268,0,11,0,9,0,4,0,8,0,0,0,0,0,0,0
14100,9702,0,276,0,12,0,3,0,4,0,3,0,0,0,0,0,0,0
14200,9648,0,325,0,13,0,7,0,4,0,3,0,0,0,0,0,0,0
14300,9627,0,351,0,12,0,4,0,4,0,2,0,0,0,0,0,0,0
14400,9650,0,329,0,8,0,5,0,6,0,2,0,0,0,0,0,0,0
14500,9636,0,345,0,7,0,3,0,7,0,2,0,0,0,0,0,0,0
14600,9621,0,347,0,10,0,8,0,11,0,3,0,0,0,0,0,0,0
14700,9649,0,320,0,14,0,5,0,8,0,3,0,1,0,0,0,0,0
14800,9629,0,352,0,3,0,3,0,7,0,6,0,0,0,0,0,0,0
14900,9637,0,341,0,9,0,2,0,7,0,4,0,0,0,0,0,0,0
15000,9668,0,310,0,8,0,2,0,8,0,4,0,0,0,0,0,0,0
15100,9660,0,309,0,15,0,6,0,9,0,1,0,0,0,0,0,0,0
15200,9669,0,298,0,7,0,14,0,7,0,4,0,1,0,0,0,0,0
15300,9680,0,296,0,13,0,4,0,5,0,2,0,0,0,0,0,0,0
15400,9680,0,293,0,13,0,6,0,6,0,0,0,2,0,0,0,0,0
15500,9690,0,285,0,9,0,6,0,10,0,0,0,0,0,0,0,0,0
15600,9701,0,276,0,8,0,1,0,6,0,8,0,0,0,0,0,0,0
15700,9713,0,258,0,10,0,8,0,10,0,1,0,0,0,0,0,0,0
15800,9705,0,269,0,9,0,3,0,11,0,3,0,0,0,0,0,0,0
15900,9681,0,292,0,8,0,5,0,9,0,4,0,1,0,0,0,0,0
16000,9666,0,311,0,8,0,5,0,8,0,2,0,0,0,0,0,0,0
16100,9688,0,291,0,14,0,1,0,3,0,3,0,0,0,0,0,0,0
16200,9681,0,292,0,8,0,6,0,11,0,2,0,0,0,0,0,0,0
16300,9654,0,334,0,4,0,0,0,6,0,2,0,0,0,0,0,0,0
16400,9608,0,366,0,9,0,8,0,8,0,1,0,0,0,0,0,0,0
16500,9605,0,378,0,6,0,4,0,4,0,3,0,0,0,0,0,0,0
16600,9623,0,357,0,10,0,4,0,2,0,3,0,1,0,0,0,0,0
16700,9622,0,357,0,8,0,4,0,8,0,1,0,0,0,0,0,0,0
16800,9586,0,393,0,7,0,6,0,5,0,3,0,0,0,0,0,0,0
16900,9567,0,406,0,10,0,7,0,7,0,3,0,0,0,0,0,0,0
17000,9558,0,409,0,13,0,7,0,11,0,2,0,0,0,0,0,0,0
17100,9539,0,421,0,28,0,2,0,6,0,4,0,0,0,0,0,0,0
17200,9562,0,372,0,43,0,7,0,13,0,3,0,0,0,0,0,0,0
17300,9581,0,355,0,42,0,5,0,11,0,5,0,1,0,0,0,0,0
17400,9596,0,343,0,41,0,11,0,7,0,2,0,0,0,0,0,0,0
17500,9612,0,326,0,44,0,11,0,6,0,1,0,0,0,0,0,0,0
17600,9627,0,308,0,45,0,7,0,11,0,2,0,0,0,0,0,0,0
17700,9635,0,304,0,39,0,11,0,6,0,5,0,0,0,0,0,0,0
17800,9613,0,323,0,42,0,11,0,8,0,3,0,0,0,0,0,0,0
17900,9621,0,318,0,41,0,7,0,8,0,5,0,0,0,0,0,0,0
18000,9639,0,301,0,42,0,12,0,4,0,2,0,0,0,0,0,0,0
18100,9657,0,271,0,41,0,21,0,6,0,4,0,0,0,0,0,0,0
18200,9659,0,267,0,41,0,17,0,12,0,3,0,1,0,0,0,0,0
18300,9635,0,283,0,50,0,17,0,12,0,2,0,1,0,0,0,0,0
18400,9614,0,311,0,47,0,15,0,9,0,4,0,0,0,0,0,0,0
18500,9644,0,312,0,17,0,13,0,11,0,3,0,0,0,0,0,0,0
18600,9627,0,331,0,10,0,23,0,5,0,4,0,0,0,0,0,0,0
18700,9633,0,314,0,11,0,19,0,17,0,6,0,0,0,0,0,0,0
18800,9652,0,304,0,11,0,24,0,7,0,2,0,0,0,0,0,0,0
18900,9650,0,309,0,10,0,19,0,8,0,3,0,1,0,0,0,0,0
19000,9661,0,304,0,9,0,20,0,3,0,3,0,0,0,0,0,0,0
19100,9655,0,306,0,8,0,25,0,6,0,0,0,0,0,0,0,0,0
19200,9636,0,313,0,6,0,26,0,14,0,5,0,0,0,0,0,0,0
19300,9656,0,304,0,5,0,24,0,8,0,3,0,0,0,0,0,0,0
19400,9642,0,310,0,15,0,22,0,11,0,0,0,0,0,0,0,0,0
19500,9591,0,356,0,12,0,27,0,11,0,3,0,0,0,0,0,0,0
19600,9598,0,358,0,7,0,24,0,8,0,3,0,1,0,0,0,1,0
19700,9602,0,358,0,9,0,16,0,13,0,2,0,0,0,0,0,0,0
19800,9588,0,369,0,14,0,18,0,10,0,1,0,0,0,0,0,0,0
19900,9570,0,392,0,12,0,16,0,10,0,0,0,0,0,0,0,0,0
20000,9551,0,396,0,13,0,29,0,6,0,5,0,0,0,0,0,0,0
20100,9567,0,370,0,9,0,41,0,3,0,9,0,1,0,0,0,0,0
20200,9560,0,377,0,16,0,40,0,6,0,1,0,0,0,0,0,0,0
20300,9518,0,415,0,12,0,42,0,8,0,5,0,0,0,0,0,0,0
20400,9522,0,418,0,11,0,41,0,5,0,3,0,0,0,0,0,0,0
20500,9548,0,390,0,14,0,38,0,7,0,3,0,0,0,0,0,0,0
20600,9537,0,398,0,17,0,37,0,8,0,3,0,0,0,0,0,0,0
20700,9548,0,396,0,11,0,37,0,6,0,1,0,1,0,0,0,0,0
20800,9539,0,399,0,11,0,40,0,9,0,2,0,0,0,0,0,0,0
20900,9556,0,389,0,9,0,35,0,7,0,3,0,1,0,0,0,0,0
21000,9553,0,392,0,10,0,35,0,6,0,4,0,0,0,0,0,0,0
21100,9602,0,338,0,13,0,39,0,6,0,2,0,0,0,0,0,0,0
21200,9630,0,314,0,10,0,37,0,5,0,4,0,0,0,0,0,0,0
21300,9617,0,320,0,16,0,34,0,11,0,2,0,0,0,0,0,0,0
21400,9659,0,288,0,6,0,40,0,6,0,1,0,0,0,0,0,0,0
21500,9616,0,328,0,6,0,40,0,6,0,4,0,0,0,0,0,0,0
21600,9606,0,336,0,3,0,37,0,11,0,7,0,0,0,0,0,0,0
21700,9607,0,338,0,4,0,40,0,9,0,2,0,0,0,0,0,0,0
21800,9607,0,344,0,3,0,40,0,6,0,0,0,0,0,0,0,0,0
21900,9587,0,350,0,8,0,42,0,10,0,2,0,1,0,0,0,0,0
22000,9592,0,340,0,10,0,43,0,12,0,3,0,0,0,0,0,0,0
22100,9614,0,332,0,8,0,33,0,9,0,4,0,0,0,0,0,0,0
22200,9623,0,317,0,2,0,42,0,13,0,3,0,0,0,0,0,0,0
22300,9640,0,300,0,10,0,45,0,2,0,3,0,0,0,0,0,0,0
22400,9642,0,303,0,6,0,41,0,6,0,2,0,0,0,0,0,0,0
22500,9670,0,270,0,5,0,43,0,10,0,2,0,0,0,0,0,0,0
22600,9659,0,274,0,11,0,42,0,11,0,3,0,0,0,0,0,0,0
22700,9661,0,286,0,4,0,38,0,5,0,6,0,0,0,0,0,0,0
22800,9658,0,284,0,6,0,42,0,8,0,2,0,0,0,0,0,0,0
22900,9646,0,286,0,10,0,47,0,7,0,4,0,0,0,0,0,0,0
23000,9634,0,281,0,8,0,69,0,8,0,0,0,0,0,0,0,0,0
23100,9639,0,276,0,4,0,70,0,5,0,5,0,0,0,1,0,0,0
23200,9614,0,307,0,6,0,62,0,5,0,5,0,1,0,0,0,0,0
23300,9607,0,334,0,9,0,44,0,4,0,2,0,0,0,0,0,0,0
23400,9611,0,334,0,6,0,34,0,13,0,2,0,0,0,0,0,0,0
23500,9634,0,310,0,8,0,35,0,7,0,5,0,1,0,0,0,0,0
23600,9616,0,319,0,8,0,39,0,14,0,1,0,3,0,0,0,0,0
23700,9629,0,313,0,6,0,39,0,7,0,6,0,0,0,0,0,0,0
23800,9638,0,304,0,6,0,33,0,12,0,6,0,1,0,0,0,0,0
23900,9673,0,267,0,7,0,35,0,15,0,2,0,1,0,0,0,0,0
24000,9667,0,264,0,18,0,35,0,10,0,5,0,1,0,0,0,0,0
24100,9667,0,263,0,20,0,36,0,10,0,4,0,0,0,0,0,0,0
24200,9650,0,273,0,26,0,31,0,17,0,3,0,0,0,0,0,0,0
24300,9627,0,267,0,44,0,39,0,19,0,2,0,2,0,0,0,0,0
24400,9644,0,264,0,44,0,32,0,12,0,3,0,1,0,0,0,0,0
24500,9632,0,275,0,43,0,40,0,2,0,6,0,2,0,0,0,0,0
24600,9600,0,284,0,46,0,58,0,8,0,3,0,1,0,0,0,0,0
24700,9626,0,262,0,41,0,59,0,6,0,6,0,0,0,0,0,0,0
24800,9579,0,302,0,45,0,59,0,10,0,5,0,0,0,0,0,0,0
24900,9585,0,307,0,39,0,62,0,6,0,0,0,1,0,0,0,0,0
25000,9589,0,303,0,46,0,49,0,8,0,4,0,1,0,0,0,0,0
25100,9620,0,283,0,43,0,38,0,10,0,4,0,2,0,0,0,0,0
25200,9605,0,301,0,43,0,39,0,9,0,3,0,0,0,0,0,0,0
25300,9625,0,295,0,34,0,39,0,6,0,1,0,0,0,0,0,0,0
25400,9636,0,292,0,15,0,47,0,5,0,5,0,0,0,0,0,0,0
25500,9616,0,308,0,11,0,55,0,4,0,4,0,2,0,0,0,0,0
25600,9636,0,289,0,6,0,58,0,7,0,3,0,1,0,0,0,0,0
25700,9644,0,277,0,10,0,58,0,8,0,3,0,0,0,0,0,0,0
25800,9597,0,325,0,13,0,55,0,7,0,1,0,2,0,0,0,0,0
25900,9621,0,316,0,11,0,32,0,14,0,4,0,2,0,0,0,0,0
26000,9617,0,341,0,3,0,29,0,5,0,3,0,2,0,0,0,0,0
26100,9609,0,334,0,14,0,28,0,8,0,4,0,3,0,0,0,0,0
26200,9600,0,349,0,7,0,30,0,11,0,3,0,0,0,0,0,0,0
26300,9619,0,339,0,10,0,24,0,5,0,1,0,2,0,0,0,0,0
26400,9624,0,335,0,2,0,29,0,6,0,3,0,1,0,0,0,0,0
26500,9625,0,335,0,7,0,23,0,7,0,1,0,2,0,0,0,0,0
26600,9611,0,348,0,11,0,24,0,5,0,1,0,0,0,0,0,0,0
26700,9632,0,321,0,13,0,23,0,8,0,2,0,1,0,0,0,0,0
26800,9643,0,319,0,8,0,24,0,5,0,1,0,0,0,0,0,0,0
26900,9612,0,347,0,9,0,23,0,8,0,1,0,0,0,0,0,0,0
27000,9650,0,302,0,14,0,28,0,3,0,3,0,0,0,0,0,0,0
27100,9679,0,275,0,8,0,29,0,5,0,4,0,0,0,0,0,0,0
27200,9676,0,269,0,5,0,33,0,8,0,9,0,0,0,0,0,0,0
27300,9669,0,287,0,5,0,29,0,6,0,4,0,0,0,0,0,0,0
27400,9662,0,300,0,6,0,24,0,5,0,3,0,0,0,0,0,0,0
27500,9670,0,290,0,7,0,23,0,7,0,3,0,0,0,0,0,0,0
27600,9668,0,290,0,4,0,30,0,5,0,3,0,0,0,0,0,0,0
27700,9655,0,288,0,14,0,21,0,20,0,2,0,0,0,0,0,0,0
27800,9692,0,268,0,9,0,23,0,6,0,2,0,0,0,0,0,0,0
27900,9736,0,233,0,4,0,21,0,4,0,2,0,0,0,0,0,0,0
28000,9753,0,211,0,6,0,23,0,5,0,2,0,0,0,0,0,0,0
28100,9740,0,225,0,3,0,25,0,7,0,0,0,0,0,0,0,0,0
28200,9740,0,224,0,6,0,18,0,9,0,3,0,0,0,0,0,0,0
28300,9740,0,217,0,5,0,20,0,16,0,2,0,0,0,0,0,0,0
28400,9747,0,225,0,4,0,21,0,3,0,0,0,0,0,0,0,0,0
28500,9724,0,241,0,4,0,17,0,11,0,3,0,0,0,0,0,0,0
28600,9766,0,204,0,3,0,16,0,7,0,4,0,0,0,0,0,0,0
28700,9761,0,199,0,7,0,19,0,6,0,8,0,0,0,0,0,0,0
28800,9763,0,204,0,4,0,22,0,4,0,3,0,0,0,0,0,0,0
28900,9742,0,226,0,1,0,26,0,1,0,4,0,0,0,0,0,0,0
29000,9754,0,210,0,3,0,21,0,9,0,3,0,0,0,0,0,0,0
29100,9759,0,211,0,4,0,14,0,7,0,5,0,0,0,0,0,0,0
29200,9790,0,182,0,5,0,8,0,12,0,3,0,0,0,0,0,0,0
29300,9788,0,185,0,7,0,12,0,6,0,2,0,0,0,0,0,0,0
29400,9791,0,184,0,1,0,14,0,7,0,3,0,0,0,0,0,0,0
29500,9775,0,189,0,14,0,13,0,5,0,4,0,0,0,0,0,0,0
29600,9779,0,177,0,22,0,14,0,5,0,3,0,0,0,0,0,0,0
29700,9771,0,188,0,23,0,13,0,4,0,1,0,0,0,0,0,0,0
29800,9766,0,188,0,20,0,12,0,9,0,5,0,0,0,0,0,0,0
29900,9768,0,187,0,20,0,17,0,6,0,2,0,0,0,0,0,0,0
30000,9767,0,188,0,19,0,13,0,11,0,2,0,0,0,0,0,0,0
30100,9786,0,172,0,20,0,11,0,6,0,5,0,0,0,0,0,0,0
30200,9781,0,179,0,19,0,11,0,8,0,2,0,0,0,0,0,0,0
30300,9748,0,215,0,19,0,10,0,6,0,2,0,0,0,0,0,0,0
30400,9745,0,217,0,22,0,9,0,7,0,0,0,0,0,0,0,0,0
30500,9735,0,225,0,25,0,9,0,5,0,1,0,0,0,0,0,0,0
30600,9762,0,203,0,19,0,11,0,3,0,2,0,0,0,0,0,0,0
30700,9809,0,149,0,21,0,12,0,7,0,2,0,0,0,0,0,0,0
30800,9806,0,156,0,22,0,7,0,6,0,3,0,0,0,0,0,0,0
30900,9802,0,153,0,23,0,10,0,10,0,2,0,0,0,0,0,0,0
31000,9809,0,152,0,21,0,12,0,4,0,2,0,0,0,0,0,0,0
31100,9836,0,120,0,20,0,9,0,10,0,5,0,0,0,0,0,0,0
31200,9862,0,98,0,19,0,14,0,7,0,0,0,0,0,0,0,0,0
31300,9862,0,102,0,21,0,10,0,5,0,0,0,0,0,0,0,0,0
31400,9847,0,115,0,23,0,9,0,4,0,2,0,0,0,0,0,0,0
31500,9833,0,126,0,21,0,9,0,10,0,1,0,0,0,0,0,0,0
31600,9838,0,122,0,19,0,13,0,5,0,3,0,0,0,0,0,0,0
31700,9838,0,132,0,20,0,5,0,3,0,2,0,0,0,0,0,0,0
31800,9829,0,142,0,20,0,7,0,2,0,0,0,0,0,0,0,0,0
31900,9825,0,133,0,21,0,12,0,6,0,2,0,0,0,1,0,0,0
32000,9830,0,133,0,22,0,7,0,7,0,1,0,0,0,0,0,0,0
32100,9848,0,109,0,20,0,13,0,5,0,5,0,0,0,0,0,0,0
32200,9869,0,99,0,16,0,11,0,3,0,2,0,0,0,0,0,0,0
32300,9858,0,103,0,20,0,12,0,7,0,0,0,0,0,0,0,0,0
32400,9863,0,102,0,19,0,11,0,5,0,0,0,0,0,0,0,0,0
32500,9868,0,97,0,21,0,9,0,4,0,1,0,0,0,0,0,0,0
32600,9832,0,129,0,22,0,10,0,4,0,2,0,1,0,0,0,0,0
32700,9838,0,130,0,19,0,9,0,3,0,1,0,0,0,0,0,0,0
32800,9842,0,122,0,20,0,10,0,6,0,0,0,0,0,0,0,0,0
32900,9846,0,121,0,20,0,8,0,5,0,0,0,0,0,0,0,0,0
33000,9856,0,122,0,6,0,9,0,4,0,3,0,0,0,0,0,0,0
33100,9866,0,116,0,4,0,10,0,4,0,0,0,0,0,0,0,0,0
33200,9877,0,111,0,3,0,5,0,4,0,0,0,0,0,0,0,0,0
33300,9847,0,140,0,5,0,4,0,3,0,1,0,0,0,0,0,0,0
33400,9840,0,145,0,1,0,9,0,3,0,2,0,0,0,0,0,0,0
33500,9826,0,152,0,4,0,12,0,2,0,4,0,0,0,0,0,0,0
33600,9825,0,152,0,4,0,16,0,1,0,2,0,0,0,0,0,0,0
33700,9837,0,150,0,0,0,10,0,2,0,1,0,0,0,0,0,0,0
33800,9823,0,159,0,2,0,9,0,6,0,1,0,0,0,0,0,0,0
33900,9810,0,170,0,8,0,8,0,3,0,1,0,0,0,0,0,0,0
34000,9818,0,163,0,5,0,6,0,7,0,1,0,0,0,0,0,0,0
34100,9823,0,154,0,5,0,14,0,2,0,2,0,0,0,0,0,0,0
34200,9830,0,150,0,2,0,12,0,4,0,2,0,0,0,0,0,0,0
34300,9838,0,144,0,3,0,10,0,3,0,2,0,0,0,0,0,0,0
34400,9839,0,138,0,1,0,17,0,4,0,1,0,0,0,0,0,0,0
34500,9845,0,138,0,1,0,11,0,3,0,2,0,0,0,0,0,0,0
34600,9825,0,154,0,2,0,16,0,3,0,0,0,0,0,0,0,0,0
34700,9844,0,137,0,3,0,15,0,1,0,0,0,0,0,0,0,0,0
34800,9866,0,112,0,6,0,12,0,2,0,2,0,0,0,0,0,0,0
34900,9873,0,113,0,2,0,11,0,1,0,0,0,0,0,0,0,0,0
35000,9863,0,111,0,6,0,14,0,4,0,2,0,0,0,0,0,0,0
35100,9862,0,113,0,1,0,19,0,4,0,1,0,0,0,0,0,0,0
35200,9868,0,117,0,2,0,10,0,2,0,1,0,0,0,0,0,0,0
35300,9859,0,117,0,2,0,18,0,4,0,0,0,0,0,0,0,0,0
35400,9868,0,115,0,0,0,9,0,4,0,4,0,0,0,0,0,0,0
35500,9878,0,98,0,0,0,18,0,2,0,4,0,0,0,0,0,0,0
35600,9880,0,94,0,6,0,12,0,6,0,2,0,0,0,0,0,0,0
35700,9881,0,93,0,1,0,20,0,4,0,1,0,0,0,0,0,0,0
35800,9877,0,98,0,5,0,15,0,2,0,3,0,0,0,0,0,0,0
35900,9887,0,99,0,0,0,11,0,0,0,2,0,1,0,0,0,0,0
36000,9882,0,95,0,3,0,13,0,4,0,3,0,0,0,0,0,0,0
36100,9885,0,97,0,3,0,9,0,4,0,2,0,0,0,0,0,0,0
36200,9884,0,96,0,2,0,14,0,3,0,1,0,0,0,0,0,0,0
36300,9901,0,84,0,1,0,13,0,0,0,1,0,0,0,0,0,0,0
36400,9904,0,79,0,1,0,13,0,1,0,2,0,0,0,0,0,0,0
36500,9904,0,74,0,4,0,8,0,9,0,1,0,0,0,0,0,0,0
36600,9890,0,75,0,1,0,30,0,2,0,2,0,0,0,0,0,0,0
36700,9900,0,72,0,5,0,15,0,4,0,4,0,0,0,0,0,0,0
36800,9900,0,77,0,1,0,16,0,3,0,3,0,0,0,0,0,0,0
36900,9910,0,69,0,4,0,14,0,1,0,2,0,0,0,0,0,0,0
37000,9901,0,77,0,2,0,15,0,5,0,0,0,0,0,0,0,0,0
37100,9891,0,77,0,1,0,25,0,2,0,4,0,0,0,0,0,0,0
37200,9869,0,101,0,1,0,20,0,4,0,5,0,0,0,0,0,0,0
37300,9881,0,95,0,1,0,17,0,6,0,0,0,0,0,0,0,0,0
37400,9878,0,95,0,1,0,17,0,6,0,3,0,0,0,0,0,0,0
37500,9881,0,94,0,2,0,18,0,4,0,1,0,0,0,0,0,0,0
37600,9878,0,89,0,6,0,19,0,4,0,4,0,0,0,0,0,0,0
37700,9881,0,97,0,2,0,16,0,2,0,2,0,0,0,0,0,0,0
37800,9874,0,91,0,1,0,30,0,3,0,1,0,0,0,0,0,0,0
37900,9877,0,97,0,2,0,19,0,2,0,3,0,0,0,0,0,0,0
38000,9850,0,127,0,1,0,14,0,3,0,5,0,0,0,0,0,0,0
38100,9836,0,134,0,3,0,24,0,2,0,1,0,0,0,0,0,0,0
38200,9856,0,118,0,1,0,18,0,1,0,6,0,0,0,0,0,0,0
38300,9857,0,111,0,1,0,26,0,2,0,3,0,0,0,0,0,0,0
38400,9863,0,113,0,1,0,18,0,5,0,0,0,0,0,0,0,0,0
38500,9858,0,114,0,1,0,25,0,1,0,1,0,0,0,0,0,0,0
38600,9866,0,111,0,1,0,21,0,1,0,0,0,0,0,0,0,0,0
38700,9859,0,112,0,1,0,25,0,2,0,1,0,0,0,0,0,0,0
38800,9861,0,115,0,0,0,19,0,1,0,4,0,0,0,0,0,0,0
38900,9873,0,109,0,0,0,14,0,3,0,1,0,0,0,0,0,0,0
39000,9866,0,104,0,0,0,25,0,4,0,1,0,0,0,0,0,0,0
39100,9884,0,98,0,1,0,15,0,1,0,1,0,0,0,0,0,0,0
39200,9887,0,84,0,2,0,23,0,3,0,1,0,0,0,0,0,0,0
39300,9893,0,81,0,5,0,18,0,3,0,0,0,0,0,0,0,0,0
39400,9881,0,88,0,3,0,25,0,3,0,0,0,0,0,0,0,0,0
39500,9885,0,93,0,2,0,15,0,4,0,1,0,0,0,0,0,0,0
39600,9898,0,80,0,1,0,18,0,1,0,2,0,0,0,0,0,0,0
39700,9912,0,65,0,5,0,12,0,3,0,2,0,1,0,0,0,0,0
39800,9908,0,62,0,2,0,21,0,5,0,2,0,0,0,0,0,0,0
39900,9903,0,64,0,2,0,25,0,4,0,2,0,0,0,0,0,0,0
40000,9914,0,63,0,4,0,15,0,3,0,0,0,0,0,0,0,1,0
40100,9915,0,61,0,1,0,21,0,0,0,2,0,0,0,0,0,0,0
40200,9909,0,66,0,1,0,17,0,3,0,4,0,0,0,0,0,0,0
40300,9915,0,62,0,3,0,13,0,5,0,2,0,0,0,0,0,0,0
40400,9915,0,61,0,5,0,9,0,8,0,2,0,0,0,0,0,0,0
40500,9920,0,61,0,4,0,12,0,2,0,1,0,0,0,0,0,0,0
40600,9912,0,72,0,4,0,10,0,2,0,0,0,0,0,0,0,0,0
40700,9896,0,86,0,3,0,10,0,4,0,1,0,0,0,0,0,0,0
40800,9929,0,53,0,3,0,11,0,3,0,1,0,0,0,0,0,0,0
40900,9949,0,34,0,1,0,12,0,2,0,1,0,1,0,0,0,0,0
41000,9949,0,29,0,3,0,12,0,5,0,2,0,0,0,0,0,0,0
41100,9948,0,35,0,0,0,13,0,3,0,1,0,0,0,0,0,0,0
41200,9944,0,32,0,1,0,16,0,5,0,2,0,0,0,0,0,0,0
41300,9948,0,32,0,3,0,13,0,3,0,1,0,0,0,0,0,0,0
41400,9950,0,34,0,1,0,13,0,2,0,0,0,0,0,0,0,0,0
41500,9935,0,36,0,2,0,21,0,5,0,1,0,0,0,0,0,0,0
41600,9940,0,41,0,2,0,12,0,4,0,1,0,0,0,0,0,0,0
41700,9946,0,36,0,4,0,12,0,2,0,0,0,0,0,0,0,0,0
41800,9949,0,36,0,2,0,11,0,1,0,1,0,0,0,0,0,0,0
41900,9937,0,44,0,1,0,15,0,0,0,3,0,0,0,0,0,0,0
42000,9935,0,39,0,7,0,15,0,3,0,1,0,0,0,0,0,0,0
42100,9947,0,36,0,3,0,11,0,2,0,1,0,0,0,0,0,0,0
42200,9948,0,37,0,3,0,9,0,1,0,2,0,0,0,0,0,0,0
42300,9937,0,39,0,3,0,14,0,4,0,3,0,0,0,0,0,0,0
42400,9947,0,37,0,1,0,11,0,2,0,2,0,0,0,0,0,0,0
42500,9933,0,41,0,7,0,13,0,6,0,0,0,0,0,0,0,0,0
42600,9962,0,18,0,1,0,15,0,3,0,1,0,0,0,0,0,0,0
42700,9976,0,0,0,4,0,15,0,5,0,0,0,0,0,0,0,0,0
42800,9979,0,4,0,1,0,14,0,2,0,0,0,0,0,0,0,0,0
42900,9971,0,14,0,3,0,10,0,2,0,0,0,0,0,0,0,0,0
43000,9935,0,40,0,4,0,19,0,2,0,0,0,0,0,0,0,0,0
43100,9936,0,44,0,0,0,15,0,4,0,1,0,0,0,0,0,0,0
43200,9922,0,59,0,0,0,15,0,2,0,2,0,0,0,0,0,0,0
43300,9910,0,67,0,3,0,14,0,5,0,1,0,0,0,0,0,0,0
43400,9920,0,62,0,3,0,11,0,4,0,0,0,0,0,0,0,0,0
43500,9931,0,52,0,1,0,11,0,3,0,2,0,0,0,0,0,0,0
43600,9933,0,52,0,2,0,13,0,0,0,0,0,0,0,0,0,0,0
43700,9924,0,49,0,1,0,16,0,9,0,1,0,0,0,0,0,0,0
43800,9932,0,47,0,3,0,10,0,5,0,3,0,0,0,0,0,0,0
43900,9939,0,44,0,0,0,12,0,5,0,0,0,0,0,0,0,0,0
44000,9940,0,40,0,0,0,16,0,3,0,1,0,0,0,0,0,0,0
44100,9945,0,39,0,2,0,12,0,1,0,1,0,0,0,0,0,0,0
44200,9935,0,42,0,3,0,13,0,5,0,2,0,0,0,0,0,0,0
44300,9943,0,40,0,0,0,15,0,0,0,2,0,0,0,0,0,0,0
44400,9928,0,47,0,5,0,18,0,1,0,1,0,0,0,0,0,0,0
44500,9934,0,49,0,2,0,11,0,3,0,1,0,0,0,0,0,0,0
44600,9930,0,50,0,4,0,10,0,5,0,1,0,0,0,0,0,0,0
44700,9939,0,48,0,0,0,9,0,4,0,0,0,0,0,0,0,0,0
44800,9943,0,41,0,0,0,14,0,1,0,1,0,0,0,0,0,0,0
44900,9968,0,13,0,0,0,18,0,1,0,0,0,0,0,0,0,0,0
45000,9959,0,13,0,5,0,16,0,5,0,2,0,0,0,0,0,0,0
45100,9959,0,13,0,7,0,18,0,3,0,0,0,0,0,0,0,0,0
45200,9971,0,14,0,2,0,10,0,3,0,0,0,0,0,0,0,0,0
45300,9931,0,48,0,2,0,17,0,2,0,0,0,0,0,0,0,0,0
45400,9915,0,65,0,2,0,15,0,2,0,1,0,0,0,0,0,0,0
45500,9973,0,12,0,4,0,11,0,0,0,0,0,0,0,0,0,0,0
45600,9971,0,12,0,2,0,11,0,3,0,1,0,0,0,0,0,0,0
45700,9980,0,12,0,1,0,5,0,1,0,1,0,0,0,0,0,0,0
45800,9974,0,16,0,1,0,0,0,7,0,2,0,0,0,0,0,0,0
45900,9969,0,22,0,3,0,0,0,5,0,1,0,0,0,0,0,0,0
46000,9971,0,27,0,1,0,0,0,1,0,0,0,0,0,0,0,0,0
46100,9967,0,23,0,2,0,0,0,4,0,4,0,0,0,0,0,0,0
46200,9965,0,22,0,2,0,1,0,8,0,2,0,0,0,0,0,0,0
46300,9968,0,19,0,3,0,4,0,4,0,1,0,1,0,0,0,0,0
46400,9970,0,19,0,2,0,4,0,4,0,1,0,0,0,0,0,0,0
46500,9971,0,20,0,3,0,3,0,3,0,0,0,0,0,0,0,0,0
46600,9974,0,21,0,2,0,0,0,2,0,1,0,0,0,0,0,0,0
46700,9971,0,20,0,3,0,0,0,5,0,1,0,0,0,0,0,0,0
46800,9972,0,22,0,4,0,0,0,1,0,1,0,0,0,0,0,0,0
46900,9970,0,20,0,1,0,0,0,7,0,2,0,0,0,0,0,0,0
47000,9975,0,21,0,2,0,0,0,0,0,2,0,0,0,0,0,0,0
47100,9971,0,22,0,1,0,2,0,4,0,0,0,0,0,0,0,0,0
47200,9975,0,19,0,2,0,1,0,3,0,0,0,0,0,0,0,0,0
47300,9970,0,22,0,2,0,3,0,2,0,0,0,1,0,0,0,0,0
47400,9965,0,21,0,3,0,5,0,4,0,2,0,0,0,0,0,0,0
47500,9970,0,20,0,3,0,2,0,2,0,2,0,1,0,0,0,0,0
47600,9975,0,21,0,1,0,1,0,2,0,0,0,0,0,0,0,0,0
47700,9964,0,22,0,4,0,1,0,6,0,3,0,0,0,0,0,0,0
47800,9971,0,23,0,0,0,0,0,5,0,1,0,0,0,0,0,0,0
47900,9959,0,29,0,1,0,5,0,4,0,2,0,0,0,0,0,0,0
48000,9958,0,27,0,3,0,5,0,2,0,5,0,0,0,0,0,0,0
48100,9965,0,26,0,3,0,2,0,3,0,1,0,0,0,0,0,0,0
48200,9966,0,25,0,4,0,2,0,0,0,3,0,0,0,0,0,0,0
48300,9955,0,33,0,7,0,2,0,2,0,1,0,0,0,0,0,0,0
48400,9963,0,25,0,6,0,1,0,3,0,2,0,0,0,0,0,0,0
48500,9950,0,37,0,6,0,2,0,1,0,4,0,0,0,0,0,0,0
48600,9959,0,28,0,10,0,2,0,1,0,0,0,0,0,0,0,0,0
48700,9957,0,28,0,7,0,3,0,4,0,1,0,0,0,0,0,0,0
48800,9964,0,26,0,6,0,1,0,2,0,1,0,0,0,0,0,0,0
48900,9957,0,35,0,3,0,1,0,2,0,2,0,0,0,0,0,0,0
49000,9954,0,36,0,6,0,0,0,2,0,2,0,0,0,0,0,0,0
49100,9947,0,38,0,5,0,7,0,2,0,1,0,0,0,0,0,0,0
49200,9949,0,38,0,8,0,0,0,4,0,1,0,0,0,0,0,0,0
49300,9953,0,38,0,2,0,0,0,6,0,1,0,0,0,0,0,0,0
49400,9943,0,46,0,8,0,0,0,1,0,2,0,0,0,0,0,0,0
49500,9950,0,40,0,4,0,0,0,4,0,2,0,0,0,0,0,0,0
49600,9950,0,37,0,7,0,2,0,3,0,1,0,0,0,0,0,0,0
49700,9947,0,40,0,5,0,2,0,3,0,3,0,0,0,0,0,0,0
49800,9953,0,37,0,7,0,0,0,2,0,1,0,0,0,0,0,0,0
49900,9941,0,46,0,7,0,0,0,3,0,3,0,0,0,0,0,0,0
50000,9948,0,41,0,10,0,0,0,0,0,1,0,0,0,0,0,0,0
50100,9980,0,11,0,7,0,2,0,0,0,0,0,0,0,0,0,0,0
50200,9972,0,16,0,9,0,1,0,0,0,2,0,0,0,0,0,0,0
50300,9983,0,11,0,4,0,1,0,0,0,1,0,0,0,0,0,0,0
50400,9976,0,13,0,4,0,1,0,4,0,2,0,0,0,0,0,0,0
50500,9978,0,12,0,4,0,0,0,6,0,0,0,0,0,0,0,0,0
50600,9983,0,9,0,5,0,1,0,2,0,0,0,0,0,0,0,0,0
50700,9985,0,6,0,5,0,1,0,2,0,0,0,1,0,0,0,0,0
50800,9983,0,6,0,7,0,1,0,3,0,0,0,0,0,0,0,0,0
50900,9973,0,20,0,3,0,0,0,3,0,1,0,0,0,0,0,0,0
51000,9965,0,27,0,2,0,1,0,4,0,1,0,0,0,0,0,0,0
51100,9965,0,26,0,1,0,2,0,3,0,3,0,0,0,0,0,0,0
51200,9970,0,24,0,1,0,1,0,2,0,2,0,0,0,0,0,0,0
51300,9969,0,24,0,1,0,1,0,4,0,1,0,0,0,0,0,0,0
51400,9966,0,23,0,6,0,3,0,2,0,0,0,0,0,0,0,0,0
51500,9969,0,21,0,7,0,1,0,2,0,0,0,0,0,0,0,0,0
51600,9964,0,19,0,8,0,3,0,4,0,2,0,0,0,0,0,0,0
51700,9969,0,20,0,6,0,0,0,5,0,0,0,0,0,0,0,0,0
51800,9963,0,22,0,7,0,4,0,2,0,2,0,0,0,0,0,0,0
51900,9971,0,16,0,6,0,3,0,4,0,0,0,0,0,0,0,0,0
52000,9963,0,19,0,8,0,3,0,5,0,2,0,0,0,0,0,0,0
52100,9972,0,20,0,5,0,1,0,2,0,0,0,0,0,0,0,0,0
52200,9981,0,19,0,0,0,0,0,0,0,0,0,0,0,0,0,0,0
52300,9967,0,23,0,4,0,5,0,0,0,1,0,0,0,0,0,0,0
52400,9975,0,18,0,2,0,3,0,1,0,1,0,0,0,0,0,0,0
52500,9974,0,22,0,1,0,3,0,0,0,0,0,0,0,0,0,0,0
52600,9977,0,15,0,2,0,4,0,2,0,0,0,0,0,0,0,0,0
52700,9976,0,20,0,1,0,2,0,0,0,1,0,0,0,0,0,0,0
52800,9976,0,17,0,2,0,3,0,1,0,1,0,0,0,0,0,0,0
52900,9976,0,18,0,1,0,0,0,2,0,3,0,0,0,0,0,0,0
53000,9975,0,19,0,2,0,1,0,2,0,1,0,0,0,0,0,0,0
53100,9972,0,23,0,2,0,0,0,3,0,0,0,0,0,0,0,0,0
53200,9973,0,19,0,4,0,2,0,2,0,0,0,0,0,0,0,0,0
53300,9979,0,17,0,3,0,0,0,1,0,0,0,0,0,0,0,0,0
53400,9975,0,17,0,2,0,1,0,5,0,0,0,0,0,0,0,0,0
53500,9975,0,18,0,5,0,1,0,0,0,1,0,0,0,0,0,0,0
53600,9977,0,20,0,0,0,1,0,0,0,1,0,1,0,0,0,0,0
53700,9973,0,22,0,2,0,1,0,2,0,0,0,0,0,0,0,0,0
53800,9971,0,26,0,2,0,1,0,0,0,0,0,0,0,0,0,0,0
53900,9966,0,22,0,3,0,5,0,3,0,1,0,0,0,0,0,0,0
54000,9957,0,31,0,1,0,4,0,7,0,0,0,0,0,0,0,0,0
54100,9962,0,35,0,0,0,0,0,2,0,1,0,0,0,0,0,0,0
54200,9964,0,31,0,1,0,1,0,1,0,2,0,0,0,0,0,0,0
54300,9944,0,32,0,2,0,1,0,21,0,0,0,0,0,0,0,0,0
54400,9943,0,34,0,1,0,0,0,21,0,1,0,0,0,0,0,0,0
54500,9942,0,32,0,3,0,1,0,22,0,0,0,0,0,0,0,0,0
54600,9944,0,34,0,0,0,2,0,20,0,0,0,0,0,0,0,0,0
54700,9946,0,30,0,2,0,0,0,22,0,0,0,0,0,0,0,0,0
54800,9947,0,27,0,2,0,2,0,22,0,0,0,0,0,0,0,0,0
54900,9948,0,27,0,1,0,1,0,23,0,0,0,0,0,0,0,0,0
55000,9946,0,28,0,2,0,2,0,20,0,2,0,0,0,0,0,0,0
55100,9952,0,27,0,0,0,1,0,19,0,1,0,0,0,0,0,0,0
55200,9943,0,29,0,4,0,4,0,20,0,0,0,0,0,0,0,0,0
55300,9947,0,27,0,2,0,3,0,20,0,1,0,0,0,0,0,0,0
55400,9962,0,27,0,1,0,1,0,7,0,2,0,0,0,0,0,0,0
55500,9970,0,26,0,2,0,0,0,1,0,1,0,0,0,0,0,0,0
55600,9969,0,26,0,1,0,0,0,4,0,0,0,0,0,0,0,0,0
55700,9957,0,29,0,3,0,2,0,7,0,2,0,0,0,0,0,0,0
55800,9972,0,26,0,1,0,1,0,0,0,0,0,0,0,0,0,0,0
55900,9967,0,29,0,1,0,1,0,1,0,1,0,0,0,0,0,0,0
56000,9967,0,27,0,0,0,0,0,4,0,2,0,0,0,0,0,0,0
56100,9970,0,26,0,0,0,1,0,2,0,1,0,0,0,0,0,0,0
56200,9965,0,30,0,4,0,0,0,0,0,1,0,0,0,0,0,0,0
56300,9965,0,32,0,0,0,1,0,1,0,1,0,0,0,0,0,0,0
56400,9967,0,28,0,0,0,2,0,2,0,1,0,0,0,0,0,0,0
56500,9966,0,29,0,1,0,1,0,1,0,2,0,0,0,0,0,0,0
56600,9957,0,33,0,1,0,4,0,5,0,0,0,0,0,0,0,0,0
56700,9957,0,32,0,3,0,6,0,1,0,1,0,0,0,0,0,0,0
56800,9961,0,32,0,0,0,3,0,2,0,2,0,0,0,0,0,0,0
56900,9960,0,32,0,0,0,3,0,3,0,2,0,0,0,0,0,0,0
57000,9956,0,32,0,6,0,4,0,2,0,0,0,0,0,0,0,0,0
57100,9961,0,34,0,1,0,1,0,1,0,2,0,0,0,0,0,0,0
57200,9961,0,33,0,1,0,0,0,3,0,2,0,0,0,0,0,0,0
57300,9959,0,38,0,0,0,1,0,2,0,0,0,0,0,0,0,0,0
57400,9958,0,34,0,1,0,3,0,4,0,0,0,0,0,0,0,0,0
57500,9960,0,35,0,0,0,0,0,5,0,0,0,0,0,0,0,0,0
57600,9965,0,30,0,0,0,0,0,3,0,2,0,0,0,0,0,0,0
57700,9969,0,22,0,1,0,4,0,3,0,1,0,0,0,0,0,0,0
57800,9974,0,24,0,0,0,0,0,1,0,1,0,0,0,0,0,0,0
57900,9974,0,19,0,3,0,0,0,3,0,1,0,0,0,0,0,0,0
58000,9975,0,18,0,2,0,2,0,2,0,1,0,0,0,0,0,0,0
58100,9972,0,20,0,4,0,2,0,1,0,1,0,0,0,0,0,0,0
58200,9976,0,17,0,1,0,3,0,3,0,0,0,0,0,0,0,0,0
58300,9965,0,22,0,4,0,6,0,2,0,1,0,0,0,0,0,0,0
58400,9971,0,19,0,3,0,1,0,4,0,2,0,0,0,0,0,0,0
58500,9972,0,16,0,4,0,1,0,6,0,1,0,0,0,0,0,0,0
58600,9978,0,16,0,2,0,2,0,2,0,0,0,0,0,0,0,0,0
58700,9978,0,18,0,2,0,0,0,2,0,0,0,0,0,0,0,0,0
58800,9980,0,18,0,0,0,0,0,2,0,0,0,0,0,0,0,0,0
58900,9976,0,17,0,1,0,1,0,5,0,0,0,0,0,0,0,0,0
59000,9974,0,19,0,3,0,2,0,2,0,0,0,0,0,0,0,0,0
59100,9977,0,15,0,4,0,0,0,3,0,1,0,0,0,0,0,0,0
59200,9983,0,17,0,0,0,0,0,0,0,0,0,0,0,0,0,0,0
59300,9974,0,22,0,1,0,2,0,1,0,0,0,0,0,0,0,0,0
59400,9974,0,22,0,0,0,2,0,0,0,2,0,0,0,0,0,0,0
59500,9975,0,16,0,3,0,1,0,2,0,3,0,0,0,0,0,0,0
59600,9974,0,20,0,1,0,1,0,4,0,0,0,0,0,0,0,0,0
59700,9980,0,16,0,0,0,1,0,2,0,1,0,0,0,0,0,0,0
59800,9977,0,16,0,2,0,1,0,4,0,0,0,0,0,0,0,0,0
59900,9974,0,23,0,1,0,1,0,1,0,0,0,0,0,0,0,0,0
60000,9974,0,16,0,1,0,3,0,5,0,1,0,0,0,0,0,0,0
60100,9970,0,20,0,1,0,4,0,3,0,2,0,0,0,0,0,0,0
60200,9977,0,19,0,1,0,0,0,1,0,2,0,0,0,0,0,0,0
60300,9979,0,18,0,0,0,1,0,2,0,0,0,0,0,0,0,0,0
60400,9975,0,20,0,0,0,5,0,0,0,0,0,0,0,0,0,0,0
60500,9979,0,17,0,1,0,2,0,1,0,0,0,0,0,0,0,0,0
60600,9976,0,16,0,3,0,0,0,4,0,1,0,0,0,0,0,0,0
60700,9971,0,19,0,2,0,2,0,5,0,1,0,0,0,0,0,0,0
60800,9982,0,16,0,1,0,0,0,1,0,0,0,0,0,0,0,0,0
60900,9980,0,16,0,2,0,0,0,2,0,0,0,0,0,0,0,0,0
61000,9981,0,14,0,1,0,1,0,3,0,0,0,0,0,0,0,0,0
61100,9978,0,14,0,3,0,1,0,2,0,2,0,0,0,0,0,0,0
61200,9983,0,14,0,1,0,1,0,1,0,0,0,0,0,0,0,0,0
61300,9981,0,13,0,3,0,0,0,2,0,1,0,0,0,0,0,0,0
61400,9981,0,17,0,0,0,1,0,0,0,1,0,0,0,0,0,0,0
61500,9987,0,13,0,0,0,0,0,0,0,0,0,0,0,0,0,0,0
61600,9982,0,13,0,2,0,0,0,2,0,1,0,0,0,0,0,0,0
61700,9984,0,14,0,0,0,0,0,2,0,0,0,0,0,0,0,0,0
61800,9992,0,3,0,3,0,1,0,0,0,1,0,0,0,0,0,0,0
61900,9995,0,0,0,2,0,1,0,1,0,1,0,0,0,0,0,0,0
62000,9996,0,0,0,2,0,0,0,2,0,0,0,0,0,0,0,0,0
62100,9997,0,0,0,1,0,0,0,2,0,0,0,0,0,0,0,0,0
62200,9991,0,0,0,2,0,2,0,4,0,1,0,0,0,0,0,0,0
62300,9993,0,1,0,1,0,1,0,4,0,0,0,0,0,0,0,0,0
62400,9986,0,3,0,1,0,6,0,4,0,0,0,0,0,0,0,0,0
62500,9990,0,0,0,2,0,6,0,1,0,1,0,0,0,0,0,0,0
62600,9987,0,0,0,3,0,6,0,4,0,0,0,0,0,0,0,0,0
62700,9991,0,0,0,3,0,3,0,3,0,0,0,0,0,0,0,0,0
62800,9985,0,1,0,4,0,8,0,2,0,0,0,0,0,0,0,0,0
62900,9987,0,0,0,3,0,7,0,2,0,1,0,0,0,0,0,0,0
63000,9987,0,0,0,1,0,8,0,2,0,2,0,0,0,0,0,0,0
63100,9984,0,0,0,2,0,9,0,2,0,3,0,0,0,0,0,0,0
63200,9984,0,0,0,2,0,12,0,2,0,0,0,0,0,0,0,0,0
63300,9983,0,1,0,4,0,9,0,3,0,0,0,0,0,0,0,0,0
63400,9984,0,0,0,2,0,10,0,4,0,0,0,0,0,0,0,0,0
63500,9985,0,0,0,2,0,7,0,6,0,0,0,0,0,0,0,0,0
63600,9983,0,2,0,2,0,8,0,3,0,2,0,0,0,0,0,0,0
63700,9985,0,1,0,4,0,8,0,1,0,1,0,0,0,0,0,0,0
63800,9990,0,5,0,4,0,1,0,0,0,0,0,0,0,0,0,0,0
63900,9992,0,3,0,2,0,1,0,1,0,1,0,0,0,0,0,0,0
64000,9985,0,1,0,2,0,8,0,3,0,1,0,0,0,0,0,0,0
64100,9981,0,2,0,0,0,13,0,3,0,1,0,0,0,0,0,0,0
64200,9984,0,4,0,1,0,9,0,2,0,0,0,0,0,0,0,0,0
64300,9983,0,2,0,2,0,9,0,4,0,0,0,0,0,0,0,0,0
64400,9986,0,2,0,2,0,9,0,1,0,0,0,0,0,0,0,0,0
64500,9986,0,6,0,1,0,4,0,3,0,0,0,0,0,0,0,0,0
64600,9986,0,9,0,0,0,5,0,0,0,0,0,0,0,0,0,0,0
64700,9981,0,7,0,2,0,7,0,2,0,0,0,1,0,0,0,0,0
64800,9980,0,9,0,3,0,6,0,1,0,1,0,0,0,0,0,0,0
64900,9981,0,6,0,2,0,7,0,2,0,2,0,0,0,0,0,0,0
65000,9992,0,1,0,0,0,3,0,1,0,3,0,0,0,0,0,0,0
65100,9994,0,0,0,1,0,3,0,1,0,1,0,0,0,0,0,0,0
65200,9991,0,0,0,2,0,7,0,0,0,0,0,0,0,0,0,0,0
65300,9988,0,0,0,1,0,6,0,3,0,2,0,0,0,0,0,0,0
65400,9992,0,0,0,1,0,7,0,0,0,0,0,0,0,0,0,0,0
65500,9989,0,0,0,1,0,6,0,4,0,0,0,0,0,0,0,0,0
65600,9986,0,3,0,1,0,9,0,1,0,0,0,0,0,0,0,0,0
65700,9981,0,0,0,5,0,10,0,3,0,1,0,0,0,0,0,0,0
65800,9975,0,3,0,2,0,12,0,5,0,3,0,0,0,0,0,0,0
65900,9991,0,1,0,0,0,8,0,0,0,0,0,0,0,0,0,0,0
66000,9978,0,3,0,0,0,10,0,9,0,0,0,0,0,0,0,0,0
66100,9983,0,4,0,3,0,7,0,3,0,0,0,0,0,0,0,0,0
66200,9983,0,3,0,4,0,8,0,1,0,1,0,0,0,0,0,0,0
66300,9984,0,4,0,1,0,8,0,1,0,2,0,0,0,0,0,0,0
66400,9989,0,3,0,2,0,6,0,0,0,0,0,0,0,0,0,0,0
66500,9987,0,5,0,0,0,7,0,1,0,0,0,0,0,0,0,0,0
66600,9977,0,13,0,0,0,7,0,1,0,2,0,0,0,0,0,0,0
66700,9977,0,12,0,2,0,8,0,1,0,0,0,0,0,0,0,0,0
66800,9978,0,13,0,0,0,7,0,1,0,1,0,0,0,0,0,0,0
66900,9972,0,13,0,1,0,14,0,0,0,0,0,0,0,0,0,0,0
67000,9971,0,17,0,1,0,8,0,2,0,1,0,0,0,0,0,0,0
67100,9972,0,13,0,0,0,11,0,4,0,0,0,0,0,0,0,0,0
67200,9977,0,11,0,2,0,10,0,0,0,0,0,0,0,0,0,0,0
67300,9966,0,10,0,1,0,11,0,10,0,2,0,0,0,0,0,0,0
67400,9970,0,10,0,1,0,15,0,3,0,1,0,0,0,0,0,0,0
67500,9982,0,10,0,2,0,5,0,1,0,0,0,0,0,0,0,0,0
67600,9984,0,10,0,1,0,5,0,0,0,0,0,0,0,0,0,0,0
67700,9963,0,17,0,4,0,13,0,2,0,1,0,0,0,0,0,0,0
67800,9966,0,20,0,1,0,11,0,1,0,1,0,0,0,0,0,0,0
67900,9966,0,18,0,2,0,11,0,3,0,0,0,0,0,0,0,0,0
68000,9975,0,10,0,2,0,11,0,0,0,2,0,0,0,0,0,0,0
68100,9981,0,10,0,2,0,5,0,1,0,1,0,0,0,0,0,0,0
68200,9976,0,10,0,1,0,12,0,1,0,0,0,0,0,0,0,0,0
68300,9976,0,10,0,3,0,10,0,1,0,0,0,0,0,0,0,0,0
68400,9972,0,12,0,2,0,11,0,2,0,1,0,0,0,0,0,0,0
68500,9986,0,10,0,0,0,4,0,0,0,0,0,0,0,0,0,0,0
68600,9985,0,11,0,1,0,2,0,0,0,1,0,0,0,0,0,0,0
68700,9985,0,10,0,2,0,2,0,0,0,1,0,0,0,0,0,0,0
68800,9981,0,10,0,3,0,4,0,2,0,0,0,0,0,0,0,0,0
68900,9982,0,11,0,0,0,5,0,1,0,1,0,0,0,0,0,0,0
69000,9983,0,11,0,0,0,3,0,2,0,1,0,0,0,0,0,0,0
69100,9986,0,11,0,1,0,1,0,1,0,0,0,0,0,0,0,0,0
69200,9982,0,11,0,4,0,1,0,2,0,0,0,0,0,0,0,0,0
69300,9981,0,11,0,1,0,3,0,3,0,1,0,0,0,0,0,0,0
69400,9982,0,10,0,1,0,4,0,2,0,1,0,0,0,0,0,0,0
69500,9982,0,13,0,0,0,2,0,3,0,0,0,0,0,0,0,0,0
69600,9988,0,10,0,0,0,1,0,1,0,0,0,0,0,0,0,0,0
69700,9983,0,13,0,2,0,1,0,1,0,0,0,0,0,0,0,0,0
69800,9985,0,10,0,3,0,0,0,1,0,1,0,0,0,0,0,0,0
69900,9987,0,10,0,2,0,1,0,0,0,0,0,0,0,0,0,0,0
70000,9984,0,10,0,1,0,4,0,1,0,0,0,0,0,0,0,0,0
70100,9984,0,14,0,0,0,1,0,1,0,0,0,0,0,0,0,0,0
70200,9987,0,11,0,1,0,1,0,0,0,0,0,0,0,0,0,0,0
70300,9987,0,10,0,0,0,3,0,0,0,0,0,0,0,0,0,0,0
70400,9983,0,12,0,2,0,1,0,2,0,0,0,0,0,0,0,0,0
70500,9983,0,12,0,1,0,3,0,0,0,1,0,0,0,0,0,0,0
70600,9982,0,10,0,2,0,1,0,4,0,1,0,0,0,0,0,0,0
70700,9986,0,10,0,1,0,0,0,2,0,1,0,0,0,0,0,0,0
70800,9987,0,10,0,0,0,2,0,0,0,1,0,0,0,0,0,0,0
70900,9984,0,10,0,3,0,1,0,2,0,0,0,0,0,0,0,0,0
71000,9980,0,10,0,1,0,6,0,1,0,2,0,0,0,0,0,0,0
71100,9989,0,10,0,0,0,1,0,0,0,0,0,0,0,0,0,0,0
71200,9980,0,13,0,1,0,1,0,4,0,1,0,0,0,0,0,0,0
71300,9984,0,14,0,1,0,0,0,0,0,1,0,0,0,0,0,0,0
71400,9981,0,12,0,2,0,1,0,4,0,0,0,0,0,0,0,0,0
71500,9988,0,10,0,1,0,1,0,0,0,0,0,0,0,0,0,0,0
71600,9985,0,10,0,2,0,1,0,2,0,0,0,0,0,0,0,0,0
71700,9984,0,10,0,1,0,3,0,1,0,1,0,0,0,0,0,0,0
71800,9985,0,10,0,2,0,2,0,1,0,0,0,0,0,0,0,0,0
71900,9982,0,10,0,1,0,3,0,4,0,0,0,0,0,0,0,0,0
72000,9985,0,10,0,1,0,4,0,0,0,0,0,0,0,0,0,0,0
72100,9988,0,10,0,0,0,0,0,1,0,1,0,0,0,0,0,0,0
72200,9981,0,12,0,2,0,4,0,1,0,0,0,0,0,0,0,0,0
72300,9987,0,10,0,1,0,0,0,2,0,0,0,0,0,0,0,0,0
72400,9986,0,11,0,1,0,0,0,2,0,0,0,0,0,0,0,0,0
72500,9984,0,13,0,2,0,0,0,1,0,0,0,0,0,0,0,0,0
72600,9985,0,10,0,2,0,0,0,3,0,0,0,0,0,0,0,0,0
72700,9988,0,10,0,0,0,1,0,0,0,1,0,0,0,0,0,0,0
72800,9987,0,10,0,1,0,1,0,1,0,0,0,0,0,0,0,0,0
72900,9985,0,11,0,0,0,0,0,4,0,0,0,0,0,0,0,0,0
73000,9987,0,10,0,0,0,1,0,2,0,0,0,0,0,0,0,0,0
73100,9980,0,11,0,3,0,1,0,5,0,0,0,0,0,0,0,0,0
73200,9987,0,11,0,1,0,0,0,1,0,0,0,0,0,0,0,0,0
73300,9988,0,10,0,1,0,0,0,1,0,0,0,0,0,0,0,0,0
73400,9998,0,1,0,0,0,0,0,0,0,1,0,0,0,0,0,0,0
73500,9994,0,1,0,1,0,1,0,3,0,0,0,0,0,0,0,0,0
73600,9995,0,0,0,3,0,0,0,1,0,1,0,0,0,0,0,0,0
73700,9997,0,0,0,0,0,1,0,1,0,1,0,0,0,0,0,0,0
73800,9996,0,0,0,2,0,1,0,0,0,1,0,0,0,0,0,0,0
73900,9995,0,1,0,0,0,3,0,1,0,0,0,0,0,0,0,0,0
74000,9994,0,1,0,1,0,0,0,3,0,1,0,0,0,0,0,0,0
74100,9989,0,0,0,1,0,1,0,7,0,2,0,0,0,0,0,0,0
74200,9990,0,5,0,2,0,1,0,1,0,1,0,0,0,0,0,0,0
74300,9995,0,0,0,0,0,5,0,0,0,0,0,0,0,0,0,0,0
74400,9991,0,3,0,1,0,1,0,3,0,1,0,0,0,0,0,0,0
74500,9994,0,3,0,0,0,1,0,1,0,1,0,0,0,0,0,0,0
74600,9995,0,1,0,2,0,0,0,2,0,0,0,0,0,0,0,0,0
74700,9994,0,4,0,1,0,0,0,0,0,1,0,0,0,0,0,0,0
74800,9995,0,0,0,3,0,1,0,1,0,0,0,0,0,0,0,0,0
74900,9994,0,3,0,2,0,0,0,1,0,0,0,0,0,0,0,0,0
75000,9995,0,1,0,0,0,1,0,3,0,0,0,0,0,0,0,0,0
75100,9989,0,5,0,1,0,0,0,4,0,1,0,0,0,0,0,0,0
75200,9989,0,1,0,4,0,3,0,3,0,0,0,0,0,0,0,0,0
75300,9992,0,1,0,2,0,0,0,3,0,2,0,0,0,0,0,0,0
75400,9992,0,4,0,2,0,1,0,1,0,0,0,0,0,0,0,0,0
75500,9954,0,41,0,1,0,2,0,1,0,1,0,0,0,0,0,0,0
75600,9898,0,99,0,1,0,1,0,1,0,0,0,0,0,0,0,0,0
75700,9900,0,93,0,1,0,1,0,5,0,0,0,0,0,0,0,0,0
75800,9929,0,69,0,0,0,0,0,1,0,1,0,0,0,0,0,0,0
75900,9962,0,35,0,2,0,1,0,0,0,0,0,0,0,0,0,0,0
76000,9989,0,1,0,2,0,3,0,5,0,0,0,0,0,0,0,0,0
76100,9995,0,0,0,0,0,1,0,4,0,0,0,0,0,0,0,0,0
76200,9996,0,3,0,1,0,0,0,0,0,0,0,0,0,0,0,0,0
76300,10000,0,0,0,0,0,0,0,0,0,0,0,0,0,0,0,0,0
76400,9997,0,0,0,1,0,1,0,1,0,0,0,0,0,0,0,0,0
76500,9999,0,0,0,0,0,0,0,1,0,0,0,0,0,0,0,0,0
76600,9993,0,0,0,1,0,2,0,3,0,1,0,0,0,0,0,0,0
76700,9995,0,0,0,1,0,1,0,2,0,1,0,0,0,0,0,0,0
76800,9996,0,3,0,0,0,1,0,0,0,0,0,0,0,0,0,0,0
76900,9989,0,2,0,1,0,3,0,4,0,1,0,0,0,0,0,0,0
77000,9997,0,0,0,2,0,0,0,1,0,0,0,0,0,0,0,0,0
77100,9994,0,0,0,1,0,3,0,1,0,1,0,0,0,0,0,0,0
77200,9999,0,0,0,0,0,1,0,0,0,0,0,0,0,0,0,0,0
77300,9994,0,0,0,1,0,3,0,1,0,1,0,0,0,0,0,0,0
77400,9997,0,0,0,1,0,0,0,1,0,1,0,0,0,0,0,0,0
77500,9998,0,1,0,0,0,0,0,1,0,0,0,0,0,0,0,0,0
77600,9994,0,0,0,2,0,2,0,2,0,0,0,0,0,0,0,0,0
77700,9996,0,0,0,0,0,1,0,3,0,0,0,0,0,0,0,0,0
77800,9993,0,0,0,1,0,2,0,4,0,0,0,0,0,0,0,0,0
77900,9994,0,0,0,2,0,0,0,4,0,0,0,0,0,0,0,0,0
78000,9990,0,3,0,1,0,1,0,3,0,2,0,0,0,0,0,0,0
78100,9994,0,0,0,2,0,0,0,4,0,0,0,0,0,0,0,0,0
78200,9997,0,0,0,2,0,1,0,0,0,0,0,0,0,0,0,0,0
78300,9987,0,3,0,0,0,2,0,7,0,1,0,0,0,0,0,0,0
78400,9995,0,0,0,0,0,0,0,2,0,3,0,0,0,0,0,0,0
78500,9997,0,0,0,1,0,1,0,1,0,0,0,0,0,0,0,0,0
78600,9994,0,0,0,1,0,1,0,3,0,1,0,0,0,0,0,0,0
78700,9997,0,0,0,0,0,3,0,0,0,0,0,0,0,0,0,0,0
78800,9993,0,0,0,2,0,2,0,1,0,2,0,0,0,0,0,0,0
78900,9991,0,1,0,4,0,3,0,0,0,1,0,0,0,0,0,0,0
79000,9990,0,1,0,3,0,2,0,2,0,2,0,0,0,0,0,0,0
79100,9993,0,1,0,0,0,2,0,1,0,3,0,0,0,0,0,0,0
79200,9997,0,0,0,0,0,0,0,1,0,2,0,0,0,0,0,0,0
79300,9996,0,0,0,3,0,0,0,0,0,1,0,0,0,0,0,0,0
79400,9999,0,0,0,0,0,1,0,0,0,0,0,0,0,0,0,0,0
79500,9999,0,0,0,0,0,1,0,0,0,0,0,0,0,0,0,0,0
79600,9991,0,0,0,0,0,3,0,3,0,3,0,0,0,0,0,0,0
79700,9995,0,0,0,1,0,0,0,4,0,0,0,0,0,0,0,0,0
79800,9998,0,0,0,2,0,0,0,0,0,0,0,0,0,0,0,0,0
79900,9995,0,3,0,0,0,2,0,0,0,0,0,0,0,0,0,0,0
80000,9993,0,0,0,1,0,5,0,1,0,0,0,0,0,0,0,0,0
80100,9996,0,0,0,1,0,1,0,2,0,0,0,0,0,0,0,0,0
80200,9997,0,0,0,1,0,0,0,1,0,1,0,0,0,0,0,0,0
80300,9997,0,0,0,0,0,0,0,1,0,2,0,0,0,0,0,0,0
80400,9998,0,0,0,1,0,0,0,1,0,0,0,0,0,0,0,0,0
80500,9989,0,1,0,2,0,5,0,2,0,1,0,0,0,0,0,0,0
80600,9989,0,2,0,1,0,4,0,2,0,2,0,0,0,0,0,0,0
80700,9998,0,0,0,0,0,0,0,0,0,2,0,0,0,0,0,0,0
80800,9991,0,0,0,1,0,5,0,3,0,0,0,0,0,0,0,0,0
80900,9993,0,0,0,2,0,2,0,1,0,2,0,0,0,0,0,0,0
81000,9994,0,0,0,2,0,2,0,1,0,1,0,0,0,0,0,0,0
81100,9997,0,2,0,0,0,0,0,0,0,1,0,0,0,0,0,0,0
81200,9987,0,0,0,4,0,1,0,5,0,3,0,0,0,0,0,0,0
81300,9995,0,1,0,1,0,1,0,1,0,1,0,0,0,0,0,0,0
81400,9996,0,0,0,1,0,2,0,0,0,1,0,0,0,0,0,0,0
81500,9992,0,2,0,1,0,1,0,3,0,1,0,0,0,0,0,0,0
81600,9984,0,11,0,2,0,0,0,2,0,1,0,0,0,0,0,0,0
81700,9988,0,8,0,0,0,1,0,1,0,2,0,0,0,0,0,0,0
81800,9988,0,9,0,1,0,0,0,0,0,2,0,0,0,0,0,0,0
81900,9983,0,8,0,1,0,4,0,1,0,3,0,0,0,0,0,0,0
82000,9987,0,8,0,2,0,1,0,1,0,1,0,0,0,0,0,0,0
82100,9983,0,12,0,1,0,0,0,2,0,2,0,0,0,0,0,0,0
82200,9982,0,11,0,5,0,1,0,0,0,1,0,0,0,0,0,0,0
82300,9980,0,8,0,2,0,5,0,5,0,0,0,0,0,0,0,0,0
82400,9982,0,9,0,1,0,5,0,3,0,0,0,0,0,0,0,0,0
82500,9981,0,8,0,1,0,9,0,1,0,0,0,0,0,0,0,0,0
82600,9979,0,12,0,1,0,7,0,1,0,0,0,0,0,0,0,0,0
82700,9978,0,9,0,1,0,7,0,4,0,1,0,0,0,0,0,0,0
82800,9981,0,11,0,1,0,5,0,2,0,0,0,0,0,0,0,0,0
82900,9978,0,10,0,2,0,4,0,5,0,1,0,0,0,0,0,0,0
83000,9885,0,109,0,1,0,4,0,1,0,0,0,0,0,0,0,0,0
83100,9882,0,110,0,1,0,5,0,2,0,0,0,0,0,0,0,0,0
83200,9884,0,104,0,2,0,6,0,3,0,1,0,0,0,0,0,0,0
83300,9890,0,102,0,1,0,4,0,2,0,1,0,0,0,0,0,0,0
83400,9891,0,101,0,2,0,4,0,1,0,1,0,0,0,0,0,0,0
83500,9893,0,102,0,0,0,1,0,3,0,1,0,0,0,0,0,0,0
83600,9894,0,100,0,1,0,3,0,2,0,0,0,0,0,0,0,0,0
83700,9886,0,100,0,5,0,5,0,2,0,2,0,0,0,0,0,0,0
83800,9889,0,101,0,2,0,5,0,3,0,0,0,0,0,0,0,0,0
83900,9891,0,101,0,1,0,3,0,3,0,1,0,0,0,0,0,0,0
84000,9889,0,101,0,1,0,7,0,1,0,1,0,0,0,0,0,0,0
84100,9889,0,101,0,1,0,7,0,1,0,1,0,0,0,0,0,0,0
84200,9892,0,101,0,2,0,4,0,1,0,0,0,0,0,0,0,0,0
84300,9880,0,105,0,4,0,7,0,2,0,2,0,0,0,0,0,0,0
84400,9891,0,101,0,1,0,6,0,1,0,0,0,0,0,0,0,0,0
84500,9891,0,102,0,1,0,2,0,4,0,0,0,0,0,0,0,0,0
84600,9920,0,73,0,3,0,4,0,0,0,0,0,0,0,0,0,0,0
84700,9987,0,0,0,2,0,7,0,3,0,1,0,0,0,0,0,0,0
84800,9994,0,0,0,3,0,2,0,1,0,0,0,0,0,0,0,0,0
84900,9986,0,5,0,1,0,5,0,2,0,1,0,0,0,0,0,0,0
85000,9988,0,2,0,1,0,5,0,3,0,1,0,0,0,0,0,0,0
85100,9986,0,2,0,1,0,7,0,3,0,1,0,0,0,0,0,0,0
85200,9988,0,1,0,2,0,5,0,2,0,2,0,0,0,0,0,0,0
85300,9987,0,2,0,2,0,7,0,1,0,1,0,0,0,0,0,0,0
85400,9991,0,1,0,1,0,3,0,4,0,0,0,0,0,0,0,0,0
85500,9983,0,0,0,1,0,10,0,3,0,3,0,0,0,0,0,0,0
85600,9989,0,0,0,0,0,5,0,2,0,4,0,0,0,0,0,0,0
85700,9987,0,0,0,3,0,5,0,5,0,0,0,0,0,0,0,0,0
85800,9987,0,1,0,2,0,6,0,3,0,1,0,0,0,0,0,0,0
85900,9994,0,1,0,1,0,2,0,2,0,0,0,0,0,0,0,0,0
86000,9990,0,2,0,0,0,5,0,2,0,1,0,0,0,0,0,0,0
86100,9992,0,0,0,3,0,3,0,1,0,1,0,0,0,0,0,0,0
86200,9994,0,1,0,0,0,1,0,3,0,1,0,0,0,0,0,0,0
86300,9986,0,0,0,6,0,3,0,2,0,3,0,0,0,0,0,0,0
86400,9990,0,0,0,2,0,0,0,6,0,2,0,0,0,0,0,0,0
86500,9996,0,0,0,1,0,0,0,3,0,0,0,0,0,0,0,0,0
86600,9996,0,0,0,0,0,0,0,4,0,0,0,0,0,0,0,0,0
86700,9985,0,4,0,4,0,3,0,2,0,2,0,0,0,0,0,0,0
86800,9997,0,0,0,2,0,0,0,1,0,0,0,0,0,0,0,0,0
86900,9996,0,0,0,1,0,0,0,3,0,0,0,0,0,0,0,0,0
87000,9993,0,2,0,1,0,1,0,2,0,1,0,0,0,0,0,0,0
87100,9994,0,0,0,1,0,0,0,3,0,2,0,0,0,0,0,0,0
87200,9984,0,3,0,2,0,6,0,3,0,2,0,0,0,0,0,0,0
87300,9991,0,2,0,1,0,1,0,1,0,4,0,0,0,0,0,0,0
87400,9993,0,0,0,1,0,0,0,3,0,3,0,0,0,0,0,0,0
87500,9984,0,3,0,3,0,0,0,4,0,6,0,0,0,0,0,0,0
87600,9984,0,0,0,4,0,2,0,5,0,5,0,0,0,0,0,0,0
87700,9989,0,1,0,1,0,1,0,5,0,3,0,0,0,0,0,0,0
87800,9988,0,0,0,3,0,0,0,4,0,5,0,0,0,0,0,0,0
87900,9987,0,1,0,1,0,1,0,6,0,4,0,0,0,0,0,0,0
88000,9977,0,12,0,3,0,2,0,2,0,4,0,0,0,0,0,0,0
88100,9988,0,11,0,0,0,0,0,0,0,1,0,0,0,0,0,0,0
88200,9976,0,11,0,3,0,5,0,3,0,2,0,0,0,0,0,0,0
88300,9980,0,13,0,0,0,2,0,4,0,1,0,0,0,0,0,0,0
88400,9980,0,12,0,2,0,3,0,2,0,1,0,0,0,0,0,0,0
88500,9978,0,17,0,2,0,0,0,2,0,1,0,0,0,0,0,0,0
88600,9974,0,19,0,1,0,2,0,4,0,0,0,0,0,0,0,0,0
88700,9969,0,29,0,0,0,0,0,1,0,1,0,0,0,0,0,0,0
88800,9974,0,23,0,0,0,2,0,1,0,0,0,0,0,0,0,0,0
88900,9965,0,26,0,1,0,1,0,5,0,2,0,0,0,0,0,0,0
89000,9965,0,26,0,2,0,3,0,4,0,0,0,0,0,0,0,0,0
89100,9967,0,26,0,2,0,2,0,2,0,1,0,0,0,0,0,0,0
89200,9967,0,29,0,0,0,3,0,1,0,0,0,0,0,0,0,0,0
89300,9964,0,30,0,1,0,2,0,2,0,1,0,0,0,0,0,0,0
89400,9970,0,22,0,2,0,2,0,3,0,1,0,0,0,0,0,0,0
89500,9966,0,22,0,4,0,5,0,3,0,0,0,0,0,0,0,0,0
89600,9972,0,20,0,3,0,4,0,1,0,0,0,0,0,0,0,0,0
89700,9977,0,19,0,2,0,1,0,0,0,1,0,0,0,0,0,0,0
89800,9972,0,26,0,0,0,0,0,2,0,0,0,0,0,0,0,0,0
89900,9972,0,24,0,1,0,2,0,1,0,0,0,0,0,0,0,0,0
90000,9966,0,24,0,4,0,3,0,1,0,2,0,0,0,0,0,0,0
90100,9966,0,26,0,0,0,2,0,4,0,2,0,0,0,0,0,0,0
90200,9965,0,29,0,1,0,0,0,2,0,3,0,0,0,0,0,0,0
90300,9964,0,27,0,2,0,5,0,2,0,0,0,0,0,0,0,0,0
90400,9962,0,27,0,4,0,0,0,4,0,3,0,0,0,0,0,0,0
90500,9966,0,26,0,3,0,0,0,5,0,0,0,0,0,0,0,0,0
90600,9967,0,25,0,3,0,3,0,2,0,0,0,0,0,0,0,0,0
90700,9965,0,26,0,3,0,4,0,2,0,0,0,0,0,0,0,0,0
90800,9966,0,28,0,1,0,1,0,3,0,1,0,0,0,0,0,0,0
90900,9966,0,26,0,1,0,3,0,1,0,3,0,0,0,0,0,0,0
91000,9961,0,29,0,2,0,3,0,4,0,1,0,0,0,0,0,0,0
91100,9966,0,27,0,2,0,0,0,3,0,2,0,0,0,0,0,0,0
91200,9967,0,26,0,2,0,1,0,3,0,1,0,0,0,0,0,0,0
91300,9966,0,26,0,1,0,0,0,5,0,2,0,0,0,0,0,0,0
91400,9970,0,27,0,0,0,1,0,1,0,1,0,0,0,0,0,0,0
91500,9959,0,29,0,1,0,1,0,6,0,1,0,3,0,0,0,0,0
91600,9968,0,27,0,2,0,1,0,2,0,0,0,0,0,0,0,0,0
91700,9959,0,30,0,2,0,2,0,5,0,2,0,0,0,0,0,0,0
91800,9966,0,25,0,1,0,1,0,4,0,3,0,0,0,0,0,0,0
91900,9975,0,19,0,3,0,0,0,2,0,1,0,0,0,0,0,0,0
92000,9971,0,17,0,2,0,0,0,5,0,5,0,0,0,0,0,0,0
92100,9980,0,16,0,1,0,1,0,2,0,0,0,0,0,0,0,0,0
92200,9978,0,16,0,3,0,0,0,1,0,2,0,0,0,0,0,0,0
92300,9980,0,15,0,0,0,1,0,3,0,1,0,0,0,0,0,0,0
92400,9975,0,18,0,1,0,0,0,6,0,0,0,0,0,0,0,0,0
92500,9974,0,20,0,2,0,1,0,2,0,1,0,0,0,0,0,0,0
92600,9980,0,9,0,3,0,2,0,6,0,0,0,0,0,0,0,0,0
92700,9983,0,7,0,3,0,2,0,3,0,2,0,0,0,0,0,0,0
92800,9990,0,8,0,1,0,0,0,0,0,0,0,1,0,0,0,0,0
92900,9985,0,5,0,2,0,5,0,0,0,3,0,0,0,0,0,0,0
93000,9985,0,6,0,2,0,4,0,3,0,0,0,0,0,0,0,0,0
93100,9983,0,7,0,4,0,3,0,2,0,1,0,0,0,0,0,0,0
93200,9983,0,5,0,2,0,6,0,1,0,2,0,1,0,0,0,0,0
93300,9982,0,10,0,3,0,2,0,2,0,1,0,0,0,0,0,0,0
93400,9991,0,5,0,1,0,2,0,1,0,0,0,0,0,0,0,0,0
93500,9990,0,6,0,2,0,1,0,1,0,0,0,0,0,0,0,0,0
93600,9985,0,4,0,1,0,3,0,5,0,2,0,0,0,0,0,0,0
93700,9993,0,0,0,1,0,3,0,3,0,0,0,0,0,0,0,0,0
93800,9987,0,1,0,4,0,3,0,1,0,4,0,0,0,0,0,0,0
93900,9994,0,0,0,4,0,0,0,1,0,1,0,0,0,0,0,0,0
94000,9992,0,0,0,3,0,2,0,2,0,1,0,0,0,0,0,0,0
94100,9993,0,0,0,2,0,0,0,2,0,3,0,0,0,0,0,0,0
94200,9986,0,1,0,2,0,1,0,9,0,1,0,0,0,0,0,0,0
94300,9986,0,2,0,2,0,5,0,4,0,1,0,0,0,0,0,0,0
94400,9991,0,0,0,2,0,3,0,2,0,2,0,0,0,0,0,0,0
94500,9986,0,0,0,1,0,7,0,4,0,2,0,0,0,0,0,0,0
94600,9985,0,5,0,2,0,3,0,4,0,1,0,0,0,0,0,0,0
94700,9994,0,0,0,2,0,0,0,4,0,0,0,0,0,0,0,0,0
94800,9989,0,3,0,1,0,2,0,5,0,0,0,0,0,0,0,0,0
94900,9993,0,0,0,1,0,4,0,2,0,0,0,0,0,0,0,0,0
95000,9994,0,0,0,2,0,1,0,0,0,2,0,1,0,0,0,0,0
95100,9989,0,1,0,1,0,4,0,1,0,4,0,0,0,0,0,0,0
95200,9992,0,0,0,3,0,2,0,2,0,1,0,0,0,0,0,0,0
95300,9994,0,1,0,1,0,1,0,3,0,0,0,0,0,0,0,0,0
95400,9987,0,8,0,1,0,0,0,1,0,3,0,0,0,0,0,0,0
95500,9994,0,2,0,2,0,1,0,1,0,0,0,0,0,0,0,0,0
95600,9990,0,3,0,2,0,2,0,3,0,0,0,0,0,0,0,0,0
95700,9993,0,3,0,1,0,1,0,2,0,0,0,0,0,0,0,0,0
95800,9985,0,4,0,1,0,8,0,0,0,2,0,0,0,0,0,0,0
95900,9993,0,3,0,2,0,0,0,2,0,0,0,0,0,0,0,0,0
96000,9988,0,6,0,1,0,0,0,4,0,1,0,0,0,0,0,0,0
96100,9994,0,0,0,0,0,2,0,4,0,0,0,0,0,0,0,0,0
96200,9983,0,3,0,4,0,4,0,4,0,2,0,0,0,0,0,0,0
96300,9987,0,2,0,4,0,4,0,2,0,1,0,0,0,0,0,0,0
96400,9987,0,1,0,3,0,0,0,7,0,2,0,0,0,0,0,0,0
96500,9992,0,1,0,1,0,3,0,2,0,1,0,0,0,0,0,0,0
96600,9993,0,1,0,1,0,1,0,4,0,0,0,0,0,0,0,0,0
96700,9994,0,0,0,2,0,2,0,1,0,1,0,0,0,0,0,0,0
96800,9990,0,3,0,1,0,3,0,3,0,0,0,0,0,0,0,0,0
96900,9993,0,1,0,2,0,2,0,2,0,0,0,0,0,0,0,0,0
97000,9991,0,4,0,1,0,2,0,2,0,0,0,0,0,0,0,0,0
97100,9995,0,0,0,3,0,1,0,1,0,0,0,0,0,0,0,0,0
97200,9996,0,0,0,0,0,4,0,0,0,0,0,0,0,0,0,0,0
97300,9983,0,1,0,4,0,1,0,10,0,1,0,0,0,0,0,0,0
97400,9992,0,3,0,0,0,4,0,1,0,0,0,0,0,0,0,0,0
97500,9992,0,0,0,2,0,3,0,2,0,1,0,0,0,0,0,0,0
97600,9990,0,0,0,2,0,5,0,3,0,0,0,0,0,0,0,0,0
97700,9986,0,3,0,2,0,8,0,1,0,0,0,0,0,0,0,0,0
97800,9983,0,1,0,1,0,4,0,10,0,1,0,0,0,0,0,0,0
97900,9976,0,6,0,2,0,6,0,8,0,2,0,0,0,0,0,0,0
98000,9989,0,4,0,2,0,4,0,0,0,1,0,0,0,0,0,0,0
98100,9985,0,0,0,2,0,6,0,4,0,3,0,0,0,0,0,0,0
98200,9981,0,9,0,3,0,2,0,2,0,3,0,0,0,0,0,0,0
98300,9986,0,2,0,2,0,8,0,2,0,0,0,0,0,0,0,0,0
98400,9986,0,5,0,2,0,3,0,3,0,1,0,0,0,0,0,0,0
98500,9983,0,6,0,1,0,6,0,3,0,1,0,0,0,0,0,0,0
98600,9983,0,1,0,1,0,9,0,4,0,2,0,0,0,0,0,0,0
98700,9982,0,6,0,3,0,3,0,4,0,2,0,0,0,0,0,0,0
98800,9983,0,7,0,2,0,7,0,1,0,0,0,0,0,0,0,0,0
98900,9979,0,6,0,3,0,7,0,3,0,2,0,0,0,0,0,0,0
99000,9980,0,4,0,3,0,8,0,4,0,1,0,0,0,0,0,0,0
99100,9970,0,14,0,5,0,10,0,0,0,1,0,0,0,0,0,0,0
99200,9987,0,5,0,1,0,4,0,3,0,0,0,0,0,0,0,0,0
99300,9983,0,6,0,0,0,6,0,3,0,2,0,0,0,0,0,0,0
99400,9981,0,8,0,1,0,2,0,5,0,3,0,0,0,0,0,0,0
99500,9979,0,10,0,2,0,6,0,2,0,1,0,0,0,0,0,0,0
99600,9984,0,11,0,1,0,2,0,1,0,1,0,0,0,0,0,0,0
99700,9973,0,12,0,4,0,6,0,3,0,2,0,0,0,0,0,0,0
99800,9978,0,9,0,1,0,8,0,3,0,1,0,0,0,0,0,0,0
99900,9978,0,11,0,4,0,3,0,4,0,0,0,0,0,0,0,0,0
100000,9977,0,13,0,2,0,6,0,1,0,1,0,0,0,0,0,0,0
