update,host_task_NOT,sym_task_NOT,host_task_NAND,sym_task_NAND,host_task_AND,sym_task_AND,host_task_ORN,sym_task_ORN,host_task_OR,sym_task_OR,host_task_ANDN,sym_task_ANDN,host_task_NOR,sym_task_NOR,host_task_XOR,sym_task_XOR,host_task_EQU,sym_task_EQU
0,0,0,0,0,0,0,0,0,0,0,0,0,0,0,0,0,0,0
100,9996,0,0,0,2,0,0,0,4,0,0,0,0,0,0,0,0,0
200,9991,0,0,0,3,0,4,0,0,0,2,0,0,0,0,0,0,0
300,9992,0,0,0,1,0,1,0,3,0,3,0,0,0,0,0,0,0
400,9998,0,0,0,0,0,0,0,2,0,0,0,0,0,0,0,0,0
500,9992,0,0,0,3,0,1,0,1,0,3,0,0,0,0,0,0,0
600,9995,0,0,0,1,0,2,0,0,0,2,0,0,0,0,0,0,0
700,9987,0,1,0,2,0,5,0,5,0,0,0,0,0,0,0,0,0
800,9988,0,0,0,1,0,6,0,4,0,1,0,0,0,0,0,0,0
900,9988,0,2,0,4,0,4,0,1,0,1,0,0,0,0,0,0,0
1000,9988,0,0,0,3,0,6,0,3,0,0,0,0,0,0,0,0,0
1100,9990,0,2,0,2,0,4,0,2,0,0,0,0,0,0,0,0,0
1200,9983,0,5,0,1,0,6,0,5,0,0,0,0,0,0,0,0,0
1300,9984,0,4,0,5,0,5,0,2,0,0,0,0,0,0,0,0,0
1400,9988,0,4,0,1,0,5,0,1,0,1,0,0,0,0,0,0,0
1500,9980,0,4,0,1,0,6,0,5,0,4,0,0,0,0,0,0,0
1600,9983,0,6,0,2,0,6,0,3,0,0,0,0,0,0,0,0,0
1700,9979,0,4,0,2,0,9,0,5,0,1,0,0,0,0,0,0,0
1800,9981,0,7,0,0,0,6,0,5,0,1,0,0,0,0,0,0,0
1900,9984,0,4,0,2,0,5,0,1,0,4,0,0,0,0,0,0,0
2000,9985,0,5,0,4,0,5,0,1,0,0,0,0,0,0,0,0,0
2100,9984,0,4,0,1,0,7,0,1,0,3,0,0,0,0,0,0,0
2200,9983,0,4,0,2,0,5,0,5,0,1,0,0,0,0,0,0,0
2300,9989,0,5,0,0,0,5,0,1,0,0,0,0,0,0,0,0,0
2400,9980,0,6,0,2,0,7,0,4,0,1,0,0,0,0,0,0,0
2500,9985,0,5,0,1,0,6,0,1,0,2,0,0,0,0,0,0,0
2600,9986,0,4,0,0,0,7,0,1,0,2,0,0,0,0,0,0,0
2700,9985,0,5,0,1,0,6,0,2,0,1,0,0,0,0,0,0,0
2800,9981,0,8,0,3,0,4,0,4,0,0,0,0,0,0,0,0,0
2900,9986,0,6,0,0,0,4,0,3,0,1,0,0,0,0,0,0,0
3000,9980,0,9,0,7,0,2,0,2,0,0,0,0,0,0,0,0,0
3100,9984,0,6,0,1,0,7,0,2,0,0,0,0,0,0,0,0,0
3200,9988,0,4,0,0,0,3,0,3,0,2,0,0,0,0,0,0,0
3300,9982,0,7,0,1,0,5,0,4,0,1,0,0,0,0,0,0,0
3400,9984,0,8,0,0,0,5,0,3,0,0,0,0,0,0,0,0,0
3500,9986,0,7,0,0,0,2,0,3,0,2,0,0,0,0,0,0,0
3600,9984,0,6,0,3,0,2,0,2,0,3,0,0,0,0,0,0,0
3700,9984,0,8,0,1,0,2,0,3,0,2,0,0,0,0,0,0,0
3800,9976,0,14,0,4,0,4,0,1,0,1,0,0,0,0,0,0,0
3900,9972,0,13,0,2,0,6,0,5,0,2,0,0,0,0,0,0,0
4000,9977,0,13,0,1,0,5,0,4,0,0,0,0,0,0,0,0,0
4100,9972,0,12,0,3,0,8,0,5,0,0,0,0,0,0,0,0,0
4200,9972,0,11,0,3,0,7,0,5,0,2,0,0,0,0,0,0,0
4300,9979,0,10,0,3,0,5,0,3,0,0,0,0,0,0,0,0,0
4400,9980,0,13,0,1,0,4,0,2,0,0,0,0,0,0,0,0,0
4500,9976,0,13,0,5,0,2,0,1,0,2,0,1,0,0,0,0,0
4600,9973,0,11,0,2,0,6,0,7,0,1,0,0,0,0,0,0,0
4700,9975,0,14,0,2,0,5,0,2,0,2,0,0,0,0,0,0,0
4800,9972,0,19,0,3,0,2,0,3,0,1,0,0,0,0,0,0,0
4900,9970,0,19,0,1,0,8,0,2,0,0,0,0,0,0,0,0,0
5000,9965,0,23,0,2,0,5,0,3,0,2,0,0,0,0,0,0,0
5100,9967,0,20,0,2,0,6,0,5,0,0,0,0,0,0,0,0,0
5200,9965,0,24,0,0,0,7,0,4,0,0,0,0,0,0,0,0,0
5300,9958,0,24,0,2,0,8,0,2,0,3,0,3,0,0,0,0,0
5400,9972,0,17,0,1,0,7,0,3,0,0,0,0,0,0,0,0,0
5500,9959,0,20,0,2,0,16,0,3,0,0,0,0,0,0,0,0,0
5600,9975,0,17,0,3,0,3,0,2,0,0,0,0,0,0,0,0,0
5700,9968,0,16,0,3,0,7,0,5,0,1,0,0,0,0,0,0,0
5800,9970,0,21,0,0,0,5,0,4,0,0,0,0,0,0,0,0,0
5900,9963,0,18,0,3,0,10,0,2,0,2,0,2,0,0,0,0,0
6000,9966,0,16,0,3,0,7,0,5,0,3,0,0,0,0,0,0,0
6100,9969,0,17,0,2,0,7,0,4,0,1,0,0,0,0,0,0,0
6200,9966,0,21,0,2,0,5,0,5,0,1,0,0,0,0,0,0,0
6300,9970,0,21,0,0,0,6,0,2,0,1,0,0,0,0,0,0,0
6400,9971,0,20,0,1,0,5,0,3,0,0,0,0,0,0,0,0,0
6500,9970,0,19,0,4,0,2,0,4,0,1,0,0,0,0,0,0,0
6600,9963,0,22,0,3,0,5,0,5,0,1,0,1,0,0,0,0,0
6700,9955,0,24,0,7,0,8,0,5,0,1,0,0,0,0,0,0,0
6800,9954,0,26,0,4,0,7,0,7,0,2,0,0,0,0,0,0,0
6900,9955,0,29,0,4,0,7,0,5,0,0,0,0,0,0,0,0,0
7000,9949,0,30,0,3,0,13,0,3,0,2,0,0,0,0,0,0,0
7100,9949,0,33,0,3,0,11,0,2,0,1,0,1,0,0,0,0,0
7200,9945,0,34,0,6,0,10,0,3,0,2,0,0,0,0,0,0,0
7300,9954,0,35,0,3,0,5,0,2,0,1,0,0,0,0,0,0,0
7400,9952,0,30,0,3,0,12,0,2,0,1,0,0,0,0,0,0,0
7500,9958,0,26,0,1,0,7,0,7,0,1,0,0,0,0,0,0,0
7600,9955,0,27,0,0,0,9,0,6,0,3,0,0,0,0,0,0,0
7700,9951,0,23,0,5,0,9,0,6,0,6,0,0,0,0,0,0,0
7800,9958,0,28,0,2,0,7,0,4,0,1,0,0,0,0,0,0,0
7900,9958,0,27,0,3,0,6,0,5,0,1,0,0,0,0,0,0,0
8000,9935,0,42,0,3,0,13,0,6,0,1,0,0,0,0,0,0,0
8100,9934,0,44,0,0,0,14,0,5,0,3,0,0,0,0,0,0,0
8200,9939,0,38,0,2,0,17,0,2,0,2,0,0,0,0,0,0,0
8300,9948,0,37,0,5,0,9,0,1,0,0,0,0,0,0,0,0,0
8400,9930,0,39,0,8,0,21,0,1,0,1,0,0,0,0,0,0,0
8500,9929,0,49,0,2,0,15,0,4,0,1,0,0,0,0,0,0,0
8600,9922,0,53,0,6,0,13,0,5,0,1,0,0,0,0,0,0,0
8700,9921,0,56,0,2,0,13,0,7,0,1,0,0,0,0,0,0,0
8800,9924,0,56,0,4,0,11,0,3,0,2,0,0,0,0,0,0,0
8900,9934,0,41,0,4,0,17,0,4,0,0,0,0,0,0,0,0,0
9000,9929,0,50,0,1,0,9,0,8,0,2,0,1,0,0,0,0,0
9100,9919,0,60,0,4,0,10,0,5,0,1,0,1,0,0,0,0,0
9200,9915,0,58,0,5,0,15,0,5,0,2,0,0,0,0,0,0,0
9300,9916,0,61,0,4,0,11,0,7,0,1,0,0,0,0,0,0,0
9400,9912,0,60,0,5,0,13,0,8,0,2,0,0,0,0,0,0,0
9500,9927,0,49,0,4,0,14,0,5,0,1,0,0,0,0,0,0,0
9600,9913,0,55,0,4,0,17,0,10,0,1,0,0,0,0,0,0,0
9700,9922,0,48,0,7,0,11,0,11,0,0,0,1,0,0,0,0,0
9800,9920,0,49,0,4,0,20,0,5,0,2,0,0,0,0,0,0,0
9900,9932,0,48,0,6,0,11,0,3,0,0,0,0,0,0,0,0,0
10000,9930,0,43,0,7,0,12,0,5,0,3,0,0,0,0,0,0,0
10100,9905,0,70,0,5,0,15,0,5,0,0,0,0,0,0,0,0,0
10200,9897,0,76,0,2,0,15,0,9,0,1,0,0,0,0,0,0,0
10300,9899,0,66,0,5,0,15,0,10,0,4,0,1,0,0,0,0,0
10400,9909,0,65,0,2,0,15,0,6,0,3,0,0,0,0,0,0,0
10500,9912,0,61,0,3,0,14,0,9,0,1,0,0,0,0,0,0,0
10600,9900,0,75,0,6,0,15,0,2,0,2,0,0,0,0,0,0,0
10700,9893,0,79,0,3,0,17,0,4,0,4,0,0,0,0,0,0,0
10800,9885,0,86,0,9,0,10,0,4,0,6,0,0,0,0,0,0,0
10900,9884,0,95,0,6,0,11,0,3,0,1,0,0,0,0,0,0,0
11000,9847,0,126,0,5,0,12,0,7,0,3,0,0,0,0,0,0,0
11100,9837,0,140,0,5,0,12,0,5,0,1,0,0,0,0,0,0,0
11200,9827,0,146,0,5,0,13,0,5,0,4,0,0,0,0,0,0,0
11300,9840,0,133,0,7,0,10,0,8,0,1,0,1,0,0,0,0,0
11400,9834,0,128,0,7,0,17,0,11,0,3,0,0,0,0,0,0,0
11500,9854,0,119,0,6,0,13,0,6,0,2,0,0,0,0,0,0,0
11600,9858,0,111,0,6,0,17,0,3,0,5,0,0,0,0,0,0,0
11700,9830,0,121,0,13,0,18,0,14,0,4,0,0,0,0,0,0,0
11800,9814,0,156,0,4,0,16,0,6,0,3,0,1,0,0,0,0,0
11900,9806,0,167,0,7,0,15,0,4,0,1,0,0,0,0,0,0,0
12000,9757,0,214,0,5,0,16,0,7,0,1,0,0,0,0,0,0,0
12100,9749,0,223,0,10,0,12,0,4,0,2,0,0,0,0,0,0,0
12200,9746,0,218,0,5,0,14,0,13,0,4,0,0,0,0,0,0,0
12300,9726,0,249,0,4,0,10,0,9,0,2,0,0,0,0,0,0,0
12400,9741,0,241,0,4,0,11,0,2,0,1,0,0,0,0,0,0,0
12500,9762,0,214,0,5,0,11,0,8,0,0,0,0,0,0,0,0,0
12600,9747,0,234,0,6,0,5,0,7,0,1,0,0,0,0,0,0,0
12700,9761,0,218,0,2,0,7,0,11,0,1,0,0,0,0,0,0,0
12800,9766,0,217,0,2,0,8,0,4,0,3,0,0,0,0,0,0,0
12900,9779,0,195,0,5,0,10,0,9,0,2,0,0,0,0,0,0,0
13000,9789,0,191,0,3,0,9,0,7,0,1,0,0,0,0,0,0,0
13100,9773,0,202,0,4,0,16,0,3,0,2,0,0,0,0,0,0,0
13200,9744,0,225,0,4,0,15,0,6,0,6,0,0,0,0,0,0,0
13300,9750,0,222,0,4,0,14,0,7,0,3,0,0,0,0,0,0,0
13400,9689,0,251,0,6,0,40,0,10,0,3,0,1,0,0,0,0,0
13500,9688,0,260,0,3,0,41,0,7,0,1,0,0,0,0,0,0,0
13600,9731,0,228,0,5,0,31,0,2,0,3,0,0,0,0,0,0,0
13700,9721,0,235,0,3,0,35,0,6,0,0,0,0,0,0,0,0,0
13800,9722,0,227,0,10,0,36,0,4,0,1,0,0,0,0,0,0,0
13900,9709,0,245,0,5,0,36,0,2,0,3,0,0,0,0,0,0,0
14000,9704,0,261,0,5,0,19,0,9,0,2,0,0,0,0,0,0,0
14100,9721,0,255,0,4,0,14,0,3,0,3,0,0,0,0,0,0,0
14200,9704,0,248,0,26,0,15,0,5,0,2,0,0,0,0,0,0,0
14300,9649,0,262,0,68,0,15,0,3,0,3,0,0,0,0,0,0,0
14400,9624,0,283,0,73,0,12,0,6,0,1,0,1,0,0,0,0,0
14500,9652,0,255,0,66,0,14,0,9,0,4,0,0,0,0,0,0,0
14600,9666,0,260,0,61,0,11,0,1,0,1,0,0,0,0,0,0,0
14700,9694,0,231,0,56,0,12,0,2,0,5,0,0,0,0,0,0,0
14800,9698,0,224,0,60,0,10,0,4,0,4,0,0,0,0,0,0,0
14900,9691,0,225,0,60,0,11,0,9,0,4,0,0,0,0,0,0,0
15000,9687,0,240,0,55,0,15,0,3,0,0,0,0,0,0,0,0,0
15100,9682,0,254,0,44,0,7,0,10,0,3,0,0,0,0,0,0,0
15200,9666,0,275,0,43,0,11,0,5,0,0,0,0,0,0,0,0,0
15300,9668,0,273,0,45,0,7,0,4,0,3,0,0,0,0,0,0,0
15400,9676,0,264,0,46,0,5,0,6,0,2,0,1,0,0,0,0,0
15500,9647,0,302,0,46,0,1,0,3,0,1,0,0,0,0,0,0,0
15600,9662,0,280,0,51,0,2,0,5,0,0,0,0,0,0,0,0,0
15700,9661,0,287,0,43,0,1,0,6,0,2,0,0,0,0,0,0,0
15800,9661,0,280,0,48,0,6,0,3,0,2,0,0,0,0,0,0,0
15900,9668,0,286,0,43,0,1,0,1,0,1,0,0,0,0,0,0,0
16000,9640,0,306,0,44,0,5,0,2,0,3,0,0,0,0,0,0,0
16100,9636,0,309,0,43,0,2,0,7,0,3,0,0,0,0,0,0,0
16200,9640,0,306,0,42,0,4,0,7,0,1,0,0,0,0,0,0,0
16300,9690,0,285,0,14,0,4,0,6,0,1,0,0,0,0,0,0,0
16400,9720,0,266,0,3,0,5,0,5,0,1,0,0,0,0,0,0,0
16500,9720,0,269,0,6,0,1,0,2,0,2,0,0,0,0,0,0,0
16600,9702,0,285,0,3,0,2,0,4,0,4,0,0,0,0,0,0,0
16700,9694,0,281,0,5,0,3,0,15,0,2,0,0,0,0,0,0,0
16800,9732,0,261,0,1,0,1,0,4,0,1,0,0,0,0,0,0,0
16900,9748,0,239,0,2,0,6,0,4,0,1,0,0,0,0,0,0,0
17000,9757,0,230,0,3,0,3,0,5,0,2,0,0,0,0,0,0,0
17100,9761,0,230,0,4,0,1,0,3,0,1,0,0,0,0,0,0,0
17200,9742,0,243,0,5,0,2,0,5,0,3,0,0,0,0,0,0,0
17300,9743,0,227,0,6,0,16,0,5,0,3,0,0,0,0,0,0,0
17400,9742,0,232,0,8,0,12,0,5,0,1,0,0,0,0,0,0,0
17500,9774,0,209,0,4,0,12,0,1,0,0,0,0,0,0,0,0,0
17600,9801,0,179,0,2,0,13,0,5,0,0,0,0,0,0,0,0,0
17700,9777,0,186,0,7,0,18,0,5,0,6,0,1,0,0,0,0,0
17800,9776,0,185,0,2,0,27,0,7,0,3,0,0,0,0,0,0,0
17900,9776,0,191,0,4,0,24,0,5,0,0,0,0,0,0,0,0,0
18000,9784,0,184,0,4,0,23,0,2,0,2,0,1,0,0,0,0,0
18100,9781,0,182,0,6,0,21,0,5,0,4,0,1,0,0,0,0,0
18200,9786,0,179,0,5,0,21,0,7,0,2,0,0,0,0,0,0,0
18300,9800,0,167,0,4,0,20,0,5,0,4,0,0,0,0,0,0,0
18400,9802,0,159,0,5,0,28,0,5,0,1,0,0,0,0,0,0,0
18500,9804,0,173,0,1,0,18,0,1,0,3,0,0,0,0,0,0,0
18600,9773,0,186,0,6,0,25,0,7,0,3,0,0,0,0,0,0,0
18700,9751,0,211,0,6,0,25,0,5,0,2,0,0,0,0,0,0,0
18800,9742,0,221,0,4,0,23,0,4,0,6,0,0,0,0,0,0,0
18900,9744,0,220,0,8,0,23,0,4,0,1,0,0,0,0,0,0,0
19000,9729,0,235,0,4,0,24,0,5,0,3,0,0,0,0,0,0,0
19100,9735,0,235,0,2,0,20,0,6,0,2,0,0,0,0,0,0,0
19200,9726,0,241,0,5,0,24,0,4,0,0,0,0,0,0,0,0,0
19300,9719,0,221,0,4,0,41,0,9,0,6,0,0,0,0,0,0,0
19400,9727,0,217,0,5,0,37,0,11,0,3,0,0,0,0,0,0,0
19500,9736,0,210,0,6,0,43,0,4,0,1,0,0,0,0,0,0,0
19600,9748,0,213,0,6,0,28,0,4,0,1,0,0,0,0,0,0,0
19700,9727,0,222,0,5,0,31,0,6,0,8,0,1,0,0,0,0,0
19800,9750,0,211,0,5,0,29,0,4,0,1,0,0,0,0,0,0,0
19900,9748,0,201,0,5,0,31,0,9,0,6,0,0,0,0,0,0,0
20000,9784,0,179,0,7,0,21,0,8,0,1,0,0,0,0,0,0,0
20100,9804,0,154,0,4,0,31,0,5,0,2,0,0,0,0,0,0,0
20200,9804,0,156,0,7,0,27,0,3,0,3,0,0,0,0,0,0,0
20300,9795,0,166,0,6,0,25,0,4,0,4,0,0,0,0,0,0,0
20400,9784,0,165,0,7,0,33,0,6,0,5,0,0,0,0,0,0,0
20500,9777,0,188,0,6,0,22,0,5,0,2,0,0,0,0,0,0,0
20600,9779,0,180,0,3,0,32,0,4,0,2,0,0,0,0,0,0,0
20700,9790,0,168,0,3,0,28,0,7,0,4,0,0,0,0,0,0,0
20800,9782,0,181,0,2,0,31,0,3,0,1,0,0,0,0,0,0,0
20900,9779,0,176,0,7,0,29,0,8,0,1,0,0,0,0,0,0,0
21000,9763,0,195,0,6,0,31,0,4,0,1,0,0,0,0,0,0,0
21100,9757,0,199,0,9,0,29,0,4,0,2,0,0,0,0,0,0,0
21200,9754,0,197,0,4,0,35,0,8,0,2,0,0,0,0,0,0,0
21300,9764,0,197,0,3,0,32,0,1,0,3,0,0,0,0,0,0,0
21400,9767,0,194,0,3,0,26,0,5,0,5,0,0,0,0,0,0,0
21500,9748,0,213,0,4,0,28,0,3,0,4,0,0,0,0,0,0,0
21600,9768,0,192,0,5,0,25,0,6,0,4,0,0,0,0,0,0,0
21700,9760,0,206,0,0,0,29,0,2,0,3,0,0,0,0,0,0,0
21800,9745,0,213,0,7,0,27,0,6,0,2,0,0,0,0,0,0,0
21900,9761,0,204,0,1,0,27,0,6,0,1,0,0,0,0,0,0,0
22000,9761,0,196,0,4,0,31,0,6,0,1,0,1,0,0,0,0,0
22100,9754,0,207,0,7,0,27,0,4,0,0,0,1,0,0,0,0,0
22200,9760,0,193,0,5,0,32,0,6,0,4,0,0,0,0,0,0,0
22300,9764,0,198,0,3,0,26,0,6,0,3,0,0,0,0,0,0,0
22400,9772,0,182,0,4,0,35,0,4,0,3,0,0,0,0,0,0,0
22500,9779,0,184,0,3,0,28,0,3,0,3,0,0,0,0,0,0,0
22600,9760,0,197,0,2,0,33,0,8,0,0,0,0,0,0,0,0,0
22700,9761,0,203,0,4,0,25,0,5,0,2,0,0,0,0,0,0,0
22800,9740,0,213,0,4,0,34,0,6,0,2,0,1,0,0,0,0,0
22900,9777,0,194,0,2,0,21,0,6,0,0,0,0,0,0,0,0,0
23000,9767,0,198,0,5,0,24,0,3,0,3,0,0,0,0,0,0,0
23100,9763,0,200,0,4,0,23,0,3,0,7,0,0,0,0,0,0,0
23200,9758,0,204,0,4,0,24,0,7,0,3,0,0,0,0,0,0,0
23300,9744,0,225,0,3,0,20,0,6,0,2,0,0,0,0,0,0,0
23400,9733,0,238,0,3,0,21,0,1,0,4,0,0,0,0,0,0,0
23500,9741,0,230,0,5,0,17,0,5,0,2,0,0,0,0,0,0,0
23600,9733,0,228,0,7,0,20,0,8,0,4,0,0,0,0,0,0,0
23700,9738,0,234,0,5,0,19,0,2,0,2,0,0,0,0,0,0,0
23800,9771,0,212,0,3,0,9,0,3,0,2,0,0,0,0,0,0,0
23900,9739,0,239,0,3,0,9,0,9,0,1,0,0,0,0,0,0,0
24000,9737,0,246,0,8,0,2,0,5,0,2,0,0,0,0,0,0,0
24100,9707,0,280,0,4,0,2,0,5,0,2,0,0,0,0,0,0,0
24200,9650,0,326,0,8,0,7,0,9,0,0,0,0,0,0,0,0,0
24300,9730,0,250,0,4,0,7,0,6,0,3,0,0,0,0,0,0,0
24400,9740,0,233,0,8,0,3,0,11,0,4,0,1,0,0,0,0,0
24500,9762,0,220,0,3,0,5,0,8,0,2,0,0,0,0,0,0,0
24600,9784,0,199,0,4,0,6,0,4,0,3,0,0,0,0,0,0,0
24700,9786,0,199,0,2,0,8,0,4,0,1,0,0,0,0,0,0,0
24800,9764,0,212,0,3,0,12,0,6,0,2,0,1,0,0,0,0,0
24900,9780,0,197,0,4,0,13,0,5,0,1,0,0,0,0,0,0,0
25000,9788,0,188,0,3,0,9,0,12,0,0,0,0,0,0,0,0,0
25100,9796,0,190,0,2,0,6,0,4,0,2,0,0,0,0,0,0,0
25200,9771,0,207,0,6,0,7,0,7,0,2,0,0,0,0,0,0,0
25300,9732,0,257,0,1,0,6,0,4,0,0,0,0,0,0,0,0,0
25400,9732,0,248,0,6,0,9,0,3,0,2,0,0,0,0,0,0,0
25500,9722,0,265,0,2,0,4,0,4,0,3,0,0,0,0,0,0,0
25600,9680,0,295,0,6,0,5,0,11,0,1,0,2,0,0,0,0,0
25700,9707,0,278,0,7,0,3,0,3,0,2,0,0,0,0,0,0,0
25800,9727,0,256,0,7,0,4,0,4,0,2,0,0,0,0,0,0,0
25900,9687,0,299,0,3,0,3,0,7,0,1,0,0,0,0,0,0,0
26000,9651,0,333,0,6,0,7,0,1,0,1,0,0,0,0,0,1,0
26100,9659,0,321,0,5,0,5,0,6,0,4,0,0,0,0,0,0,0
26200,9667,0,327,0,2,0,3,0,0,0,1,0,0,0,0,0,0,0
26300,9659,0,319,0,6,0,10,0,4,0,2,0,0,0,0,0,0,0
26400,9675,0,306,0,5,0,5,0,8,0,1,0,0,0,0,0,0,0
26500,9661,0,313,0,7,0,10,0,8,0,1,0,0,0,0,0,0,0
26600,9680,0,310,0,2,0,3,0,4,0,1,0,0,0,0,0,0,0
26700,9682,0,306,0,4,0,5,0,1,0,2,0,0,0,0,0,0,0
26800,9622,0,361,0,4,0,4,0,4,0,5,0,0,0,0,0,0,0
26900,9650,0,338,0,3,0,4,0,3,0,2,0,0,0,0,0,0,0
27000,9658,0,329,0,3,0,5,0,5,0,0,0,0,0,0,0,0,0
27100,9572,0,414,0,4,0,7,0,1,0,2,0,0,0,0,0,0,0
27200,9558,0,427,0,5,0,8,0,1,0,1,0,0,0,0,0,0,0
27300,9582,0,407,0,4,0,5,0,2,0,0,0,0,0,0,0,0,0
27400,9591,0,398,0,3,0,2,0,4,0,2,0,0,0,0,0,0,0
27500,9590,0,391,0,7,0,8,0,3,0,1,0,0,0,0,0,0,0
27600,9589,0,408,0,1,0,1,0,0,0,1,0,0,0,0,0,0,0
27700,9565,0,424,0,2,0,1,0,5,0,3,0,0,0,0,0,0,0
27800,9538,0,448,0,2,0,4,0,6,0,2,0,0,0,0,0,0,0
27900,9540,0,445,0,5,0,2,0,7,0,1,0,0,0,0,0,0,0
28000,9510,0,442,0,5,0,33,0,9,0,1,0,0,0,0,0,0,0
28100,9488,0,470,0,5,0,33,0,3,0,1,0,0,0,0,0,0,0
28200,9477,0,468,0,9,0,34,0,7,0,5,0,0,0,0,0,0,0
28300,9484,0,476,0,6,0,29,0,4,0,1,0,0,0,0,0,0,0
28400,9486,0,476,0,4,0,31,0,3,0,0,0,0,0,0,0,0,0
28500,9503,0,462,0,0,0,31,0,3,0,1,0,0,0,0,0,0,0
28600,9488,0,470,0,6,0,30,0,4,0,2,0,0,0,0,0,0,0
28700,9473,0,485,0,1,0,34,0,3,0,4,0,0,0,0,0,0,0
28800,9441,0,519,0,2,0,31,0,6,0,1,0,0,0,0,0,0,0
28900,9406,0,549,0,7,0,31,0,5,0,2,0,0,0,0,0,0,0
29000,9410,0,544,0,7,0,31,0,6,0,2,0,0,0,0,0,0,0
29100,9397,0,560,0,3,0,34,0,4,0,2,0,0,0,0,0,0,0
29200,9351,0,604,0,3,0,35,0,6,0,0,0,0,0,1,0,0,0
29300,9336,0,618,0,5,0,32,0,9,0,0,0,0,0,0,0,0,0
29400,9276,0,685,0,3,0,30,0,4,0,2,0,0,0,0,0,0,0
29500,9264,0,698,0,0,0,32,0,4,0,2,0,0,0,0,0,0,0
29600,9140,0,819,0,4,0,33,0,4,0,0,0,0,0,0,0,0,0
29700,9092,0,863,0,4,0,34,0,4,0,3,0,0,0,0,0,0,0
29800,9081,0,873,0,6,0,32,0,5,0,3,0,0,0,0,0,0,0
29900,9034,0,908,0,6,0,36,0,12,0,4,0,0,0,0,0,0,0
30000,9047,0,908,0,5,0,33,0,7,0,0,0,0,0,0,0,0,0
30100,9135,0,825,0,1,0,36,0,3,0,0,0,0,0,0,0,0,0
30200,9180,0,785,0,2,0,31,0,1,0,1,0,0,0,0,0,0,0
30300,9187,0,764,0,6,0,40,0,3,0,0,0,0,0,0,0,0,0
30400,9181,0,778,0,5,0,32,0,2,0,2,0,0,0,0,0,0,0
30500,9193,0,761,0,2,0,35,0,6,0,2,0,1,0,0,0,0,0
30600,9158,0,787,0,13,0,33,0,8,0,1,0,0,0,0,0,0,0
30700,9152,0,803,0,3,0,33,0,6,0,3,0,0,0,0,0,0,0
30800,9084,0,864,0,2,0,38,0,9,0,3,0,0,0,0,0,0,0
30900,9097,0,861,0,3,0,33,0,5,0,1,0,0,0,0,0,0,0
31000,9083,0,870,0,6,0,36,0,4,0,1,0,0,0,0,0,0,0
31100,9053,0,895,0,4,0,33,0,9,0,6,0,0,0,0,0,0,0
31200,9023,0,935,0,4,0,32,0,4,0,2,0,0,0,0,0,0,0
31300,9054,0,909,0,2,0,32,0,1,0,2,0,0,0,0,0,0,0
31400,9016,0,937,0,6,0,32,0,5,0,4,0,0,0,0,0,0,0
31500,9007,0,950,0,0,0,36,0,5,0,2,0,0,0,0,0,0,0
31600,8976,0,977,0,4,0,32,0,9,0,2,0,0,0,0,0,0,0
31700,8914,0,1039,0,4,0,35,0,5,0,3,0,0,0,0,0,0,0
31800,8848,0,1115,0,2,0,30,0,3,0,2,0,0,0,0,0,0,0
31900,8850,0,1101,0,8,0,32,0,3,0,6,0,0,0,0,0,0,0
32000,8891,0,1067,0,3,0,33,0,3,0,3,0,0,0,0,0,0,0
32100,8899,0,1048,0,5,0,37,0,10,0,1,0,0,0,0,0,0,0
32200,8843,0,1123,0,1,0,29,0,4,0,0,0,0,0,0,0,0,0
32300,8771,0,1191,0,2,0,30,0,4,0,2,0,0,0,0,0,0,0
32400,8755,0,1194,0,7,0,34,0,9,0,1,0,0,0,0,0,0,0
32500,8719,0,1237,0,4,0,32,0,7,0,1,0,0,0,0,0,0,0
32600,8667,0,1290,0,2,0,37,0,3,0,1,0,0,0,0,0,0,0
32700,8645,0,1308,0,4,0,38,0,3,0,2,0,0,0,0,0,0,0
32800,8614,0,1343,0,1,0,36,0,3,0,3,0,0,0,0,0,0,0
32900,8609,0,1335,0,5,0,42,0,7,0,2,0,0,0,0,0,0,0
33000,8601,0,1337,0,7,0,48,0,6,0,1,0,0,0,0,0,0,0
33100,8626,0,1317,0,2,0,45,0,7,0,3,0,0,0,0,0,0,0
33200,8602,0,1348,0,3,0,42,0,5,0,0,0,0,0,0,0,0,0
33300,8536,0,1412,0,4,0,41,0,4,0,3,0,0,0,0,0,0,0
33400,8514,0,1431,0,5,0,43,0,2,0,4,0,0,0,1,0,0,0
33500,8422,0,1533,0,7,0,33,0,0,0,5,0,0,0,0,0,0,0
33600,8469,0,1483,0,2,0,37,0,6,0,2,0,0,0,1,0,0,0
33700,8463,0,1493,0,2,0,38,0,2,0,1,0,1,0,0,0,0,0
33800,8444,0,1510,0,1,0,39,0,5,0,1,0,0,0,0,0,0,0
33900,8457,0,1497,0,3,0,36,0,7,0,0,0,0,0,0,0,0,0
34000,8492,0,1458,0,2,0,43,0,4,0,1,0,0,0,0,0,0,0
34100,8596,0,1356,0,3,0,41,0,3,0,1,0,0,0,0,0,0,0
34200,8570,0,1380,0,5,0,41,0,3,0,1,0,0,0,0,0,0,0
34300,8502,0,1448,0,2,0,43,0,3,0,2,0,0,0,0,0,0,0
34400,8484,0,1465,0,1,0,45,0,3,0,2,0,0,0,0,0,0,0
34500,8478,0,1458,0,5,0,55,0,2,0,2,0,0,0,0,0,0,0
34600,8439,0,1456,0,50,0,54,0,1,0,0,0,0,0,0,0,0,0
34700,8433,0,1462,0,51,0,52,0,1,0,1,0,0,0,0,0,0,0
34800,8398,0,1489,0,52,0,58,0,2,0,1,0,0,0,0,0,0,0
34900,8387,0,1528,0,51,0,25,0,5,0,4,0,0,0,0,0,0,0
35000,8483,0,1439,0,49,0,20,0,6,0,3,0,0,0,0,0,0,0
35100,8465,0,1466,0,47,0,18,0,4,0,0,0,0,0,0,0,0,0
35200,8497,0,1432,0,50,0,18,0,1,0,2,0,0,0,0,0,0,0
35300,8544,0,1387,0,45,0,17,0,5,0,2,0,0,0,0,0,0,0
35400,8571,0,1393,0,7,0,20,0,8,0,1,0,0,0,0,0,0,0
35500,8519,0,1442,0,16,0,16,0,5,0,2,0,0,0,0,0,0,0
35600,8394,0,1583,0,9,0,10,0,2,0,2,0,0,0,0,0,0,0
35700,8366,0,1605,0,7,0,13,0,6,0,3,0,0,0,0,0,0,0
35800,8321,0,1661,0,4,0,5,0,4,0,4,0,1,0,0,0,0,0
35900,8216,0,1755,0,5,0,19,0,5,0,0,0,0,0,0,0,0,0
36000,8193,0,1781,0,4,0,16,0,5,0,1,0,0,0,0,0,0,0
36100,8179,0,1793,0,5,0,19,0,4,0,0,0,0,0,0,0,0,0
36200,8159,0,1797,0,6,0,29,0,7,0,2,0,0,0,0,0,0,0
36300,8198,0,1775,0,6,0,15,0,5,0,1,0,0,0,0,0,0,0
36400,8215,0,1759,0,5,0,15,0,4,0,2,0,0,0,0,0,0,0
36500,8245,0,1737,0,4,0,11,0,1,0,2,0,0,0,0,0,0,0
36600,8194,0,1778,0,1,0,21,0,5,0,0,0,1,0,0,0,0,0
36700,8174,0,1796,0,5,0,20,0,4,0,1,0,0,0,0,0,0,0
36800,8159,0,1819,0,4,0,11,0,5,0,2,0,0,0,0,0,0,0
36900,8179,0,1796,0,6,0,13,0,3,0,3,0,0,0,0,0,0,0
37000,8207,0,1761,0,9,0,15,0,4,0,4,0,0,0,0,0,0,0
37100,8276,0,1692,0,12,0,17,0,2,0,1,0,0,0,0,0,0,0
37200,8280,0,1685,0,11,0,20,0,3,0,1,0,0,0,0,0,0,0
37300,8290,0,1683,0,5,0,17,0,2,0,3,0,0,0,0,0,0,0
37400,8367,0,1601,0,8,0,16,0,6,0,2,0,0,0,0,0,0,0
37500,8401,0,1567,0,11,0,12,0,6,0,3,0,0,0,0,0,0,0
37600,8433,0,1540,0,3,0,16,0,5,0,3,0,0,0,0,0,0,0
37700,8432,0,1548,0,3,0,13,0,3,0,1,0,0,0,0,0,0,0
37800,8423,0,1558,0,1,0,12,0,3,0,3,0,0,0,0,0,0,0
37900,8458,0,1524,0,1,0,7,0,6,0,4,0,0,0,0,0,0,0
38000,8509,0,1463,0,4,0,16,0,6,0,2,0,0,0,0,0,0,0
38100,8460,0,1524,0,3,0,8,0,4,0,1,0,0,0,0,0,0,0
38200,8590,0,1385,0,5,0,11,0,5,0,4,0,0,0,0,0,0,0
38300,8596,0,1379,0,2,0,14,0,5,0,4,0,0,0,0,0,0,0
38400,8561,0,1412,0,5,0,18,0,1,0,3,0,0,0,0,0,0,0
38500,8573,0,1404,0,6,0,13,0,3,0,1,0,0,0,0,0,0,0
38600,8701,0,1273,0,7,0,10,0,4,0,5,0,0,0,0,0,0,0
38700,8754,0,1227,0,2,0,14,0,2,0,1,0,0,0,0,0,0,0
38800,8730,0,1252,0,1,0,9,0,7,0,1,0,0,0,0,0,0,0
38900,8701,0,1276,0,4,0,14,0,4,0,1,0,0,0,0,0,0,0
39000,8689,0,1281,0,5,0,16,0,7,0,2,0,0,0,0,0,0,0
39100,8716,0,1247,0,12,0,17,0,6,0,2,0,0,0,0,0,0,0
39200,8655,0,1308,0,8,0,17,0,9,0,3,0,0,0,0,0,0,0
39300,8646,0,1331,0,3,0,17,0,2,0,1,0,0,0,0,0,0,0
39400,8617,0,1356,0,8,0,10,0,6,0,3,0,0,0,0,0,0,0
39500,8547,0,1420,0,7,0,16,0,7,0,2,0,0,0,1,0,0,0
39600,8520,0,1459,0,6,0,11,0,4,0,0,0,0,0,0,0,0,0
39700,8499,0,1480,0,1,0,15,0,4,0,1,0,0,0,0,0,0,0
39800,8483,0,1491,0,5,0,17,0,4,0,0,0,0,0,0,0,0,0
39900,8519,0,1450,0,13,0,11,0,4,0,3,0,0,0,0,0,0,0
40000,8518,0,1446,0,12,0,14,0,5,0,5,0,0,0,0,0,0,0
40100,8644,0,1329,0,2,0,17,0,5,0,3,0,0,0,0,0,0,0
40200,8648,0,1327,0,5,0,15,0,3,0,2,0,0,0,0,0,0,0
40300,8574,0,1407,0,0,0,13,0,4,0,2,0,0,0,0,0,0,0
40400,8634,0,1333,0,20,0,8,0,4,0,1,0,0,0,0,0,0,0
40500,8660,0,1286,0,31,0,15,0,3,0,5,0,0,0,0,0,0,0
40600,8755,0,1192,0,30,0,16,0,6,0,1,0,0,0,0,0,0,0
40700,8754,0,1194,0,30,0,13,0,7,0,2,0,0,0,0,0,0,0
40800,8769,0,1184,0,32,0,8,0,6,0,1,0,0,0,0,0,0,0
40900,8773,0,1178,0,30,0,13,0,4,0,2,0,0,0,0,0,0,0
41000,8754,0,1194,0,28,0,12,0,9,0,3,0,0,0,0,0,0,0
41100,8762,0,1176,0,29,0,23,0,7,0,3,0,0,0,0,0,0,0
41200,8766,0,1190,0,31,0,10,0,2,0,1,0,0,0,0,0,0,0
41300,8721,0,1225,0,37,0,8,0,7,0,2,0,0,0,0,0,0,0
41400,8677,0,1274,0,31,0,14,0,4,0,0,0,0,0,0,0,0,0
41500,8599,0,1297,0,29,0,69,0,6,0,0,0,0,0,0,0,0,0
41600,8562,0,1312,0,32,0,80,0,13,0,1,0,0,0,0,0,0,0
41700,8495,0,1389,0,37,0,72,0,5,0,2,0,0,0,0,0,0,0
41800,8460,0,1426,0,35,0,74,0,3,0,2,0,0,0,0,0,0,0
41900,8477,0,1407,0,29,0,75,0,11,0,1,0,0,0,0,0,0,0
42000,8367,0,1513,0,35,0,75,0,10,0,0,0,0,0,0,0,0,0
42100,8476,0,1417,0,32,0,70,0,3,0,2,0,0,0,0,0,0,0
42200,8566,0,1329,0,32,0,71,0,1,0,1,0,0,0,0,0,0,0
42300,8581,0,1307,0,32,0,72,0,6,0,2,0,0,0,0,0,0,0
42400,8635,0,1255,0,32,0,70,0,6,0,2,0,0,0,0,0,0,0
42500,8678,0,1208,0,35,0,76,0,3,0,0,0,0,0,0,0,0,0
42600,8713,0,1171,0,38,0,71,0,4,0,3,0,0,0,0,0,0,0
42700,8728,0,1151,0,35,0,77,0,9,0,0,0,0,0,0,0,0,0
42800,8733,0,1150,0,38,0,72,0,6,0,1,0,0,0,0,0,0,0
42900,8683,0,1201,0,36,0,73,0,6,0,1,0,0,0,0,0,0,0
43000,8690,0,1198,0,38,0,71,0,3,0,0,0,0,0,0,0,0,0
43100,8713,0,1168,0,31,0,82,0,5,0,1,0,0,0,0,0,0,0
43200,8618,0,1266,0,30,0,83,0,2,0,1,0,0,0,0,0,0,0
43300,8645,0,1255,0,14,0,79,0,4,0,3,0,0,0,0,0,0,0
43400,8711,0,1204,0,4,0,74,0,2,0,5,0,0,0,0,0,0,0
43500,8762,0,1153,0,6,0,71,0,6,0,2,0,0,0,0,0,0,0
43600,8752,0,1157,0,10,0,75,0,4,0,2,0,0,0,0,0,0,0
43700,8659,0,1260,0,8,0,70,0,2,0,1,0,0,0,0,0,0,0
43800,8607,0,1296,0,12,0,78,0,5,0,2,0,0,0,0,0,0,0
43900,8674,0,1239,0,11,0,71,0,5,0,0,0,0,0,0,0,0,0
44000,8684,0,1228,0,10,0,74,0,3,0,1,0,0,0,0,0,0,0
44100,8667,0,1246,0,6,0,74,0,4,0,3,0,0,0,0,0,0,0
44200,8689,0,1228,0,1,0,71,0,5,0,6,0,0,0,0,0,0,0
44300,8727,0,1194,0,2,0,70,0,5,0,2,0,0,0,0,0,0,0
44400,8666,0,1248,0,7,0,72,0,7,0,0,0,0,0,0,0,0,0
44500,8683,0,1232,0,3,0,78,0,3,0,1,0,0,0,0,0,0,0
44600,8691,0,1228,0,2,0,75,0,3,0,1,0,0,0,0,0,0,0
44700,8785,0,1175,0,4,0,29,0,6,0,1,0,0,0,0,0,0,0
44800,8872,0,1109,0,4,0,13,0,2,0,0,0,0,0,0,0,0,0
44900,8902,0,1078,0,3,0,15,0,1,0,1,0,0,0,0,0,0,0
45000,8917,0,1061,0,4,0,13,0,2,0,3,0,0,0,0,0,0,0
45100,8997,0,982,0,2,0,15,0,4,0,0,0,0,0,0,0,0,0
45200,9050,0,930,0,1,0,14,0,5,0,0,0,0,0,0,0,0,0
45300,9123,0,857,0,2,0,14,0,3,0,1,0,0,0,0,0,0,0
45400,9150,0,827,0,4,0,15,0,2,0,2,0,0,0,0,0,0,0
45500,9171,0,810,0,3,0,14,0,2,0,0,0,0,0,0,0,0,0
45600,9189,0,786,0,4,0,15,0,6,0,0,0,0,0,0,0,0,0
45700,9164,0,807,0,5,0,14,0,9,0,1,0,0,0,0,0,0,0
45800,9140,0,838,0,2,0,14,0,5,0,1,0,0,0,0,0,0,0
45900,9124,0,851,0,6,0,14,0,4,0,1,0,0,0,0,0,0,0
46000,9210,0,770,0,2,0,14,0,2,0,1,0,1,0,0,0,0,0
46100,9215,0,759,0,4,0,15,0,4,0,3,0,0,0,0,0,0,0
46200,9134,0,846,0,5,0,13,0,1,0,1,0,0,0,0,0,0,0
46300,9144,0,835,0,4,0,11,0,5,0,1,0,0,0,0,0,0,0
46400,9177,0,805,0,2,0,13,0,2,0,0,0,0,0,1,0,0,0
46500,9150,0,826,0,1,0,17,0,3,0,3,0,0,0,0,0,0,0
46600,9147,0,832,0,3,0,12,0,5,0,1,0,0,0,0,0,0,0
46700,9003,0,980,0,2,0,14,0,1,0,0,0,0,0,0,0,0,0
46800,8888,0,1093,0,1,0,14,0,3,0,1,0,0,0,0,0,0,0
46900,8839,0,1138,0,4,0,13,0,3,0,3,0,0,0,0,0,0,0
47000,8739,0,1239,0,0,0,12,0,8,0,2,0,0,0,0,0,0,0
47100,8686,0,1289,0,2,0,16,0,6,0,1,0,0,0,0,0,0,0
47200,8681,0,1296,0,4,0,13,0,4,0,2,0,0,0,0,0,0,0
47300,8697,0,1276,0,10,0,14,0,2,0,1,0,0,0,0,0,0,0
47400,8754,0,1220,0,3,0,12,0,9,0,2,0,0,0,0,0,0,0
47500,8676,0,1292,0,2,0,25,0,3,0,2,0,0,0,0,0,0,0
47600,8693,0,1279,0,2,0,17,0,6,0,3,0,0,0,0,0,0,0
47700,8629,0,1349,0,2,0,19,0,0,0,1,0,0,0,0,0,0,0
47800,8612,0,1353,0,14,0,14,0,4,0,3,0,0,0,0,0,0,0
47900,8759,0,1165,0,58,0,12,0,3,0,3,0,0,0,0,0,0,0
48000,8801,0,1124,0,60,0,13,0,0,0,2,0,0,0,0,0,0,0
48100,8823,0,1099,0,57,0,17,0,2,0,2,0,0,0,0,0,0,0
48200,8860,0,1064,0,59,0,14,0,2,0,1,0,0,0,0,0,0,0
48300,8854,0,1075,0,59,0,9,0,3,0,0,0,0,0,0,0,0,0
48400,8818,0,1114,0,59,0,7,0,2,0,0,0,0,0,0,0,0,0
48500,8842,0,1093,0,58,0,2,0,2,0,3,0,0,0,0,0,0,0
48600,8896,0,1034,0,58,0,5,0,6,0,1,0,0,0,0,0,0,0
48700,8829,0,1110,0,59,0,0,0,2,0,0,0,0,0,0,0,0,0
48800,8775,0,1151,0,62,0,7,0,4,0,1,0,0,0,0,0,0,0
48900,8793,0,1141,0,60,0,3,0,1,0,2,0,0,0,0,0,0,0
49000,8769,0,1159,0,62,0,3,0,3,0,4,0,0,0,0,0,0,0
49100,8749,0,1170,0,76,0,2,0,1,0,2,0,0,0,0,0,0,0
49200,8671,0,1206,0,115,0,5,0,3,0,0,0,0,0,0,0,0,0
49300,8642,0,1218,0,118,0,12,0,9,0,1,0,0,0,0,0,0,0
49400,8571,0,1305,0,115,0,2,0,6,0,1,0,0,0,0,0,0,0
49500,8526,0,1345,0,116,0,7,0,5,0,1,0,0,0,0,0,0,0
49600,8633,0,1243,0,115,0,4,0,4,0,1,0,0,0,0,0,0,0
49700,8654,0,1225,0,118,0,0,0,3,0,0,0,0,0,0,0,0,0
49800,8692,0,1182,0,120,0,4,0,2,0,0,0,0,0,0,0,0,0
49900,8784,0,1091,0,117,0,5,0,2,0,1,0,0,0,0,0,0,0
50000,8771,0,1105,0,115,0,2,0,4,0,3,0,0,0,0,0,0,0
50100,8785,0,1082,0,122,0,6,0,2,0,3,0,0,0,0,0,0,0
50200,8776,0,1092,0,126,0,1,0,4,0,0,0,1,0,0,0,0,0
50300,8784,0,1086,0,120,0,5,0,4,0,1,0,0,0,0,0,0,0
50400,8775,0,1099,0,119,0,4,0,3,0,0,0,0,0,0,0,0,0
50500,8787,0,1090,0,117,0,3,0,3,0,0,0,0,0,0,0,0,0
50600,8794,0,1083,0,117,0,0,0,4,0,2,0,0,0,0,0,0,0
50700,8825,0,1051,0,116,0,3,0,2,0,3,0,0,0,0,0,0,0
50800,8822,0,1052,0,116,0,2,0,6,0,2,0,0,0,0,0,0,0
50900,8847,0,1025,0,118,0,4,0,5,0,1,0,0,0,0,0,0,0
51000,8845,0,1032,0,116,0,5,0,2,0,0,0,0,0,0,0,0,0
51100,8876,0,1034,0,77,0,10,0,3,0,0,0,0,0,0,0,0,0
51200,8957,0,977,0,59,0,5,0,1,0,1,0,0,0,0,0,0,0
51300,8988,0,961,0,41,0,8,0,2,0,0,0,0,0,0,0,0,0
51400,9064,0,916,0,7,0,3,0,7,0,3,0,0,0,0,0,0,0
51500,9110,0,874,0,8,0,5,0,3,0,0,0,0,0,0,0,0,0
51600,9140,0,848,0,4,0,5,0,3,0,0,0,0,0,0,0,0,0
51700,9168,0,819,0,3,0,4,0,2,0,4,0,0,0,0,0,0,0
51800,9158,0,835,0,0,0,0,0,2,0,5,0,0,0,0,0,0,0
51900,9155,0,834,0,3,0,4,0,3,0,1,0,0,0,0,0,0,0
52000,9139,0,852,0,1,0,7,0,1,0,0,0,0,0,0,0,0,0
52100,9086,0,903,0,2,0,7,0,2,0,0,0,0,0,0,0,0,0
52200,9063,0,923,0,3,0,7,0,2,0,2,0,0,0,0,0,0,0
52300,9046,0,945,0,2,0,3,0,3,0,1,0,0,0,0,0,0,0
52400,9018,0,966,0,4,0,11,0,1,0,0,0,0,0,0,0,0,0
52500,9058,0,923,0,5,0,10,0,2,0,2,0,0,0,0,0,0,0
52600,9094,0,890,0,2,0,10,0,2,0,2,0,0,0,0,0,0,0
52700,9099,0,886,0,1,0,9,0,2,0,3,0,0,0,0,0,0,0
52800,9052,0,931,0,3,0,9,0,3,0,2,0,0,0,0,0,0,0
52900,9063,0,923,0,4,0,7,0,2,0,1,0,0,0,0,0,0,0
53000,9063,0,922,0,4,0,7,0,4,0,0,0,0,0,0,0,0,0
53100,9033,0,956,0,0,0,5,0,5,0,1,0,0,0,0,0,0,0
53200,9063,0,928,0,3,0,4,0,2,0,0,0,0,0,0,0,0,0
53300,9032,0,952,0,2,0,7,0,4,0,3,0,0,0,0,0,0,0
53400,9031,0,956,0,4,0,1,0,4,0,4,0,0,0,0,0,0,0
53500,9011,0,980,0,1,0,1,0,7,0,0,0,0,0,0,0,0,0
53600,8991,0,986,0,1,0,13,0,8,0,0,0,1,0,0,0,0,0
53700,8957,0,1034,0,0,0,8,0,0,0,1,0,0,0,0,0,0,0
53800,8901,0,1071,0,0,0,21,0,4,0,3,0,0,0,0,0,0,0
53900,8818,0,1088,0,33,0,59,0,2,0,0,0,0,0,0,0,0,0
54000,8774,0,1113,0,46,0,61,0,6,0,0,0,0,0,0,0,0,0
54100,8767,0,1115,0,47,0,66,0,4,0,1,0,0,0,0,0,0,0
54200,8829,0,1051,0,46,0,64,0,5,0,4,0,1,0,0,0,0,0
54300,8868,0,1009,0,45,0,71,0,6,0,1,0,0,0,0,0,0,0
54400,8839,0,1084,0,46,0,23,0,7,0,1,0,0,0,0,0,0,0
54500,8920,0,1020,0,47,0,9,0,3,0,1,0,0,0,0,0,0,0
54600,8795,0,1141,0,47,0,8,0,8,0,1,0,0,0,0,0,0,0
54700,8800,0,1139,0,47,0,6,0,6,0,2,0,0,0,0,0,0,0
54800,8840,0,1095,0,45,0,11,0,6,0,3,0,0,0,0,0,0,0
54900,8877,0,1064,0,48,0,7,0,4,0,0,0,0,0,0,0,0,0
55000,8908,0,1039,0,44,0,6,0,3,0,0,0,0,0,0,0,0,0
55100,8944,0,999,0,46,0,7,0,3,0,1,0,0,0,0,0,0,0
55200,8984,0,961,0,46,0,6,0,3,0,0,0,0,0,0,0,0,0
55300,8956,0,978,0,47,0,16,0,1,0,2,0,0,0,0,0,0,0
55400,8922,0,1025,0,47,0,4,0,1,0,1,0,0,0,0,0,0,0
55500,8857,0,1082,0,45,0,7,0,5,0,4,0,0,0,0,0,0,0
55600,8838,0,1106,0,48,0,5,0,2,0,1,0,0,0,0,0,0,0
55700,8873,0,1072,0,47,0,6,0,2,0,0,0,0,0,0,0,0,0
55800,8905,0,1034,0,44,0,7,0,8,0,2,0,0,0,0,0,0,0
55900,8867,0,1074,0,45,0,9,0,3,0,2,0,0,0,0,0,0,0
56000,8884,0,1056,0,48,0,2,0,7,0,3,0,0,0,0,0,0,0
56100,8978,0,973,0,46,0,1,0,1,0,1,0,0,0,0,0,0,0
56200,9002,0,944,0,47,0,5,0,1,0,1,0,0,0,0,0,0,0
56300,8952,0,988,0,46,0,5,0,8,0,1,0,0,0,0,0,0,0
56400,9009,0,935,0,47,0,3,0,5,0,1,0,0,0,0,0,0,0
56500,8978,0,960,0,49,0,3,0,8,0,2,0,0,0,0,0,0,0
56600,8969,0,974,0,49,0,1,0,2,0,5,0,0,0,0,0,0,0
56700,8976,0,969,0,45,0,1,0,4,0,5,0,0,0,0,0,0,0
56800,8926,0,1017,0,46,0,2,0,5,0,4,0,0,0,0,0,0,0
56900,8877,0,1070,0,45,0,3,0,4,0,1,0,0,0,0,0,0,0
57000,8853,0,1091,0,47,0,4,0,2,0,3,0,0,0,0,0,0,0
57100,8778,0,1165,0,44,0,9,0,2,0,2,0,0,0,0,0,0,0
57200,8796,0,1154,0,46,0,0,0,1,0,3,0,0,0,0,0,0,0
57300,8782,0,1167,0,46,0,0,0,4,0,1,0,0,0,0,0,0,0
57400,8761,0,1178,0,53,0,3,0,3,0,2,0,0,0,0,0,0,0
57500,8770,0,1179,0,46,0,2,0,3,0,0,0,0,0,0,0,0,0
57600,8787,0,1161,0,49,0,0,0,2,0,1,0,0,0,0,0,0,0
57700,8847,0,1099,0,48,0,2,0,2,0,2,0,0,0,0,0,0,0
57800,8818,0,1125,0,44,0,3,0,6,0,1,0,3,0,0,0,0,0
57900,8762,0,1182,0,46,0,7,0,2,0,1,0,0,0,0,0,0,0
58000,8694,0,1250,0,45,0,5,0,3,0,3,0,0,0,0,0,0,0
58100,8703,0,1235,0,51,0,8,0,1,0,2,0,0,0,0,0,0,0
58200,8678,0,1265,0,48,0,4,0,3,0,2,0,0,0,0,0,0,0
58300,8635,0,1336,0,18,0,4,0,5,0,2,0,0,0,0,0,0,0
58400,8630,0,1364,0,2,0,1,0,2,0,1,0,0,0,0,0,0,0
58500,8653,0,1336,0,3,0,5,0,2,0,1,0,0,0,0,0,0,0
58600,8688,0,1304,0,1,0,4,0,3,0,0,0,0,0,0,0,0,0
58700,8718,0,1274,0,2,0,4,0,1,0,0,0,0,0,1,0,0,0
58800,8724,0,1271,0,2,0,2,0,0,0,1,0,0,0,0,0,0,0
58900,8771,0,1219,0,4,0,1,0,3,0,2,0,0,0,0,0,0,0
59000,8799,0,1192,0,4,0,2,0,2,0,1,0,0,0,0,0,0,0
59100,8872,0,1117,0,4,0,4,0,2,0,1,0,0,0,0,0,0,0
59200,8931,0,1062,0,4,0,2,0,1,0,0,0,0,0,0,0,0,0
59300,8921,0,1068,0,4,0,3,0,3,0,1,0,0,0,0,0,0,0
59400,8923,0,1067,0,4,0,3,0,3,0,0,0,0,0,0,0,0,0
59500,8905,0,1082,0,6,0,1,0,4,0,2,0,0,0,0,0,0,0
59600,8867,0,1119,0,4,0,4,0,3,0,3,0,0,0,0,0,0,0
59700,8952,0,1038,0,5,0,1,0,3,0,1,0,0,0,0,0,0,0
59800,9009,0,980,0,6,0,3,0,2,0,0,0,0,0,0,0,0,0
59900,8961,0,1026,0,8,0,0,0,5,0,0,0,0,0,0,0,0,0
60000,8991,0,997,0,5,0,3,0,4,0,0,0,0,0,0,0,0,0
60100,9099,0,888,0,4,0,4,0,3,0,2,0,0,0,0,0,0,0
60200,9115,0,874,0,3,0,5,0,2,0,1,0,0,0,0,0,0,0
60300,9166,0,811,0,8,0,8,0,7,0,0,0,0,0,0,0,0,0
60400,9221,0,767,0,6,0,2,0,3,0,1,0,0,0,0,0,0,0
60500,9330,0,657,0,5,0,3,0,4,0,1,0,0,0,0,0,0,0
60600,9344,0,640,0,1,0,12,0,2,0,1,0,0,0,0,0,0,0
60700,9404,0,592,0,2,0,1,0,1,0,0,0,0,0,0,0,0,0
60800,9398,0,593,0,3,0,1,0,2,0,3,0,0,0,0,0,0,0
60900,9348,0,648,0,1,0,0,0,2,0,1,0,0,0,0,0,0,0
61000,9351,0,634,0,3,0,7,0,3,0,2,0,0,0,0,0,0,0
61100,9387,0,599,0,3,0,5,0,3,0,3,0,0,0,0,0,0,0
61200,9455,0,538,0,2,0,1,0,2,0,2,0,0,0,0,0,0,0
61300,9502,0,486,0,5,0,2,0,5,0,0,0,0,0,0,0,0,0
61400,9506,0,482,0,7,0,1,0,2,0,2,0,0,0,0,0,0,0
61500,9509,0,484,0,2,0,2,0,3,0,0,0,0,0,0,0,0,0
61600,9518,0,472,0,1,0,3,0,4,0,2,0,0,0,0,0,0,0
61700,9543,0,448,0,0,0,6,0,1,0,2,0,0,0,0,0,0,0
61800,9571,0,419,0,3,0,0,0,7,0,0,0,0,0,0,0,0,0
61900,9555,0,433,0,1,0,7,0,4,0,0,0,0,0,0,0,0,0
62000,9535,0,452,0,3,0,1,0,9,0,0,0,0,0,0,0,0,0
62100,9492,0,497,0,2,0,2,0,7,0,0,0,0,0,0,0,0,0
62200,9533,0,457,0,9,0,0,0,0,0,0,0,1,0,0,0,0,0
62300,9528,0,453,0,10,0,3,0,2,0,4,0,0,0,0,0,0,0
62400,9528,0,455,0,9,0,2,0,5,0,1,0,0,0,0,0,0,0
62500,9546,0,434,0,10,0,2,0,7,0,1,0,0,0,0,0,0,0
62600,9480,0,500,0,10,0,5,0,3,0,2,0,0,0,0,0,0,0
62700,9503,0,480,0,10,0,3,0,3,0,1,0,0,0,0,0,0,0
62800,9575,0,416,0,8,0,1,0,0,0,0,0,0,0,0,0,0,0
62900,9564,0,422,0,8,0,4,0,2,0,0,0,0,0,0,0,0,0
63000,9560,0,422,0,9,0,6,0,2,0,1,0,0,0,0,0,0,0
63100,9560,0,424,0,11,0,1,0,4,0,0,0,0,0,0,0,0,0
63200,9566,0,419,0,9,0,2,0,4,0,0,0,0,0,0,0,0,0
63300,9555,0,431,0,6,0,3,0,4,0,1,0,0,0,0,0,0,0
63400,9559,0,428,0,8,0,1,0,4,0,0,0,0,0,0,0,0,0
63500,9551,0,431,0,9,0,4,0,4,0,1,0,0,0,0,0,0,0
63600,9549,0,434,0,10,0,5,0,2,0,0,0,0,0,0,0,0,0
63700,9482,0,498,0,12,0,5,0,1,0,2,0,0,0,0,0,0,0
63800,9495,0,490,0,4,0,5,0,4,0,2,0,0,0,0,0,0,0
63900,9501,0,489,0,4,0,2,0,4,0,0,0,0,0,0,0,0,0
64000,9518,0,476,0,2,0,1,0,2,0,1,0,0,0,0,0,0,0
64100,9551,0,442,0,2,0,0,0,4,0,1,0,0,0,0,0,0,0
64200,9549,0,445,0,0,0,3,0,3,0,0,0,0,0,0,0,0,0
64300,9555,0,437,0,3,0,3,0,0,0,0,0,2,0,0,0,0,0
64400,9555,0,441,0,0,0,1,0,3,0,0,0,0,0,0,0,0,0
64500,9561,0,429,0,1,0,5,0,3,0,1,0,0,0,0,0,0,0
64600,9613,0,375,0,5,0,3,0,4,0,0,0,0,0,0,0,0,0
64700,9557,0,431,0,4,0,3,0,5,0,0,0,0,0,0,0,0,0
64800,9527,0,470,0,1,0,2,0,0,0,0,0,0,0,0,0,0,0
64900,9573,0,420,0,3,0,1,0,3,0,0,0,0,0,0,0,0,0
65000,9631,0,364,0,0,0,3,0,2,0,0,0,0,0,0,0,0,0
65100,9689,0,307,0,2,0,1,0,0,0,1,0,0,0,0,0,0,0
65200,9694,0,300,0,1,0,3,0,2,0,0,0,0,0,0,0,0,0
65300,9753,0,242,0,3,0,0,0,1,0,1,0,0,0,0,0,0,0
65400,9753,0,237,0,3,0,2,0,5,0,0,0,0,0,0,0,0,0
65500,9761,0,234,0,2,0,1,0,2,0,0,0,0,0,0,0,0,0
65600,9756,0,237,0,4,0,2,0,0,0,1,0,0,0,0,0,0,0
65700,9742,0,255,0,2,0,0,0,1,0,0,0,0,0,0,0,0,0
65800,9711,0,287,0,0,0,1,0,0,0,1,0,0,0,0,0,0,0
65900,9659,0,331,0,7,0,0,0,2,0,1,0,0,0,0,0,0,0
66000,9639,0,357,0,0,0,0,0,3,0,1,0,0,0,0,0,0,0
66100,9608,0,384,0,3,0,1,0,4,0,0,0,0,0,0,0,0,0
66200,9583,0,413,0,0,0,4,0,0,0,0,0,0,0,0,0,0,0
66300,9575,0,419,0,0,0,2,0,3,0,1,0,0,0,0,0,0,0
66400,9575,0,416,0,4,0,3,0,2,0,0,0,0,0,0,0,0,0
66500,9639,0,355,0,2,0,3,0,1,0,0,0,0,0,0,0,0,0
66600,9612,0,362,0,4,0,17,0,5,0,0,0,0,0,0,0,0,0
66700,9613,0,367,0,3,0,14,0,1,0,2,0,0,0,0,0,0,0
66800,9620,0,362,0,0,0,14,0,3,0,1,0,0,0,0,0,0,0
66900,9614,0,365,0,0,0,17,0,4,0,0,0,0,0,0,0,0,0
67000,9616,0,365,0,0,0,18,0,1,0,0,0,0,0,0,0,0,0
67100,9617,0,363,0,0,0,19,0,0,0,1,0,0,0,0,0,0,0
67200,9611,0,369,0,2,0,17,0,1,0,0,0,0,0,0,0,0,0
67300,9634,0,346,0,2,0,16,0,2,0,0,0,0,0,0,0,0,0
67400,9627,0,353,0,2,0,15,0,2,0,1,0,0,0,0,0,0,0
67500,9665,0,305,0,5,0,16,0,8,0,1,0,0,0,0,0,0,0
67600,9635,0,345,0,1,0,18,0,0,0,1,0,0,0,0,0,0,0
67700,9671,0,316,0,4,0,7,0,2,0,0,0,0,0,0,0,0,0
67800,9739,0,256,0,2,0,1,0,2,0,0,0,0,0,0,0,0,0
67900,9791,0,206,0,0,0,2,0,0,0,1,0,0,0,0,0,0,0
68000,9786,0,200,0,4,0,6,0,3,0,1,0,0,0,0,0,0,0
68100,9786,0,203,0,3,0,3,0,3,0,2,0,0,0,0,0,0,0
68200,9789,0,201,0,3,0,0,0,6,0,1,0,0,0,0,0,0,0
68300,9792,0,202,0,0,0,2,0,4,0,0,0,0,0,0,0,0,0
68400,9831,0,159,0,2,0,3,0,5,0,0,0,0,0,0,0,0,0
68500,9828,0,164,0,2,0,1,0,4,0,1,0,0,0,0,0,0,0
68600,9834,0,161,0,1,0,2,0,2,0,0,0,0,0,0,0,0,0
68700,9833,0,165,0,1,0,0,0,0,0,1,0,0,0,0,0,0,0
68800,9831,0,162,0,2,0,1,0,3,0,1,0,0,0,0,0,0,0
68900,9830,0,166,0,0,0,1,0,2,0,1,0,0,0,0,0,0,0
69000,9830,0,163,0,2,0,1,0,4,0,0,0,0,0,0,0,0,0
69100,9799,0,196,0,1,0,0,0,4,0,0,0,0,0,0,0,0,0
69200,9779,0,210,0,6,0,1,0,4,0,0,0,0,0,0,0,0,0
69300,9787,0,209,0,1,0,2,0,1,0,0,0,0,0,0,0,0,0
69400,9783,0,210,0,1,0,3,0,2,0,1,0,0,0,0,0,0,0
69500,9786,0,207,0,2,0,0,0,4,0,1,0,0,0,0,0,0,0
69600,9763,0,225,0,1,0,4,0,6,0,1,0,0,0,0,0,0,0
69700,9781,0,213,0,3,0,3,0,0,0,0,0,0,0,0,0,0,0
69800,9782,0,211,0,3,0,1,0,3,0,0,0,0,0,0,0,0,0
69900,9783,0,209,0,5,0,2,0,1,0,0,0,0,0,0,0,0,0
70000,9750,0,237,0,3,0,4,0,5,0,1,0,0,0,0,0,0,0
70100,9708,0,285,0,1,0,1,0,5,0,0,0,0,0,0,0,0,0
70200,9660,0,334,0,1,0,1,0,2,0,2,0,0,0,0,0,0,0
70300,9623,0,368,0,2,0,1,0,4,0,2,0,0,0,0,0,0,0
70400,9623,0,370,0,1,0,1,0,5,0,0,0,0,0,0,0,0,0
70500,9625,0,368,0,0,0,1,0,4,0,2,0,0,0,0,0,0,0
70600,9586,0,406,0,3,0,0,0,3,0,2,0,0,0,0,0,0,0
70700,9561,0,437,0,1,0,1,0,0,0,0,0,0,0,0,0,0,0
70800,9529,0,466,0,1,0,2,0,1,0,1,0,0,0,0,0,0,0
70900,9567,0,422,0,3,0,6,0,0,0,2,0,0,0,0,0,0,0
71000,9530,0,460,0,0,0,5,0,4,0,1,0,0,0,0,0,0,0
71100,9526,0,464,0,3,0,4,0,3,0,0,0,0,0,0,0,0,0
71200,9604,0,384,0,2,0,3,0,5,0,2,0,0,0,0,0,0,0
71300,9545,0,446,0,0,0,8,0,0,0,1,0,0,0,0,0,0,0
71400,9514,0,474,0,1,0,8,0,1,0,2,0,0,0,0,0,0,0
71500,9516,0,471,0,6,0,5,0,1,0,1,0,0,0,0,0,0,0
71600,9530,0,467,0,2,0,1,0,0,0,0,0,0,0,0,0,0,0
71700,9535,0,460,0,0,0,0,0,5,0,0,0,0,0,0,0,0,0
71800,9541,0,452,0,2,0,4,0,1,0,0,0,0,0,0,0,0,0
71900,9519,0,474,0,2,0,2,0,2,0,1,0,0,0,0,0,0,0
72000,9518,0,477,0,1,0,1,0,1,0,2,0,0,0,0,0,0,0
72100,9536,0,455,0,5,0,1,0,3,0,0,0,0,0,0,0,0,0
72200,9595,0,395,0,4,0,4,0,1,0,0,0,0,0,0,0,1,0
72300,9615,0,377,0,1,0,4,0,2,0,1,0,0,0,0,0,0,0
72400,9613,0,375,0,3,0,3,0,5,0,1,0,0,0,0,0,0,0
72500,9603,0,385,0,1,0,6,0,4,0,1,0,0,0,0,0,0,0
72600,9605,0,387,0,1,0,5,0,2,0,0,0,0,0,0,0,0,0
72700,9569,0,419,0,2,0,4,0,6,0,0,0,0,0,0,0,0,0
72800,9530,0,466,0,2,0,1,0,1,0,0,0,0,0,0,0,0,0
72900,9590,0,393,0,3,0,6,0,6,0,2,0,0,0,0,0,0,0
73000,9587,0,405,0,0,0,6,0,1,0,1,0,0,0,0,0,0,0
73100,9585,0,400,0,1,0,10,0,4,0,0,0,0,0,0,0,0,0
73200,9586,0,406,0,0,0,4,0,3,0,1,0,0,0,0,0,0,0
73300,9598,0,388,0,3,0,6,0,4,0,1,0,0,0,0,0,0,0
73400,9576,0,413,0,4,0,2,0,4,0,1,0,0,0,0,0,0,0
73500,9571,0,419,0,1,0,6,0,3,0,0,0,0,0,0,0,0,0
73600,9551,0,437,0,1,0,5,0,3,0,3,0,0,0,0,0,0,0
73700,9556,0,435,0,2,0,4,0,2,0,1,0,0,0,0,0,0,0
73800,9613,0,379,0,3,0,0,0,3,0,2,0,0,0,0,0,0,0
73900,9583,0,407,0,0,0,8,0,1,0,1,0,0,0,0,0,0,0
74000,9553,0,432,0,4,0,1,0,10,0,0,0,0,0,0,0,0,0
74100,9545,0,444,0,1,0,3,0,6,0,1,0,0,0,0,0,0,0
74200,9552,0,442,0,2,0,2,0,1,0,1,0,0,0,0,0,0,0
74300,9559,0,429,0,2,0,3,0,7,0,0,0,0,0,0,0,0,0
74400,9652,0,342,0,0,0,4,0,1,0,1,0,0,0,0,0,0,0
74500,9642,0,345,0,2,0,3,0,6,0,2,0,0,0,0,0,0,0
74600,9629,0,360,0,5,0,2,0,3,0,1,0,0,0,0,0,0,0
74700,9663,0,331,0,3,0,1,0,1,0,1,0,0,0,0,0,0,0
74800,9698,0,294,0,3,0,1,0,4,0,0,0,0,0,0,0,0,0
74900,9741,0,245,0,3,0,5,0,2,0,4,0,0,0,0,0,0,0
75000,9787,0,209,0,2,0,0,0,2,0,0,0,0,0,0,0,0,0
75100,9788,0,201,0,4,0,2,0,4,0,1,0,0,0,0,0,0,0
75200,9769,0,216,0,3,0,5,0,5,0,2,0,0,0,0,0,0,0
75300,9774,0,217,0,2,0,3,0,4,0,0,0,0,0,0,0,0,0
75400,9763,0,229,0,2,0,4,0,2,0,0,0,0,0,0,0,0,0
75500,9764,0,233,0,1,0,0,0,1,0,1,0,0,0,0,0,0,0
75600,9756,0,234,0,4,0,3,0,3,0,0,0,0,0,0,0,0,0
75700,9741,0,242,0,3,0,3,0,10,0,1,0,0,0,0,0,0,0
75800,9776,0,219,0,2,0,2,0,1,0,0,0,0,0,0,0,0,0
75900,9775,0,219,0,1,0,3,0,0,0,2,0,0,0,0,0,0,0
76000,9781,0,213,0,1,0,1,0,3,0,1,0,0,0,0,0,0,0
76100,9787,0,209,0,1,0,1,0,2,0,0,0,0,0,0,0,0,0
76200,9807,0,185,0,3,0,1,0,3,0,1,0,0,0,0,0,0,0
76300,9826,0,168,0,2,0,1,0,1,0,2,0,0,0,0,0,0,0
76400,9830,0,163,0,2,0,0,0,4,0,1,0,0,0,0,0,0,0
76500,9834,0,157,0,0,0,4,0,4,0,1,0,0,0,0,0,0,0
76600,9827,0,162,0,3,0,1,0,3,0,4,0,0,0,0,0,0,0
76700,9831,0,159,0,4,0,4,0,2,0,0,0,0,0,0,0,0,0
76800,9817,0,176,0,2,0,0,0,4,0,1,0,0,0,0,0,0,0
76900,9780,0,215,0,2,0,0,0,2,0,1,0,0,0,0,0,0,0
77000,9830,0,164,0,3,0,1,0,2,0,0,0,0,0,0,0,0,0
77100,9829,0,154,0,1,0,11,0,4,0,1,0,0,0,0,0,0,0
77200,9894,0,97,0,3,0,4,0,1,0,1,0,0,0,0,0,0,0
77300,9900,0,93,0,1,0,1,0,3,0,2,0,0,0,0,0,0,0
77400,9921,0,72,0,0,0,4,0,1,0,2,0,0,0,0,0,0,0
77500,9920,0,70,0,0,0,2,0,7,0,1,0,0,0,0,0,0,0
77600,9943,0,54,0,1,0,0,0,2,0,0,0,0,0,0,0,0,0
77700,9945,0,48,0,2,0,4,0,1,0,0,0,0,0,0,0,0,0
77800,9949,0,46,0,2,0,1,0,0,0,2,0,0,0,0,0,0,0
77900,9943,0,54,0,2,0,0,0,0,0,1,0,0,0,0,0,0,0
78000,9941,0,52,0,2,0,2,0,2,0,1,0,0,0,0,0,0,0
78100,9925,0,64,0,1,0,6,0,1,0,2,0,1,0,0,0,0,0
78200,9922,0,71,0,2,0,2,0,2,0,1,0,0,0,0,0,0,0
78300,9919,0,64,0,4,0,10,0,1,0,2,0,0,0,0,0,0,0
78400,9941,0,50,0,2,0,6,0,1,0,0,0,0,0,0,0,0,0
78500,9956,0,33,0,3,0,6,0,1,0,1,0,0,0,0,0,0,0
78600,9980,0,10,0,2,0,4,0,2,0,2,0,0,0,0,0,0,0
78700,9982,0,8,0,6,0,1,0,1,0,2,0,0,0,0,0,0,0
78800,9973,0,13,0,11,0,1,0,2,0,0,0,0,0,0,0,0,0
78900,9976,0,13,0,8,0,2,0,1,0,0,0,0,0,0,0,0,0
79000,9977,0,9,0,8,0,1,0,2,0,3,0,0,0,0,0,0,0
79100,9976,0,8,0,9,0,0,0,7,0,0,0,0,0,0,0,0,0
79200,9984,0,7,0,8,0,0,0,1,0,0,0,0,0,0,0,0,0
79300,9972,0,12,0,12,0,1,0,3,0,0,0,0,0,0,0,0,0
79400,9980,0,8,0,7,0,3,0,1,0,1,0,0,0,0,0,0,0
79500,9978,0,10,0,8,0,3,0,0,0,1,0,0,0,0,0,0,0
79600,9971,0,11,0,9,0,4,0,3,0,2,0,0,0,0,0,0,0
79700,9980,0,11,0,5,0,1,0,2,0,1,0,0,0,0,0,0,0
79800,9983,0,6,0,6,0,1,0,2,0,2,0,0,0,0,0,0,0
79900,9985,0,5,0,6,0,2,0,2,0,0,0,0,0,0,0,0,0
80000,9974,0,4,0,7,0,8,0,7,0,0,0,0,0,0,0,0,0
80100,9981,0,4,0,9,0,1,0,4,0,1,0,0,0,0,0,0,0
80200,9983,0,3,0,5,0,4,0,2,0,3,0,0,0,0,0,0,0
80300,9979,0,15,0,3,0,1,0,0,0,2,0,0,0,0,0,0,0
80400,9966,0,28,0,4,0,0,0,2,0,0,0,0,0,0,0,0,0
80500,9968,0,22,0,7,0,0,0,1,0,2,0,0,0,0,0,0,0
80600,9965,0,25,0,4,0,3,0,2,0,1,0,0,0,0,0,0,0
80700,9965,0,27,0,5,0,3,0,0,0,0,0,0,0,0,0,0,0
80800,9962,0,25,0,3,0,4,0,5,0,1,0,0,0,0,0,0,0
80900,9965,0,25,0,4,0,3,0,1,0,2,0,0,0,0,0,0,0
81000,9983,0,11,0,2,0,2,0,2,0,0,0,0,0,0,0,0,0
81100,9984,0,6,0,4,0,4,0,2,0,0,0,0,0,0,0,0,0
81200,9985,0,6,0,4,0,2,0,3,0,0,0,0,0,0,0,0,0
81300,9990,0,4,0,3,0,0,0,3,0,0,0,0,0,0,0,0,0
81400,9988,0,3,0,3,0,3,0,1,0,2,0,0,0,0,0,0,0
81500,9985,0,6,0,5,0,1,0,1,0,2,0,0,0,0,0,0,0
81600,9992,0,0,0,5,0,2,0,1,0,0,0,0,0,0,0,0,0
81700,9985,0,8,0,6,0,0,0,1,0,0,0,0,0,0,0,0,0
81800,9987,0,5,0,5,0,1,0,0,0,2,0,0,0,0,0,0,0
81900,9986,0,3,0,6,0,4,0,1,0,0,0,0,0,0,0,0,0
82000,9990,0,2,0,3,0,3,0,1,0,1,0,0,0,0,0,0,0
82100,9992,0,3,0,3,0,1,0,1,0,0,0,0,0,0,0,0,0
82200,9984,0,4,0,4,0,1,0,5,0,2,0,0,0,0,0,0,0
82300,9979,0,6,0,5,0,4,0,4,0,2,0,0,0,0,0,0,0
82400,9983,0,3,0,2,0,5,0,6,0,1,0,0,0,0,0,0,0
82500,9988,0,2,0,5,0,1,0,3,0,1,0,0,0,0,0,0,0
82600,9984,0,6,0,4,0,2,0,2,0,1,0,1,0,0,0,0,0
82700,9980,0,7,0,9,0,2,0,1,0,1,0,0,0,0,0,0,0
82800,9978,0,2,0,10,0,4,0,2,0,4,0,0,0,0,0,0,0
82900,9976,0,1,0,12,0,6,0,5,0,0,0,0,0,0,0,0,0
83000,9981,0,1,0,11,0,3,0,3,0,1,0,0,0,0,0,0,0
83100,9978,0,1,0,14,0,5,0,1,0,1,0,0,0,0,0,0,0
83200,9975,0,4,0,13,0,5,0,3,0,0,0,0,0,0,0,0,0
83300,9964,0,8,0,12,0,13,0,2,0,1,0,0,0,0,0,0,0
83400,9975,0,2,0,11,0,7,0,4,0,0,0,1,0,0,0,0,0
83500,9980,0,1,0,12,0,3,0,3,0,1,0,0,0,0,0,0,0
83600,9990,0,0,0,4,0,5,0,1,0,0,0,0,0,0,0,0,0
83700,9971,0,4,0,7,0,11,0,5,0,2,0,0,0,0,0,0,0
83800,9986,0,1,0,5,0,5,0,3,0,0,0,0,0,0,0,0,0
83900,9985,0,2,0,4,0,8,0,1,0,0,0,0,0,0,0,0,0
84000,9975,0,6,0,5,0,8,0,5,0,1,0,0,0,0,0,0,0
84100,9988,0,2,0,5,0,4,0,1,0,0,0,0,0,0,0,0,0
84200,9986,0,3,0,4,0,5,0,2,0,0,0,0,0,0,0,0,0
84300,9981,0,4,0,7,0,5,0,2,0,1,0,0,0,0,0,0,0
84400,9966,0,6,0,12,0,7,0,7,0,2,0,0,0,0,0,0,0
84500,9982,0,4,0,9,0,3,0,2,0,0,0,0,0,0,0,0,0
84600,9976,0,5,0,9,0,6,0,4,0,0,0,0,0,0,0,0,0
84700,9973,0,8,0,8,0,10,0,1,0,0,0,0,0,0,0,0,0
84800,9973,0,14,0,5,0,3,0,5,0,0,0,0,0,0,0,0,0
84900,9972,0,14,0,5,0,6,0,3,0,0,0,0,0,0,0,0,0
85000,9973,0,10,0,5,0,7,0,3,0,2,0,0,0,0,0,0,0
85100,9968,0,14,0,4,0,8,0,5,0,1,0,0,0,0,0,0,0
85200,9966,0,16,0,4,0,10,0,4,0,0,0,0,0,0,0,0,0
85300,9970,0,17,0,6,0,6,0,1,0,0,0,0,0,0,0,0,0
85400,9966,0,18,0,5,0,5,0,3,0,3,0,0,0,0,0,0,0
85500,9970,0,17,0,3,0,9,0,1,0,0,0,0,0,0,0,0,0
85600,9965,0,17,0,6,0,10,0,2,0,0,0,0,0,0,0,0,0
85700,9966,0,17,0,5,0,9,0,2,0,1,0,0,0,0,0,0,0
85800,9973,0,17,0,3,0,7,0,0,0,0,0,0,0,0,0,0,0
85900,9966,0,15,0,7,0,8,0,4,0,0,0,0,0,0,0,0,0
86000,9973,0,16,0,6,0,2,0,2,0,1,0,0,0,0,0,0,0
86100,9961,0,22,0,6,0,6,0,4,0,1,0,0,0,0,0,0,0
86200,9968,0,17,0,6,0,6,0,1,0,2,0,0,0,0,0,0,0
86300,9967,0,17,0,1,0,8,0,5,0,2,0,0,0,0,0,0,0
86400,9980,0,12,0,1,0,5,0,1,0,1,0,0,0,0,0,0,0
86500,9975,0,9,0,5,0,7,0,3,0,1,0,0,0,0,0,0,0
86600,9977,0,8,0,2,0,6,0,6,0,1,0,0,0,0,0,0,0
86700,9979,0,10,0,1,0,8,0,1,0,1,0,0,0,0,0,0,0
86800,9936,0,53,0,2,0,6,0,1,0,2,0,0,0,0,0,0,0
86900,9916,0,69,0,2,0,12,0,0,0,1,0,0,0,0,0,0,0
87000,9903,0,85,0,2,0,4,0,5,0,1,0,0,0,0,0,0,0
87100,9893,0,99,0,2,0,6,0,0,0,0,0,0,0,0,0,0,0
87200,9881,0,103,0,3,0,9,0,2,0,2,0,0,0,0,0,0,0
87300,9879,0,107,0,1,0,7,0,4,0,2,0,0,0,0,0,0,0
87400,9821,0,163,0,2,0,8,0,3,0,3,0,0,0,0,0,0,0
87500,9819,0,163,0,1,0,9,0,7,0,1,0,0,0,0,0,0,0
87600,9816,0,170,0,0,0,11,0,2,0,1,0,0,0,0,0,0,0
87700,9818,0,170,0,0,0,9,0,2,0,1,0,0,0,0,0,0,0
87800,9843,0,140,0,3,0,9,0,4,0,1,0,0,0,0,0,0,0
87900,9895,0,102,0,1,0,2,0,0,0,0,0,0,0,0,0,0,0
88000,9880,0,108,0,4,0,4,0,4,0,0,0,0,0,0,0,0,0
88100,9877,0,115,0,1,0,2,0,3,0,2,0,0,0,0,0,0,0
88200,9878,0,112,0,4,0,4,0,2,0,0,0,0,0,0,0,0,0
88300,9876,0,118,0,3,0,2,0,0,0,1,0,0,0,0,0,0,0
88400,9898,0,96,0,2,0,1,0,2,0,1,0,0,0,0,0,0,0
88500,9903,0,94,0,1,0,0,0,1,0,1,0,0,0,0,0,0,0
88600,9899,0,100,0,1,0,0,0,0,0,0,0,0,0,0,0,0,0
88700,9888,0,106,0,0,0,3,0,2,0,1,0,0,0,0,0,0,0
88800,9887,0,101,0,1,0,7,0,3,0,1,0,0,0,0,0,0,0
88900,9885,0,107,0,1,0,2,0,3,0,2,0,0,0,0,0,0,0
89000,9898,0,98,0,2,0,1,0,1,0,0,0,0,0,0,0,0,0
89100,9897,0,98,0,1,0,2,0,2,0,0,0,0,0,0,0,0,0
89200,9893,0,102,0,1,0,0,0,3,0,1,0,0,0,0,0,0,0
89300,9865,0,125,0,2,0,1,0,6,0,1,0,0,0,0,0,0,0
89400,9862,0,131,0,2,0,1,0,0,0,4,0,0,0,0,0,0,0
89500,9868,0,126,0,1,0,0,0,5,0,0,0,0,0,0,0,0,0
89600,9874,0,122,0,1,0,1,0,0,0,2,0,0,0,0,0,0,0
89700,9890,0,99,0,1,0,3,0,6,0,1,0,0,0,0,0,0,0
89800,9891,0,96,0,1,0,3,0,8,0,1,0,0,0,0,0,0,0
89900,9899,0,91,0,2,0,2,0,6,0,0,0,0,0,0,0,0,0
90000,9915,0,70,0,3,0,5,0,6,0,1,0,0,0,0,0,0,0
90100,9915,0,72,0,5,0,0,0,5,0,3,0,0,0,0,0,0,0
90200,9921,0,72,0,1,0,1,0,4,0,1,0,0,0,0,0,0,0
90300,9922,0,73,0,2,0,0,0,2,0,1,0,0,0,0,0,0,0
90400,9858,0,136,0,0,0,2,0,3,0,1,0,0,0,0,0,0,0
90500,9858,0,136,0,2,0,0,0,3,0,1,0,0,0,0,0,0,0
90600,9856,0,139,0,3,0,2,0,0,0,0,0,0,0,0,0,0,0
90700,9902,0,94,0,1,0,3,0,0,0,0,0,0,0,0,0,0,0
90800,9915,0,76,0,4,0,3,0,1,0,1,0,0,0,0,0,0,0
90900,9923,0,70,0,5,0,1,0,1,0,0,0,0,0,0,0,0,0
91000,9924,0,68,0,1,0,2,0,4,0,1,0,0,0,0,0,0,0
91100,9924,0,70,0,0,0,3,0,3,0,0,0,0,0,0,0,0,0
91200,9919,0,73,0,1,0,2,0,3,0,2,0,0,0,0,0,0,0
91300,9922,0,73,0,2,0,2,0,1,0,0,0,0,0,0,0,0,0
91400,9917,0,72,0,2,0,2,0,3,0,4,0,0,0,0,0,0,0
91500,9924,0,68,0,1,0,3,0,3,0,1,0,0,0,0,0,0,0
91600,9922,0,69,0,3,0,1,0,5,0,0,0,0,0,0,0,0,0
91700,9927,0,72,0,0,0,0,0,1,0,0,0,0,0,0,0,0,0
91800,9919,0,70,0,3,0,4,0,3,0,1,0,0,0,0,0,0,0
91900,9919,0,72,0,2,0,3,0,4,0,0,0,0,0,0,0,0,0
92000,9932,0,67,0,0,0,1,0,0,0,0,0,0,0,0,0,0,0
92100,9921,0,68,0,1,0,2,0,8,0,0,0,0,0,0,0,0,0
92200,9929,0,69,0,0,0,0,0,2,0,0,0,0,0,0,0,0,0
92300,9920,0,70,0,4,0,3,0,3,0,0,0,0,0,0,0,0,0
92400,9924,0,70,0,1,0,3,0,1,0,1,0,0,0,0,0,0,0
92500,9926,0,69,0,2,0,2,0,1,0,0,0,0,0,0,0,0,0
92600,9929,0,69,0,0,0,0,0,1,0,1,0,0,0,0,0,0,0
92700,9920,0,71,0,1,0,4,0,4,0,0,0,0,0,0,0,0,0
92800,9926,0,68,0,1,0,0,0,3,0,2,0,0,0,0,0,0,0
92900,9925,0,70,0,2,0,1,0,1,0,1,0,0,0,0,0,0,0
93000,9927,0,69,0,0,0,1,0,1,0,2,0,0,0,0,0,0,0
93100,9928,0,69,0,1,0,1,0,1,0,0,0,0,0,0,0,0,0
93200,9927,0,69,0,2,0,0,0,1,0,1,0,0,0,0,0,0,0
93300,9924,0,69,0,3,0,1,0,1,0,2,0,0,0,0,0,0,0
93400,9924,0,68,0,5,0,1,0,2,0,0,0,0,0,0,0,0,0
93500,9930,0,68,0,0,0,0,0,1,0,1,0,0,0,0,0,0,0
93600,9927,0,68,0,0,0,3,0,2,0,0,0,0,0,0,0,0,0
93700,9931,0,66,0,0,0,0,0,2,0,1,0,0,0,0,0,0,0
93800,9925,0,67,0,1,0,4,0,1,0,2,0,0,0,0,0,0,0
93900,9919,0,74,0,3,0,1,0,1,0,1,0,0,0,0,0,1,0
94000,9918,0,75,0,1,0,0,0,5,0,1,0,0,0,0,0,0,0
94100,9918,0,76,0,2,0,2,0,2,0,0,0,0,0,0,0,0,0
94200,9921,0,75,0,3,0,0,0,0,0,1,0,0,0,0,0,0,0
94300,9917,0,75,0,3,0,2,0,1,0,2,0,0,0,0,0,0,0
94400,9918,0,78,0,0,0,0,0,4,0,0,0,0,0,0,0,0,0
94500,9920,0,77,0,0,0,1,0,2,0,0,0,0,0,0,0,0,0
94600,9918,0,74,0,2,0,2,0,2,0,2,0,0,0,0,0,0,0
94700,9903,0,88,0,3,0,4,0,2,0,0,0,0,0,0,0,0,0
94800,9899,0,96,0,0,0,1,0,2,0,2,0,0,0,0,0,0,0
94900,9909,0,87,0,0,0,1,0,1,0,2,0,0,0,0,0,0,0
95000,9965,0,29,0,2,0,0,0,2,0,2,0,0,0,0,0,0,0
95100,9962,0,31,0,2,0,1,0,4,0,0,0,0,0,0,0,0,0
95200,9958,0,37,0,0,0,1,0,3,0,1,0,0,0,0,0,0,0
95300,9953,0,38,0,0,0,7,0,2,0,0,0,0,0,0,0,0,0
95400,9962,0,35,0,1,0,1,0,0,0,1,0,0,0,0,0,0,0
95500,9959,0,35,0,2,0,1,0,2,0,1,0,0,0,0,0,0,0
95600,9965,0,30,0,0,0,2,0,1,0,2,0,0,0,0,0,0,0
95700,9966,0,30,0,0,0,1,0,2,0,1,0,0,0,0,0,0,0
95800,9965,0,31,0,2,0,1,0,1,0,0,0,0,0,0,0,0,0
95900,9960,0,32,0,3,0,1,0,2,0,2,0,0,0,0,0,0,0
96000,9958,0,30,0,6,0,3,0,3,0,0,0,0,0,0,0,0,0
96100,9967,0,29,0,0,0,2,0,1,0,1,0,0,0,0,0,0,0
96200,9956,0,31,0,2,0,3,0,4,0,4,0,0,0,0,0,0,0
96300,9964,0,31,0,2,0,0,0,1,0,2,0,0,0,0,0,0,0
96400,9963,0,31,0,1,0,0,0,0,0,5,0,0,0,0,0,0,0
96500,9963,0,31,0,2,0,1,0,2,0,1,0,0,0,0,0,0,0
96600,9963,0,32,0,2,0,1,0,2,0,0,0,0,0,0,0,0,0
96700,9960,0,34,0,3,0,1,0,1,0,1,0,0,0,0,0,0,0
96800,9963,0,31,0,2,0,2,0,2,0,0,0,0,0,0,0,0,0
96900,9964,0,29,0,1,0,0,0,6,0,0,0,0,0,0,0,0,0
97000,9958,0,34,0,3,0,2,0,1,0,2,0,0,0,0,0,0,0
97100,9965,0,32,0,0,0,0,0,2,0,1,0,0,0,0,0,0,0
97200,9961,0,30,0,3,0,0,0,5,0,1,0,0,0,0,0,0,0
97300,9957,0,38,0,1,0,0,0,3,0,1,0,0,0,0,0,0,0
97400,9948,0,44,0,3,0,2,0,2,0,1,0,0,0,0,0,0,0
97500,9949,0,43,0,2,0,0,0,4,0,2,0,0,0,0,0,0,0
97600,9953,0,40,0,2,0,4,0,1,0,0,0,0,0,0,0,0,0
97700,9940,0,49,0,4,0,4,0,2,0,1,0,0,0,0,0,0,0
97800,9934,0,61,0,0,0,1,0,2,0,2,0,0,0,0,0,0,0
97900,9936,0,57,0,2,0,1,0,3,0,1,0,0,0,0,0,0,0
98000,9930,0,62,0,2,0,1,0,3,0,1,0,1,0,0,0,0,0
98100,9941,0,52,0,3,0,1,0,2,0,1,0,0,0,0,0,0,0
98200,9942,0,47,0,1,0,7,0,2,0,1,0,0,0,0,0,0,0
98300,9953,0,43,0,1,0,2,0,0,0,1,0,0,0,0,0,0,0
98400,9955,0,39,0,2,0,2,0,0,0,2,0,0,0,0,0,0,0
98500,9952,0,43,0,2,0,2,0,1,0,0,0,0,0,0,0,0,0
98600,9955,0,43,0,0,0,0,0,2,0,0,0,0,0,0,0,0,0
98700,9949,0,40,0,2,0,3,0,1,0,5,0,0,0,0,0,0,0
98800,9949,0,43,0,2,0,1,0,2,0,3,0,0,0,0,0,0,0
98900,9952,0,41,0,1,0,4,0,2,0,0,0,0,0,0,0,0,0
99000,9953,0,43,0,0,0,4,0,0,0,0,0,0,0,0,0,0,0
99100,9944,0,44,0,2,0,4,0,3,0,2,0,1,0,0,0,0,0
99200,9951,0,42,0,0,0,1,0,4,0,2,0,0,0,0,0,0,0
99300,9953,0,45,0,1,0,0,0,0,0,1,0,0,0,0,0,0,0
99400,9947,0,41,0,5,0,1,0,1,0,2,0,3,0,0,0,0,0
99500,9943,0,45,0,6,0,3,0,3,0,0,0,0,0,0,0,0,0
99600,9954,0,39,0,0,0,4,0,1,0,2,0,0,0,0,0,0,0
99700,9972,0,23,0,1,0,3,0,1,0,0,0,0,0,0,0,0,0
99800,9962,0,32,0,2,0,1,0,2,0,1,0,0,0,0,0,0,0
99900,9958,0,31,0,3,0,3,0,2,0,3,0,0,0,0,0,0,0
100000,9946,0,51,0,1,0,1,0,1,0,0,0,0,0,0,0,0,0
