update,host_task_NOT,sym_task_NOT,host_task_NAND,sym_task_NAND,host_task_AND,sym_task_AND,host_task_ORN,sym_task_ORN,host_task_OR,sym_task_OR,host_task_ANDN,sym_task_ANDN,host_task_NOR,sym_task_NOR,host_task_XOR,sym_task_XOR,host_task_EQU,sym_task_EQU
0,0,0,0,0,0,0,0,0,0,0,0,0,0,0,0,0,0,0
100,9998,0,0,0,1,0,0,0,3,0,0,0,0,0,0,0,0,0
200,9995,0,0,0,0,0,2,0,3,0,0,0,0,0,0,0,0,0
300,9994,0,0,0,1,0,0,0,4,0,1,0,0,0,0,0,0,0
400,9995,0,0,0,2,0,1,0,1,0,1,0,0,0,0,0,0,0
500,9990,0,0,0,1,0,3,0,5,0,1,0,0,0,0,0,0,0
600,9989,0,0,0,2,0,3,0,4,0,2,0,0,0,0,0,0,0
700,9992,0,0,0,1,0,5,0,2,0,0,0,0,0,0,0,0,0
800,9994,0,0,0,1,0,4,0,1,0,0,0,0,0,0,0,0,0
900,9991,0,0,0,1,0,5,0,1,0,2,0,0,0,0,0,0,0
1000,9990,0,1,0,1,0,6,0,2,0,0,0,0,0,0,0,0,0
1100,9987,0,0,0,3,0,4,0,4,0,2,0,0,0,0,0,0,0
1200,9988,0,0,0,3,0,4,0,4,0,1,0,0,0,0,0,0,0
1300,9981,0,0,0,5,0,6,0,6,0,2,0,0,0,0,0,0,0
1400,9986,0,1,0,2,0,5,0,4,0,2,0,0,0,0,0,0,0
1500,9986,0,0,0,4,0,5,0,3,0,2,0,0,0,0,0,0,0
1600,9983,0,1,0,3,0,6,0,2,0,5,0,0,0,0,0,0,0
1700,9983,0,6,0,3,0,4,0,2,0,2,0,0,0,0,0,0,0
1800,9977,0,6,0,3,0,8,0,4,0,2,0,0,0,0,0,0,0
1900,9987,0,5,0,1,0,4,0,1,0,2,0,0,0,0,0,0,0
2000,9982,0,6,0,3,0,6,0,1,0,2,0,0,0,0,0,0,0
2100,9987,0,6,0,1,0,5,0,0,0,1,0,0,0,0,0,0,0
2200,9986,0,4,0,1,0,4,0,4,0,1,0,0,0,0,0,0,0
2300,9988,0,4,0,1,0,6,0,1,0,0,0,0,0,0,0,0,0
2400,9979,0,7,0,1,0,8,0,5,0,0,0,0,0,0,0,0,0
2500,9987,0,4,0,0,0,8,0,0,0,1,0,0,0,0,0,0,0
2600,9974,0,7,0,4,0,9,0,6,0,0,0,0,0,0,0,0,0
2700,9981,0,6,0,2,0,7,0,3,0,1,0,0,0,0,0,0,0
2800,9979,0,4,0,2,0,10,0,3,0,2,0,0,0,0,0,0,0
2900,9985,0,6,0,3,0,6,0,0,0,0,0,0,0,0,0,0,0
3000,9984,0,8,0,0,0,4,0,2,0,2,0,0,0,0,0,0,0
3100,9989,0,4,0,1,0,4,0,2,0,0,0,0,0,0,0,0,0
3200,9979,0,11,0,3,0,4,0,3,0,0,0,0,0,0,0,0,0
3300,9968,0,18,0,1,0,6,0,6,0,1,0,0,0,0,0,0,0
3400,9960,0,18,0,2,0,11,0,9,0,0,0,0,0,0,0,0,0
3500,9977,0,16,0,1,0,5,0,1,0,0,0,0,0,0,0,0,0
3600,9966,0,16,0,4,0,5,0,6,0,3,0,0,0,0,0,0,0
3700,9971,0,17,0,5,0,4,0,3,0,0,0,0,0,0,0,0,0
3800,9980,0,14,0,1,0,1,0,3,0,1,0,0,0,0,0,0,0
3900,9968,0,18,0,3,0,5,0,5,0,1,0,0,0,0,0,0,0
4000,9980,0,16,0,2,0,0,0,2,0,0,0,0,0,0,0,0,0
4100,9979,0,14,0,0,0,1,0,6,0,0,0,0,0,0,0,0,0
4200,9978,0,15,0,1,0,1,0,1,0,4,0,0,0,0,0,0,0
4300,9983,0,12,0,0,0,1,0,3,0,1,0,0,0,0,0,0,0
4400,9984,0,12,0,1,0,1,0,1,0,1,0,0,0,0,0,0,0
4500,9982,0,13,0,1,0,1,0,2,0,1,0,0,0,0,0,0,0
4600,9977,0,13,0,3,0,1,0,2,0,4,0,0,0,0,0,0,0
4700,9981,0,9,0,6,0,0,0,4,0,0,0,0,0,0,0,0,0
4800,9978,0,12,0,4,0,1,0,4,0,1,0,0,0,0,0,0,0
4900,9972,0,11,0,0,0,7,0,9,0,1,0,0,0,0,0,0,0
5000,9973,0,11,0,3,0,7,0,6,0,0,0,0,0,0,0,0,0
5100,9979,0,8,0,3,0,4,0,4,0,2,0,0,0,0,0,0,0
5200,9983,0,10,0,0,0,3,0,3,0,1,0,0,0,0,0,0,0
5300,9985,0,5,0,3,0,4,0,2,0,1,0,0,0,0,0,0,0
5400,9976,0,14,0,0,0,6,0,3,0,1,0,0,0,0,0,0,0
5500,9953,0,41,0,4,0,1,0,0,0,1,0,0,0,0,0,0,0
5600,9945,0,36,0,4,0,6,0,8,0,1,0,0,0,0,0,0,0
5700,9947,0,41,0,2,0,3,0,6,0,1,0,0,0,0,0,0,0
5800,9933,0,51,0,3,0,4,0,9,0,0,0,0,0,0,0,0,0
5900,9938,0,48,0,2,0,3,0,5,0,4,0,0,0,0,0,0,0
6000,9929,0,58,0,4,0,6,0,3,0,0,0,0,0,0,0,0,0
6100,9932,0,53,0,2,0,6,0,4,0,3,0,0,0,0,0,0,0
6200,9931,0,54,0,3,0,6,0,6,0,0,0,0,0,0,0,0,0
6300,9905,0,77,0,2,0,5,0,8,0,2,0,1,0,0,0,0,0
6400,9891,0,87,0,5,0,7,0,8,0,2,0,0,0,0,0,0,0
6500,9900,0,86,0,3,0,10,0,1,0,0,0,0,0,0,0,0,0
6600,9890,0,96,0,1,0,9,0,2,0,1,0,1,0,0,0,0,0
6700,9859,0,119,0,3,0,11,0,5,0,3,0,0,0,0,0,0,0
6800,9865,0,120,0,2,0,7,0,4,0,2,0,0,0,0,0,0,0
6900,9847,0,139,0,4,0,6,0,3,0,1,0,0,0,0,0,0,0
7000,9832,0,155,0,1,0,6,0,4,0,2,0,0,0,0,0,0,0
7100,9761,0,212,0,6,0,14,0,6,0,1,0,0,0,0,0,0,0
7200,9732,0,238,0,1,0,19,0,7,0,3,0,0,0,0,0,0,0
7300,9685,0,289,0,3,0,18,0,5,0,0,0,0,0,0,0,0,0
7400,9684,0,282,0,5,0,20,0,8,0,1,0,0,0,0,0,0,0
7500,9694,0,279,0,3,0,17,0,5,0,2,0,0,0,0,0,0,0
7600,9668,0,288,0,9,0,30,0,4,0,1,0,0,0,0,0,0,0
7700,9644,0,284,0,29,0,30,0,10,0,3,0,0,0,0,0,0,0
7800,9647,0,279,0,38,0,30,0,4,0,2,0,0,0,0,0,0,0
7900,9595,0,312,0,37,0,47,0,7,0,2,0,0,0,0,0,0,0
8000,9550,0,356,0,36,0,42,0,11,0,5,0,0,0,0,0,0,0
8100,9505,0,422,0,32,0,34,0,4,0,3,0,0,0,0,0,0,0
8200,9494,0,438,0,25,0,34,0,9,0,0,0,0,0,0,0,0,0
8300,9492,0,442,0,26,0,32,0,6,0,2,0,0,0,0,0,0,0
8400,9515,0,423,0,26,0,27,0,8,0,1,0,0,0,0,0,0,0
8500,9521,0,422,0,20,0,32,0,3,0,2,0,0,0,0,0,0,0
8600,9487,0,451,0,19,0,33,0,9,0,1,0,0,0,0,0,0,0
8700,9499,0,440,0,19,0,32,0,8,0,2,0,0,0,0,0,0,0
8800,9465,0,468,0,19,0,37,0,7,0,2,0,2,0,0,0,0,0
8900,9444,0,507,0,14,0,26,0,5,0,4,0,0,0,0,0,0,0
9000,9478,0,478,0,7,0,27,0,8,0,2,0,0,0,0,0,0,0
9100,9496,0,455,0,10,0,28,0,7,0,4,0,0,0,0,0,0,0
9200,9440,0,510,0,7,0,33,0,6,0,4,0,0,0,0,0,0,0
9300,9405,0,549,0,9,0,29,0,7,0,1,0,0,0,0,0,0,0
9400,9384,0,585,0,4,0,22,0,5,0,0,0,0,0,0,0,0,0
9500,9333,0,634,0,4,0,25,0,3,0,1,0,0,0,0,0,0,0
9600,9330,0,637,0,8,0,20,0,3,0,2,0,0,0,0,0,0,0
9700,9313,0,641,0,6,0,31,0,7,0,2,0,0,0,0,0,0,0
9800,9306,0,668,0,2,0,16,0,4,0,4,0,0,0,0,0,0,0
9900,9276,0,692,0,6,0,14,0,8,0,4,0,0,0,0,0,0,0
10000,9241,0,726,0,4,0,19,0,9,0,1,0,0,0,0,0,0,0
10100,9260,0,710,0,3,0,20,0,5,0,2,0,0,0,0,0,0,0
10200,9266,0,702,0,7,0,12,0,10,0,3,0,0,0,0,0,0,0
10300,9216,0,749,0,9,0,17,0,7,0,2,0,0,0,0,0,0,0
10400,9212,0,757,0,10,0,17,0,0,0,4,0,0,0,0,0,0,0
10500,9192,0,770,0,5,0,23,0,8,0,2,0,0,0,0,0,0,0
10600,9198,0,773,0,7,0,9,0,8,0,4,0,1,0,0,0,0,0
10700,9118,0,855,0,7,0,13,0,5,0,1,0,1,0,0,0,0,0
10800,9076,0,889,0,11,0,15,0,7,0,2,0,0,0,0,0,0,0
10900,9028,0,953,0,6,0,4,0,6,0,3,0,0,0,0,0,0,0
11000,9051,0,927,0,7,0,4,0,7,0,4,0,0,0,0,0,0,0
11100,9040,0,953,0,2,0,2,0,1,0,2,0,0,0,0,0,0,0
11200,9090,0,892,0,5,0,2,0,9,0,2,0,0,0,0,0,0,0
11300,9071,0,911,0,7,0,3,0,6,0,2,0,0,0,0,0,0,0
11400,9103,0,882,0,5,0,3,0,4,0,3,0,0,0,0,0,0,0
11500,9098,0,883,0,9,0,5,0,4,0,1,0,0,0,0,0,0,0
11600,9036,0,945,0,6,0,2,0,6,0,5,0,0,0,0,0,0,0
11700,9005,0,970,0,7,0,11,0,5,0,2,0,0,0,0,0,0,0
11800,9044,0,936,0,4,0,4,0,11,0,1,0,0,0,0,0,0,0
11900,9052,0,930,0,6,0,7,0,5,0,0,0,0,0,0,0,0,0
12000,9078,0,899,0,4,0,8,0,7,0,4,0,0,0,0,0,0,0
12100,9064,0,920,0,6,0,7,0,2,0,1,0,0,0,0,0,0,0
12200,9078,0,902,0,8,0,9,0,2,0,1,0,0,0,0,0,0,0
12300,9082,0,895,0,7,0,9,0,6,0,1,0,0,0,0,0,0,0
12400,9057,0,915,0,4,0,9,0,12,0,3,0,0,0,0,0,0,0
12500,9004,0,958,0,4,0,19,0,13,0,2,0,0,0,0,0,0,0
12600,8999,0,963,0,8,0,18,0,8,0,4,0,0,0,0,0,0,0
12700,9032,0,927,0,10,0,23,0,5,0,3,0,0,0,0,0,0,0
12800,9059,0,872,0,5,0,54,0,8,0,2,0,0,0,0,0,0,0
12900,9100,0,839,0,9,0,43,0,6,0,3,0,0,0,0,0,0,0
13000,9073,0,862,0,9,0,49,0,7,0,0,0,0,0,0,0,0,0
13100,9091,0,848,0,6,0,48,0,5,0,1,0,1,0,0,0,0,0
13200,9096,0,869,0,7,0,21,0,7,0,0,0,0,0,0,0,0,0
13300,9063,0,900,0,8,0,17,0,11,0,1,0,0,0,0,0,0,0
13400,9047,0,933,0,10,0,6,0,3,0,1,0,0,0,0,0,0,0
13500,9101,0,869,0,9,0,12,0,7,0,2,0,0,0,0,0,0,0
13600,9114,0,866,0,6,0,6,0,6,0,2,0,0,0,0,0,0,0
13700,9150,0,828,0,7,0,9,0,2,0,4,0,0,0,0,0,0,0
13800,9113,0,855,0,8,0,10,0,12,0,2,0,0,0,0,0,0,0
13900,9162,0,807,0,10,0,16,0,3,0,2,0,0,0,0,0,0,0
14000,9202,0,767,0,8,0,12,0,8,0,3,0,0,0,0,0,0,0
14100,9164,0,811,0,5,0,18,0,1,0,1,0,0,0,0,0,0,0
14200,9197,0,772,0,4,0,16,0,9,0,2,0,0,0,0,0,0,0
14300,9233,0,739,0,5,0,12,0,8,0,3,0,0,0,0,0,0,0
14400,9179,0,793,0,7,0,12,0,7,0,2,0,0,0,0,0,0,0
14500,9128,0,841,0,8,0,11,0,8,0,4,0,0,0,0,0,0,0
14600,9136,0,826,0,15,0,10,0,8,0,5,0,0,0,0,0,0,0
14700,9163,0,787,0,18,0,15,0,12,0,5,0,0,0,0,0,0,0
14800,9065,0,862,0,21,0,41,0,8,0,3,0,0,0,0,0,0,0
14900,9056,0,874,0,16,0,40,0,11,0,3,0,0,0,0,0,0,0
15000,9039,0,889,0,19,0,42,0,7,0,4,0,0,0,0,0,0,0
15100,9066,0,868,0,18,0,39,0,5,0,4,0,0,0,0,0,0,0
15200,8996,0,938,0,18,0,36,0,10,0,2,0,0,0,0,0,0,0
15300,9017,0,915,0,17,0,40,0,10,0,1,0,0,0,0,0,0,0
15400,9050,0,879,0,23,0,42,0,2,0,4,0,0,0,0,0,0,0
15500,9073,0,857,0,21,0,41,0,7,0,1,0,0,0,0,0,0,0
15600,9117,0,814,0,20,0,40,0,6,0,2,0,1,0,0,0,0,0
15700,9131,0,831,0,16,0,14,0,3,0,5,0,0,0,0,0,0,0
15800,9224,0,750,0,15,0,7,0,4,0,0,0,0,0,0,0,0,0
15900,9295,0,665,0,17,0,11,0,10,0,2,0,0,0,0,0,0,0
16000,9325,0,642,0,20,0,10,0,3,0,0,0,0,0,0,0,0,0
16100,9315,0,652,0,20,0,9,0,3,0,1,0,0,0,0,0,0,0
16200,9339,0,626,0,15,0,10,0,7,0,3,0,0,0,0,0,0,0
16300,9399,0,570,0,13,0,12,0,3,0,2,0,1,0,0,0,0,0
16400,9425,0,551,0,8,0,10,0,5,0,1,0,0,0,0,0,0,0
16500,9495,0,486,0,4,0,10,0,4,0,1,0,0,0,0,0,0,0
16600,9511,0,473,0,5,0,3,0,6,0,2,0,0,0,0,0,0,0
16700,9532,0,458,0,1,0,6,0,2,0,1,0,0,0,0,0,0,0
16800,9506,0,469,0,8,0,13,0,2,0,2,0,0,0,0,0,0,0
16900,9547,0,441,0,2,0,5,0,4,0,1,0,0,0,0,0,0,0
17000,9564,0,425,0,5,0,5,0,1,0,0,0,0,0,0,0,0,0
17100,9554,0,429,0,3,0,9,0,5,0,0,0,0,0,0,0,0,0
17200,9567,0,415,0,3,0,10,0,2,0,2,0,1,0,0,0,0,0
17300,9572,0,391,0,4,0,26,0,6,0,1,0,0,0,0,0,0,0
17400,9609,0,372,0,5,0,11,0,1,0,2,0,0,0,0,0,0,0
17500,9554,0,415,0,3,0,22,0,5,0,1,0,0,0,0,0,0,0
17600,9543,0,429,0,5,0,18,0,3,0,2,0,0,0,0,0,0,0
17700,9533,0,431,0,6,0,24,0,6,0,0,0,0,0,0,0,0,0
17800,9554,0,419,0,5,0,15,0,5,0,2,0,0,0,0,0,0,0
17900,9588,0,391,0,0,0,13,0,5,0,3,0,0,0,0,0,0,0
18000,9586,0,400,0,1,0,12,0,1,0,0,0,0,0,0,0,0,0
18100,9600,0,379,0,4,0,13,0,4,0,0,0,0,0,0,0,0,0
18200,9584,0,397,0,3,0,11,0,3,0,2,0,0,0,0,0,0,0
18300,9588,0,391,0,2,0,13,0,5,0,1,0,0,0,0,0,0,0
18400,9611,0,368,0,2,0,14,0,5,0,0,0,0,0,0,0,0,0
18500,9601,0,379,0,2,0,15,0,0,0,3,0,0,0,0,0,0,0
18600,9619,0,360,0,4,0,12,0,4,0,1,0,0,0,0,0,0,0
18700,9626,0,356,0,1,0,11,0,6,0,0,0,0,0,0,0,0,0
18800,9661,0,315,0,2,0,14,0,4,0,4,0,0,0,0,0,0,0
18900,9729,0,248,0,3,0,14,0,4,0,2,0,0,0,0,0,0,0
19000,9774,0,203,0,2,0,17,0,4,0,0,0,0,0,0,0,0,0
19100,9812,0,166,0,4,0,12,0,5,0,1,0,0,0,0,0,0,0
19200,9846,0,134,0,1,0,18,0,0,0,1,0,0,0,0,0,0,0
19300,9854,0,129,0,2,0,11,0,4,0,0,0,0,0,0,0,0,0
19400,9860,0,122,0,0,0,14,0,4,0,0,0,0,0,0,0,0,0
19500,9857,0,121,0,3,0,13,0,5,0,1,0,0,0,0,0,0,0
19600,9853,0,127,0,4,0,8,0,6,0,2,0,0,0,0,0,0,0
19700,9847,0,137,0,3,0,10,0,0,0,3,0,0,0,0,0,0,0
19800,9822,0,160,0,1,0,12,0,1,0,4,0,0,0,0,0,0,0
19900,9848,0,134,0,6,0,8,0,3,0,1,0,0,0,0,0,0,0
20000,9850,0,131,0,0,0,16,0,1,0,2,0,0,0,0,0,0,0
20100,9860,0,126,0,3,0,8,0,3,0,0,0,0,0,0,0,0,0
20200,9875,0,108,0,4,0,12,0,0,0,1,0,0,0,0,0,0,0
20300,9847,0,134,0,2,0,13,0,4,0,0,0,0,0,0,0,0,0
20400,9854,0,128,0,1,0,11,0,6,0,0,0,0,0,0,0,0,0
20500,9846,0,138,0,1,0,9,0,6,0,0,0,0,0,0,0,0,0
20600,9873,0,101,0,4,0,15,0,5,0,2,0,0,0,0,0,0,0
20700,9893,0,98,0,0,0,8,0,0,0,1,0,0,0,0,0,0,0
20800,9885,0,96,0,3,0,15,0,1,0,0,0,0,0,0,0,0,0
20900,9879,0,94,0,5,0,16,0,6,0,0,0,0,0,0,0,0,0
21000,9835,0,147,0,3,0,12,0,1,0,2,0,0,0,0,0,0,0
21100,9853,0,124,0,2,0,18,0,2,0,1,0,0,0,0,0,0,0
21200,9856,0,126,0,3,0,13,0,1,0,1,0,0,0,0,0,0,0
21300,9842,0,136,0,3,0,16,0,3,0,0,0,0,0,0,0,0,0
21400,9850,0,131,0,2,0,10,0,5,0,2,0,0,0,0,0,0,0
21500,9854,0,123,0,2,0,18,0,3,0,0,0,0,0,0,0,0,0
21600,9862,0,118,0,4,0,15,0,1,0,0,0,0,0,0,0,0,0
21700,9869,0,115,0,2,0,11,0,3,0,0,0,0,0,0,0,0,0
21800,9875,0,105,0,0,0,13,0,5,0,2,0,0,0,0,0,0,0
21900,9874,0,108,0,0,0,12,0,4,0,2,0,0,0,0,0,0,0
22000,9869,0,104,0,4,0,18,0,3,0,2,0,0,0,0,0,0,0
22100,9866,0,118,0,1,0,11,0,3,0,1,0,0,0,0,0,0,0
22200,9855,0,121,0,1,0,16,0,7,0,0,0,0,0,0,0,0,0
22300,9890,0,98,0,2,0,5,0,3,0,2,0,0,0,0,0,0,0
22400,9915,0,72,0,1,0,10,0,1,0,1,0,0,0,0,0,0,0
22500,9908,0,78,0,3,0,11,0,0,0,0,0,0,0,0,0,0,0
22600,9908,0,78,0,1,0,10,0,2,0,1,0,0,0,0,0,0,0
22700,9909,0,76,0,2,0,9,0,3,0,1,0,0,0,0,0,0,0
22800,9903,0,76,0,3,0,9,0,7,0,2,0,0,0,0,0,0,0
22900,9912,0,75,0,1,0,9,0,3,0,0,0,0,0,0,0,0,0
23000,9906,0,75,0,2,0,12,0,4,0,1,0,0,0,0,0,0,0
23100,9905,0,74,0,4,0,12,0,2,0,3,0,0,0,0,0,0,0
23200,9916,0,67,0,1,0,13,0,3,0,0,0,0,0,0,0,0,0
23300,9913,0,71,0,2,0,12,0,1,0,1,0,0,0,0,0,0,0
23400,9918,0,70,0,1,0,9,0,1,0,1,0,0,0,0,0,0,0
23500,9901,0,69,0,2,0,22,0,5,0,1,0,0,0,0,0,0,0
23600,9935,0,47,0,1,0,15,0,2,0,0,0,0,0,0,0,0,0
23700,9942,0,34,0,0,0,22,0,2,0,0,0,0,0,0,0,0,0
23800,9948,0,34,0,3,0,13,0,2,0,0,0,0,0,0,0,0,0
23900,9940,0,36,0,2,0,18,0,2,0,2,0,0,0,0,0,0,0
24000,9947,0,35,0,3,0,14,0,0,0,1,0,0,0,0,0,0,0
24100,9935,0,34,0,4,0,25,0,2,0,0,0,0,0,0,0,0,0
24200,9944,0,34,0,1,0,20,0,1,0,0,0,0,0,0,0,0,0
24300,9938,0,36,0,5,0,17,0,3,0,1,0,0,0,0,0,0,0
24400,9950,0,34,0,0,0,11,0,4,0,1,0,0,0,0,0,0,0
24500,9941,0,37,0,1,0,16,0,4,0,1,0,0,0,0,0,0,0
24600,9946,0,38,0,1,0,14,0,1,0,0,0,0,0,0,0,0,0
24700,9909,0,67,0,1,0,21,0,2,0,0,0,0,0,0,0,0,0
24800,9876,0,101,0,1,0,18,0,4,0,0,0,0,0,0,0,0,0
24900,9872,0,106,0,2,0,14,0,4,0,1,0,0,0,1,0,0,0
25000,9883,0,101,0,0,0,14,0,1,0,1,0,0,0,0,0,0,0
25100,9982,0,2,0,1,0,13,0,2,0,0,0,0,0,0,0,0,0
25200,9972,0,4,0,2,0,18,0,3,0,1,0,0,0,0,0,0,0
25300,9978,0,0,0,4,0,14,0,4,0,0,0,0,0,0,0,0,0
25400,9987,0,2,0,3,0,5,0,2,0,1,0,0,0,0,0,0,0
25500,9973,0,5,0,1,0,15,0,4,0,2,0,0,0,0,0,0,0
25600,9979,0,3,0,0,0,17,0,0,0,1,0,0,0,0,0,0,0
25700,9977,0,5,0,1,0,14,0,3,0,0,0,0,0,0,0,0,0
25800,9972,0,2,0,1,0,18,0,5,0,2,0,0,0,0,0,0,0
25900,9979,0,2,0,3,0,15,0,1,0,0,0,0,0,0,0,0,0
26000,9974,0,6,0,0,0,15,0,5,0,0,0,0,0,0,0,0,0
26100,9970,0,3,0,1,0,22,0,3,0,1,0,0,0,0,0,0,0
26200,9978,0,0,0,1,0,21,0,0,0,0,0,0,0,0,0,0,0
26300,9974,0,2,0,0,0,15,0,7,0,2,0,0,0,0,0,0,0
26400,9978,0,4,0,1,0,17,0,0,0,0,0,0,0,0,0,0,0
26500,9979,0,5,0,1,0,11,0,4,0,0,0,0,0,0,0,0,0
26600,9978,0,4,0,1,0,15,0,1,0,1,0,0,0,0,0,0,0
26700,9966,0,5,0,0,0,25,0,4,0,0,0,0,0,0,0,0,0
26800,9977,0,3,0,2,0,14,0,3,0,1,0,0,0,0,0,0,0
26900,9976,0,4,0,3,0,16,0,1,0,0,0,0,0,0,0,0,0
27000,9961,0,8,0,5,0,21,0,3,0,2,0,0,0,0,0,0,0
27100,9957,0,4,0,16,0,20,0,1,0,2,0,0,0,0,0,0,0
27200,9961,0,7,0,13,0,16,0,2,0,1,0,0,0,0,0,0,0
27300,9966,0,5,0,9,0,18,0,2,0,0,0,0,0,0,0,0,0
27400,9976,0,5,0,1,0,13,0,4,0,1,0,0,0,0,0,0,0
27500,9972,0,9,0,2,0,12,0,5,0,0,0,0,0,0,0,0,0
27600,9971,0,13,0,1,0,11,0,3,0,0,0,0,0,0,0,1,0
27700,9980,0,6,0,1,0,11,0,1,0,1,0,0,0,0,0,0,0
27800,9975,0,7,0,2,0,13,0,2,0,1,0,0,0,0,0,0,0
27900,9974,0,6,0,4,0,12,0,4,0,0,0,0,0,0,0,0,0
28000,9980,0,4,0,0,0,11,0,5,0,0,0,0,0,0,0,0,0
28100,9977,0,8,0,3,0,9,0,2,0,1,0,0,0,0,0,0,0
28200,9975,0,4,0,1,0,16,0,3,0,1,0,0,0,0,0,0,0
28300,9979,0,4,0,1,0,14,0,0,0,2,0,0,0,0,0,0,0
28400,9982,0,5,0,1,0,10,0,0,0,2,0,0,0,0,0,0,0
28500,9977,0,4,0,0,0,11,0,6,0,2,0,0,0,0,0,0,0
28600,9980,0,3,0,1,0,14,0,2,0,0,0,0,0,0,0,0,0
28700,9971,0,6,0,2,0,16,0,4,0,1,0,0,0,0,0,0,0
28800,9976,0,1,0,3,0,13,0,6,0,1,0,0,0,0,0,0,0
28900,9970,0,7,0,3,0,14,0,6,0,0,0,0,0,0,0,0,0
29000,9986,0,0,0,3,0,10,0,1,0,0,0,0,0,0,0,0,0
29100,9987,0,3,0,1,0,6,0,3,0,0,0,0,0,0,0,0,0
29200,9987,0,4,0,1,0,1,0,6,0,1,0,0,0,0,0,0,0
29300,9980,0,8,0,2,0,5,0,4,0,1,0,0,0,0,0,0,0
29400,9986,0,4,0,4,0,1,0,4,0,1,0,0,0,0,0,0,0
29500,9984,0,6,0,4,0,2,0,4,0,0,0,0,0,0,0,0,0
29600,9981,0,10,0,5,0,1,0,2,0,1,0,0,0,0,0,0,0
29700,9977,0,12,0,3,0,0,0,8,0,0,0,0,0,0,0,0,0
29800,9988,0,3,0,2,0,4,0,1,0,2,0,0,0,0,0,0,0
29900,9987,0,3,0,3,0,0,0,4,0,3,0,0,0,0,0,0,0
30000,9990,0,3,0,3,0,0,0,1,0,3,0,0,0,0,0,0,0
30100,9988,0,4,0,1,0,4,0,3,0,0,0,0,0,0,0,0,0
30200,9993,0,2,0,0,0,1,0,2,0,2,0,0,0,0,0,0,0
30300,9982,0,7,0,3,0,5,0,2,0,1,0,0,0,0,0,0,0
30400,9990,0,1,0,2,0,4,0,3,0,0,0,0,0,0,0,0,0
30500,9992,0,1,0,4,0,0,0,0,0,3,0,0,0,0,0,0,0
30600,9982,0,9,0,1,0,3,0,4,0,1,0,0,0,0,0,0,0
30700,9991,0,4,0,2,0,1,0,2,0,0,0,0,0,0,0,0,0
30800,9990,0,3,0,1,0,1,0,3,0,2,0,0,0,0,0,0,0
30900,9991,0,4,0,1,0,3,0,0,0,1,0,0,0,0,0,0,0
31000,9988,0,6,0,2,0,0,0,3,0,1,0,0,0,0,0,0,0
31100,9989,0,1,0,3,0,1,0,5,0,1,0,0,0,0,0,0,0
31200,9990,0,5,0,1,0,1,0,1,0,2,0,0,0,0,0,0,0
31300,9992,0,1,0,3,0,1,0,2,0,1,0,0,0,0,0,0,0
31400,9976,0,14,0,3,0,2,0,2,0,3,0,0,0,0,0,0,0
31500,9926,0,70,0,1,0,2,0,0,0,1,0,0,0,0,0,0,0
31600,9923,0,70,0,2,0,3,0,2,0,0,0,0,0,0,0,0,0
31700,9923,0,70,0,0,0,2,0,3,0,2,0,0,0,0,0,0,0
31800,9924,0,70,0,1,0,2,0,3,0,0,0,0,0,0,0,0,0
31900,9927,0,70,0,2,0,1,0,0,0,0,0,0,0,0,0,0,0
32000,9961,0,28,0,0,0,1,0,9,0,1,0,0,0,0,0,0,0
32100,9976,0,5,0,14,0,0,0,2,0,3,0,0,0,0,0,0,0
32200,9970,0,3,0,18,0,2,0,3,0,4,0,0,0,0,0,0,0
32300,9976,0,3,0,17,0,1,0,1,0,2,0,0,0,0,0,0,0
32400,9972,0,3,0,19,0,2,0,4,0,0,0,0,0,0,0,0,0
32500,9979,0,4,0,15,0,0,0,1,0,1,0,0,0,0,0,0,0
32600,9976,0,7,0,16,0,0,0,1,0,0,0,0,0,0,0,0,0
32700,9973,0,6,0,15,0,1,0,2,0,3,0,0,0,0,0,0,0
32800,9979,0,2,0,16,0,1,0,2,0,0,0,0,0,0,0,0,0
32900,9978,0,3,0,17,0,1,0,1,0,0,0,0,0,0,0,0,0
33000,9978,0,5,0,15,0,2,0,0,0,0,0,0,0,0,0,0,0
33100,9971,0,2,0,17,0,6,0,3,0,1,0,0,0,0,0,0,0
33200,9971,0,5,0,16,0,3,0,4,0,1,0,0,0,0,0,0,0
33300,9977,0,2,0,15,0,3,0,2,0,1,0,0,0,0,0,0,0
33400,9975,0,4,0,17,0,0,0,3,0,1,0,0,0,0,0,0,0
33500,9970,0,5,0,18,0,2,0,1,0,4,0,0,0,0,0,0,0
33600,9976,0,3,0,16,0,2,0,2,0,1,0,0,0,0,0,0,0
33700,9979,0,3,0,16,0,2,0,0,0,0,0,0,0,0,0,0,0
33800,9976,0,1,0,18,0,2,0,2,0,1,0,0,0,0,0,0,0
33900,9970,0,3,0,16,0,4,0,7,0,0,0,0,0,0,0,0,0
34000,9982,0,0,0,15,0,1,0,1,0,1,0,0,0,0,0,0,0
34100,9975,0,2,0,15,0,3,0,4,0,1,0,0,0,0,0,0,0
34200,9972,0,1,0,20,0,1,0,5,0,1,0,0,0,0,0,0,0
34300,9980,0,3,0,17,0,0,0,0,0,0,0,0,0,0,0,0,0
34400,9977,0,2,0,16,0,2,0,2,0,1,0,0,0,0,0,0,0
34500,9974,0,2,0,19,0,3,0,1,0,1,0,0,0,0,0,0,0
34600,9967,0,6,0,19,0,4,0,1,0,3,0,0,0,0,0,0,0
34700,9977,0,5,0,16,0,0,0,2,0,0,0,0,0,0,0,0,0
34800,9978,0,0,0,17,0,1,0,3,0,1,0,0,0,0,0,0,0
34900,9982,0,0,0,15,0,1,0,1,0,1,0,0,0,0,0,0,0
35000,9976,0,1,0,17,0,1,0,3,0,2,0,0,0,0,0,0,0
35100,9975,0,1,0,15,0,2,0,7,0,0,0,0,0,0,0,0,0
35200,9978,0,0,0,20,0,1,0,1,0,0,0,0,0,0,0,0,0
35300,9973,0,3,0,16,0,1,0,4,0,3,0,0,0,0,0,0,0
35400,9973,0,3,0,18,0,1,0,3,0,2,0,0,0,0,0,0,0
35500,9977,0,3,0,17,0,1,0,1,0,1,0,0,0,0,0,0,0
35600,9966,0,5,0,20,0,3,0,3,0,3,0,0,0,0,0,0,0
35700,9963,0,4,0,20,0,9,0,4,0,0,0,0,0,0,0,0,0
35800,9966,0,6,0,16,0,5,0,7,0,0,0,0,0,0,0,0,0
35900,9964,0,8,0,19,0,6,0,3,0,0,0,0,0,0,0,0,0
36000,9965,0,6,0,19,0,6,0,2,0,2,0,0,0,0,0,0,0
36100,9971,0,4,0,17,0,4,0,3,0,1,0,0,0,0,0,0,0
36200,9987,0,7,0,3,0,2,0,1,0,0,0,0,0,0,0,0,0
36300,9986,0,4,0,3,0,4,0,2,0,1,0,0,0,0,0,0,0
36400,9985,0,8,0,3,0,2,0,2,0,0,0,0,0,0,0,0,0
36500,9987,0,6,0,2,0,2,0,2,0,1,0,0,0,0,0,0,0
36600,9987,0,4,0,3,0,5,0,1,0,0,0,0,0,0,0,0,0
36700,9984,0,5,0,2,0,3,0,5,0,1,0,0,0,0,0,0,0
36800,9983,0,4,0,6,0,2,0,5,0,0,0,0,0,0,0,0,0
36900,9987,0,6,0,4,0,0,0,1,0,2,0,0,0,0,0,0,0
37000,9994,0,3,0,1,0,2,0,0,0,0,0,0,0,0,0,0,0
37100,9992,0,0,0,0,0,4,0,4,0,0,0,0,0,0,0,0,0
37200,9994,0,1,0,1,0,3,0,0,0,1,0,0,0,0,0,0,0
37300,9995,0,3,0,0,0,1,0,1,0,0,0,0,0,0,0,0,0
37400,9982,0,5,0,3,0,3,0,5,0,2,0,0,0,0,0,0,0
37500,9990,0,2,0,2,0,2,0,2,0,2,0,0,0,0,0,0,0
37600,9994,0,1,0,0,0,4,0,0,0,1,0,0,0,0,0,0,0
37700,9995,0,4,0,0,0,0,0,1,0,0,0,0,0,0,0,0,0
37800,9992,0,5,0,2,0,0,0,0,0,1,0,0,0,0,0,0,0
37900,9988,0,6,0,4,0,1,0,1,0,0,0,0,0,0,0,0,0
38000,9988,0,6,0,0,0,1,0,4,0,1,0,0,0,0,0,0,0
38100,9996,0,2,0,0,0,1,0,1,0,0,0,0,0,0,0,0,0
38200,9984,0,8,0,2,0,4,0,2,0,0,0,0,0,0,0,0,0
38300,9988,0,4,0,3,0,0,0,3,0,2,0,0,0,0,0,0,0
38400,9989,0,1,0,2,0,0,0,2,0,6,0,0,0,0,0,0,0
38500,9995,0,0,0,1,0,2,0,1,0,1,0,0,0,0,0,0,0
38600,9997,0,0,0,1,0,0,0,2,0,0,0,0,0,0,0,0,0
38700,9993,0,1,0,3,0,1,0,1,0,1,0,0,0,0,0,0,0
38800,9994,0,1,0,1,0,1,0,2,0,1,0,0,0,0,0,0,0
38900,9990,0,0,0,0,0,3,0,6,0,1,0,0,0,0,0,0,0
39000,9988,0,1,0,3,0,4,0,3,0,1,0,0,0,0,0,0,0
39100,9991,0,1,0,0,0,2,0,6,0,0,0,0,0,0,0,0,0
39200,9995,0,1,0,2,0,1,0,1,0,0,0,0,0,0,0,0,0
39300,9993,0,1,0,1,0,3,0,2,0,0,0,0,0,0,0,0,0
39400,9986,0,3,0,4,0,1,0,5,0,1,0,0,0,0,0,0,0
39500,9992,0,0,0,1,0,1,0,4,0,2,0,0,0,0,0,0,0
39600,9991,0,0,0,3,0,2,0,4,0,0,0,0,0,0,0,0,0
39700,9990,0,1,0,3,0,0,0,5,0,1,0,0,0,0,0,0,0
39800,9995,0,1,0,0,0,2,0,2,0,0,0,0,0,0,0,0,0
39900,9989,0,3,0,2,0,2,0,4,0,0,0,0,0,0,0,0,0
40000,9993,0,2,0,0,0,3,0,1,0,1,0,0,0,0,0,0,0
40100,9987,0,1,0,0,0,10,0,2,0,0,0,0,0,0,0,0,0
40200,9987,0,0,0,2,0,8,0,1,0,2,0,0,0,0,0,0,0
40300,9984,0,4,0,5,0,5,0,1,0,1,0,0,0,0,0,0,0
40400,9983,0,4,0,4,0,2,0,6,0,1,0,0,0,0,0,0,0
40500,9992,0,0,0,3,0,2,0,3,0,0,0,0,0,0,0,0,0
40600,9977,0,4,0,2,0,10,0,6,0,1,0,0,0,0,0,0,0
40700,9986,0,1,0,4,0,7,0,2,0,0,0,0,0,0,0,0,0
40800,9988,0,3,0,1,0,6,0,0,0,2,0,0,0,0,0,0,0
40900,9989,0,4,0,1,0,3,0,3,0,0,0,0,0,0,0,0,0
41000,9987,0,1,0,1,0,8,0,2,0,1,0,0,0,0,0,0,0
41100,9975,0,11,0,1,0,8,0,4,0,1,0,0,0,0,0,0,0
41200,9970,0,11,0,5,0,6,0,6,0,2,0,0,0,0,0,0,0
41300,9980,0,9,0,2,0,3,0,5,0,1,0,0,0,0,0,0,0
41400,9978,0,10,0,1,0,10,0,1,0,0,0,0,0,0,0,0,0
41500,9980,0,9,0,3,0,5,0,3,0,0,0,0,0,0,0,0,0
41600,9980,0,8,0,2,0,7,0,2,0,0,0,1,0,0,0,0,0
41700,9980,0,8,0,2,0,7,0,2,0,1,0,0,0,0,0,0,0
41800,9976,0,7,0,3,0,5,0,9,0,0,0,0,0,0,0,0,0
41900,9971,0,14,0,2,0,10,0,3,0,0,0,0,0,0,0,0,0
42000,9961,0,19,0,3,0,12,0,4,0,1,0,0,0,0,0,0,0
42100,9966,0,17,0,3,0,9,0,3,0,2,0,0,0,0,0,0,0
42200,9967,0,15,0,4,0,10,0,2,0,2,0,0,0,0,0,0,0
42300,9974,0,14,0,0,0,8,0,4,0,0,0,0,0,0,0,0,0
42400,9977,0,15,0,1,0,6,0,1,0,0,0,0,0,0,0,0,0
42500,9956,0,17,0,7,0,14,0,5,0,1,0,0,0,0,0,0,0
42600,9971,0,16,0,3,0,8,0,2,0,0,0,0,0,0,0,0,0
42700,9973,0,10,0,2,0,11,0,4,0,0,0,0,0,0,0,0,0
42800,9963,0,8,0,6,0,12,0,8,0,3,0,0,0,0,0,0,0
42900,9972,0,14,0,0,0,9,0,3,0,2,0,0,0,0,0,0,0
43000,9984,0,8,0,0,0,6,0,2,0,0,0,0,0,0,0,0,0
43100,9972,0,8,0,7,0,8,0,4,0,1,0,0,0,0,0,0,0
43200,9972,0,9,0,6,0,7,0,6,0,0,0,0,0,0,0,0,0
43300,9981,0,7,0,0,0,11,0,1,0,0,0,0,0,0,0,0,0
43400,9972,0,13,0,3,0,9,0,2,0,1,0,0,0,0,0,0,0
43500,9973,0,10,0,3,0,10,0,4,0,0,0,0,0,0,0,0,0
43600,9970,0,10,0,3,0,11,0,3,0,3,0,0,0,0,0,0,0
43700,9975,0,11,0,3,0,10,0,1,0,0,0,0,0,0,0,0,0
43800,9971,0,13,0,7,0,8,0,1,0,0,0,0,0,0,0,0,0
43900,9970,0,10,0,4,0,9,0,5,0,2,0,0,0,0,0,0,0
44000,9978,0,10,0,2,0,7,0,2,0,1,0,0,0,0,0,0,0
44100,9980,0,7,0,2,0,9,0,1,0,1,0,0,0,0,0,0,0
44200,9973,0,11,0,1,0,8,0,5,0,2,0,0,0,0,0,0,0
44300,9981,0,9,0,1,0,7,0,1,0,1,0,0,0,0,0,0,0
44400,9975,0,9,0,3,0,10,0,3,0,0,0,0,0,0,0,0,0
44500,9972,0,9,0,2,0,13,0,3,0,1,0,0,0,0,0,0,0
44600,9969,0,10,0,3,0,13,0,4,0,1,0,0,0,0,0,0,0
44700,9964,0,14,0,3,0,14,0,5,0,0,0,0,0,0,0,0,0
44800,9964,0,9,0,1,0,22,0,3,0,1,0,0,0,0,0,0,0
44900,9964,0,8,0,0,0,19,0,7,0,2,0,0,0,0,0,0,0
45000,9965,0,11,0,4,0,19,0,1,0,0,0,0,0,0,0,0,0
45100,9973,0,2,0,3,0,20,0,1,0,1,0,0,0,0,0,0,0
45200,9986,0,3,0,0,0,7,0,2,0,2,0,0,0,0,0,0,0
45300,9987,0,3,0,0,0,7,0,3,0,0,0,0,0,0,0,0,0
45400,9988,0,1,0,3,0,3,0,5,0,0,0,0,0,0,0,0,0
45500,9981,0,0,0,5,0,11,0,2,0,1,0,0,0,0,0,0,0
45600,9982,0,1,0,0,0,11,0,5,0,1,0,0,0,0,0,0,0
45700,9988,0,2,0,2,0,5,0,1,0,2,0,0,0,0,0,0,0
45800,9981,0,1,0,1,0,7,0,10,0,0,0,0,0,0,0,0,0
45900,9981,0,0,0,8,0,5,0,5,0,1,0,0,0,0,0,0,0
46000,9976,0,3,0,4,0,9,0,7,0,1,0,0,0,0,0,0,0
46100,9986,0,0,0,0,0,10,0,3,0,1,0,0,0,0,0,0,0
46200,9983,0,1,0,1,0,8,0,6,0,1,0,0,0,0,0,0,0
46300,9989,0,0,0,1,0,8,0,1,0,1,0,0,0,0,0,0,0
46400,9985,0,1,0,2,0,7,0,3,0,2,0,0,0,0,0,0,0
46500,9987,0,0,0,1,0,8,0,3,0,0,0,1,0,0,0,0,0
46600,9987,0,0,0,4,0,4,0,3,0,2,0,0,0,0,0,0,0
46700,9991,0,0,0,2,0,5,0,2,0,0,0,0,0,0,0,0,0
46800,9990,0,0,0,2,0,7,0,0,0,1,0,0,0,0,0,0,0
46900,9984,0,3,0,2,0,9,0,1,0,1,0,0,0,0,0,0,0
47000,9983,0,6,0,0,0,5,0,5,0,1,0,0,0,0,0,0,0
47100,9984,0,8,0,1,0,5,0,0,0,2,0,0,0,0,0,0,0
47200,9976,0,10,0,6,0,2,0,6,0,0,0,0,0,0,0,0,0
47300,9984,0,10,0,2,0,0,0,3,0,1,0,0,0,0,0,0,0
47400,9985,0,9,0,1,0,0,0,4,0,1,0,0,0,0,0,0,0
47500,9986,0,9,0,1,0,0,0,3,0,1,0,0,0,0,0,0,0
47600,9976,0,11,0,3,0,4,0,2,0,4,0,0,0,0,0,0,0
47700,9978,0,8,0,5,0,0,0,7,0,2,0,0,0,0,0,0,0
47800,9985,0,9,0,1,0,1,0,4,0,0,0,0,0,0,0,0,0
47900,9976,0,9,0,4,0,3,0,5,0,3,0,0,0,0,0,0,0
48000,9980,0,8,0,2,0,0,0,8,0,2,0,0,0,0,0,0,0
48100,9979,0,13,0,1,0,1,0,5,0,1,0,0,0,0,0,0,0
48200,9986,0,8,0,1,0,0,0,4,0,1,0,0,0,0,0,0,0
48300,9995,0,1,0,0,0,1,0,2,0,1,0,0,0,0,0,0,0
48400,9996,0,1,0,1,0,0,0,0,0,2,0,0,0,0,0,0,0
48500,9991,0,1,0,2,0,3,0,2,0,1,0,0,0,0,0,0,0
48600,9991,0,6,0,1,0,1,0,1,0,0,0,0,0,0,0,0,0
48700,9991,0,0,0,0,0,2,0,4,0,3,0,0,0,0,0,0,0
48800,9992,0,3,0,0,0,0,0,5,0,0,0,0,0,0,0,0,0
48900,9992,0,2,0,0,0,2,0,3,0,1,0,0,0,0,0,0,0
49000,9981,0,7,0,2,0,3,0,6,0,1,0,0,0,0,0,0,0
49100,9991,0,1,0,3,0,1,0,4,0,0,0,0,0,0,0,0,0
49200,9986,0,5,0,2,0,2,0,3,0,2,0,0,0,0,0,0,0
49300,9989,0,1,0,4,0,1,0,4,0,1,0,0,0,0,0,0,0
49400,9980,0,4,0,2,0,5,0,7,0,2,0,0,0,0,0,0,0
49500,9986,0,4,0,1,0,6,0,3,0,0,0,0,0,0,0,0,0
49600,9990,0,2,0,4,0,1,0,3,0,0,0,0,0,0,0,0,0
49700,9979,0,16,0,0,0,3,0,0,0,2,0,0,0,0,0,0,0
49800,9972,0,22,0,1,0,1,0,0,0,4,0,0,0,0,0,0,0
49900,9951,0,32,0,4,0,9,0,3,0,1,0,0,0,0,0,0,0
50000,9955,0,38,0,2,0,4,0,0,0,0,0,1,0,0,0,0,0
50100,9955,0,37,0,2,0,4,0,2,0,0,0,0,0,0,0,0,0
50200,9961,0,35,0,0,0,0,0,3,0,1,0,0,0,0,0,0,0
50300,9960,0,34,0,0,0,2,0,2,0,2,0,0,0,0,0,0,0
50400,9955,0,36,0,3,0,5,0,1,0,0,0,0,0,0,0,0,0
50500,9955,0,35,0,4,0,3,0,3,0,0,0,0,0,0,0,0,0
50600,9959,0,35,0,0,0,4,0,2,0,0,0,0,0,0,0,0,0
50700,9953,0,35,0,3,0,4,0,5,0,0,0,0,0,0,0,0,0
50800,9923,0,64,0,2,0,6,0,4,0,1,0,0,0,0,0,0,0
50900,9919,0,66,0,1,0,5,0,6,0,3,0,0,0,0,0,0,0
51000,9931,0,64,0,0,0,2,0,3,0,0,0,0,0,0,0,0,0
51100,9920,0,68,0,5,0,3,0,4,0,0,0,0,0,0,0,0,0
51200,9916,0,76,0,0,0,3,0,2,0,3,0,0,0,0,0,0,0
51300,9907,0,85,0,2,0,3,0,3,0,0,0,0,0,0,0,0,0
51400,9916,0,77,0,0,0,2,0,4,0,0,0,1,0,0,0,0,0
51500,9929,0,67,0,1,0,1,0,1,0,1,0,0,0,0,0,0,0
51600,9930,0,66,0,2,0,2,0,0,0,0,0,0,0,0,0,0,0
51700,9926,0,67,0,0,0,5,0,2,0,0,0,0,0,0,0,0,0
51800,9933,0,64,0,0,0,2,0,1,0,0,0,0,0,0,0,0,0
51900,9954,0,41,0,1,0,2,0,2,0,0,0,0,0,0,0,0,0
52000,9958,0,34,0,1,0,4,0,3,0,0,0,0,0,0,0,0,0
52100,9949,0,44,0,1,0,3,0,3,0,0,0,0,0,0,0,0,0
52200,9947,0,47,0,1,0,0,0,4,0,1,0,0,0,0,0,0,0
52300,9954,0,44,0,1,0,1,0,0,0,0,0,0,0,0,0,0,0
52400,9952,0,45,0,0,0,0,0,1,0,2,0,0,0,0,0,0,0
52500,9941,0,49,0,3,0,2,0,4,0,1,0,0,0,0,0,0,0
52600,9941,0,51,0,1,0,0,0,5,0,2,0,0,0,0,0,0,0
52700,9941,0,56,0,0,0,1,0,1,0,1,0,0,0,0,0,0,0
52800,9940,0,53,0,2,0,0,0,2,0,3,0,0,0,0,0,0,0
52900,9936,0,57,0,0,0,1,0,4,0,2,0,0,0,0,0,0,0
53000,9940,0,55,0,0,0,4,0,1,0,0,0,0,0,0,0,0,0
53100,9946,0,51,0,1,0,0,0,0,0,2,0,0,0,0,0,0,0
53200,9939,0,55,0,2,0,0,0,1,0,3,0,0,0,0,0,0,0
53300,9934,0,56,0,2,0,4,0,4,0,0,0,0,0,0,0,0,0
53400,9934,0,56,0,5,0,1,0,4,0,0,0,0,0,0,0,0,0
53500,9943,0,51,0,3,0,1,0,1,0,1,0,0,0,0,0,0,0
53600,9930,0,61,0,4,0,1,0,2,0,2,0,0,0,0,0,0,0
53700,9937,0,56,0,3,0,2,0,2,0,0,0,0,0,0,0,0,0
53800,9928,0,59,0,2,0,5,0,4,0,1,0,1,0,0,0,0,0
53900,9939,0,54,0,1,0,2,0,2,0,2,0,0,0,0,0,0,0
54000,9950,0,43,0,3,0,0,0,2,0,2,0,0,0,0,0,0,0
54100,9951,0,37,0,4,0,4,0,3,0,1,0,0,0,0,0,0,0
54200,9964,0,32,0,2,0,0,0,1,0,1,0,0,0,0,0,0,0
54300,9948,0,37,0,0,0,0,0,14,0,1,0,0,0,0,0,0,0
54400,9963,0,31,0,2,0,0,0,2,0,2,0,0,0,0,0,0,0
54500,9962,0,30,0,3,0,1,0,4,0,0,0,0,0,0,0,0,0
54600,9963,0,29,0,1,0,3,0,3,0,1,0,0,0,0,0,0,0
54700,9959,0,30,0,1,0,2,0,7,0,1,0,0,0,0,0,0,0
54800,9962,0,30,0,4,0,1,0,2,0,1,0,0,0,0,0,0,0
54900,9961,0,33,0,2,0,1,0,2,0,1,0,0,0,0,0,0,0
55000,9957,0,36,0,2,0,1,0,4,0,0,0,0,0,0,0,0,0
55100,9955,0,37,0,2,0,4,0,2,0,0,0,0,0,0,0,0,0
55200,9952,0,37,0,4,0,1,0,6,0,0,0,0,0,0,0,0,0
55300,9960,0,35,0,0,0,3,0,1,0,1,0,0,0,0,0,0,0
55400,9961,0,31,0,2,0,0,0,2,0,4,0,0,0,0,0,0,0
55500,9970,0,27,0,0,0,1,0,1,0,1,0,0,0,0,0,0,0
55600,9962,0,32,0,3,0,0,0,3,0,0,0,0,0,0,0,0,0
55700,9958,0,30,0,2,0,3,0,7,0,0,0,0,0,0,0,0,0
55800,9967,0,27,0,3,0,1,0,1,0,1,0,0,0,0,0,0,0
55900,9960,0,35,0,2,0,0,0,3,0,0,0,0,0,0,0,0,0
56000,9966,0,27,0,4,0,0,0,2,0,1,0,0,0,0,0,0,0
56100,9961,0,28,0,3,0,6,0,1,0,1,0,0,0,0,0,0,0
56200,9969,0,27,0,1,0,0,0,1,0,2,0,0,0,0,0,0,0
56300,9970,0,26,0,0,0,1,0,2,0,1,0,0,0,0,0,0,0
56400,9971,0,28,0,0,0,0,0,1,0,0,0,0,0,0,0,0,0
56500,9963,0,30,0,2,0,1,0,3,0,1,0,0,0,0,0,0,0
56600,9963,0,28,0,5,0,1,0,2,0,1,0,0,0,0,0,0,0
56700,9968,0,30,0,1,0,0,0,1,0,0,0,0,0,0,0,0,0
56800,9968,0,27,0,1,0,1,0,3,0,0,0,0,0,0,0,0,0
56900,9968,0,27,0,2,0,1,0,2,0,0,0,0,0,0,0,0,0
57000,9964,0,27,0,3,0,1,0,4,0,1,0,0,0,0,0,0,0
57100,9971,0,27,0,2,0,0,0,0,0,0,0,0,0,0,0,0,0
57200,9965,0,30,0,0,0,2,0,3,0,0,0,0,0,0,0,0,0
57300,9968,0,27,0,1,0,2,0,1,0,1,0,0,0,0,0,0,0
57400,9969,0,30,0,1,0,0,0,0,0,0,0,0,0,0,0,0,0
57500,9971,0,27,0,0,0,2,0,0,0,0,0,0,0,0,0,0,0
57600,9954,0,39,0,3,0,1,0,2,0,1,0,0,0,0,0,0,0
57700,9928,0,64,0,1,0,2,0,3,0,2,0,0,0,0,0,0,0
57800,9922,0,69,0,3,0,2,0,4,0,0,0,0,0,0,0,0,0
57900,9949,0,42,0,2,0,3,0,2,0,1,0,1,0,0,0,0,0
58000,9965,0,29,0,1,0,2,0,2,0,1,0,0,0,0,0,0,0
58100,9964,0,26,0,0,0,7,0,2,0,1,0,0,0,0,0,0,0
58200,9962,0,27,0,1,0,3,0,4,0,0,0,3,0,0,0,0,0
58300,9964,0,30,0,2,0,1,0,3,0,0,0,0,0,0,0,0,0
58400,9971,0,25,0,3,0,0,0,1,0,0,0,0,0,0,0,0,0
58500,9986,0,8,0,5,0,1,0,0,0,0,0,0,0,0,0,0,0
58600,9986,0,8,0,2,0,2,0,2,0,0,0,0,0,0,0,0,0
58700,9985,0,10,0,0,0,3,0,1,0,1,0,0,0,0,0,0,0
58800,9987,0,9,0,0,0,3,0,1,0,0,0,0,0,0,0,0,0
58900,9984,0,10,0,1,0,2,0,1,0,2,0,0,0,0,0,0,0
59000,9980,0,9,0,3,0,4,0,1,0,2,0,1,0,0,0,0,0
59100,9986,0,9,0,3,0,0,0,2,0,0,0,0,0,0,0,0,0
59200,9983,0,10,0,3,0,3,0,0,0,1,0,0,0,0,0,0,0
59300,9984,0,11,0,2,0,1,0,2,0,0,0,0,0,0,0,0,0
59400,9987,0,9,0,1,0,0,0,3,0,0,0,0,0,0,0,0,0
59500,9982,0,9,0,1,0,3,0,3,0,1,0,1,0,0,0,0,0
59600,9987,0,8,0,0,0,0,0,3,0,2,0,0,0,0,0,0,0
59700,9976,0,12,0,2,0,10,0,0,0,0,0,0,0,0,0,0,0
59800,9987,0,9,0,2,0,0,0,2,0,0,0,0,0,0,0,0,0
59900,9986,0,8,0,1,0,4,0,1,0,0,0,0,0,0,0,0,0
60000,9978,0,13,0,4,0,1,0,4,0,0,0,0,0,0,0,0,0
60100,9982,0,9,0,4,0,2,0,2,0,1,0,0,0,0,0,0,0
60200,9979,0,7,0,2,0,5,0,6,0,1,0,0,0,0,0,0,0
60300,9976,0,11,0,1,0,8,0,3,0,1,0,0,0,0,0,0,0
60400,9985,0,4,0,1,0,8,0,1,0,1,0,0,0,0,0,0,0
60500,9990,0,6,0,1,0,3,0,0,0,0,0,0,0,0,0,0,0
60600,9989,0,4,0,1,0,3,0,3,0,0,0,0,0,0,0,0,0
60700,9989,0,6,0,1,0,1,0,1,0,2,0,0,0,0,0,0,0
60800,9988,0,5,0,0,0,3,0,3,0,1,0,0,0,0,0,0,0
60900,9986,0,10,0,0,0,0,0,2,0,2,0,0,0,0,0,0,0
61000,9987,0,9,0,0,0,3,0,1,0,0,0,0,0,0,0,0,0
61100,9986,0,8,0,0,0,4,0,2,0,0,0,0,0,0,0,0,0
61200,9981,0,8,0,1,0,6,0,1,0,3,0,0,0,0,0,0,0
61300,9985,0,9,0,2,0,2,0,2,0,0,0,0,0,0,0,0,0
61400,9990,0,10,0,0,0,0,0,0,0,0,0,0,0,0,0,0,0
61500,9978,0,17,0,1,0,0,0,4,0,0,0,0,0,0,0,0,0
61600,9980,0,13,0,0,0,3,0,3,0,1,0,0,0,0,0,0,0
61700,9974,0,17,0,2,0,2,0,5,0,0,0,0,0,0,0,0,0
61800,9975,0,16,0,2,0,2,0,4,0,1,0,0,0,0,0,0,0
61900,9977,0,16,0,2,0,2,0,2,0,1,0,0,0,0,0,0,0
62000,9985,0,11,0,4,0,0,0,0,0,0,0,0,0,0,0,0,0
62100,9990,0,7,0,1,0,0,0,2,0,0,0,0,0,0,0,0,0
62200,9982,0,9,0,2,0,4,0,3,0,0,0,0,0,0,0,0,0
62300,9985,0,8,0,1,0,2,0,3,0,1,0,0,0,0,0,0,0
62400,9988,0,10,0,1,0,0,0,1,0,0,0,0,0,0,0,0,0
62500,9990,0,7,0,1,0,1,0,1,0,0,0,0,0,0,0,0,0
62600,9992,0,5,0,0,0,1,0,1,0,1,0,0,0,0,0,0,0
62700,9985,0,9,0,2,0,4,0,0,0,0,0,0,0,0,0,0,0
62800,9973,0,17,0,2,0,1,0,4,0,3,0,0,0,0,0,0,0
62900,9977,0,20,0,1,0,1,0,0,0,1,0,0,0,0,0,0,0
63000,9978,0,16,0,0,0,1,0,3,0,2,0,0,0,0,0,0,0
63100,9981,0,17,0,1,0,0,0,1,0,0,0,0,0,0,0,0,0
63200,9977,0,16,0,2,0,3,0,2,0,0,0,0,0,0,0,0,0
63300,9985,0,8,0,1,0,4,0,2,0,0,0,0,0,0,0,0,0
63400,9977,0,10,0,6,0,2,0,5,0,0,0,0,0,0,0,0,0
63500,9985,0,9,0,1,0,1,0,4,0,0,0,0,0,0,0,0,0
63600,9981,0,10,0,1,0,6,0,2,0,0,0,0,0,0,0,0,0
63700,9975,0,22,0,0,0,2,0,1,0,0,0,0,0,0,0,0,0
63800,9979,0,15,0,0,0,3,0,3,0,0,0,0,0,0,0,0,0
63900,9989,0,9,0,0,0,0,0,1,0,1,0,0,0,0,0,0,0
64000,9981,0,13,0,3,0,0,0,1,0,2,0,0,0,0,0,0,0
64100,9983,0,11,0,0,0,3,0,1,0,2,0,0,0,0,0,0,0
64200,9972,0,19,0,3,0,3,0,1,0,1,0,1,0,0,0,0,0
64300,9978,0,17,0,3,0,1,0,1,0,0,0,0,0,0,0,0,0
64400,9973,0,15,0,2,0,3,0,7,0,0,0,0,0,0,0,0,0
64500,9972,0,19,0,3,0,2,0,2,0,1,0,1,0,0,0,0,0
64600,9979,0,13,0,1,0,3,0,2,0,2,0,0,0,0,0,0,0
64700,9977,0,15,0,2,0,4,0,2,0,0,0,0,0,0,0,0,0
64800,9978,0,17,0,0,0,1,0,4,0,0,0,0,0,0,0,0,0
64900,9974,0,18,0,3,0,3,0,2,0,0,0,0,0,0,0,0,0
65000,9977,0,15,0,2,0,1,0,3,0,2,0,0,0,0,0,0,0
65100,9977,0,18,0,1,0,1,0,2,0,1,0,0,0,0,0,0,0
65200,9965,0,23,0,2,0,5,0,3,0,2,0,0,0,0,0,0,0
65300,9968,0,20,0,1,0,4,0,7,0,0,0,0,0,0,0,0,0
65400,9971,0,25,0,0,0,1,0,1,0,2,0,0,0,0,0,0,0
65500,9961,0,29,0,5,0,3,0,2,0,0,0,0,0,0,0,0,0
65600,9970,0,27,0,0,0,2,0,1,0,0,0,0,0,0,0,0,0
65700,9970,0,25,0,2,0,1,0,2,0,0,0,0,0,0,0,0,0
65800,9960,0,24,0,1,0,5,0,6,0,4,0,0,0,0,0,0,0
65900,9965,0,24,0,2,0,5,0,3,0,1,0,0,0,0,0,0,0
66000,9967,0,25,0,0,0,6,0,2,0,0,0,0,0,0,0,0,0
66100,9964,0,25,0,1,0,8,0,2,0,0,0,0,0,0,0,0,0
66200,9966,0,28,0,1,0,3,0,1,0,1,0,0,0,0,0,0,0
66300,9969,0,21,0,1,0,8,0,1,0,0,0,0,0,0,0,0,0
66400,9965,0,21,0,1,0,6,0,5,0,2,0,0,0,0,0,0,0
66500,9967,0,24,0,1,0,5,0,1,0,2,0,0,0,0,0,0,0
66600,9970,0,22,0,2,0,3,0,2,0,1,0,0,0,0,0,0,0
66700,9957,0,26,0,1,0,12,0,3,0,1,0,0,0,0,0,0,0
66800,9973,0,16,0,2,0,5,0,4,0,0,0,0,0,0,0,0,0
66900,9977,0,16,0,1,0,4,0,2,0,0,0,0,0,0,0,0,0
67000,9963,0,18,0,4,0,8,0,7,0,0,0,0,0,0,0,0,0
67100,9976,0,19,0,2,0,2,0,1,0,0,0,0,0,0,0,0,0
67200,9971,0,21,0,4,0,2,0,1,0,1,0,0,0,0,0,0,0
67300,9975,0,21,0,1,0,1,0,1,0,1,0,0,0,0,0,0,0
67400,9976,0,16,0,1,0,6,0,0,0,1,0,0,0,0,0,0,0
67500,9970,0,20,0,4,0,1,0,4,0,1,0,0,0,0,0,0,0
67600,9969,0,18,0,1,0,7,0,3,0,2,0,0,0,0,0,0,0
67700,9970,0,20,0,2,0,5,0,1,0,2,0,0,0,0,0,0,0
67800,9975,0,18,0,2,0,1,0,3,0,1,0,0,0,0,0,0,0
67900,9972,0,17,0,1,0,6,0,3,0,1,0,0,0,0,0,0,0
68000,9971,0,16,0,1,0,4,0,7,0,1,0,0,0,0,0,0,0
68100,9969,0,21,0,2,0,3,0,5,0,0,0,0,0,0,0,0,0
68200,9975,0,16,0,4,0,1,0,4,0,0,0,0,0,0,0,0,0
68300,9972,0,17,0,1,0,6,0,4,0,0,0,0,0,0,0,0,0
68400,9976,0,17,0,1,0,0,0,5,0,1,0,0,0,0,0,0,0
68500,9974,0,19,0,2,0,2,0,3,0,0,0,0,0,0,0,0,0
68600,9977,0,16,0,3,0,2,0,2,0,0,0,0,0,0,0,0,0
68700,9974,0,19,0,3,0,1,0,3,0,0,0,0,0,0,0,0,0
68800,9976,0,17,0,3,0,1,0,1,0,2,0,0,0,0,0,0,0
68900,9977,0,18,0,2,0,2,0,1,0,0,0,0,0,0,0,0,0
69000,9975,0,18,0,1,0,4,0,2,0,0,0,0,0,0,0,0,0
69100,9965,0,21,0,2,0,3,0,7,0,1,0,1,0,0,0,0,0
69200,9976,0,17,0,1,0,2,0,2,0,2,0,0,0,0,0,0,0
69300,9971,0,19,0,2,0,5,0,3,0,0,0,0,0,0,0,0,0
69400,9978,0,19,0,1,0,0,0,0,0,2,0,0,0,0,0,0,0
69500,9977,0,18,0,1,0,3,0,1,0,0,0,0,0,0,0,0,0
69600,9977,0,19,0,2,0,0,0,2,0,0,0,0,0,0,0,0,0
69700,9977,0,17,0,1,0,1,0,4,0,0,0,0,0,0,0,0,0
69800,9981,0,10,0,1,0,0,0,5,0,3,0,0,0,0,0,0,0
69900,9981,0,11,0,1,0,1,0,2,0,4,0,0,0,0,0,0,0
70000,9979,0,9,0,2,0,6,0,3,0,1,0,0,0,0,0,0,0
70100,9983,0,9,0,1,0,5,0,1,0,1,0,0,0,0,0,0,0
70200,9984,0,7,0,1,0,3,0,5,0,0,0,0,0,0,0,0,0
70300,9980,0,12,0,2,0,4,0,1,0,1,0,0,0,0,0,0,0
70400,9962,0,26,0,6,0,2,0,3,0,1,0,0,0,0,0,0,0
70500,9937,0,50,0,3,0,2,0,8,0,0,0,0,0,0,0,0,0
70600,9940,0,50,0,4,0,2,0,2,0,2,0,0,0,0,0,0,0
70700,9948,0,50,0,0,0,2,0,0,0,0,0,0,0,0,0,0,0
70800,9946,0,48,0,2,0,1,0,3,0,0,0,0,0,0,0,0,0
70900,9942,0,49,0,0,0,1,0,7,0,1,0,0,0,0,0,0,0
71000,9986,0,5,0,1,0,3,0,2,0,3,0,0,0,0,0,0,0
71100,9988,0,6,0,1,0,1,0,4,0,0,0,0,0,0,0,0,0
71200,9987,0,3,0,2,0,1,0,7,0,0,0,0,0,0,0,0,0
71300,9989,0,4,0,1,0,3,0,0,0,3,0,0,0,0,0,0,0
71400,9991,0,3,0,3,0,1,0,1,0,0,0,1,0,0,0,0,0
71500,9993,0,5,0,1,0,0,0,1,0,0,0,0,0,0,0,0,0
71600,9988,0,2,0,0,0,6,0,4,0,0,0,0,0,0,0,0,0
71700,9990,0,4,0,3,0,2,0,0,0,1,0,0,0,0,0,0,0
71800,9987,0,3,0,1,0,2,0,5,0,2,0,0,0,0,0,0,0
71900,9981,0,6,0,3,0,3,0,6,0,1,0,0,0,0,0,0,0
72000,9982,0,3,0,7,0,4,0,4,0,0,0,0,0,0,0,0,0
72100,9991,0,4,0,1,0,2,0,1,0,1,0,0,0,0,0,0,0
72200,9992,0,4,0,2,0,0,0,2,0,0,0,0,0,0,0,0,0
72300,9991,0,2,0,1,0,0,0,5,0,1,0,0,0,0,0,0,0
72400,9992,0,2,0,1,0,2,0,3,0,0,0,0,0,0,0,0,0
72500,9987,0,5,0,4,0,3,0,1,0,0,0,0,0,0,0,0,0
72600,9989,0,6,0,3,0,1,0,1,0,0,0,0,0,0,0,0,0
72700,9987,0,6,0,2,0,2,0,1,0,2,0,0,0,0,0,0,0
72800,9975,0,8,0,4,0,7,0,4,0,2,0,0,0,0,0,0,0
72900,9987,0,4,0,4,0,2,0,0,0,3,0,0,0,0,0,0,0
73000,9988,0,5,0,2,0,1,0,4,0,0,0,0,0,0,0,0,0
73100,9990,0,2,0,3,0,2,0,1,0,1,0,1,0,0,0,0,0
73200,9990,0,4,0,1,0,3,0,1,0,1,0,0,0,0,0,0,0
73300,9991,0,2,0,2,0,2,0,2,0,1,0,0,0,0,0,0,0
73400,9992,0,1,0,3,0,0,0,3,0,1,0,0,0,0,0,0,0
73500,9994,0,2,0,2,0,0,0,2,0,0,0,0,0,0,0,0,0
73600,9986,0,7,0,1,0,1,0,3,0,2,0,0,0,0,0,0,0
73700,9982,0,6,0,0,0,4,0,7,0,1,0,0,0,0,0,0,0
73800,9987,0,5,0,2,0,0,0,4,0,2,0,0,0,0,0,0,0
73900,9986,0,7,0,2,0,1,0,3,0,1,0,0,0,0,0,0,0
74000,9991,0,4,0,1,0,2,0,1,0,1,0,0,0,0,0,0,0
74100,9986,0,7,0,1,0,4,0,1,0,1,0,0,0,0,0,0,0
74200,9983,0,5,0,3,0,7,0,0,0,2,0,0,0,0,0,0,0
74300,9989,0,5,0,1,0,1,0,3,0,1,0,0,0,0,0,0,0
74400,9985,0,5,0,1,0,5,0,0,0,4,0,0,0,0,0,0,0
74500,9988,0,9,0,1,0,2,0,0,0,0,0,0,0,0,0,0,0
74600,9987,0,4,0,3,0,0,0,4,0,2,0,0,0,0,0,0,0
74700,9984,0,7,0,1,0,5,0,1,0,2,0,0,0,0,0,0,0
74800,9991,0,5,0,1,0,1,0,1,0,1,0,0,0,0,0,0,0
74900,9992,0,3,0,2,0,1,0,2,0,0,0,0,0,0,0,0,0
75000,9988,0,3,0,3,0,4,0,2,0,0,0,0,0,0,0,0,0
75100,9993,0,3,0,1,0,1,0,0,0,2,0,0,0,0,0,0,0
75200,9987,0,4,0,4,0,2,0,2,0,1,0,0,0,0,0,0,0
75300,9986,0,6,0,1,0,5,0,2,0,0,0,0,0,0,0,0,0
75400,9977,0,15,0,3,0,3,0,0,0,2,0,0,0,0,0,0,0
75500,9990,0,7,0,2,0,1,0,0,0,0,0,0,0,0,0,0,0
75600,9992,0,5,0,0,0,2,0,1,0,0,0,0,0,0,0,0,0
75700,9981,0,11,0,2,0,0,0,3,0,2,0,1,0,0,0,0,0
75800,9981,0,11,0,1,0,6,0,1,0,0,0,0,0,0,0,0,0
75900,9983,0,9,0,2,0,1,0,2,0,3,0,0,0,0,0,0,0
76000,9984,0,8,0,2,0,3,0,2,0,1,0,0,0,0,0,0,0
76100,9986,0,7,0,1,0,3,0,3,0,0,0,0,0,0,0,0,0
76200,9984,0,8,0,1,0,3,0,3,0,1,0,0,0,0,0,0,0
76300,9988,0,0,0,2,0,2,0,8,0,0,0,0,0,0,0,0,0
76400,9995,0,2,0,0,0,1,0,1,0,1,0,0,0,0,0,0,0
76500,9985,0,3,0,3,0,7,0,1,0,1,0,0,0,0,0,0,0
76600,9989,0,0,0,1,0,4,0,4,0,2,0,0,0,0,0,0,0
76700,9993,0,1,0,1,0,3,0,2,0,0,0,0,0,0,0,0,0
76800,9991,0,2,0,1,0,2,0,3,0,1,0,0,0,0,0,0,0
76900,9988,0,3,0,1,0,4,0,3,0,1,0,0,0,0,0,0,0
77000,9989,0,1,0,0,0,7,0,2,0,1,0,0,0,0,0,0,0
77100,9989,0,3,0,2,0,3,0,2,0,1,0,0,0,0,0,0,0
77200,9990,0,0,0,2,0,3,0,4,0,1,0,0,0,0,0,0,0
77300,9989,0,0,0,2,0,5,0,4,0,0,0,0,0,0,0,0,0
77400,9992,0,0,0,1,0,4,0,1,0,2,0,0,0,0,0,0,0
77500,9984,0,2,0,2,0,7,0,2,0,3,0,0,0,0,0,0,0
77600,9991,0,4,0,0,0,3,0,2,0,0,0,0,0,0,0,0,0
77700,9994,0,0,0,2,0,2,0,1,0,1,0,0,0,0,0,0,0
77800,9995,0,2,0,0,0,3,0,0,0,0,0,0,0,0,0,0,0
77900,9992,0,0,0,1,0,4,0,2,0,1,0,0,0,0,0,0,0
78000,9977,0,18,0,0,0,3,0,2,0,0,0,0,0,0,0,0,0
78100,9960,0,23,0,6,0,3,0,5,0,3,0,0,0,0,0,0,0
78200,9972,0,24,0,0,0,2,0,1,0,1,0,0,0,0,0,0,0
78300,9968,0,26,0,2,0,2,0,2,0,0,0,0,0,0,0,0,0
78400,9971,0,24,0,2,0,1,0,0,0,2,0,0,0,0,0,0,0
78500,9972,0,23,0,1,0,1,0,3,0,0,0,0,0,0,0,0,0
78600,9970,0,24,0,0,0,2,0,4,0,0,0,0,0,0,0,0,0
78700,9973,0,23,0,0,0,2,0,1,0,1,0,0,0,0,0,0,0
78800,9971,0,24,0,0,0,2,0,2,0,1,0,0,0,0,0,0,0
78900,9965,0,23,0,1,0,1,0,10,0,0,0,0,0,0,0,0,0
79000,9971,0,24,0,0,0,4,0,0,0,1,0,0,0,0,0,0,0
79100,9969,0,24,0,1,0,3,0,1,0,2,0,0,0,0,0,0,0
79200,9974,0,21,0,1,0,2,0,2,0,0,0,0,0,0,0,0,0
79300,9988,0,0,0,5,0,2,0,5,0,0,0,0,0,0,0,0,0
79400,9991,0,1,0,3,0,1,0,4,0,0,0,0,0,0,0,0,0
79500,9997,0,0,0,0,0,1,0,0,0,2,0,0,0,0,0,0,0
79600,9991,0,0,0,2,0,2,0,3,0,2,0,0,0,0,0,0,0
79700,9993,0,0,0,1,0,3,0,2,0,1,0,0,0,0,0,0,0
79800,9994,0,0,0,5,0,0,0,1,0,0,0,0,0,0,0,0,0
79900,9990,0,2,0,2,0,4,0,2,0,0,0,0,0,0,0,0,0
80000,9987,0,5,0,2,0,5,0,0,0,1,0,0,0,0,0,0,0
80100,9985,0,3,0,3,0,6,0,2,0,1,0,0,0,0,0,0,0
80200,9987,0,6,0,1,0,4,0,2,0,0,0,0,0,0,0,0,0
80300,9980,0,6,0,5,0,6,0,3,0,0,0,0,0,0,0,0,0
80400,9984,0,4,0,4,0,5,0,1,0,2,0,0,0,0,0,0,0
80500,9982,0,4,0,2,0,8,0,3,0,1,0,0,0,0,0,0,0
80600,9983,0,6,0,2,0,5,0,4,0,0,0,0,0,0,0,0,0
80700,9982,0,6,0,1,0,6,0,5,0,0,0,0,0,0,0,0,0
80800,9982,0,6,0,1,0,8,0,1,0,2,0,0,0,0,0,0,0
80900,9988,0,3,0,2,0,5,0,0,0,2,0,0,0,0,0,0,0
81000,9980,0,8,0,3,0,5,0,4,0,0,0,0,0,0,0,0,0
81100,9979,0,5,0,1,0,9,0,5,0,1,0,0,0,0,0,0,0
81200,9990,0,1,0,0,0,1,0,8,0,0,0,0,0,0,0,0,0
81300,9981,0,11,0,2,0,6,0,0,0,0,0,0,0,0,0,0,0
81400,9982,0,8,0,0,0,9,0,0,0,1,0,0,0,0,0,0,0
81500,9989,0,4,0,0,0,4,0,3,0,0,0,0,0,0,0,0,0
81600,9991,0,1,0,1,0,5,0,0,0,2,0,0,0,0,0,0,0
81700,9994,0,1,0,0,0,3,0,0,0,2,0,0,0,0,0,0,0
81800,9992,0,3,0,1,0,2,0,2,0,0,0,0,0,0,0,0,0
81900,9987,0,5,0,2,0,4,0,1,0,1,0,0,0,0,0,0,0
82000,9987,0,4,0,0,0,3,0,5,0,0,0,1,0,0,0,0,0
82100,9986,0,7,0,1,0,3,0,2,0,1,0,0,0,0,0,0,0
82200,9968,0,23,0,2,0,0,0,5,0,1,0,1,0,0,0,0,0
82300,9954,0,38,0,2,0,2,0,3,0,1,0,0,0,0,0,0,0
82400,9955,0,36,0,1,0,4,0,2,0,2,0,0,0,0,0,0,0
82500,9955,0,34,0,3,0,1,0,7,0,0,0,0,0,0,0,0,0
82600,9927,0,65,0,3,0,3,0,2,0,0,0,0,0,0,0,0,0
82700,9927,0,68,0,3,0,0,0,1,0,1,0,0,0,0,0,0,0
82800,9904,0,92,0,2,0,1,0,1,0,0,0,0,0,0,0,0,0
82900,9900,0,95,0,1,0,1,0,2,0,1,0,0,0,0,0,0,0
83000,9902,0,93,0,1,0,1,0,2,0,1,0,0,0,0,0,0,0
83100,9888,0,98,0,3,0,3,0,7,0,1,0,0,0,0,0,0,0
83200,9898,0,95,0,2,0,1,0,2,0,2,0,0,0,0,0,0,0
83300,9898,0,94,0,4,0,0,0,4,0,0,0,0,0,0,0,0,0
83400,9900,0,96,0,0,0,0,0,3,0,1,0,0,0,0,0,0,0
83500,9894,0,98,0,2,0,3,0,3,0,0,0,0,0,0,0,0,0
83600,9887,0,103,0,0,0,0,0,8,0,2,0,0,0,0,0,0,0
83700,9910,0,82,0,2,0,1,0,3,0,2,0,0,0,0,0,0,0
83800,9921,0,73,0,2,0,2,0,1,0,1,0,0,0,0,0,0,0
83900,9923,0,71,0,1,0,3,0,2,0,0,0,0,0,0,0,0,0
84000,9920,0,70,0,2,0,3,0,4,0,1,0,0,0,0,0,0,0
84100,9919,0,76,0,2,0,1,0,1,0,1,0,0,0,0,0,0,0
84200,9919,0,71,0,3,0,4,0,2,0,1,0,0,0,0,0,0,0
84300,9923,0,67,0,3,0,2,0,4,0,1,0,0,0,0,0,0,0
84400,9927,0,68,0,1,0,2,0,1,0,1,0,0,0,0,0,0,0
84500,9931,0,63,0,1,0,2,0,2,0,1,0,0,0,0,0,0,0
84600,9939,0,57,0,0,0,3,0,0,0,1,0,0,0,0,0,0,0
84700,9963,0,31,0,2,0,0,0,2,0,2,0,0,0,0,0,0,0
84800,9961,0,34,0,1,0,1,0,3,0,0,0,0,0,0,0,0,0
84900,9934,0,61,0,1,0,0,0,4,0,0,0,0,0,0,0,0,0
85000,9934,0,62,0,2,0,0,0,2,0,0,0,0,0,0,0,0,0
85100,9929,0,63,0,0,0,4,0,3,0,1,0,0,0,0,0,0,0
85200,9944,0,51,0,1,0,0,0,4,0,0,0,0,0,0,0,0,0
85300,9958,0,32,0,2,0,5,0,3,0,0,0,0,0,0,0,0,0
85400,9957,0,34,0,3,0,1,0,4,0,1,0,0,0,0,0,0,0
85500,9956,0,37,0,2,0,0,0,5,0,0,0,0,0,0,0,0,0
85600,9964,0,30,0,2,0,0,0,3,0,1,0,0,0,0,0,0,0
85700,9964,0,31,0,0,0,1,0,3,0,1,0,0,0,0,0,0,0
85800,9958,0,31,0,0,0,4,0,5,0,2,0,0,0,0,0,0,0
85900,9964,0,32,0,1,0,1,0,2,0,0,0,0,0,0,0,0,0
86000,9954,0,31,0,2,0,1,0,10,0,2,0,0,0,0,0,0,0
86100,9962,0,32,0,1,0,5,0,0,0,0,0,0,0,0,0,0,0
86200,9965,0,31,0,1,0,1,0,2,0,0,0,0,0,0,0,0,0
86300,9961,0,32,0,1,0,0,0,4,0,2,0,0,0,0,0,0,0
86400,9953,0,35,0,2,0,4,0,5,0,1,0,0,0,0,0,0,0
86500,9963,0,32,0,1,0,1,0,2,0,1,0,0,0,0,0,0,0
86600,9957,0,31,0,2,0,2,0,8,0,0,0,0,0,0,0,0,0
86700,9961,0,32,0,1,0,0,0,5,0,1,0,0,0,0,0,0,0
86800,9964,0,32,0,0,0,0,0,4,0,0,0,0,0,0,0,0,0
86900,9954,0,30,0,5,0,2,0,7,0,2,0,0,0,0,0,0,0
87000,9962,0,31,0,2,0,2,0,3,0,0,0,0,0,0,0,0,0
87100,9977,0,15,0,3,0,0,0,4,0,1,0,0,0,0,0,0,0
87200,9992,0,0,0,3,0,0,0,5,0,0,0,0,0,0,0,0,0
87300,9989,0,0,0,4,0,1,0,6,0,0,0,0,0,0,0,0,0
87400,9993,0,0,0,2,0,3,0,2,0,0,0,0,0,0,0,0,0
87500,9987,0,0,0,0,0,12,0,1,0,0,0,0,0,0,0,0,0
87600,9980,0,2,0,1,0,12,0,4,0,1,0,0,0,0,0,0,0
87700,9979,0,1,0,1,0,15,0,4,0,0,0,0,0,0,0,0,0
87800,9979,0,3,0,2,0,11,0,4,0,1,0,0,0,0,0,0,0
87900,9937,0,38,0,1,0,19,0,4,0,1,0,0,0,0,0,0,0
88000,9937,0,44,0,2,0,12,0,2,0,3,0,0,0,0,0,0,0
88100,9933,0,44,0,1,0,18,0,4,0,0,0,0,0,0,0,0,0
88200,9948,0,40,0,1,0,8,0,2,0,1,0,0,0,0,0,0,0
88300,9953,0,40,0,3,0,0,0,2,0,2,0,0,0,0,0,0,0
88400,9957,0,40,0,1,0,0,0,1,0,1,0,0,0,0,0,0,0
88500,9953,0,43,0,1,0,1,0,1,0,0,0,1,0,0,0,0,0
88600,9957,0,40,0,1,0,0,0,1,0,1,0,0,0,0,0,0,0
88700,9955,0,40,0,3,0,1,0,1,0,0,0,0,0,0,0,0,0
88800,9953,0,40,0,3,0,1,0,2,0,1,0,0,0,0,0,0,0
88900,9946,0,43,0,5,0,4,0,1,0,1,0,0,0,0,0,0,0
89000,9959,0,40,0,0,0,1,0,0,0,0,0,0,0,0,0,0,0
89100,9954,0,41,0,1,0,2,0,0,0,2,0,0,0,0,0,0,0
89200,9950,0,44,0,1,0,3,0,2,0,0,0,0,0,0,0,0,0
89300,9942,0,49,0,3,0,0,0,6,0,0,0,0,0,0,0,0,0
89400,9948,0,48,0,1,0,2,0,0,0,1,0,0,0,0,0,0,0
89500,9958,0,40,0,0,0,1,0,1,0,0,0,0,0,0,0,0,0
89600,9989,0,6,0,1,0,4,0,0,0,0,0,0,0,0,0,0,0
89700,9994,0,0,0,3,0,0,0,2,0,1,0,0,0,0,0,0,0
89800,9996,0,0,0,1,0,1,0,0,0,2,0,0,0,0,0,0,0
89900,9997,0,0,0,1,0,1,0,0,0,1,0,0,0,0,0,0,0
90000,9995,0,0,0,1,0,1,0,1,0,2,0,0,0,0,0,0,0
90100,9999,0,0,0,0,0,0,0,1,0,0,0,0,0,0,0,0,0
90200,9993,0,3,0,0,0,0,0,4,0,0,0,0,0,0,0,0,0
90300,9995,0,0,0,2,0,3,0,0,0,0,0,0,0,0,0,0,0
90400,9996,0,1,0,0,0,0,0,1,0,2,0,0,0,0,0,0,0
90500,9995,0,0,0,1,0,2,0,1,0,1,0,0,0,0,0,0,0
90600,9988,0,0,0,3,0,1,0,8,0,0,0,0,0,0,0,0,0
90700,9993,0,0,0,0,0,0,0,7,0,0,0,0,0,0,0,0,0
90800,9988,0,1,0,1,0,4,0,5,0,1,0,0,0,0,0,0,0
90900,9995,0,0,0,0,0,1,0,2,0,2,0,0,0,0,0,0,0
91000,9994,0,1,0,3,0,0,0,2,0,0,0,0,0,0,0,0,0
91100,9995,0,0,0,0,0,4,0,0,0,1,0,0,0,0,0,0,0
91200,9996,0,0,0,1,0,1,0,1,0,1,0,0,0,0,0,0,0
91300,9994,0,0,0,5,0,0,0,1,0,0,0,0,0,0,0,0,0
91400,9990,0,0,0,3,0,2,0,5,0,0,0,0,0,0,0,0,0
91500,9995,0,2,0,1,0,1,0,1,0,0,0,0,0,0,0,0,0
91600,9991,0,0,0,1,0,4,0,4,0,0,0,0,0,0,0,0,0
91700,9996,0,0,0,1,0,2,0,1,0,0,0,0,0,0,0,0,0
91800,9989,0,4,0,2,0,4,0,1,0,0,0,0,0,0,0,0,0
91900,9992,0,4,0,0,0,3,0,1,0,0,0,0,0,0,0,0,0
92000,9979,0,5,0,2,0,9,0,3,0,2,0,0,0,0,0,0,0
92100,9990,0,5,0,1,0,1,0,3,0,0,0,0,0,0,0,0,0
92200,9993,0,2,0,0,0,3,0,2,0,0,0,0,0,0,0,0,0
92300,9992,0,1,0,2,0,2,0,1,0,2,0,0,0,0,0,0,0
92400,9983,0,5,0,1,0,8,0,3,0,0,0,0,0,0,0,0,0
92500,9982,0,7,0,0,0,6,0,4,0,1,0,0,0,0,0,0,0
92600,9986,0,7,0,0,0,5,0,2,0,0,0,0,0,0,0,0,0
92700,9988,0,7,0,0,0,1,0,4,0,0,0,0,0,0,0,0,0
92800,9987,0,3,0,1,0,8,0,1,0,0,0,0,0,0,0,0,0
92900,9989,0,4,0,3,0,3,0,1,0,0,0,0,0,0,0,0,0
93000,9990,0,4,0,1,0,4,0,1,0,0,0,0,0,0,0,0,0
93100,9977,0,3,0,3,0,12,0,4,0,1,0,0,0,0,0,0,0
93200,9983,0,4,0,0,0,7,0,5,0,1,0,0,0,0,0,0,0
93300,9990,0,4,0,0,0,4,0,0,0,2,0,0,0,0,0,0,0
93400,9991,0,4,0,2,0,1,0,2,0,0,0,0,0,0,0,0,0
93500,9991,0,0,0,1,0,5,0,2,0,1,0,0,0,0,0,0,0
93600,9989,0,0,0,2,0,5,0,3,0,1,0,0,0,0,0,0,0
93700,9984,0,0,0,3,0,7,0,5,0,1,0,0,0,0,0,0,0
93800,9990,0,5,0,0,0,3,0,1,0,1,0,0,0,0,0,0,0
93900,9982,0,6,0,3,0,7,0,2,0,0,0,0,0,0,0,0,0
94000,9981,0,5,0,2,0,8,0,2,0,2,0,0,0,0,0,0,0
94100,9984,0,7,0,1,0,3,0,4,0,1,0,0,0,0,0,0,0
94200,9970,0,12,0,4,0,8,0,3,0,3,0,0,0,0,0,0,0
94300,9983,0,10,0,1,0,4,0,0,0,2,0,0,0,0,0,0,0
94400,9979,0,13,0,1,0,5,0,1,0,1,0,0,0,0,0,0,0
94500,9982,0,9,0,3,0,3,0,3,0,0,0,0,0,0,0,0,0
94600,9983,0,11,0,3,0,1,0,2,0,0,0,0,0,0,0,0,0
94700,9978,0,13,0,1,0,3,0,3,0,2,0,0,0,0,0,0,0
94800,9980,0,10,0,0,0,4,0,3,0,3,0,0,0,0,0,0,0
94900,9982,0,11,0,2,0,5,0,0,0,0,0,0,0,0,0,0,0
95000,9979,0,14,0,0,0,3,0,2,0,2,0,0,0,0,0,0,0
95100,9982,0,12,0,2,0,4,0,0,0,0,0,0,0,0,0,0,0
95200,9980,0,10,0,2,0,6,0,1,0,1,0,0,0,0,0,0,0
95300,9976,0,14,0,0,0,7,0,0,0,3,0,0,0,0,0,0,0
95400,9984,0,11,0,1,0,3,0,1,0,0,0,0,0,0,0,0,0
95500,9985,0,10,0,1,0,1,0,2,0,1,0,0,0,0,0,0,0
95600,9979,0,11,0,1,0,3,0,6,0,0,0,0,0,0,0,0,0
95700,9982,0,8,0,2,0,4,0,2,0,2,0,0,0,0,0,0,0
95800,9987,0,5,0,2,0,5,0,1,0,0,0,0,0,0,0,0,0
95900,9977,0,8,0,3,0,9,0,2,0,1,0,0,0,0,0,0,0
96000,9981,0,9,0,3,0,4,0,3,0,0,0,0,0,0,0,0,0
96100,9983,0,5,0,1,0,7,0,3,0,1,0,0,0,0,0,0,0
96200,9986,0,3,0,1,0,2,0,8,0,0,0,0,0,0,0,0,0
96300,9989,0,0,0,2,0,6,0,2,0,1,0,0,0,0,0,0,0
96400,9987,0,3,0,3,0,4,0,3,0,0,0,0,0,0,0,0,0
96500,9985,0,3,0,2,0,8,0,2,0,0,0,0,0,0,0,0,0
96600,9991,0,1,0,0,0,5,0,3,0,0,0,0,0,0,0,0,0
96700,9986,0,1,0,0,0,6,0,6,0,1,0,0,0,0,0,0,0
96800,9988,0,2,0,2,0,3,0,2,0,3,0,0,0,0,0,0,0
96900,9988,0,2,0,2,0,6,0,2,0,0,0,0,0,0,0,0,0
97000,9994,0,1,0,0,0,3,0,1,0,1,0,0,0,0,0,0,0
97100,9987,0,0,0,4,0,4,0,4,0,1,0,0,0,0,0,0,0
97200,9986,0,0,0,3,0,6,0,3,0,2,0,0,0,0,0,0,0
97300,9997,0,0,0,0,0,1,0,2,0,0,0,0,0,0,0,0,0
97400,9988,0,0,0,3,0,6,0,3,0,0,0,0,0,0,0,0,0
97500,9981,0,8,0,3,0,4,0,4,0,0,0,0,0,0,0,0,0
97600,9886,0,103,0,3,0,1,0,5,0,2,0,0,0,0,0,0,0
97700,9892,0,101,0,1,0,5,0,0,0,1,0,0,0,0,0,0,0
97800,9892,0,101,0,2,0,3,0,2,0,0,0,0,0,0,0,0,0
97900,9888,0,105,0,2,0,1,0,4,0,0,0,0,0,0,0,0,0
98000,9891,0,101,0,0,0,6,0,2,0,0,0,0,0,0,0,0,0
98100,9890,0,101,0,2,0,1,0,4,0,2,0,0,0,0,0,0,0
98200,9893,0,99,0,2,0,3,0,2,0,1,0,0,0,0,0,0,0
98300,9883,0,101,0,4,0,7,0,4,0,1,0,0,0,0,0,0,0
98400,9886,0,98,0,4,0,5,0,6,0,1,0,0,0,0,0,0,0
98500,9888,0,102,0,3,0,5,0,1,0,1,0,0,0,0,0,0,0
98600,9886,0,102,0,2,0,5,0,4,0,1,0,0,0,0,0,0,0
98700,9889,0,103,0,4,0,1,0,1,0,2,0,0,0,0,0,0,0
98800,9899,0,94,0,0,0,6,0,1,0,0,0,0,0,0,0,0,0
98900,9926,0,68,0,2,0,0,0,3,0,1,0,0,0,0,0,0,0
99000,9932,0,61,0,1,0,6,0,0,0,0,0,0,0,0,0,0,0
99100,9918,0,73,0,2,0,2,0,1,0,4,0,0,0,0,0,0,0
99200,9909,0,82,0,2,0,6,0,1,0,0,0,0,0,0,0,0,0
99300,9902,0,89,0,4,0,3,0,1,0,1,0,0,0,0,0,0,0
99400,9884,0,105,0,2,0,5,0,3,0,1,0,0,0,0,0,0,0
99500,9890,0,102,0,4,0,1,0,3,0,0,0,0,0,0,0,0,0
99600,9892,0,101,0,0,0,3,0,3,0,1,0,0,0,0,0,0,0
99700,9890,0,100,0,1,0,3,0,5,0,1,0,0,0,0,0,0,0
99800,9894,0,100,0,2,0,1,0,2,0,1,0,0,0,0,0,0,0
99900,9893,0,101,0,4,0,0,0,2,0,0,0,0,0,0,0,0,0
100000,9887,0,104,0,1,0,5,0,2,0,1,0,0,0,0,0,0,0
