update,host_task_NOT,sym_task_NOT,host_task_NAND,sym_task_NAND,host_task_AND,sym_task_AND,host_task_ORN,sym_task_ORN,host_task_OR,sym_task_OR,host_task_ANDN,sym_task_ANDN,host_task_NOR,sym_task_NOR,host_task_XOR,sym_task_XOR,host_task_EQU,sym_task_EQU
0,0,0,0,0,0,0,0,0,0,0,0,0,0,0,0,0,0,0
100,9999,38314,0,3,0,5,0,1,1,3,2,2,0,0,0,0,0,0
200,9995,33250,0,10,1,3,1,6,3,4,0,1,0,0,0,0,0,0
300,9995,33196,0,4,2,8,1,4,2,7,0,0,0,0,0,0,0,0
400,9995,33134,0,2,3,10,1,2,1,4,0,5,0,0,0,0,0,0
500,9996,33096,0,4,1,7,1,3,1,8,1,2,0,0,0,0,0,0
600,9995,28019,0,4,1,6,0,0,3,1,1,5,0,0,0,0,0,0
700,9993,25936,0,2,3,4,1,1,1,7,2,5,0,0,0,0,0,0
800,9997,25862,0,2,2,6,0,3,1,3,0,2,0,0,0,0,0,0
900,9997,25960,0,7,1,3,0,8,0,4,2,2,0,0,0,0,0,0
1000,9994,25836,1,1,0,5,1,2,2,5,2,3,0,0,0,0,0,0
1100,9995,23222,1,0,0,2,0,3,1,2,3,1,0,0,0,0,0,0
1200,9989,20378,4,6,2,4,2,0,1,4,2,1,0,0,0,0,0,0
1300,9984,20295,4,3,5,2,1,9,4,4,1,2,1,0,0,0,0,0
1400,9989,20372,4,10,1,6,2,4,3,1,1,2,0,0,0,0,0,0
1500,9985,20426,4,8,5,2,1,0,4,5,1,4,0,0,0,0,0,0
1600,9985,19335,3,2,5,3,3,5,4,5,0,3,0,0,0,0,0,0
1700,9994,16053,2,1,1,1,1,4,2,2,0,1,0,0,0,0,0,0
1800,9988,15938,2,3,4,1,4,2,2,7,0,1,0,1,0,0,0,0
1900,9989,16051,0,4,3,6,4,2,3,1,1,1,0,0,0,0,0,0
2000,9988,15974,3,4,1,6,2,4,5,4,1,1,0,0,0,0,0,0
2100,9990,16169,0,6,3,1,6,3,1,4,0,1,0,0,0,0,0,0
2200,9990,13005,5,5,1,3,4,1,0,2,0,1,0,0,0,0,0,0
2300,9991,12922,0,5,2,3,4,3,3,2,0,2,0,0,0,0,0,0
2400,9987,12943,1,7,2,4,3,0,5,2,2,1,0,0,0,0,0,0
2500,9989,12976,2,11,2,3,2,1,5,0,0,4,0,0,0,0,0,0
2600,9992,12897,0,10,2,1,4,1,2,4,0,1,0,0,0,0,0,0
2700,9984,10855,2,10,1,4,10,1,1,6,2,1,0,0,0,0,0,0
2800,9986,10313,2,14,9,3,0,3,3,3,0,2,0,0,0,0,0,0
2900,9989,10403,2,6,0,2,7,2,1,0,1,1,0,0,0,0,0,0
3000,9986,10574,2,7,4,1,4,2,2,3,2,1,0,0,0,0,0,0
3100,9989,10485,0,4,3,0,4,1,4,2,0,0,0,0,0,0,0,0
3200,9991,9321,2,4,3,3,3,1,1,2,0,1,0,0,0,0,0,0
3300,9982,8683,4,6,2,0,3,1,6,3,3,1,0,0,0,0,0,0
3400,9987,8747,6,4,2,2,2,1,3,2,0,1,0,0,0,0,0,0
3500,9986,8687,5,7,2,2,4,1,2,1,1,0,0,0,0,0,0,0
3600,9988,8561,6,4,1,0,2,0,2,1,1,0,0,0,0,0,0,0
3700,9987,8253,4,7,1,1,3,2,4,1,1,1,0,0,0,0,0,0
3800,9988,7269,1,8,0,1,3,5,6,1,2,2,0,0,0,0,0,0
3900,9981,7346,5,10,1,0,10,1,1,4,2,2,0,0,0,0,0,0
4000,9986,7452,1,2,1,0,5,1,5,3,2,0,0,0,0,0,0,0
4100,9990,7489,1,12,3,3,1,0,3,0,1,2,1,0,0,0,0,0
4200,9982,7620,1,19,2,6,6,0,8,0,1,2,0,1,0,0,0,0
4300,9983,6312,7,20,0,1,6,1,4,0,0,2,0,2,0,0,0,0
4400,9981,6462,8,13,5,2,4,3,2,2,0,1,0,1,0,0,0,0
4500,9976,6568,10,8,2,4,7,1,4,2,1,0,0,0,0,0,0,0
4600,9987,6575,7,16,0,1,2,2,3,2,1,1,0,0,0,0,0,0
4700,9981,6479,5,24,1,0,8,2,4,0,1,0,0,0,0,0,0,0
4800,9973,5733,17,8,1,2,3,7,6,2,0,0,0,0,0,0,0,0
4900,9965,5987,24,36,0,2,3,4,5,1,3,2,0,0,0,0,0,0
5000,9962,6640,20,54,3,0,11,0,2,3,2,1,0,0,0,0,0,0
5100,9966,7862,22,22,1,4,6,3,3,4,2,0,0,0,0,0,0,0
5200,9964,8965,22,45,2,0,6,8,4,1,2,1,0,0,0,0,0,0
5300,9967,9533,26,97,0,7,2,7,5,5,0,1,0,0,0,0,0,0
5400,9958,10138,31,81,3,3,3,6,4,5,1,2,0,0,0,0,0,0
5500,9951,11180,29,62,5,4,8,5,7,2,0,2,0,1,0,0,0,0
5600,9962,11548,30,35,1,6,3,9,0,3,4,3,0,0,0,0,0,0
5700,9957,12592,34,99,2,6,5,4,2,3,0,2,0,0,0,0,0,0
5800,9962,13288,28,92,1,5,5,3,3,3,1,1,0,0,0,0,0,0
5900,9955,13252,26,59,4,3,5,11,9,3,0,3,1,0,0,0,0,0
6000,9962,14773,31,58,0,7,2,11,3,4,2,1,0,0,0,0,0,0
6100,9964,16359,25,52,4,5,4,12,3,8,0,1,0,0,0,0,0,0
6200,9964,18316,28,86,1,3,4,7,3,1,0,3,0,0,0,0,0,0
6300,9959,18181,29,47,3,6,6,1,1,6,2,1,0,0,0,0,0,0
6400,9954,18285,28,50,2,5,8,5,6,4,2,2,0,0,0,0,0,0
6500,9956,20346,27,62,3,2,4,9,8,2,2,2,0,0,0,0,0,0
6600,9962,19400,30,71,3,3,2,7,3,1,0,1,0,0,0,0,0,0
6700,9944,21714,34,63,4,3,6,3,10,2,2,0,0,0,0,0,0,0
6800,9946,20639,35,37,1,3,9,7,9,5,0,2,0,0,0,0,0,0
6900,9958,18735,29,53,1,4,7,7,3,11,2,3,0,0,0,0,0,0
7000,9957,20391,21,79,6,3,8,10,7,5,1,1,0,0,0,0,0,0
7100,9956,20225,25,107,2,3,8,9,4,2,5,1,0,0,0,0,0,0
7200,9969,21148,22,71,4,3,1,4,4,1,0,1,0,0,0,0,0,0
7300,9969,22298,22,136,0,6,4,13,2,6,3,4,0,0,0,0,0,0
7400,9961,20941,20,93,3,0,4,4,11,3,1,0,0,0,0,0,0,0
7500,9962,21549,22,41,2,2,8,11,5,3,1,3,0,0,0,0,0,0
7600,9961,21427,26,52,4,7,1,42,8,5,0,4,0,0,0,0,0,0
7700,9973,21918,15,56,0,5,2,10,9,5,0,3,1,0,0,0,0,0
7800,9962,21267,18,53,1,5,7,5,6,5,3,0,3,0,0,0,0,0
7900,9959,19491,24,50,2,2,9,7,3,4,2,2,1,0,0,0,0,0
8000,9957,19589,21,47,6,2,7,3,7,7,2,2,0,0,0,0,0,0
8100,9963,20292,22,29,6,4,2,5,6,7,0,3,1,0,0,0,0,0
8200,9960,20351,24,143,7,2,4,7,4,4,1,2,0,0,0,0,0,0
8300,9958,19896,22,34,5,4,4,4,10,3,0,3,0,0,0,0,1,0
8400,9941,19628,31,102,9,3,10,7,7,8,2,1,0,0,0,0,0,0
8500,9947,18206,32,71,7,0,8,10,2,4,4,3,0,0,0,0,0,0
8600,9966,19057,30,63,0,5,3,9,1,5,0,1,0,0,0,0,0,0
8700,9960,19227,24,97,2,2,2,11,9,5,3,1,0,0,0,0,0,0
8800,9948,18688,32,115,5,4,4,19,6,7,5,1,0,0,0,0,0,0
8900,9956,18787,25,253,7,5,6,17,3,5,3,0,0,0,0,0,0,0
9000,9956,18608,29,185,3,2,5,10,6,4,1,2,0,0,0,0,0,0
9100,9943,20923,41,173,5,2,7,14,3,5,1,4,0,0,0,0,0,0
9200,9948,22292,41,225,4,6,5,8,1,3,1,0,0,0,0,0,0,0
9300,9924,22632,51,268,6,3,12,4,5,11,2,3,0,0,0,0,0,0
9400,9942,20632,41,166,2,4,8,5,4,6,2,3,1,0,0,0,0,0
9500,9907,19580,66,306,3,10,17,9,2,5,4,1,1,0,0,0,0,0
9600,9920,20502,50,277,8,13,14,10,7,1,0,3,1,0,0,0,0,0
9700,9920,21223,54,152,4,1,14,12,5,5,2,1,1,0,0,0,0,0
9800,9918,21528,58,100,1,3,18,12,5,4,0,1,0,0,0,0,0,0
9900,9924,21478,50,104,2,5,13,17,9,6,2,0,0,0,0,0,0,0
10000,9916,20680,53,40,7,4,18,13,6,5,0,4,0,0,0,0,0,0
10100,9909,21172,65,19,3,6,15,28,6,7,1,1,1,0,0,0,0,0
10200,9908,22760,59,38,4,8,20,7,6,6,3,2,0,1,0,0,0,0
10300,9917,24554,53,84,7,3,17,10,6,7,0,2,0,0,0,0,0,0
10400,9918,25760,56,86,4,5,11,7,9,5,2,2,0,0,0,0,0,0
10500,9913,25864,62,106,4,1,15,8,3,4,2,5,1,0,0,0,0,0
10600,9901,23571,79,56,8,6,9,8,3,9,0,0,0,0,0,0,0,0
10700,9883,25007,89,118,6,5,14,10,6,9,0,1,2,1,0,0,0,0
10800,9892,25358,83,86,4,3,11,13,4,7,4,0,2,0,0,0,0,0
10900,9909,23888,78,33,2,6,5,16,1,4,3,2,2,0,0,0,0,0
11000,9834,25472,134,144,6,9,9,17,11,7,6,4,0,0,0,0,0,0
11100,9828,23929,127,84,7,5,27,11,7,12,4,4,0,0,0,0,0,0
11200,9802,23747,126,67,5,4,54,16,9,5,4,6,0,0,0,0,0,0
11300,9800,23406,125,65,6,2,61,24,6,6,2,3,0,0,0,0,0,0
11400,9792,24936,128,34,9,2,60,8,8,10,2,1,1,0,0,0,0,0
11500,9795,25085,149,84,6,2,35,7,10,3,5,2,0,0,0,0,0,0
11600,9792,24279,157,42,6,3,36,8,6,5,1,3,2,0,0,0,0,0
11700,9777,23150,164,96,8,3,37,11,12,7,2,1,0,0,0,0,0,0
11800,9729,24920,220,83,7,2,33,4,9,8,2,2,0,0,0,0,0,0
11900,9722,25876,224,97,11,0,31,20,11,5,1,0,0,0,0,0,0,0
12000,9728,24993,232,37,3,1,26,15,10,8,1,4,0,0,0,0,0,0
12100,9702,24055,244,45,4,2,38,8,9,12,3,1,0,0,0,0,0,0
12200,9706,25569,248,164,5,6,31,5,8,5,2,3,0,0,0,0,0,0
12300,9671,27041,276,60,7,0,37,12,7,6,2,3,0,0,0,0,0,0
12400,9653,25362,307,52,2,5,30,23,7,3,1,2,0,0,0,0,0,0
12500,9613,22880,334,102,5,4,36,8,9,3,3,4,0,0,0,0,0,0
12600,9588,23167,356,51,11,2,36,5,4,6,4,1,1,0,0,0,0,0
12700,9570,23673,378,66,11,6,32,16,5,6,4,1,0,0,0,0,0,0
12800,9576,25845,377,35,12,1,27,17,5,2,3,1,0,0,0,0,0,0
12900,9521,24528,399,77,7,5,66,10,6,3,1,1,0,0,0,0,0,0
13000,9480,24098,418,68,20,5,71,13,11,6,0,0,0,0,0,0,0,0
13100,9477,25752,423,45,21,2,69,15,10,6,0,0,0,0,0,0,0,0
13200,9403,24136,505,44,20,3,64,6,6,5,2,1,0,0,0,0,0,0
13300,9352,23060,561,37,14,6,64,12,7,8,2,0,0,0,0,0,0,0
13400,9374,21715,509,85,15,3,93,21,7,10,2,3,0,0,0,0,0,0
13500,9317,21969,579,40,14,2,84,5,5,6,1,2,0,0,0,0,0,0
13600,9297,22196,568,42,13,2,115,9,7,8,0,0,0,0,0,0,0,0
13700,9261,20711,593,57,12,3,118,14,7,6,1,3,8,0,0,0,0,0
13800,9243,21115,605,34,16,2,106,8,6,3,1,1,23,0,0,0,0,0
13900,9220,22683,636,25,12,3,105,12,5,2,5,1,17,0,0,0,0,0
14000,9179,22355,666,100,14,3,114,7,9,3,0,4,18,0,0,0,0,0
14100,9094,22235,703,117,37,3,140,8,6,7,0,3,20,0,0,0,0,0
14200,9097,22212,710,68,45,3,123,15,5,6,2,4,18,1,0,0,0,0
14300,9122,20713,687,18,43,2,122,15,7,1,1,1,18,0,0,0,0,0
14400,9082,20898,708,45,43,4,145,4,7,4,1,1,14,0,0,0,0,0
14500,9118,21416,691,51,26,0,141,11,10,2,0,3,14,0,0,0,0,0
14600,9138,20945,665,31,28,3,147,18,6,3,3,3,13,0,0,0,0,0
14700,9066,20454,750,33,18,2,143,19,8,11,3,3,12,0,0,0,0,0
14800,9045,21450,770,29,20,3,142,8,6,2,4,0,13,0,0,0,0,0
14900,9067,20768,757,30,20,2,149,7,4,2,3,2,0,1,0,0,0,0
15000,9009,19803,800,37,19,2,151,8,12,7,9,1,0,0,0,0,0,0
15100,9057,19202,754,31,7,3,152,8,24,2,5,2,1,0,0,0,0,0
15200,9054,17134,754,29,5,3,146,7,37,3,4,1,0,0,0,0,0,0
15300,8987,17758,824,20,11,0,140,11,36,3,2,1,0,0,0,0,0,0
15400,8955,16977,854,75,5,1,136,8,41,2,9,1,0,0,0,0,0,0
15500,8973,18447,853,26,5,1,130,2,31,2,8,0,0,0,0,0,0,0
15600,8993,19554,820,51,4,0,143,9,33,2,7,2,0,0,0,0,0,0
15700,9067,17323,749,93,6,4,131,7,44,2,3,0,0,0,0,0,0,0
15800,9069,16897,791,30,6,1,97,11,34,11,3,2,0,0,0,0,0,0
15900,9052,16091,773,24,10,3,125,4,34,2,6,1,0,0,0,0,0,0
16000,9077,16276,756,23,4,3,119,6,39,14,5,0,0,0,0,0,0,0
16100,9147,17066,699,29,12,4,116,10,21,6,5,1,0,0,0,0,0,0
16200,9177,17262,680,16,14,5,119,13,5,3,5,1,0,0,0,0,0,0
16300,9183,16433,684,56,11,3,111,3,5,3,6,2,0,0,0,0,0,0
16400,9085,16476,774,64,15,4,113,7,7,2,6,0,0,0,0,0,0,0
16500,8999,16534,864,31,14,1,112,6,8,1,3,3,0,0,0,0,0,0
16600,8971,16295,891,44,13,1,111,6,9,3,4,0,1,0,0,0,0,0
16700,8939,16042,906,40,23,1,115,4,13,5,4,0,0,0,0,0,0,0
16800,8993,15187,870,105,14,0,115,9,5,1,3,0,0,0,0,0,0,0
16900,8987,14257,874,184,21,1,110,9,5,10,3,2,0,0,0,0,0,0
17000,8978,12866,879,136,16,3,109,14,15,3,3,2,0,0,0,0,0,0
17100,8984,13646,859,162,31,2,98,16,25,2,2,0,1,0,0,0,0,0
17200,8932,13021,897,212,36,2,109,20,21,0,5,0,0,0,0,0,0,0
17300,8882,13592,936,257,13,1,140,15,25,11,4,3,0,0,0,0,0,0
17400,8867,13121,959,560,5,1,143,18,21,2,5,0,0,0,0,0,0,0
17500,8867,13095,955,589,12,2,139,10,26,5,1,0,0,1,0,0,0,0
17600,8933,13410,891,538,9,1,145,11,21,2,1,2,0,0,0,0,0,0
17700,8975,12259,851,609,5,1,141,25,25,2,3,2,0,1,0,0,0,0
17800,8980,13670,831,722,4,2,157,11,22,6,6,1,0,0,0,0,0,0
17900,8959,13853,853,370,5,2,160,17,22,6,1,0,0,0,0,0,0,0
18000,8962,12787,849,419,5,1,157,21,27,1,0,0,0,0,0,0,0,0
18100,8972,12622,847,557,7,4,151,23,21,2,2,1,0,0,0,0,0,0
18200,8972,11973,872,452,8,3,125,13,20,1,3,1,0,0,0,0,0,0
18300,9006,12140,865,434,8,5,95,11,24,5,2,1,0,0,0,0,0,0
18400,9040,12381,831,615,5,7,95,24,26,2,3,0,0,0,0,0,0,0
18500,9010,11641,864,791,6,4,100,20,19,4,1,0,0,0,0,0,0,0
18600,9003,11334,866,646,4,5,99,22,21,4,6,0,0,0,0,0,1,0
18700,9007,10798,877,783,7,4,87,16,22,1,0,2,0,0,0,0,0,0
18800,9077,11668,822,853,8,6,65,12,23,1,5,0,0,0,0,0,0,0
18900,9043,11641,860,855,8,2,65,7,21,2,3,1,0,1,0,0,0,0
19000,9085,10080,811,449,10,1,67,20,26,2,1,0,0,0,0,0,0,0
19100,9043,10190,852,369,10,1,66,10,27,3,2,0,0,0,0,0,0,0
19200,9092,9328,803,366,12,1,68,9,21,3,3,2,1,0,0,0,0,0
19300,9082,8700,811,456,13,3,71,5,21,2,2,0,0,0,0,0,0,0
19400,9099,9350,794,513,8,2,75,14,23,0,1,1,0,0,0,0,0,0
19500,9082,9352,804,774,19,3,72,13,23,1,0,1,0,0,0,0,0,0
19600,9090,9822,783,671,16,4,79,9,27,2,5,1,0,0,0,0,0,0
19700,9107,10368,802,537,13,1,53,14,24,3,1,1,0,0,0,0,0,0
19800,9097,9888,827,563,11,2,41,5,24,1,0,0,0,0,0,0,0,0
19900,9098,9607,826,661,8,2,46,10,22,2,0,0,0,0,0,0,0,0
20000,9106,8765,808,1049,19,0,41,18,23,4,3,1,0,0,0,0,0,0
20100,9089,8033,829,1144,18,1,43,45,18,2,3,1,0,0,0,0,0,0
20200,9054,7389,860,498,19,4,41,12,20,5,6,1,0,0,0,0,0,0
20300,9032,8968,889,295,18,1,41,14,20,4,0,0,0,0,0,0,0,0
20400,9022,9425,888,460,24,2,45,11,20,0,1,0,0,0,0,0,0,0
20500,9035,8686,883,413,18,1,42,4,19,2,3,0,0,0,0,0,0,0
20600,9050,8330,875,294,16,2,40,20,19,0,0,1,0,0,0,0,0,0
20700,9062,8876,854,290,20,1,39,4,22,2,2,0,1,0,0,0,0,0
20800,9116,8574,811,407,18,0,32,11,22,3,1,1,0,0,0,0,0,0
20900,9113,8821,819,463,16,3,30,9,19,3,3,1,0,0,0,0,0,0
21000,9144,9454,781,477,16,0,32,10,25,3,2,1,0,0,0,0,0,0
21100,9232,8899,703,509,9,2,32,13,24,4,0,1,0,0,0,0,0,0
21200,9248,9232,684,150,12,1,24,7,28,3,4,2,0,0,0,0,0,0
21300,9280,8862,662,172,15,0,19,10,24,2,0,1,0,0,0,0,0,0
21400,9301,8019,643,329,11,3,21,7,23,2,1,1,0,0,0,0,0,0
21500,9280,8246,656,174,16,0,22,6,25,3,1,0,0,1,0,0,0,0
21600,9216,8224,727,210,13,6,19,9,24,3,1,3,0,0,0,0,0,0
21700,9216,8143,739,164,8,4,15,7,21,4,1,1,0,0,0,0,0,0
21800,9280,8877,670,106,6,3,16,11,24,4,4,0,0,0,0,0,0,0
21900,9355,8955,587,215,13,4,22,5,22,2,1,2,0,0,0,0,0,0
22000,9329,8063,621,237,7,4,16,4,26,2,1,3,0,1,0,0,0,0
22100,9357,8489,587,257,7,1,18,8,23,0,8,1,0,1,0,0,0,0
22200,9402,8154,542,166,7,0,24,12,24,0,1,0,0,0,0,0,0,0
22300,9379,8913,569,113,8,1,17,7,23,2,4,3,0,0,0,0,0,0
22400,9387,8833,558,27,10,0,19,6,22,2,4,1,0,0,0,0,0,0
22500,9417,8686,536,35,10,2,15,10,22,4,0,0,0,0,0,0,0,0
22600,9408,8163,547,65,7,1,16,7,20,3,2,1,0,0,0,0,0,0
22700,9399,6813,552,38,14,1,17,26,16,2,2,2,0,0,0,0,0,0
22800,9399,8002,555,61,6,1,13,8,22,2,5,1,0,0,0,0,0,0
22900,9432,8647,514,54,3,2,19,10,31,0,1,2,0,0,0,0,0,0
23000,9446,8212,507,16,4,2,14,6,26,1,3,0,0,0,0,0,0,0
23100,9461,8679,496,12,5,1,17,13,19,2,2,1,0,0,0,0,0,0
23200,9420,7801,540,24,7,1,6,7,21,1,6,1,0,0,0,0,0,0
23300,9424,8130,563,9,3,2,1,5,7,1,1,0,1,0,0,0,0,0
23400,9431,8288,551,17,5,1,4,9,6,1,3,0,0,0,0,0,0,0
23500,9456,8177,528,31,4,4,3,7,7,1,2,2,0,0,0,0,0,0
23600,9468,7565,516,12,5,2,5,5,3,1,3,0,0,0,0,0,0,0
23700,9472,8813,515,14,5,0,4,7,1,0,3,0,0,0,0,0,0,0
23800,9483,7975,505,10,2,3,3,8,5,3,2,1,0,0,0,0,0,0
23900,9494,7593,490,19,3,0,2,5,7,0,3,1,1,0,0,0,0,0
24000,9473,7964,518,12,2,2,4,11,2,2,1,0,0,0,0,0,0,0
24100,9492,7279,494,51,5,0,3,8,5,0,1,0,0,0,0,0,0,0
24200,9447,7395,535,11,6,1,7,8,4,1,1,0,0,0,0,0,0,0
24300,9451,7519,532,9,3,1,9,6,4,2,1,0,0,0,0,0,0,0
24400,9490,6750,502,27,4,0,4,4,0,0,0,0,0,0,0,0,0,0
24500,9529,6487,449,28,8,0,8,3,3,0,3,0,0,0,0,0,0,0
24600,9478,6184,497,8,5,2,10,11,9,1,1,0,0,0,0,0,0,0
24700,9437,6089,550,3,1,0,8,3,2,4,2,0,0,0,0,0,0,0
24800,9374,5747,604,11,4,1,11,7,5,0,2,0,0,0,0,0,0,0
24900,9389,5739,600,2,5,1,4,3,1,4,1,0,0,0,0,0,0,0
25000,9369,5757,608,4,5,1,13,3,1,3,4,0,0,0,0,0,0,0
25100,9451,5766,526,6,3,1,11,6,7,3,1,0,1,0,0,0,0,0
25200,9487,5831,482,10,2,2,11,2,17,0,1,2,0,0,0,0,0,0
25300,9521,5706,460,56,5,1,6,0,5,0,3,0,0,0,0,0,0,0
25400,9522,6314,457,18,4,0,11,1,6,0,0,0,0,0,0,0,0,0
25500,9528,5790,452,8,1,1,11,1,5,3,3,0,0,0,0,0,0,0
25600,9515,5625,456,62,7,0,13,1,7,1,2,0,0,0,0,0,0,0
25700,9560,5203,419,9,6,1,13,0,2,0,0,0,0,0,0,0,0,0
25800,9574,5812,407,78,2,4,10,1,6,5,1,1,0,0,0,0,0,0
25900,9577,5931,404,40,0,1,13,0,4,0,2,1,0,0,0,0,0,0
26000,9553,5234,422,16,3,3,12,6,9,5,1,0,0,0,0,0,0,0
26100,9562,5581,405,5,5,0,21,3,6,0,1,0,0,0,0,0,0,0
26200,9608,5619,359,35,8,2,17,2,6,0,2,1,0,0,0,0,0,0
26300,9639,4907,334,36,2,0,15,3,9,1,1,0,0,0,0,0,0,0
26400,9635,5431,341,3,3,0,13,3,6,1,2,0,0,0,0,0,0,0
26500,9644,6260,339,17,3,1,10,1,3,1,1,0,0,0,0,0,0,0
26600,9621,5340,346,63,6,2,18,2,7,2,2,0,0,0,0,0,0,0
26700,9615,5031,351,7,4,3,19,2,9,4,2,0,0,0,0,0,0,0
26800,9618,5057,350,11,3,1,15,0,13,2,1,0,0,0,0,0,0,0
26900,9616,4618,364,9,7,0,4,0,7,4,2,0,0,0,0,0,0,0
27000,9615,4164,370,18,2,2,10,1,2,2,1,2,0,0,0,0,0,0
27100,9571,3661,397,18,4,0,16,1,7,0,5,0,0,0,0,0,0,0
27200,9585,3986,395,0,3,2,9,1,6,1,2,1,0,0,0,0,0,0
27300,9609,4472,375,8,0,0,10,0,3,1,3,0,0,0,0,0,0,0
27400,9613,4843,366,1,4,0,9,2,7,0,1,0,0,0,0,0,0,0
27500,9622,4155,347,32,3,2,17,4,9,1,2,0,0,0,0,0,0,0
27600,9643,3958,337,69,7,2,7,0,3,3,3,2,0,0,0,0,0,0
27700,9644,3863,338,12,4,1,1,0,4,0,9,0,0,1,0,0,0,0
27800,9697,4106,289,136,3,1,3,0,5,0,3,1,0,0,0,0,0,0
27900,9725,3979,257,82,5,2,4,4,7,2,2,0,0,0,0,0,0,0
28000,9714,3741,269,80,5,1,6,1,4,2,2,0,0,0,0,0,0,0
28100,9733,3916,256,88,2,2,2,0,1,2,6,1,0,0,0,0,0,0
28200,9748,3666,241,256,3,2,2,2,6,2,0,1,0,0,0,0,0,0
28300,9758,3684,233,324,6,1,1,2,2,0,0,1,0,0,0,0,0,0
28400,9736,4208,249,394,4,0,3,7,6,0,2,0,0,0,0,0,0,0
28500,9745,4065,230,342,8,1,11,12,4,1,2,0,0,0,0,0,0,0
28600,9768,4542,218,281,2,4,6,7,5,2,1,0,0,0,0,0,0,0
28700,9757,4057,227,233,5,1,1,0,8,0,2,0,0,0,0,0,0,0
28800,9764,3921,220,263,4,3,4,2,6,1,2,0,0,0,0,0,0,0
28900,9771,3263,219,131,5,3,2,1,3,2,0,0,0,0,0,0,0,0
29000,9769,3370,221,133,2,2,2,3,4,4,2,0,0,0,0,0,0,0
29100,9787,3725,205,200,4,1,2,2,2,7,0,0,0,0,0,0,0,0
29200,9783,3846,205,167,4,0,3,3,4,1,1,1,0,0,0,0,0,0
29300,9787,4229,196,223,6,0,4,0,5,0,2,3,0,0,0,0,0,0
29400,9791,3757,195,198,3,0,5,1,5,3,1,0,0,0,0,0,0,0
29500,9812,3708,184,180,1,0,0,5,2,0,1,0,0,0,0,0,0,0
29600,9781,3545,213,256,0,1,3,3,2,0,1,0,0,0,0,0,0,0
29700,9781,4070,199,294,8,1,4,4,3,2,5,0,0,0,0,0,0,0
29800,9789,3522,200,255,1,0,5,1,4,0,1,0,0,0,0,0,0,0
29900,9790,3552,197,266,6,0,1,0,3,0,3,1,0,0,0,0,0,0
30000,9785,3781,190,244,3,0,13,0,7,0,2,0,0,0,0,0,0,0
30100,9793,4547,190,112,4,1,2,1,10,0,1,1,0,0,0,0,0,0
30200,9798,4511,189,85,3,1,1,0,7,1,2,0,0,0,0,0,0,0
30300,9799,3425,187,82,1,0,3,0,8,0,2,0,0,0,0,0,0,0
30400,9790,3121,196,82,3,1,3,0,6,1,2,0,0,0,0,0,0,0
30500,9792,3144,197,87,4,0,3,1,3,0,1,0,0,0,0,0,0,0
30600,9800,3306,188,113,5,1,0,0,5,1,2,1,0,0,0,0,0,0
30700,9802,3717,186,257,1,0,3,0,5,1,3,0,0,0,0,0,0,0
30800,9804,3850,191,285,0,2,4,0,0,3,1,1,0,0,0,0,0,0
30900,9803,3646,185,251,7,2,1,0,4,1,0,0,0,0,0,0,0,0
31000,9802,3848,192,254,1,5,1,2,2,0,2,1,0,0,0,0,0,0
31100,9819,3768,174,251,1,9,3,1,2,0,1,1,0,0,0,0,0,0
31200,9827,3414,163,207,4,1,1,2,3,0,2,2,0,0,0,0,0,0
31300,9825,3214,163,202,7,1,2,2,2,1,1,1,0,0,0,0,0,0
31400,9857,3256,135,161,2,1,3,0,3,1,0,2,0,0,0,0,0,0
31500,9864,3529,128,160,0,1,4,1,3,1,1,0,0,0,0,0,0,0
31600,9862,3501,125,163,6,2,3,0,4,2,0,0,0,0,0,0,0,0
31700,9865,3606,123,165,4,1,1,0,5,1,2,0,0,0,0,0,0,0
31800,9867,3483,126,112,2,1,2,1,1,2,2,0,0,0,0,0,0,0
31900,9864,3447,131,84,2,1,1,1,1,4,1,1,0,0,0,0,0,0
32000,9882,3235,109,82,5,0,1,1,3,0,0,0,0,0,0,0,0,0
32100,9882,3058,105,80,3,1,5,3,3,3,2,0,0,0,0,0,0,0
32200,9883,3092,110,82,2,0,0,1,2,0,3,0,0,0,0,0,0,0
32300,9881,3086,111,89,3,1,2,2,3,0,0,1,0,0,0,0,0,0
32400,9885,3053,106,84,5,1,1,0,3,3,0,0,0,0,0,0,0,0
32500,9875,3330,109,89,2,2,6,3,6,5,2,0,0,0,0,0,0,0
32600,9882,2703,109,81,4,2,2,1,1,3,2,0,0,0,0,0,0,0
32700,9887,2493,107,80,3,0,1,0,2,0,0,0,0,0,0,0,0,0
32800,9871,2718,120,43,1,0,4,0,3,1,1,0,0,0,0,0,0,0
32900,9874,3106,123,0,1,1,0,0,1,1,1,0,0,0,0,0,0,0
33000,9870,2429,120,5,7,0,0,0,3,2,0,0,0,0,0,0,0,0
33100,9868,2512,127,1,1,0,0,0,3,0,1,0,0,0,0,0,0,0
33200,9853,2566,129,11,7,0,4,1,6,1,1,0,0,0,0,0,0,0
33300,9858,2326,128,10,4,0,3,0,3,2,4,0,0,0,0,0,0,0
33400,9855,2454,134,31,4,0,2,1,5,0,0,0,0,0,0,0,0,0
33500,9840,2612,139,79,7,1,4,0,9,1,1,0,0,0,0,0,0,0
33600,9855,2332,135,0,5,1,1,1,2,1,2,0,0,0,0,0,0,0
33700,9859,2263,128,1,5,1,5,0,2,1,0,0,1,0,0,0,0,0
33800,9875,2295,120,2,1,0,1,1,1,0,2,0,0,0,0,0,0,0
33900,9876,2231,118,5,1,0,2,16,3,1,0,0,0,0,0,0,0,0
34000,9876,2398,121,1,1,1,0,22,2,0,0,0,0,0,0,0,0,0
34100,9875,2619,117,3,1,0,2,2,4,2,1,0,0,0,0,0,0,0
34200,9863,2294,122,5,3,0,2,0,7,2,3,0,0,0,0,0,0,0
34300,9871,2028,117,4,5,0,1,0,4,0,2,0,0,0,0,0,0,0
34400,9863,1775,128,0,5,1,1,0,1,1,2,0,0,0,0,0,0,0
34500,9884,1641,108,0,4,1,2,2,2,2,0,0,0,0,0,0,0,0
34600,9913,1508,78,0,2,0,2,1,2,0,3,0,0,0,0,0,0,0
34700,9936,1737,60,10,3,1,0,0,1,0,0,0,0,0,0,0,0,0
34800,9935,2540,57,0,0,0,0,11,4,1,4,0,0,1,0,0,0,0
34900,9931,2592,62,3,3,0,3,8,1,1,0,0,0,0,0,0,0,0
35000,9933,2362,59,0,1,0,2,10,2,0,3,0,0,0,0,0,0,0
35100,9930,2295,60,2,1,0,3,9,3,0,3,1,0,0,0,0,0,0
35200,9917,2824,73,3,3,0,1,5,4,0,1,1,1,0,0,0,0,0
35300,9918,2890,74,3,2,0,5,0,0,0,1,2,0,0,0,0,0,0
35400,9914,2348,76,10,1,0,5,0,3,0,1,0,0,1,0,0,0,0
35500,9917,2016,76,7,1,0,0,0,3,3,3,0,0,0,0,0,0,0
35600,9914,2360,76,4,4,1,5,0,1,1,0,0,0,0,0,0,0,0
35700,9911,2258,79,10,2,0,1,0,7,0,0,0,0,0,0,0,0,0
35800,9905,2266,78,20,6,1,2,3,7,1,2,0,0,0,0,0,0,0
35900,9893,2813,90,4,5,0,8,0,3,1,1,0,0,0,0,0,0,0
36000,9929,2495,62,0,1,1,8,1,0,1,0,0,0,0,0,0,0,0
36100,9935,2503,45,0,5,0,11,1,4,0,0,0,0,0,0,0,0,0
36200,9946,2324,40,0,2,0,4,0,8,0,0,0,0,0,0,0,0,0
36300,9956,2345,39,4,1,0,1,0,2,0,0,0,1,0,0,0,0,0
36400,9945,2634,45,2,5,0,1,1,4,1,0,0,0,0,0,0,0,0
36500,9949,2410,39,1,5,0,2,4,2,0,3,0,0,0,0,0,0,0
36600,9963,2396,32,5,2,0,2,3,0,1,1,0,0,0,0,0,0,0
36700,9962,2207,30,10,1,0,5,0,1,0,1,0,0,0,0,0,0,0
36800,9959,2044,35,43,2,0,2,2,1,0,1,0,0,0,0,0,0,0
36900,9960,2181,29,25,7,1,0,4,3,1,1,0,0,0,0,0,0,0
37000,9956,2365,33,0,3,0,4,0,2,0,2,0,0,0,0,0,0,0
37100,9957,2692,32,2,5,1,2,1,3,1,1,0,0,0,0,0,0,0
37200,9949,2975,33,1,5,1,6,1,4,0,3,0,0,0,0,0,0,0
37300,9955,3282,29,0,2,1,7,0,3,0,1,0,3,0,0,0,0,0
37400,9967,2578,26,0,2,1,4,8,1,0,0,0,0,0,0,0,0,0
37500,9958,2437,22,2,10,1,3,10,6,0,1,0,0,0,0,0,0,0
37600,9964,2260,23,6,7,3,1,14,1,1,4,0,0,0,0,0,0,0
37700,9973,1956,19,12,2,0,1,13,5,0,0,0,0,0,0,0,0,0
37800,9981,1723,13,14,1,0,1,12,2,1,2,1,0,0,0,0,0,0
37900,9982,2550,9,8,4,1,3,12,2,3,0,1,0,0,0,0,0,0
38000,9983,2674,7,6,0,0,5,1,3,0,2,0,0,0,0,0,0,0
38100,9991,3010,3,15,1,1,2,1,0,1,3,0,0,0,0,0,0,0
38200,9988,2984,3,9,1,1,1,2,5,1,2,0,0,0,0,0,0,0
38300,9987,2363,6,4,2,0,1,0,3,0,1,0,0,0,0,0,0,0
38400,9984,2476,4,0,3,1,5,0,4,0,0,0,0,0,0,0,0,0
38500,9989,2422,2,0,3,1,1,0,4,0,1,0,0,0,0,0,0,0
38600,9979,2306,3,0,3,0,5,1,8,0,2,1,0,0,0,0,0,0
38700,9985,2185,6,0,3,1,2,0,3,0,1,1,0,0,0,0,0,0
38800,9989,2088,5,0,1,0,1,1,2,0,2,0,0,0,0,0,0,0
38900,9986,2140,6,1,3,0,4,0,0,1,1,0,0,0,0,0,0,0
39000,9984,2462,5,0,4,1,2,4,4,0,1,0,0,1,0,0,0,0
39100,9986,2627,6,9,2,0,3,0,2,2,1,0,0,0,0,0,0,0
39200,9992,2127,4,4,1,0,0,1,2,0,1,0,0,0,0,0,0,0
39300,9984,2026,1,0,4,0,4,0,6,0,1,1,0,0,0,0,0,0
39400,9985,2259,6,0,1,0,1,0,5,1,2,0,0,0,0,0,0,0
39500,9986,2357,6,0,2,0,1,1,3,2,2,0,0,0,0,0,0,0
39600,9989,2409,3,2,2,0,2,0,3,0,1,0,0,0,0,0,0,0
39700,9988,2453,7,5,1,1,1,2,3,0,0,0,0,0,0,0,0,0
39800,9986,2437,6,1,0,0,4,1,2,2,2,1,0,0,0,0,0,0
39900,9992,1925,1,2,0,1,2,0,5,0,0,1,0,0,0,0,0,0
40000,9993,1770,1,20,1,0,2,1,2,0,1,0,0,0,0,0,0,0
40100,9978,1720,14,38,2,0,4,0,1,1,1,0,0,0,0,0,0,0
40200,9972,1947,18,11,2,0,3,0,5,1,0,0,0,0,0,0,0,0
40300,9975,1700,18,0,3,0,1,0,2,0,1,1,0,0,0,0,0,0
40400,9971,2172,18,0,4,0,2,3,4,0,1,0,0,0,0,0,0,0
40500,9977,1724,16,1,2,1,3,2,0,0,2,0,0,0,0,0,0,0
40600,9988,1441,5,6,1,0,1,1,4,0,1,0,0,0,0,0,0,0
40700,9990,1576,6,8,1,0,0,2,1,0,2,0,0,0,0,0,0,0
40800,9984,1461,9,0,1,2,2,2,2,2,2,0,0,0,0,0,0,0
40900,9985,1657,6,3,0,3,4,2,4,0,1,0,0,0,0,0,0,0
41000,9986,2194,4,0,5,0,2,1,2,0,1,0,0,0,0,0,0,0
41100,9978,2665,16,0,1,0,4,1,1,1,0,1,0,0,0,0,0,0
41200,9983,2837,11,1,4,1,0,0,2,1,0,1,0,0,0,0,0,0
41300,9978,2133,18,0,2,2,2,0,0,0,0,0,0,0,0,0,0,0
41400,9979,2010,14,0,1,0,2,0,4,0,0,0,0,0,0,0,0,0
41500,9973,2211,15,1,3,0,3,0,2,0,3,0,1,0,0,0,0,0
41600,9981,2313,8,0,4,0,2,0,4,2,1,0,0,0,0,0,0,0
41700,9982,2267,9,2,0,0,4,1,2,0,3,0,0,0,0,0,0,0
41800,9980,2202,12,1,2,0,3,0,3,0,0,0,0,0,0,0,0,0
41900,9980,2209,12,0,2,0,1,1,2,1,3,1,0,0,0,0,0,0
42000,9983,1963,9,6,2,0,3,0,3,1,0,0,0,0,0,0,0,0
42100,9972,1968,13,4,5,0,6,0,3,0,1,0,0,0,0,0,0,0
42200,9983,2089,11,6,5,0,1,1,0,0,0,0,0,0,0,0,0,0
42300,9976,2161,10,9,6,0,1,0,2,1,5,0,0,0,0,0,0,0
42400,9978,2040,10,8,9,1,1,0,2,0,0,1,0,0,0,0,0,0
42500,9981,2500,10,8,7,0,0,1,1,1,1,0,0,0,0,0,0,0
42600,9978,2150,11,4,5,0,3,1,3,0,0,0,0,0,0,0,0,0
42700,9975,2233,12,5,4,1,6,0,2,1,1,0,0,0,0,0,0,0
42800,9974,2223,16,6,3,0,2,1,2,1,3,0,0,0,0,0,0,0
42900,9982,1867,13,3,0,1,4,2,0,0,1,0,0,0,0,0,0,0
43000,9981,1871,12,2,0,0,2,0,4,1,1,0,0,0,0,0,0,0
43100,9981,1888,14,0,1,0,2,0,1,0,1,0,0,0,0,0,0,0
43200,9989,1795,6,1,1,0,0,1,4,0,0,0,0,1,0,0,0,0
43300,9980,2008,11,0,4,1,3,0,1,0,1,0,0,0,0,0,0,0
43400,9981,2097,10,0,3,1,1,0,2,1,3,0,0,0,0,0,0,0
43500,9982,1870,8,1,1,0,4,0,3,0,2,0,0,0,0,0,0,0
43600,9985,1951,13,1,0,0,1,0,0,1,1,0,0,0,0,0,0,0
43700,9975,2239,12,0,3,0,3,0,5,0,2,1,0,0,0,0,0,0
43800,9977,2204,15,3,5,0,2,1,1,1,0,1,0,0,0,0,0,0
43900,9984,2158,7,1,3,0,3,0,2,5,1,0,0,0,0,0,0,0
44000,9975,2113,16,4,1,1,5,1,3,2,0,0,0,0,0,0,0,0
44100,9975,2121,16,2,1,0,4,3,3,0,1,0,0,0,0,0,0,0
44200,9977,1754,16,3,2,0,1,0,3,0,1,0,0,0,0,0,0,0
44300,9978,1397,11,3,6,0,2,1,3,1,0,0,0,0,0,0,0,0
44400,9971,1362,23,4,2,0,1,0,3,0,0,0,0,0,0,0,0,0
44500,9975,1280,15,3,4,0,1,0,4,0,1,0,0,0,0,0,0,0
44600,9972,1208,22,0,2,0,1,0,2,0,1,0,0,0,0,0,0,0
44700,9968,1229,25,1,4,0,0,0,3,0,0,0,0,0,0,0,0,0
44800,9980,1119,16,0,1,0,1,1,2,0,0,0,0,0,0,0,0,0
44900,9972,1105,17,0,4,0,1,0,5,1,1,0,0,0,0,0,0,0
45000,9976,930,19,1,4,0,1,0,0,1,0,0,0,0,0,0,0,0
45100,9969,908,21,2,2,0,0,0,6,0,2,0,0,0,0,0,0,0
45200,9968,976,23,3,3,0,4,0,1,0,1,0,0,0,0,0,0,0
45300,9976,1026,19,5,1,1,2,0,2,1,0,0,0,0,0,0,0,0
45400,9973,1323,19,10,3,1,0,8,3,0,2,0,0,0,0,0,0,0
45500,9978,1178,16,14,2,0,1,8,1,0,2,0,0,0,0,0,0,0
45600,9974,1325,16,13,2,1,2,4,6,0,0,0,0,0,0,0,0,0
45700,9970,1324,21,22,3,1,1,0,4,0,1,0,0,0,0,0,0,0
45800,9966,1661,26,20,0,0,2,2,6,0,0,0,0,0,0,0,0,0
45900,9970,2034,22,5,3,0,1,0,1,3,3,0,0,0,0,0,0,0
46000,9977,1896,15,4,0,1,1,2,5,1,2,0,0,0,0,0,0,0
46100,9979,1878,18,0,1,0,1,1,1,0,0,0,0,0,0,0,0,0
46200,9967,1950,21,1,4,1,5,0,3,2,0,0,0,0,0,0,0,0
46300,9968,2118,23,0,2,0,3,0,3,1,1,0,0,0,0,0,0,0
46400,9980,1950,16,1,0,1,3,1,0,0,1,0,0,0,0,0,0,0
46500,9984,1937,12,0,2,1,1,0,0,0,1,0,0,0,0,0,0,0
46600,9979,1932,16,3,2,1,1,0,1,2,1,2,0,0,0,0,0,0
46700,9980,1915,16,3,1,0,2,0,1,1,0,0,0,0,0,0,0,0
46800,9972,1969,17,5,3,1,2,0,3,0,3,0,0,0,0,0,0,0
46900,9977,1827,17,9,1,1,3,0,2,0,0,0,0,0,0,0,0,0
47000,9975,1898,15,4,1,1,1,0,7,0,1,1,0,0,0,0,0,0
47100,9973,2145,17,2,1,1,4,0,4,2,1,0,0,0,0,0,0,0
47200,9979,2006,13,3,3,0,3,0,2,0,0,0,0,0,0,0,0,0
47300,9974,1822,21,0,0,0,1,0,2,0,2,0,0,0,0,0,0,0
47400,9975,2216,18,0,2,0,2,0,2,0,1,0,0,0,0,0,0,0
47500,9972,2015,22,0,2,0,1,1,3,4,0,0,0,0,0,0,0,0
47600,9973,2115,19,0,3,0,1,0,3,1,1,0,0,0,0,0,0,0
47700,9979,2213,16,0,1,0,3,0,0,0,1,0,0,0,0,0,0,0
47800,9982,2623,13,0,2,0,1,0,1,0,1,0,0,0,0,0,0,0
47900,9975,2600,16,0,2,0,3,1,3,1,1,0,0,0,0,0,0,0
48000,9978,2236,18,0,0,0,3,1,1,0,0,0,0,0,0,0,0,0
48100,9972,1905,17,3,2,0,1,1,6,2,2,0,0,0,0,0,0,0
48200,9980,2192,11,7,3,1,3,0,1,1,1,0,0,0,0,0,1,0
48300,9977,2462,10,1,4,0,4,0,5,0,0,0,0,0,0,0,0,0
48400,9981,2548,8,4,2,0,6,0,3,2,0,0,0,0,0,0,0,0
48500,9979,2246,13,6,1,0,2,0,3,0,2,0,0,0,0,0,0,0
48600,9962,2140,28,4,3,0,2,0,4,0,1,0,0,0,0,0,0,0
48700,9962,1870,24,28,4,0,4,0,5,2,1,0,0,0,0,0,0,0
48800,9966,2254,26,32,1,2,3,0,2,1,2,1,0,0,0,0,0,0
48900,9963,2757,25,3,2,0,3,0,7,1,0,1,0,0,0,0,0,0
49000,9964,2556,21,7,1,0,9,1,5,3,0,0,0,0,0,0,0,0
49100,9968,2440,17,3,3,0,5,0,6,1,1,0,0,0,0,0,0,0
49200,9968,2950,20,0,7,0,3,0,2,0,0,0,0,0,0,0,0,0
49300,9972,2320,20,0,3,0,3,0,0,0,2,1,0,0,0,0,0,0
49400,9970,2273,19,0,2,0,2,0,3,1,4,0,0,0,0,0,0,0
49500,9967,2656,18,4,1,0,8,3,3,0,3,0,0,0,0,0,0,0
49600,9961,2690,20,0,4,0,9,1,5,1,1,0,0,0,0,0,0,0
49700,9975,2613,19,2,0,0,5,0,0,0,1,0,0,0,0,0,0,0
49800,9970,2580,21,10,1,0,5,0,1,1,2,0,0,0,0,0,0,0
49900,9976,2573,17,5,1,0,4,0,2,2,0,0,0,0,0,0,0,0
50000,9970,2686,19,9,3,0,3,0,5,0,0,0,0,0,0,0,0,0
50100,9974,2326,20,10,1,0,2,0,2,1,1,0,0,0,0,0,0,0
50200,9967,2373,19,1,1,0,7,0,4,0,2,0,0,0,0,0,0,0
50300,9972,2575,19,5,1,0,4,0,1,0,2,0,1,0,0,0,0,0
50400,9966,3252,21,30,6,0,1,0,5,2,1,3,0,0,0,0,0,0
50500,9976,2695,18,80,0,2,4,1,1,2,1,1,0,0,0,0,0,0
50600,9967,2201,22,84,2,0,3,1,6,1,0,0,0,0,0,0,0,0
50700,9967,2312,24,189,2,0,1,0,5,0,1,1,0,0,0,0,0,0
50800,9969,2308,25,238,1,1,2,0,3,0,0,0,0,0,0,0,0,0
50900,9964,2367,23,268,5,1,5,3,2,0,1,1,0,0,0,0,0,0
51000,9959,2440,24,124,2,1,11,4,1,0,3,0,0,0,0,0,0,0
51100,9958,1908,21,145,4,0,14,1,1,0,2,0,0,0,0,0,0,0
51200,9958,2037,23,119,3,0,16,0,0,0,0,0,0,0,0,0,0,0
51300,9961,1856,21,99,2,1,15,0,0,1,1,0,0,0,0,0,0,0
51400,9959,2044,20,45,3,1,16,3,1,1,1,0,0,0,0,0,0,0
51500,9955,2207,23,34,2,0,18,0,1,5,1,1,0,0,0,0,0,0
51600,9959,1991,21,35,3,1,15,1,0,3,2,0,0,0,0,0,0,0
51700,9954,1799,22,29,3,0,19,0,2,0,0,0,0,0,0,0,0,0
51800,9937,1967,40,8,4,0,15,3,4,0,0,0,0,0,0,0,0,0
51900,9937,2261,39,32,4,0,15,0,2,0,3,0,0,0,0,0,0,0
52000,9937,2011,39,0,4,0,17,0,3,0,0,0,0,0,0,0,0,0
52100,9934,1871,41,11,3,0,18,2,4,3,0,2,0,0,0,0,0,0
52200,9941,1970,38,18,3,0,15,1,0,0,3,0,0,0,0,0,0,0
52300,9932,1857,38,31,3,0,17,1,8,0,2,0,0,0,0,0,0,0
52400,9947,2116,27,70,4,1,18,0,1,0,3,0,0,0,0,0,0,0
52500,9957,2520,18,12,4,0,16,0,4,0,1,0,0,0,0,0,0,0
52600,9954,2845,20,11,3,0,17,0,5,0,1,0,0,0,0,0,0,0
52700,9947,2706,30,1,5,0,14,0,2,0,2,0,0,0,0,0,0,0
52800,9955,2468,25,6,0,0,17,1,3,0,0,0,0,0,0,0,0,0
52900,9946,2273,26,52,3,1,19,0,5,0,1,0,0,0,0,0,0,0
53000,9952,2309,28,6,5,0,9,2,3,3,3,0,0,0,0,0,0,0
53100,9961,1943,33,8,3,0,1,0,2,0,0,0,0,0,0,0,0,0
53200,9955,1862,31,7,4,2,5,0,5,0,0,1,0,0,0,0,0,0
53300,9956,2278,33,14,4,0,2,0,3,1,2,1,0,0,0,0,0,0
53400,9950,2083,35,2,7,0,3,1,3,1,2,0,0,0,0,0,0,0
53500,9957,2154,34,12,2,2,3,0,4,1,0,0,0,0,0,0,0,0
53600,9949,1741,36,7,3,2,5,0,5,0,2,0,0,0,0,0,0,0
53700,9958,2205,31,1,7,2,1,0,1,2,2,1,0,0,0,0,0,0
53800,9953,2483,33,5,6,6,2,0,5,1,1,1,0,0,0,0,0,0
53900,9951,2409,39,12,2,5,2,1,5,0,1,1,0,0,0,0,0,0
54000,9948,2701,38,1,7,4,2,0,4,3,1,0,0,0,0,0,0,0
54100,9970,2513,22,1,5,5,0,0,2,1,1,1,0,0,0,0,0,0
54200,9978,2113,15,4,3,6,2,1,0,0,2,0,0,0,0,0,0,0
54300,9988,1589,7,0,2,2,2,0,1,1,0,0,0,0,0,0,0,0
54400,9987,1745,6,2,3,2,2,0,2,1,0,0,0,0,0,0,0,0
54500,9984,1719,7,15,5,3,0,0,1,0,3,0,0,0,0,0,0,0
54600,9983,1531,9,14,4,1,1,0,2,0,1,0,0,0,0,0,0,0
54700,9984,1577,6,13,3,0,1,0,3,0,3,0,0,0,0,0,0,0
54800,9984,1592,5,1,6,0,3,0,2,0,0,0,0,0,0,0,0,0
54900,9985,1689,7,0,4,3,1,0,3,0,0,0,0,0,0,0,0,0
55000,9988,1853,6,0,5,0,0,0,1,0,0,0,0,0,0,0,0,0
55100,9969,2182,21,1,5,0,2,1,3,0,0,0,0,0,0,0,0,0
55200,9958,2368,31,0,6,0,1,0,3,0,1,1,0,0,0,0,0,0
55300,9958,2370,29,0,6,1,2,0,2,0,2,0,1,0,0,0,0,0
55400,9961,2190,30,2,4,0,0,0,4,0,1,0,0,0,0,0,0,0
55500,9966,2414,31,10,2,0,0,0,0,0,1,0,0,0,0,0,0,0
55600,9963,2074,30,39,4,1,1,1,1,1,1,0,0,0,0,0,0,0
55700,9963,2192,29,24,2,0,1,0,3,1,2,0,0,0,0,0,0,0
55800,9958,1869,30,9,2,2,4,1,5,1,1,0,0,0,0,0,0,0
55900,9963,1355,30,14,4,0,1,0,1,2,1,0,0,0,0,0,0,0
56000,9958,1187,32,5,2,0,2,3,4,0,2,0,0,0,0,0,0,0
56100,9966,2110,28,0,1,0,3,1,2,0,0,1,0,0,0,0,0,0
56200,9963,2095,31,3,3,0,1,2,1,4,1,1,0,0,0,0,0,0
56300,9965,2712,29,3,3,1,1,0,2,0,0,0,0,0,0,0,0,0
56400,9962,2369,30,4,1,1,1,0,4,0,2,1,0,0,0,0,0,0
56500,9966,2960,30,6,2,0,2,0,0,0,0,0,0,0,0,0,0,0
56600,9960,2600,31,3,2,0,3,0,1,1,3,0,0,0,0,0,0,0
56700,9963,2596,32,0,2,0,1,4,1,0,1,0,0,0,0,0,0,0
56800,9963,2447,29,2,2,2,1,0,2,1,3,0,0,0,0,0,0,0
56900,9959,2244,33,2,4,0,0,0,4,0,0,0,0,0,0,0,0,0
57000,9965,1807,29,0,0,0,1,1,3,0,2,0,0,0,0,0,0,0
57100,9963,1593,33,19,2,0,0,1,1,0,1,0,0,0,0,0,0,0
57200,9960,1514,31,6,2,0,1,6,4,0,2,0,0,0,0,0,0,0
57300,9959,1559,31,0,3,0,4,0,2,0,0,0,0,0,1,0,0,0
57400,9971,1479,24,0,0,1,0,0,4,1,1,0,0,0,0,0,0,0
57500,9970,1682,25,0,1,0,2,0,1,0,1,0,0,0,0,0,0,0
57600,9971,1977,24,0,2,1,3,0,0,0,0,0,0,0,0,0,0,0
57700,9965,2152,25,4,3,1,3,3,3,0,1,0,0,0,0,0,0,0
57800,9962,1959,23,1,4,5,3,3,5,1,2,1,1,0,0,0,0,0
57900,9966,2089,25,9,4,3,0,0,3,0,2,0,0,0,0,0,0,0
58000,9967,2401,24,6,1,4,5,0,3,0,0,0,0,0,0,0,0,0
58100,9978,2682,14,0,6,1,2,0,0,1,0,0,0,0,0,0,0,0
58200,9991,2919,1,3,3,1,0,0,3,0,1,1,1,0,0,0,0,0
58300,9988,2814,6,2,2,0,1,1,2,1,1,1,0,0,0,0,0,0
58400,9986,3448,9,0,2,1,0,0,1,1,1,0,1,0,0,0,0,0
58500,9986,2704,9,0,1,0,1,0,1,0,1,0,1,0,0,0,0,0
58600,9979,2325,13,5,2,2,1,1,3,0,1,0,1,0,0,0,0,0
58700,9993,2647,0,8,4,0,0,0,2,1,0,0,1,0,0,0,0,0
58800,9991,2513,0,1,1,0,2,0,3,2,1,0,2,0,0,0,0,0
58900,9994,2331,3,1,0,0,1,1,2,1,0,2,0,0,0,0,0,0
59000,9993,2475,1,1,3,2,1,0,1,1,0,0,1,0,0,0,0,0
59100,9992,2461,0,1,3,0,0,0,3,0,1,0,1,0,0,0,0,0
59200,9994,2163,0,2,0,1,2,0,1,0,1,1,2,0,0,0,0,0
59300,9997,1834,1,6,0,0,0,0,0,0,2,0,0,0,0,0,0,0
59400,9978,1742,5,5,7,0,1,0,5,0,3,0,1,0,0,0,0,0
59500,9988,1669,0,21,2,0,2,0,6,0,1,0,1,0,0,0,0,0
59600,9991,1961,0,31,3,0,3,1,3,0,0,0,0,0,0,0,0,0
59700,9988,2163,2,25,4,0,3,0,1,0,1,1,1,0,0,0,0,0
59800,9987,2214,2,2,3,0,0,0,4,0,2,1,2,0,0,0,0,0
59900,9996,2294,0,7,0,0,1,1,2,1,0,1,1,0,0,0,0,0
60000,9990,2878,0,1,2,0,0,0,3,1,4,2,1,0,0,0,0,0
60100,9987,2803,2,4,3,0,1,0,6,0,0,0,1,0,0,0,0,0
60200,9992,2746,1,4,1,3,0,0,6,0,0,0,0,0,0,0,0,0
60300,9995,2200,1,5,1,1,1,0,2,0,0,0,0,0,0,0,0,0
60400,9990,2282,3,5,2,0,3,0,0,1,2,0,0,0,0,0,0,0
60500,9989,2380,6,0,1,0,0,0,3,0,0,0,1,0,0,0,0,0
60600,9979,2144,11,5,4,0,1,0,3,0,0,0,2,0,0,0,0,0
60700,9980,2243,8,21,6,0,3,0,3,0,0,0,0,0,0,0,0,0
60800,9978,2266,11,2,4,1,1,0,5,1,1,1,0,0,0,0,0,0
60900,9985,2428,8,3,2,0,2,0,0,0,2,0,1,0,0,0,0,0
61000,9987,2418,8,4,0,0,2,0,3,0,0,0,0,0,0,0,0,0
61100,9987,2434,8,1,1,0,3,1,0,0,1,0,0,0,0,0,0,0
61200,9990,2683,1,12,0,1,7,2,1,0,1,0,0,0,0,0,0,0
61300,9988,2340,0,63,1,1,7,0,3,0,1,0,0,0,0,0,0,0
61400,9984,2217,3,1,6,0,6,0,1,0,0,0,0,0,0,0,0,0
61500,9977,2128,5,6,0,0,11,0,7,1,0,1,0,0,0,0,0,0
61600,9987,2436,5,3,2,1,3,0,1,1,2,0,0,0,0,0,0,0
61700,9985,2458,4,3,0,1,6,0,4,0,1,0,0,0,0,0,0,0
61800,9972,2730,4,2,1,1,16,0,4,0,3,0,0,0,0,0,0,0
61900,9981,3135,4,1,3,2,7,0,2,1,3,0,0,0,0,0,0,0
62000,9977,2981,2,1,1,1,8,1,8,0,4,0,0,0,0,0,0,0
62100,9987,3277,5,44,1,2,6,0,1,0,0,1,0,0,0,0,0,0
62200,9984,3136,6,57,4,0,4,2,1,0,1,0,0,0,0,0,0,0
62300,9981,2315,6,44,0,0,10,0,3,1,0,1,0,0,0,0,0,0
62400,9988,2243,2,9,1,2,5,1,3,1,1,0,0,0,0,0,0,0
62500,9981,2676,5,14,4,0,6,0,3,0,1,0,0,0,0,0,0,0
62600,9985,2783,4,3,2,0,7,0,2,1,0,1,0,0,0,0,0,0
62700,9986,3214,7,1,0,0,7,0,0,0,0,0,0,0,0,0,0,0
62800,9982,3117,4,15,4,1,8,0,1,0,1,0,0,0,0,0,0,0
62900,9984,3029,6,47,0,0,9,0,0,0,1,0,0,0,0,0,0,0
63000,9975,3062,6,141,4,0,9,1,5,2,1,0,0,0,0,0,0,0
63100,9988,2798,4,115,1,2,5,1,0,1,2,0,0,0,0,0,0,0
63200,9986,3109,5,10,1,0,4,0,3,2,1,0,0,0,0,0,0,0
63300,9984,3368,8,4,1,0,4,1,0,1,3,1,0,0,0,0,0,0
63400,9980,3592,4,10,2,1,12,1,1,1,1,0,0,0,0,0,0,0
63500,9991,2967,4,9,2,0,2,0,1,1,0,1,0,0,0,0,0,0
63600,9981,2745,5,6,2,2,9,0,2,0,1,0,0,0,0,0,0,0
63700,9977,2381,9,1,1,0,7,0,6,1,0,1,0,0,0,0,0,0
63800,9980,2418,8,2,2,0,10,2,0,0,0,1,0,0,0,0,0,0
63900,9980,2954,3,0,3,1,9,0,4,0,1,1,0,0,0,0,0,0
64000,9979,2899,8,0,1,0,9,1,2,1,0,0,1,0,0,0,0,0
64100,9981,2457,1,0,4,0,7,0,5,0,2,0,0,0,0,0,0,0
64200,9979,2873,2,3,4,1,10,0,3,0,2,0,0,0,0,0,0,0
64300,9980,3171,2,12,3,0,8,0,4,1,3,0,0,0,0,0,0,0
64400,9980,3182,6,2,4,1,5,4,4,0,1,0,0,0,0,0,0,0
64500,9986,3368,3,1,1,0,6,0,1,1,3,0,0,0,0,0,0,0
64600,9988,3024,4,0,0,0,4,0,3,0,1,0,0,0,0,0,0,0
64700,9982,2410,6,4,0,0,8,0,2,2,2,0,0,0,0,0,0,0
64800,9985,2409,4,0,3,0,6,2,2,2,0,0,0,0,0,0,0,0
64900,9990,2862,3,1,0,0,3,0,1,2,2,1,1,0,0,0,0,0
65000,9989,2900,4,4,3,0,2,1,1,1,1,0,0,0,0,0,0,0
65100,9980,3954,10,5,3,0,1,0,5,0,1,1,0,0,0,0,0,0
65200,9989,3921,5,1,3,0,2,1,1,0,0,0,0,0,0,0,0,0
65300,9980,3872,10,0,3,1,4,0,2,0,1,1,0,0,0,0,0,0
65400,9993,4080,1,0,1,0,3,0,1,0,1,1,0,0,0,0,0,0
65500,9985,4251,4,3,2,1,6,0,3,1,0,0,0,0,0,0,0,0
65600,9990,3316,4,2,1,0,1,0,3,0,1,0,0,0,0,0,0,0
65700,9992,2931,2,0,3,2,1,0,2,0,0,0,0,0,0,0,0,0
65800,9992,3021,1,1,1,0,2,0,3,0,1,0,0,0,0,0,0,0
65900,9990,2977,1,3,2,1,0,1,7,0,0,1,0,0,0,0,0,0
66000,9994,3021,2,8,0,0,0,0,3,1,1,0,0,0,0,0,0,0
66100,9990,2990,1,3,4,1,1,0,2,2,2,0,0,0,0,0,0,0
66200,9990,2720,4,2,1,0,1,0,3,1,1,0,0,0,0,0,0,0
66300,9992,2545,3,0,1,1,1,0,1,0,2,0,0,0,0,0,0,0
66400,9988,2958,2,6,2,2,2,1,5,0,1,0,0,0,0,0,0,0
66500,9993,2654,0,3,0,0,3,8,2,0,2,0,0,0,0,0,0,0
66600,9989,3107,0,0,0,0,9,1,1,0,1,0,0,0,0,0,0,0
66700,9989,2947,3,1,2,1,0,1,5,0,1,0,0,0,0,0,0,0
66800,9992,2151,4,2,1,1,0,0,2,1,1,1,0,0,0,0,0,0
66900,9995,2351,3,8,0,1,0,0,2,0,0,0,0,0,0,0,0,0
67000,9986,3005,5,1,2,1,2,1,4,0,1,0,0,0,0,0,0,0
67100,9993,3269,1,4,2,2,2,0,2,0,0,0,0,0,0,0,0,0
67200,9990,2671,3,6,4,0,2,0,1,0,0,1,0,0,0,0,0,0
67300,9994,2952,1,8,0,0,0,0,4,1,1,0,0,0,0,0,0,0
67400,9997,3886,0,5,2,0,0,0,1,1,0,0,0,0,0,0,0,0
67500,9992,4376,1,6,3,1,1,2,2,0,1,0,0,0,0,0,0,0
67600,9989,3709,3,3,3,0,2,0,2,2,1,0,0,0,0,0,0,0
67700,9984,4142,5,3,4,0,4,2,0,0,3,0,0,0,0,0,0,0
67800,9983,4272,7,3,3,0,3,0,3,0,1,0,0,0,0,0,0,0
67900,9993,3612,2,0,1,0,0,1,4,0,0,0,0,0,0,0,0,0
68000,9983,4007,5,4,4,0,3,1,3,0,2,0,0,0,0,0,0,0
68100,9990,3557,5,2,3,1,0,1,2,0,0,0,0,0,0,0,0,0
68200,9984,2704,7,1,2,0,4,1,1,0,1,1,1,0,0,0,0,0
68300,9987,3272,3,3,5,0,2,1,2,3,1,0,0,0,0,0,0,0
68400,9987,2900,10,8,1,1,2,1,0,1,0,0,0,0,0,0,0,0
68500,9974,2967,18,1,2,1,2,0,3,2,1,0,0,0,0,0,0,0
68600,9969,2770,22,10,1,1,2,1,3,0,3,0,0,0,0,0,0,0
68700,9977,2837,18,4,1,0,3,0,1,1,0,0,0,0,0,0,0,0
68800,9980,3010,17,4,1,0,1,0,1,1,0,2,0,0,0,0,0,0
68900,9970,3140,19,0,3,0,2,0,4,0,2,0,0,0,0,0,0,0
69000,9973,3405,22,0,2,0,2,0,0,0,1,0,0,0,0,0,0,0
69100,9971,3586,20,0,4,0,1,1,4,1,0,0,0,0,0,0,0,0
69200,9978,3880,18,5,1,1,1,1,2,1,0,0,0,0,0,0,0,0
69300,9977,3311,17,3,0,0,2,0,3,0,1,0,0,0,0,0,0,0
69400,9968,2723,19,4,0,1,8,0,3,2,2,0,0,0,0,0,0,0
69500,9975,2337,20,2,2,0,0,1,1,0,2,0,0,0,0,0,0,0
69600,9977,1915,19,8,1,1,0,0,2,1,1,0,0,0,0,0,0,0
69700,9973,2000,18,5,2,0,0,0,6,0,1,0,0,0,0,0,0,0
69800,9974,2552,22,8,0,0,1,0,3,0,0,0,0,0,0,0,0,0
69900,9970,2139,21,7,1,4,2,0,6,1,0,0,0,0,0,0,0,0
70000,9972,2609,18,6,4,0,1,0,5,2,0,0,0,0,0,0,0,0
70100,9968,3150,19,12,2,2,1,0,9,1,1,0,0,0,0,0,0,0
70200,9964,2717,29,3,2,0,1,0,2,0,2,0,0,0,0,0,0,0
70300,9955,2997,37,5,3,0,2,1,2,0,1,0,0,0,0,0,0,0
70400,9953,3101,39,0,2,2,1,2,1,0,4,0,0,0,0,0,0,0
70500,9960,2968,34,5,2,0,1,1,3,1,0,0,0,0,0,0,0,0
70600,9956,3313,36,5,3,3,2,1,0,0,3,0,0,0,0,0,0,0
70700,9955,3121,32,0,4,0,1,1,7,0,1,0,0,0,0,0,0,0
70800,9950,3539,32,2,2,0,6,0,9,1,1,0,0,0,0,0,0,0
70900,9956,3597,33,0,1,2,4,0,6,2,0,0,0,0,0,0,0,0
71000,9965,3894,32,2,1,0,1,0,1,0,0,1,0,0,0,0,0,0
71100,9958,3933,33,7,1,1,5,1,3,1,0,0,0,0,0,0,0,0
71200,9959,3813,32,3,5,0,3,0,1,1,0,1,0,0,0,0,0,0
71300,9956,3456,37,2,4,2,2,0,1,0,0,0,0,0,0,0,0,0
71400,9962,2965,34,56,0,1,2,0,1,0,1,0,0,0,0,0,0,0
71500,9962,3861,32,1,3,2,1,2,1,3,1,0,0,0,0,0,0,0
71600,9966,3569,32,4,2,0,0,1,0,0,0,0,0,0,0,0,0,0
71700,9954,2860,30,2,6,1,3,0,5,1,2,1,0,0,0,0,0,0
71800,9966,2485,31,5,1,2,0,0,1,2,1,0,0,0,0,0,0,0
71900,9965,2095,32,0,2,0,1,0,0,0,0,2,0,0,0,0,0,0
72000,9965,2475,30,1,0,1,3,0,1,1,1,1,0,0,0,0,0,0
72100,9962,3323,31,17,2,0,2,0,3,1,0,0,0,0,0,0,0,0
72200,9964,2625,31,14,2,0,1,0,2,0,0,0,0,0,0,0,0,0
72300,9958,2767,31,14,1,0,6,0,2,1,2,1,0,0,0,0,0,0
72400,9968,3802,32,8,0,0,0,0,0,0,0,1,0,0,0,0,0,0
72500,9961,3624,31,3,3,0,2,1,3,0,0,0,0,0,0,0,0,0
72600,9961,2946,31,10,1,0,5,0,2,0,0,0,0,0,0,0,0,0
72700,9958,2762,31,8,6,0,1,3,1,1,3,0,0,0,0,0,0,0
72800,9966,2978,31,2,0,1,2,1,1,1,0,1,0,0,0,0,0,0
72900,9964,2781,30,0,2,0,0,2,2,0,2,0,0,0,0,0,0,0
73000,9956,2807,34,1,5,0,0,0,4,2,1,0,0,0,0,0,0,0
73100,9964,2339,31,4,2,0,2,0,0,0,1,1,0,0,0,0,0,0
73200,9962,2990,32,10,1,0,0,0,4,0,1,0,0,0,0,0,0,0
73300,9960,3198,32,10,2,0,2,1,4,1,0,1,0,0,0,0,0,0
73400,9960,3148,33,1,3,1,1,0,3,0,0,0,0,0,0,0,0,0
73500,9964,3008,30,9,1,3,2,0,2,0,1,0,0,0,0,0,0,0
73600,9964,3206,32,20,1,0,0,0,1,0,2,0,0,0,0,0,0,0
73700,9958,3611,32,26,2,2,1,0,6,1,1,0,0,0,0,0,0,0
73800,9965,2985,30,53,3,3,1,0,0,0,1,1,0,0,0,0,0,0
73900,9958,3506,35,31,1,0,3,1,2,0,1,1,0,0,0,0,0,0
74000,9957,3076,33,17,5,1,0,18,5,0,0,0,0,0,0,0,0,0
74100,9963,3127,30,4,3,0,3,12,1,0,0,1,0,0,0,0,0,0
74200,9965,3303,31,4,1,0,1,0,2,0,0,0,0,0,0,0,0,0
74300,9961,2865,31,2,0,1,1,0,5,1,2,0,0,0,0,0,0,0
74400,9961,2687,33,6,1,0,2,0,2,1,1,0,0,0,0,0,0,0
74500,9961,3177,32,8,1,0,1,0,3,1,2,0,0,0,0,0,0,0
74600,9961,3389,32,31,0,1,1,0,5,3,0,0,1,0,0,0,0,0
74700,9960,3387,31,20,2,1,2,0,3,0,2,0,0,0,0,0,0,0
74800,9960,3292,31,2,0,1,2,0,3,0,4,0,0,0,0,0,0,0
74900,9963,3220,31,0,3,1,0,1,2,1,1,0,0,0,0,0,0,0
75000,9964,2659,31,2,1,0,1,0,2,0,0,0,1,0,0,0,0,0
75100,9956,2575,32,0,1,1,5,1,6,1,0,0,0,0,0,0,0,0
75200,9961,2562,32,1,1,0,3,0,1,0,2,0,0,0,0,0,0,0
75300,9957,2869,33,0,2,3,2,0,4,1,2,0,0,0,0,0,0,0
75400,9957,2675,33,10,3,0,1,0,5,0,1,0,0,0,0,0,0,0
75500,9961,3318,32,47,2,0,2,1,3,1,0,0,0,0,0,0,0,0
75600,9961,3245,31,10,1,0,2,6,4,1,1,0,0,0,0,0,0,0
75700,9953,3349,36,4,5,1,2,0,4,1,0,0,0,0,0,0,0,0
75800,9959,3426,33,2,2,0,3,0,3,1,0,1,0,0,0,0,0,0
75900,9959,3139,32,3,2,1,3,0,2,1,2,0,0,1,0,0,0,0
76000,9962,2647,33,10,2,3,2,0,0,0,1,0,0,0,0,0,0,0
76100,9962,2581,36,33,0,5,0,2,2,0,0,1,0,0,0,0,0,0
76200,9963,2367,34,64,0,4,0,2,1,0,1,0,1,0,0,0,0,0
76300,9964,2206,33,94,0,4,1,2,2,0,0,0,0,0,0,0,0,0
76400,9956,1946,35,47,4,1,0,1,4,1,1,0,0,0,0,0,0,0
76500,9953,2290,35,56,0,0,7,0,4,1,1,0,0,0,0,0,0,0
76600,9965,2110,28,72,3,0,3,0,1,0,0,0,0,0,0,0,0,0
76700,9966,2745,15,50,1,2,4,0,12,0,2,0,0,0,0,0,0,0
76800,9974,2607,19,45,3,1,0,4,3,0,1,0,0,0,0,0,0,0
76900,9972,2874,17,46,2,0,4,3,5,0,0,0,0,0,0,0,0,0
77000,9971,2480,19,45,2,0,5,0,3,1,0,0,0,0,0,0,0,0
77100,9974,2704,16,47,2,0,3,1,4,2,1,0,0,0,0,0,0,0
77200,9969,2923,21,52,4,0,2,0,3,1,1,1,0,0,0,0,0,0
77300,9980,2998,18,44,0,0,1,2,0,0,1,0,0,0,0,0,0,0
77400,9968,3335,16,47,5,2,5,0,5,0,1,0,0,0,0,0,0,0
77500,9977,3823,18,52,2,1,2,1,0,0,1,0,0,0,0,0,0,0
77600,9972,4048,19,47,2,0,4,1,3,0,0,0,0,0,0,0,0,0
77700,9970,3452,21,45,2,0,3,0,4,0,0,0,0,0,0,0,0,0
77800,9971,3667,16,46,5,0,3,0,3,0,2,0,0,0,0,0,0,0
77900,9976,2818,18,49,1,0,2,0,2,1,1,1,0,0,0,0,0,0
78000,9975,3276,17,54,1,1,3,0,4,2,0,0,0,0,0,0,0,0
78100,9966,3332,20,63,6,2,4,1,3,1,1,0,0,0,0,0,0,0
78200,9974,3350,19,50,3,19,0,0,1,1,3,0,0,0,0,0,0,0
78300,9976,3228,19,88,2,0,0,0,3,1,0,0,0,0,0,0,0,0
78400,9972,2833,19,96,2,0,2,1,4,1,1,0,0,0,0,0,0,0
78500,9978,2687,17,44,0,1,2,0,2,2,1,1,0,0,0,0,0,0
78600,9968,2683,21,49,4,1,4,1,3,1,0,0,0,0,0,0,0,0
78700,9976,3118,18,44,2,0,0,2,3,0,1,0,0,0,0,0,0,0
78800,9968,3938,23,47,1,0,5,0,2,3,1,0,0,0,0,0,0,0
78900,9975,4087,19,45,1,0,1,0,3,2,1,0,0,0,0,0,0,0
79000,9973,3561,19,47,0,1,2,0,1,2,5,0,0,0,0,0,0,0
79100,9966,3281,25,46,1,1,5,0,1,0,2,0,0,0,0,0,0,0
79200,9977,3960,16,45,2,1,1,0,4,0,0,1,0,0,0,0,0,0
79300,9975,3538,18,47,1,1,2,0,3,2,1,2,0,0,0,0,0,0
79400,9978,3725,12,48,2,0,2,0,5,0,1,1,0,0,0,0,0,0
79500,9978,3504,8,49,3,2,2,0,5,0,4,0,0,0,0,0,0,0
79600,9978,3529,5,44,6,4,2,0,6,0,3,0,0,0,0,0,0,0
79700,9986,4025,3,4,6,0,2,2,0,0,3,0,0,0,0,0,0,0
79800,9985,3268,3,5,3,1,4,1,3,1,2,0,0,0,0,0,0,0
79900,9990,3952,2,2,2,0,4,0,2,4,0,0,0,0,0,0,0,0
80000,9979,3615,8,2,4,0,3,0,5,2,1,0,0,0,0,0,0,0
80100,9984,3156,8,0,2,0,2,0,4,1,0,0,0,0,0,0,0,0
80200,9988,2833,3,3,2,1,0,1,6,0,1,0,0,0,0,0,0,0
80300,9986,3180,3,1,2,0,4,0,3,2,2,0,0,0,0,0,0,0
80400,9980,2840,8,4,0,2,6,1,5,1,1,0,0,0,0,0,0,0
80500,9987,2943,3,2,1,0,6,0,3,1,0,0,0,0,0,0,0,0
80600,9975,2709,7,1,2,0,10,1,6,0,0,0,0,0,0,0,0,0
80700,9968,3031,19,0,3,1,7,2,2,1,1,1,0,0,0,0,0,0
80800,9972,2389,16,0,0,0,5,1,4,0,3,1,0,0,0,0,0,0
80900,9962,2528,21,0,5,1,4,0,7,0,1,0,0,0,0,0,0,0
81000,9966,2951,23,1,1,0,7,2,2,0,1,0,0,0,0,0,0,0
81100,9965,3102,27,3,1,1,7,1,0,0,0,0,0,0,0,0,0,0
81200,9967,2939,21,2,3,0,6,3,2,0,1,0,0,0,0,0,0,0
81300,9968,3060,23,2,0,1,6,0,1,0,2,2,0,0,0,0,0,0
81400,9962,3245,22,0,2,0,8,0,5,0,1,0,0,0,0,0,0,0
81500,9988,3291,4,5,1,0,3,0,4,1,0,0,0,0,0,0,0,0
81600,9992,3641,4,57,1,1,2,0,1,0,0,0,0,0,0,0,0,0
81700,9981,3231,3,100,5,0,0,3,6,2,3,0,2,0,0,0,0,0
81800,9988,3589,4,12,1,0,2,0,5,0,0,0,0,0,0,0,0,0
81900,9984,3119,5,2,2,0,3,0,5,0,1,0,0,0,0,0,0,0
82000,9984,2960,13,1,1,0,1,0,1,0,0,1,0,0,0,0,0,0
82100,9968,2906,20,2,3,0,8,2,1,0,0,0,0,0,0,0,0,0
82200,9971,3044,24,8,2,0,1,0,2,0,0,1,0,0,0,0,0,0
82300,9964,3015,27,15,1,1,1,0,6,1,1,0,0,0,0,0,0,0
82400,9968,2877,26,26,4,0,0,1,0,1,2,1,0,0,0,0,0,0
82500,9973,2863,22,4,2,1,0,0,3,0,0,0,0,0,0,0,0,0
82600,9964,3033,27,2,1,0,2,0,2,2,4,0,0,0,0,0,0,0
82700,9961,3179,26,5,5,0,5,0,2,2,1,1,0,0,0,0,0,0
82800,9960,2663,31,4,4,2,0,0,4,1,1,1,0,0,0,0,0,0
82900,9951,3008,34,8,3,0,6,0,4,0,2,0,0,0,0,0,0,0
83000,9952,2817,38,15,2,1,1,3,7,2,0,0,0,0,0,0,0,0
83100,9957,2617,36,8,1,1,1,0,3,1,2,0,0,0,0,0,0,0
83200,9961,2919,32,1,0,0,0,1,6,0,1,0,0,0,0,0,0,0
83300,9962,3043,31,4,1,0,1,1,1,0,4,0,0,0,0,0,0,0
83400,9954,2459,35,3,3,1,2,0,6,1,0,0,0,0,0,0,0,0
83500,9958,2678,33,3,2,1,5,2,1,0,1,0,0,0,0,0,0,0
83600,9958,2737,34,8,1,0,4,1,2,1,1,0,0,0,0,0,0,0
83700,9959,3015,32,8,1,0,4,0,4,0,0,0,0,0,0,0,0,0
83800,9952,3265,36,2,1,1,7,0,2,1,2,0,0,0,0,0,0,0
83900,9958,3956,29,5,2,0,3,1,7,0,1,1,0,0,0,0,0,0
84000,9983,3655,6,69,1,0,6,0,3,0,1,0,0,0,0,0,0,0
84100,9987,4104,10,100,1,0,1,1,0,1,1,1,0,0,0,0,0,0
84200,9989,3294,3,18,1,2,4,2,3,2,0,0,0,0,0,0,0,0
84300,9987,3084,5,0,1,0,1,0,6,0,0,0,0,0,0,0,0,0
84400,9989,3299,4,2,2,0,0,0,2,1,3,0,0,0,0,0,0,0
84500,9989,3428,2,4,1,1,2,0,5,3,1,0,0,0,0,0,0,0
84600,9994,3763,2,0,2,0,0,1,2,0,0,0,0,0,0,0,0,0
84700,9986,3834,4,6,3,1,2,0,4,0,1,0,0,0,0,0,0,0
84800,9993,3461,6,5,0,1,1,0,0,5,0,0,0,0,0,0,0,0
84900,9987,3223,4,7,2,0,4,0,2,0,1,1,0,0,0,0,0,0
85000,9987,3305,2,5,3,0,3,0,5,0,0,0,0,0,0,0,0,0
85100,9987,3710,3,5,1,0,2,0,6,0,1,0,0,0,0,0,0,0
85200,9985,3750,3,0,0,1,4,1,8,1,0,0,0,0,0,0,0,0
85300,9981,3898,6,0,1,0,4,0,6,0,2,0,0,0,0,0,0,0
85400,9993,3897,4,1,0,0,1,0,2,0,0,1,0,0,0,0,0,0
85500,9988,3948,3,6,2,0,4,0,2,0,1,2,0,0,0,0,0,0
85600,9987,3645,4,12,1,0,2,1,3,1,3,0,0,0,0,0,0,0
85700,9988,4274,5,5,0,3,1,1,3,4,3,1,0,0,0,0,0,0
85800,9986,4174,4,3,4,0,2,1,3,1,1,0,0,0,0,0,0,0
85900,9985,3741,1,4,2,0,6,0,2,0,4,0,0,0,0,0,0,0
86000,9994,4035,2,4,2,0,0,0,2,2,0,0,0,0,0,0,0,0
86100,9989,3197,0,5,6,0,1,0,3,0,1,0,0,0,0,0,0,0
86200,9993,3410,0,2,3,2,2,0,1,0,1,0,0,0,0,0,0,0
86300,9992,3337,0,5,2,1,3,2,3,1,0,0,0,0,0,0,0,0
86400,9988,3495,3,16,4,0,1,0,1,0,2,0,1,0,0,0,0,0
86500,9996,2879,1,9,2,0,0,0,1,0,0,1,0,0,0,0,0,0
86600,9986,2970,0,3,5,0,3,1,6,0,0,0,0,0,0,0,0,0
86700,9991,3489,0,5,0,1,4,0,5,0,0,0,0,0,0,0,0,0
86800,9989,3464,2,0,1,0,2,0,3,7,3,0,0,0,0,0,0,0
86900,9993,4065,3,1,1,0,0,2,3,2,0,0,0,0,0,0,0,0
87000,9992,3299,1,1,1,1,1,2,4,0,1,0,0,0,0,0,0,0
87100,9991,3673,0,9,0,1,2,0,5,0,2,0,0,0,0,0,0,0
87200,9997,4377,0,9,2,1,0,0,1,1,0,0,0,0,0,0,0,0
87300,9988,3398,2,9,1,5,3,0,5,0,1,0,0,0,0,0,0,0
87400,9988,3224,1,4,2,8,1,1,7,1,1,0,0,1,0,0,0,0
87500,9991,3853,0,5,5,0,2,0,2,0,0,0,0,0,0,0,0,0
87600,9993,3766,1,6,2,1,3,2,1,0,0,1,0,0,0,0,0,0
87700,9986,3357,1,31,3,0,5,0,4,0,1,2,0,0,0,0,0,0
87800,9986,3558,1,41,2,0,1,0,10,0,0,2,0,0,0,0,0,0
87900,9993,3683,0,15,1,0,2,0,2,0,2,1,0,0,0,0,0,0
88000,9990,3162,0,1,2,0,3,0,3,1,2,1,0,0,0,0,0,0
88100,9996,3528,1,4,0,3,1,2,0,4,2,2,0,0,0,0,0,0
88200,9988,2821,1,9,2,0,4,0,4,4,1,1,0,0,0,0,0,0
88300,9996,2642,0,18,1,0,0,0,3,0,0,0,0,0,0,0,0,0
88400,9990,2498,3,58,3,7,1,0,3,1,0,0,0,0,0,0,0,0
88500,9994,2858,1,1,0,8,1,0,2,2,2,1,0,0,0,0,0,0
88600,9996,3150,1,5,0,10,1,1,1,0,1,0,0,0,0,0,0,0
88700,9988,3047,1,21,2,5,4,2,4,1,1,0,0,0,0,0,0,0
88800,9994,3499,1,18,1,0,0,5,3,1,1,0,0,0,0,0,0,0
88900,9993,3174,1,19,1,2,1,0,3,0,1,0,0,0,0,0,0,0
89000,9993,2639,0,8,3,0,2,1,2,0,0,0,0,0,0,0,0,0
89100,9993,2553,2,0,2,1,0,0,2,0,1,0,0,0,0,0,0,0
89200,9996,2622,1,0,1,0,0,0,1,1,1,0,0,0,0,0,0,0
89300,9992,2989,2,16,3,0,1,0,1,0,1,0,0,0,0,0,0,0
89400,9986,3636,1,0,4,2,4,0,2,1,3,0,0,0,0,0,0,0
89500,9986,4143,0,4,2,0,5,2,6,2,1,1,0,0,0,0,0,0
89600,9994,3468,0,7,1,0,3,4,1,0,1,0,0,0,0,0,0,0
89700,9979,3245,1,2,5,0,11,1,3,0,1,1,0,0,0,0,0,0
89800,9989,3817,2,2,2,0,5,0,1,3,1,0,0,0,0,0,0,0
89900,9993,3439,0,8,0,0,3,0,4,1,0,0,0,0,0,0,0,0
90000,9995,4353,0,12,0,0,3,0,1,2,1,0,0,0,0,0,0,0
90100,9987,4392,4,2,1,0,4,0,4,2,0,0,0,0,0,0,0,0
90200,9989,4278,0,7,2,1,7,0,2,1,0,0,0,0,0,0,0,0
90300,9995,3851,1,5,0,0,3,0,0,0,1,1,0,0,0,0,0,0
90400,9991,3101,0,0,0,1,5,0,4,1,0,0,0,0,0,0,0,0
90500,9991,3189,0,36,3,0,2,0,4,0,0,0,0,0,0,0,0,0
90600,9985,2815,3,0,1,1,4,0,5,1,2,0,0,0,0,0,0,0
90700,9988,2893,6,0,2,0,2,0,2,2,0,0,0,0,0,0,0,0
90800,9981,3340,8,5,3,0,5,0,3,0,0,0,0,0,0,0,0,0
90900,9991,3392,5,33,2,1,2,0,0,0,0,0,0,0,0,0,0,0
91000,9985,4013,4,0,3,0,7,0,1,2,0,0,0,0,0,0,0,0
91100,9992,3982,0,7,1,0,3,0,4,0,0,0,0,0,0,0,0,0
91200,9988,3510,3,28,2,0,4,0,2,1,1,0,0,0,0,0,0,0
91300,9976,3427,17,11,1,0,4,1,2,0,0,0,0,0,0,0,0,0
91400,9979,3831,17,3,0,0,2,0,2,0,0,0,0,0,0,0,0,0
91500,9972,4263,19,5,0,1,4,0,4,1,1,0,0,0,0,0,0,0
91600,9978,3794,18,0,0,1,3,1,1,0,0,0,0,0,0,0,0,0
91700,9975,3367,18,4,2,0,5,1,0,1,0,0,0,0,0,0,0,0
91800,9977,3973,15,3,2,0,4,0,2,0,0,0,0,0,0,0,0,0
91900,9976,3737,15,8,0,0,6,1,1,0,2,0,0,0,0,0,0,0
92000,9978,3975,17,4,1,1,2,0,1,0,1,0,0,0,0,0,0,0
92100,9976,3157,18,4,1,0,4,0,0,2,1,0,0,0,0,0,0,0
92200,9975,2459,21,24,0,0,2,0,1,0,1,0,0,0,0,0,0,0
92300,9977,2736,16,14,1,1,2,0,3,0,1,0,0,0,0,0,0,0
92400,9975,3176,16,0,2,0,3,0,2,0,2,0,0,0,0,0,0,0
92500,9976,2929,14,7,2,0,4,0,1,2,3,1,0,0,0,0,0,0
92600,9977,2622,17,7,2,1,3,0,1,1,0,0,0,0,0,0,0,0
92700,9972,2837,14,3,4,1,4,0,4,0,2,0,0,0,0,0,0,0
92800,9991,2284,1,0,1,0,4,0,1,0,2,0,0,0,0,0,0,0
92900,9978,2208,14,35,5,0,2,0,1,0,0,0,0,0,0,0,0,0
93000,9976,1798,17,3,0,1,5,0,1,5,1,1,0,0,0,0,0,0
93100,9986,2068,9,38,0,1,3,0,2,1,0,0,0,0,0,0,0,0
93200,9990,2531,2,48,0,1,2,2,4,1,2,1,0,0,0,0,0,0
93300,9986,3327,1,52,2,1,3,0,4,0,4,0,0,0,0,0,0,0
93400,9988,3322,1,25,1,0,4,0,3,0,3,0,0,0,0,0,0,0
93500,9989,3338,2,0,1,1,5,0,2,1,1,0,0,0,0,0,0,0
93600,9986,2635,1,0,0,0,6,0,6,0,1,1,0,0,0,0,0,0
93700,9989,2648,0,5,2,0,3,0,4,1,2,0,0,0,0,0,0,0
93800,9987,2523,1,4,3,1,4,0,3,1,2,0,0,0,0,0,0,0
93900,9991,2696,1,2,0,0,5,3,1,0,2,0,0,0,0,0,0,0
94000,9989,2612,0,1,2,0,4,0,5,2,0,0,0,0,0,0,0,0
94100,9993,2586,0,19,1,6,2,3,3,0,1,0,0,0,0,0,0,0
94200,9985,2632,3,15,3,12,7,0,2,1,0,0,0,0,0,0,0,0
94300,9997,3332,0,5,0,7,2,0,1,1,0,2,0,0,0,0,0,0
94400,9997,2962,1,29,1,0,1,0,0,0,0,0,0,0,0,0,0,0
94500,9991,2762,3,114,2,0,0,0,3,0,1,0,0,0,0,0,0,0
94600,9992,3302,0,114,4,4,0,1,4,2,0,2,0,0,0,0,0,0
94700,9999,2488,0,0,0,0,0,1,1,1,0,0,0,0,0,0,0,0
94800,9995,2550,1,3,1,0,2,3,0,1,1,0,0,0,0,0,0,0
94900,9982,2520,0,0,1,1,14,0,1,0,2,0,0,0,0,0,0,0
95000,9983,3463,1,5,2,0,8,0,5,3,1,0,0,0,0,0,0,0
95100,9986,3816,3,10,2,0,8,0,1,0,0,0,0,0,0,0,0,0
95200,9993,3879,0,5,0,0,6,0,1,0,0,0,0,0,0,0,0,0
95300,9956,2988,33,0,1,1,8,0,2,0,0,1,0,0,0,0,0,0
95400,9905,2484,80,1,3,1,10,0,2,0,0,0,0,0,0,0,0,0
95500,9878,2405,112,3,2,0,6,0,2,1,0,0,0,0,0,0,0,0
95600,9826,2779,163,4,1,0,6,0,2,0,2,0,0,0,0,0,0,0
95700,9825,3481,165,1,0,0,7,1,3,1,0,0,0,0,0,0,0,0
95800,9823,3539,160,6,1,1,8,1,8,0,0,0,0,0,0,0,0,0
95900,9807,3201,182,1,0,0,7,0,2,0,2,0,0,0,0,0,0,0
96000,9781,3736,206,3,1,0,7,0,4,0,1,0,0,0,0,0,0,0
96100,9779,3888,207,13,3,0,8,2,0,1,3,0,0,0,0,0,0,0
96200,9774,3211,212,9,2,0,9,1,3,0,0,0,0,0,0,0,0,0
96300,9772,2999,215,2,2,0,7,0,2,1,2,0,0,0,0,0,0,0
96400,9776,2917,215,4,1,0,7,0,1,0,0,0,0,0,0,0,0,0
96500,9822,2981,171,1,0,0,6,4,1,0,0,0,0,0,0,0,0,0
96600,9848,3005,133,3,4,0,12,0,3,1,0,0,0,0,0,0,0,0
96700,9857,2845,132,12,1,0,8,0,1,1,1,0,0,0,0,0,0,0
96800,9812,2976,178,10,2,0,7,0,1,2,0,0,0,0,0,0,0,0
96900,9795,2903,195,1,0,0,6,0,4,3,0,0,0,0,0,0,0,0
97000,9793,3389,194,2,0,0,9,1,4,0,0,1,0,0,0,0,0,0
97100,9789,3202,199,9,1,1,8,0,1,1,2,1,0,0,0,0,0,0
97200,9790,2699,198,2,1,2,6,0,4,0,1,0,0,0,0,0,0,0
97300,9791,2679,194,0,4,6,8,0,2,0,1,0,0,0,0,0,0,0
97400,9802,2623,187,3,1,3,7,0,2,1,1,0,0,0,0,0,0,0
97500,9793,2550,195,0,0,0,8,0,3,0,1,0,0,0,0,0,0,0
97600,9788,2545,194,3,2,0,11,0,4,1,1,0,0,0,0,0,0,0
97700,9781,2442,204,7,3,1,8,0,3,0,1,0,0,0,0,0,0,0
97800,9775,2228,207,1,1,0,10,0,5,3,2,0,0,0,0,0,0,0
97900,9760,2373,220,1,3,2,15,0,0,2,2,0,0,0,0,0,0,0
98000,9750,2323,230,0,0,1,13,0,6,0,1,0,0,0,0,0,0,0
98100,9754,2978,229,2,2,1,10,0,4,1,0,0,1,0,0,0,0,0
98200,9695,2377,285,0,2,1,12,1,3,0,2,1,1,0,0,0,0,0
98300,9685,2085,303,2,1,0,8,1,2,1,1,0,0,0,0,0,0,0
98400,9679,2747,305,2,1,0,11,0,3,0,0,1,1,0,0,0,0,0
98500,9661,2135,323,2,1,0,9,0,4,0,2,0,0,0,0,0,0,0
98600,9635,2276,335,2,4,0,20,0,5,0,1,0,0,0,0,0,0,0
98700,9644,2972,339,1,2,1,9,0,5,0,1,0,0,0,0,0,0,0
98800,9649,3501,329,1,1,0,18,0,3,0,0,0,0,0,0,0,0,0
98900,9653,3286,334,5,1,0,8,1,2,0,2,0,0,0,0,0,0,0
99000,9583,3408,396,5,3,0,12,3,6,0,0,0,0,0,0,0,0,0
99100,9577,3464,409,2,1,0,12,0,1,2,0,0,0,0,0,0,0,0
99200,9627,3479,359,3,4,0,7,0,1,0,2,0,0,0,0,0,0,0
99300,9663,3646,320,4,2,1,13,0,1,2,1,0,0,0,0,0,0,0
99400,9659,3389,328,0,1,1,9,0,2,0,1,1,0,0,0,0,0,0
99500,9573,3177,402,0,5,0,13,4,7,0,0,0,0,0,0,0,0,0
99600,9572,3282,411,0,2,2,11,0,3,0,1,0,0,0,0,0,0,0
99700,9569,3496,410,0,4,1,13,1,3,1,1,0,0,0,0,0,0,0
99800,9595,4023,395,0,1,1,7,0,0,0,2,0,0,0,0,0,0,0
99900,9575,3012,412,0,3,2,8,1,2,3,0,0,0,0,0,0,0,0
100000,9564,2927,425,3,1,1,8,1,2,0,0,0,0,0,0,0,0,0
