update,host_task_NOT,sym_task_NOT,host_task_NAND,sym_task_NAND,host_task_AND,sym_task_AND,host_task_ORN,sym_task_ORN,host_task_OR,sym_task_OR,host_task_ANDN,sym_task_ANDN,host_task_NOR,sym_task_NOR,host_task_XOR,sym_task_XOR,host_task_EQU,sym_task_EQU
0,0,0,0,0,0,0,0,0,0,0,0,0,0,0,0,0,0,0
100,10001,38344,0,2,1,3,0,2,0,5,0,3,0,0,0,0,0,0
200,9998,33157,0,5,0,2,0,5,0,5,2,3,0,0,0,0,0,0
300,9998,33056,0,4,0,9,2,4,0,3,0,2,0,0,0,0,0,0
400,9995,33066,0,8,3,5,0,8,2,4,0,1,0,0,0,0,0,0
500,9999,33182,0,4,1,4,0,6,0,5,0,2,0,0,0,0,0,0
600,9994,27836,1,6,3,3,0,3,1,6,1,1,0,0,0,0,0,0
700,9994,25910,0,5,1,2,1,4,2,5,2,4,0,0,0,0,0,0
800,9990,25889,0,5,1,7,2,3,5,1,2,4,0,0,0,0,0,0
900,9994,25824,0,5,2,3,0,6,4,5,0,1,0,0,0,0,0,0
1000,9993,25720,0,3,4,8,1,3,2,8,0,3,0,0,0,0,0,0
1100,9992,23133,2,1,2,4,2,0,2,5,0,4,0,0,0,0,0,0
1200,9988,20323,4,2,4,6,0,1,4,8,0,0,0,0,0,0,0,0
1300,9991,20181,4,4,2,6,1,0,0,5,2,1,0,0,0,0,0,0
1400,9990,20246,4,7,4,3,1,0,1,5,0,3,0,0,0,0,0,0
1500,9990,20271,5,7,1,3,0,2,3,4,1,3,0,0,0,0,0,0
1600,9988,19209,4,9,1,3,1,3,4,3,2,2,0,0,0,0,0,0
1700,9993,16215,4,4,3,4,0,2,0,0,0,0,0,0,0,0,0,0
1800,9985,16080,6,14,2,3,3,3,2,5,2,2,0,0,0,0,0,0
1900,9988,16038,8,17,1,6,0,2,2,6,1,1,0,0,0,0,0,0
2000,9982,16081,8,5,2,6,4,3,2,0,2,1,0,0,0,0,0,0
2100,9982,15971,8,2,4,5,3,1,1,4,2,3,0,0,0,0,0,0
2200,9974,12895,12,6,2,1,7,2,4,2,1,1,0,0,0,0,0,0
2300,9980,12806,12,7,0,0,1,5,5,4,2,0,0,0,0,0,0,0
2400,9976,12801,13,7,2,3,3,1,1,3,5,4,0,0,0,0,0,0
2500,9970,12715,15,8,1,4,4,1,7,1,3,2,0,0,0,0,0,0
2600,9980,12795,12,0,2,2,2,2,2,5,2,0,0,0,0,0,0,0
2700,9973,10998,15,3,3,2,2,2,6,2,1,1,0,0,0,0,0,0
2800,9963,10565,21,4,2,2,9,0,5,2,0,0,0,0,0,0,0,0
2900,9968,10654,24,9,0,1,4,3,3,0,1,1,0,0,0,0,0,0
3000,9962,10746,28,9,2,4,4,1,3,1,1,3,0,0,0,0,0,0
3100,9963,10566,24,8,9,4,0,2,4,2,0,2,0,0,0,0,0,0
3200,9968,9596,26,5,2,3,2,4,2,1,0,1,0,0,0,0,0,0
3300,9961,8793,25,7,2,1,6,2,5,0,1,0,0,0,0,0,0,0
3400,9962,8874,25,6,3,3,5,2,2,5,3,0,0,0,0,0,0,0
3500,9951,8962,29,1,4,3,7,3,6,2,3,0,0,0,0,0,0,0
3600,9961,8861,27,3,3,2,4,3,5,3,0,0,0,0,0,0,0,0
3700,9953,8440,26,6,4,2,10,2,6,0,1,1,0,0,0,0,0,0
3800,9951,7497,32,2,2,1,8,0,5,1,2,1,0,0,0,0,0,0
3900,9944,7623,34,3,4,0,13,0,2,0,3,1,0,0,0,0,0,0
4000,9960,7693,29,10,3,1,6,0,2,1,0,1,0,0,0,0,0,0
4100,9957,7614,28,10,2,0,6,1,7,2,0,0,0,0,0,0,0,0
4200,9962,7502,27,11,1,2,5,2,4,1,1,0,0,0,0,0,0,0
4300,9966,6309,22,9,1,1,9,2,1,0,1,1,0,0,0,0,0,0
4400,9958,6363,23,14,5,1,10,0,4,2,0,0,0,0,0,0,0,0
4500,9959,6481,22,17,2,3,7,4,10,2,0,0,0,0,0,0,0,0
4600,9963,6557,27,19,1,0,6,2,2,0,1,1,0,0,0,0,0,0
4700,9962,6556,25,12,2,0,8,1,3,1,0,0,0,0,0,0,0,0
4800,9974,5887,14,6,0,2,6,0,5,0,1,0,0,0,0,0,0,0
4900,9965,5841,18,6,2,1,10,2,3,3,2,0,0,0,0,0,0,0
5000,9961,5833,20,10,2,1,7,1,7,1,3,0,0,0,0,0,0,0
5100,9974,5803,15,7,3,2,2,2,4,2,1,0,1,0,0,0,0,0
5200,9968,5788,20,6,0,1,7,2,4,4,1,0,0,0,0,0,0,0
5300,9935,5453,28,7,30,0,2,5,4,1,1,0,0,0,0,0,0,0
5400,9918,5192,35,14,34,1,5,4,7,3,1,0,0,0,0,0,0,0
5500,9887,5248,70,7,34,0,1,7,7,1,1,2,0,0,0,0,0,0
5600,9850,5119,84,15,37,1,18,0,9,3,2,1,0,0,0,0,0,0
5700,9840,5005,103,16,34,1,17,1,6,1,0,0,0,0,0,0,0,0
5800,9859,4793,78,13,33,2,20,1,9,0,1,0,0,0,0,0,0,0
5900,9952,4740,21,21,15,1,10,2,2,2,0,0,0,0,0,0,0,0
6000,9963,4722,15,13,6,1,12,2,2,0,2,1,0,0,0,0,0,0
6100,9931,4658,54,3,4,1,6,2,5,2,0,1,0,0,0,0,0,0
6200,9913,4569,69,4,4,1,8,1,5,3,1,1,0,0,0,0,0,0
6300,9917,4452,67,6,2,1,6,8,5,0,3,1,0,0,0,0,0,0
6400,9894,4338,77,5,4,1,18,4,4,0,3,0,0,2,0,0,0,0
6500,9888,4081,68,12,1,0,39,5,3,1,0,0,1,1,0,0,0,0
6600,9882,4033,70,12,3,3,41,6,4,2,0,1,0,0,0,0,0,0
6700,9890,4057,67,6,2,2,35,2,5,0,1,0,0,0,0,0,0,0
6800,9886,3850,67,7,0,2,38,0,9,0,0,1,0,0,0,0,0,0
6900,9875,3793,84,13,2,0,35,2,3,1,1,1,0,0,0,0,0,0
7000,9875,3832,81,19,2,0,34,4,6,1,1,1,0,0,0,0,1,0
7100,9875,3747,82,16,2,0,36,2,2,1,3,0,0,0,0,0,0,0
7200,9869,3507,87,12,0,0,38,2,6,1,0,0,0,0,0,0,0,0
7300,9861,3460,94,10,1,1,37,1,6,5,1,0,0,0,0,0,0,0
7400,9850,3329,106,13,5,2,36,1,2,1,1,0,0,0,0,0,0,0
7500,9857,3186,97,14,3,1,40,1,1,0,2,0,0,0,0,0,0,0
7600,9835,3168,116,18,4,1,39,0,5,0,1,0,0,0,0,0,0,0
7700,9833,3157,127,16,2,1,35,0,2,1,1,0,0,0,0,0,0,0
7800,9837,3064,117,14,3,1,37,1,3,4,1,1,2,0,0,0,0,0
7900,9835,2946,120,21,2,4,36,0,4,0,3,0,0,0,0,0,0,0
8000,9818,2998,133,21,6,6,37,1,5,3,0,1,1,0,0,0,0,0
8100,9812,3084,144,20,2,0,35,2,6,1,1,2,0,0,0,0,0,0
8200,9788,3234,143,23,6,0,55,2,7,4,1,0,0,0,0,0,0,0
8300,9796,3235,135,30,0,1,62,4,6,3,0,0,1,0,0,0,0,0
8400,9789,3188,139,30,3,2,64,0,2,2,2,0,1,0,0,0,0,0
8500,9804,2993,120,16,3,2,67,0,5,2,1,0,0,0,0,0,0,0
8600,9841,3100,121,50,1,1,32,1,3,1,2,0,0,0,0,0,0,0
8700,9829,3122,120,51,1,1,45,4,3,2,2,2,0,0,0,0,0,0
8800,9810,3190,113,39,4,0,67,2,3,2,3,2,0,0,0,0,0,0
8900,9803,3992,124,64,2,1,66,5,3,3,2,0,0,0,0,0,0,0
9000,9761,5592,168,88,1,2,65,4,5,1,0,0,0,0,0,0,0,0
9100,9746,7760,184,147,4,1,62,2,3,3,1,0,0,0,0,0,0,0
9200,9743,8780,188,158,1,7,64,4,3,2,1,2,0,0,0,0,0,0
9300,9797,7884,131,194,8,3,63,7,1,5,0,3,0,0,0,0,0,0
9400,9782,8298,130,112,15,4,67,3,4,2,2,0,0,0,0,0,0,0
9500,9806,9148,116,112,11,6,61,1,4,6,2,1,0,0,0,0,0,0
9600,9796,8700,122,129,10,0,65,0,4,5,3,1,0,0,0,0,0,0
9700,9787,8010,135,182,13,3,60,5,3,3,2,1,0,0,0,0,0,0
9800,9795,8262,127,111,8,1,62,16,5,4,3,0,0,0,0,0,0,0
9900,9825,8582,105,134,8,2,61,5,1,1,0,1,0,0,0,0,0,0
10000,9824,8096,93,116,11,1,66,8,3,0,2,7,1,0,0,0,0,0
10100,9826,8052,86,70,11,1,65,0,9,2,3,6,0,0,0,0,0,0
10200,9824,8517,92,33,9,2,67,1,7,3,1,1,0,0,0,0,0,0
10300,9842,8176,82,35,5,1,66,2,3,2,2,0,0,0,0,0,0,0
10400,9820,7812,96,29,14,1,67,1,1,1,2,0,0,0,0,0,0,0
10500,9805,7993,107,40,10,1,74,2,4,3,0,0,0,0,0,0,0,0
10600,9798,9091,105,41,11,1,83,1,3,4,0,0,0,0,0,0,0,0
10700,9764,8497,120,38,6,2,103,0,3,0,4,0,0,0,0,0,0,0
10800,9721,9370,131,89,8,1,137,9,1,2,2,1,0,0,0,0,0,0
10900,9745,9061,107,106,8,2,137,4,2,2,1,0,0,0,0,0,0,0
11000,9782,8835,65,56,7,2,142,4,2,4,2,4,0,0,0,0,0,0
11100,9802,9004,72,34,8,2,112,5,3,6,3,0,0,0,0,0,0,0
11200,9814,8711,70,24,10,2,104,2,2,2,0,0,0,0,0,0,0,0
11300,9802,8277,79,29,15,1,103,1,1,1,0,1,0,0,0,0,0,0
11400,9802,7997,77,27,9,0,106,7,3,2,3,1,0,0,0,0,0,0
11500,9808,7141,75,42,9,9,104,1,3,1,1,0,0,0,0,0,0,0
11600,9800,7446,87,50,10,10,100,10,1,5,2,1,0,0,0,0,0,0
11700,9824,6287,72,25,8,2,92,3,4,1,0,1,0,0,0,0,0,0
11800,9824,6275,72,31,5,2,92,2,5,2,2,1,0,0,0,0,0,0
11900,9818,5705,76,34,2,1,96,2,6,3,2,1,0,0,0,0,0,0
12000,9826,5298,69,25,8,2,91,4,4,4,2,0,0,0,0,0,0,0
12100,9831,7916,64,23,4,0,93,2,4,0,4,0,0,0,0,0,0,0
12200,9889,8906,63,27,6,0,35,5,5,0,2,0,0,0,0,0,0,0
12300,9889,8151,76,32,0,4,31,0,3,2,1,0,0,0,0,0,0,0
12400,9884,7444,66,12,11,0,36,1,2,0,1,0,0,0,0,0,0,0
12500,9881,6668,70,26,7,2,33,1,4,0,3,1,2,0,0,0,0,0
12600,9895,7750,59,6,5,3,32,3,8,1,1,0,0,0,0,0,0,0
12700,9893,7758,61,10,8,2,32,0,4,1,2,1,0,0,0,0,0,0
12800,9881,7825,73,16,5,3,31,2,5,1,5,0,0,0,0,0,0,0
12900,9901,7220,84,10,2,1,9,3,3,2,1,0,0,0,0,0,0,0
13000,9898,7306,88,2,5,1,4,4,5,3,0,0,0,0,0,0,0,0
13100,9906,6192,83,9,2,1,4,1,3,1,2,1,0,0,0,0,0,0
13200,9857,6690,128,8,6,2,1,0,4,0,4,0,0,0,0,0,0,0
13300,9867,7916,124,3,0,1,1,1,5,0,3,0,0,0,0,0,0,0
13400,9853,7490,137,7,3,1,2,1,5,1,0,1,0,0,0,0,0,0
13500,9859,7564,128,8,3,0,3,0,6,0,1,3,0,0,0,0,0,0
13600,9855,7466,128,7,5,2,3,0,9,1,0,0,0,0,0,0,0,0
13700,9866,6831,121,10,4,0,5,1,2,1,1,0,1,0,0,0,0,0
13800,9866,6013,123,3,2,1,5,1,4,0,0,1,0,0,0,0,0,0
13900,9864,6607,122,8,5,2,2,3,6,3,1,0,0,0,0,0,0,0
14000,9863,5703,128,12,1,0,4,3,2,0,2,1,0,0,0,0,0,0
14100,9845,6565,140,10,7,2,2,1,3,0,3,0,0,0,0,0,0,0
14200,9853,5773,131,6,2,1,1,3,8,3,5,0,0,0,0,0,0,0
14300,9850,5489,141,13,3,1,2,1,4,2,0,0,0,0,0,0,0,0
14400,9813,5091,179,6,2,0,2,2,3,1,1,0,0,0,0,0,0,0
14500,9751,6291,239,0,3,0,2,4,4,1,1,1,0,0,0,0,0,0
14600,9728,6195,261,1,3,2,1,3,3,1,4,0,0,0,0,0,0,0
14700,9703,5577,290,4,2,1,1,2,4,3,0,1,0,0,0,0,0,0
14800,9707,6745,281,19,3,1,5,0,3,3,1,0,0,0,0,0,0,0
14900,9725,5576,259,0,2,1,9,0,3,2,2,1,0,0,0,0,0,0
15000,9669,6586,272,0,6,0,43,1,6,1,4,1,0,0,0,0,0,0
15100,9680,6255,267,1,5,0,44,2,4,0,0,1,0,0,0,0,0,0
15200,9636,5202,310,3,5,1,42,6,6,1,1,0,0,0,0,0,0,0
15300,9619,6347,361,43,3,2,12,1,4,0,1,1,0,0,0,0,0,0
15400,9583,6622,405,10,2,1,2,2,5,4,3,0,0,0,0,0,0,0
15500,9569,6787,422,3,0,0,4,3,4,0,1,0,0,0,0,0,0,0
15600,9532,6547,454,2,2,2,2,3,5,0,5,0,0,0,0,0,0,0
15700,9532,6071,454,9,3,0,6,1,4,0,1,0,0,0,0,0,0,0
15800,9515,5919,479,14,0,2,3,0,2,4,1,0,0,0,0,0,0,0
15900,9487,6363,499,7,5,0,6,1,2,1,1,1,0,0,0,0,0,0
16000,9458,6288,533,4,2,0,5,0,1,0,1,1,0,0,0,0,0,0
16100,9435,4768,554,1,1,1,4,0,5,0,1,0,0,0,0,0,0,0
16200,9440,4799,547,1,5,1,2,3,2,2,4,0,0,0,0,0,0,0
16300,9446,5560,546,1,2,1,1,0,4,1,1,0,0,0,0,0,0,0
16400,9404,6606,583,3,4,0,4,0,3,0,2,1,0,0,0,0,0,0
16500,9509,6730,487,0,0,2,2,1,2,0,0,2,0,0,0,0,0,0
16600,9527,6613,463,10,2,2,4,1,3,0,1,1,0,0,0,0,0,0
16700,9543,5632,442,0,5,0,2,1,7,0,1,1,0,0,0,0,0,0
16800,9569,5306,423,3,1,0,4,2,2,1,1,1,0,0,0,0,0,0
16900,9580,5767,413,9,1,0,0,1,4,1,2,0,0,0,0,0,0,0
17000,9583,5423,408,2,1,0,6,2,1,0,1,0,0,0,0,0,0,0
17100,9581,5313,405,4,1,2,8,3,2,1,3,0,0,0,0,0,0,0
17200,9589,5448,391,4,5,0,9,0,4,0,2,0,0,0,0,0,0,0
17300,9598,4818,368,113,9,2,13,2,11,1,1,1,0,0,0,0,0,0
17400,9614,4725,364,109,10,0,3,9,6,0,2,1,1,0,0,0,0,0
17500,9632,3989,351,25,8,0,5,8,1,2,3,1,0,0,0,0,0,0
17600,9649,3876,335,1,4,1,10,1,2,0,0,0,0,0,0,0,0,0
17700,9666,4103,319,0,3,2,7,2,5,3,0,0,0,0,0,0,0,0
17800,9647,3068,345,10,2,0,4,0,2,0,0,0,0,0,0,0,0,0
17900,9647,3924,336,98,3,0,6,1,6,0,2,0,0,0,0,0,0,0
18000,9672,3896,313,123,5,2,6,0,3,3,1,0,0,0,0,0,0,0
18100,9679,3751,310,52,5,0,4,1,2,3,0,0,0,0,0,0,0,0
18200,9692,2928,296,0,1,0,6,1,5,0,0,0,0,0,0,0,0,0
18300,9705,4044,280,1,4,0,5,1,6,3,0,1,0,0,0,0,0,0
18400,9710,4263,280,6,2,0,5,0,3,0,0,1,0,0,0,0,0,0
18500,9718,3873,266,2,4,1,3,3,6,4,3,0,0,1,0,0,0,0
18600,9724,3744,259,2,0,2,12,1,2,0,2,1,1,0,0,0,0,0
18700,9701,3450,286,2,3,0,5,3,4,0,1,0,0,0,0,0,0,0
18800,9696,3452,291,2,2,0,5,1,5,0,1,0,0,0,0,0,0,0
18900,9699,2585,291,1,1,0,7,1,2,0,0,0,0,0,0,0,0,0
19000,9704,3267,283,2,4,0,3,0,5,1,1,0,0,0,0,0,0,0
19100,9712,2907,270,4,4,0,8,0,5,0,1,0,0,0,0,0,0,0
19200,9717,2792,273,4,3,2,2,1,4,5,1,0,0,0,0,0,0,0
19300,9726,2813,264,4,3,0,5,0,0,2,2,1,0,0,0,0,0,0
19400,9713,2920,276,0,3,0,4,5,1,0,3,0,0,0,0,0,0,0
19500,9721,3094,264,3,2,0,8,1,4,2,0,1,1,0,0,0,0,0
19600,9709,3187,264,9,6,0,14,1,5,0,2,0,0,0,0,0,0,0
19700,9744,3760,223,10,5,0,24,0,3,1,1,0,0,0,0,0,0,0
19800,9789,4250,184,11,5,1,15,1,6,0,1,1,0,0,0,0,0,0
19900,9790,4116,186,15,3,0,16,2,2,2,2,0,1,0,0,0,0,0
20000,9792,2967,183,8,3,0,17,2,5,1,0,0,0,0,0,0,0,0
20100,9802,2979,175,8,3,3,11,2,9,3,0,0,0,0,0,0,0,0
20200,9801,3286,184,18,5,1,6,2,3,1,1,0,0,0,0,0,0,0
20300,9831,3086,154,34,1,0,2,0,12,0,0,1,0,0,0,0,0,0
20400,9834,3264,148,20,4,1,3,1,8,3,3,0,0,0,0,0,0,0
20500,9839,3852,149,17,4,1,3,0,5,1,0,0,0,0,0,0,0,0
20600,9844,3161,150,13,1,0,3,0,1,1,1,0,0,0,0,0,0,0
20700,9854,2670,136,4,4,1,3,0,2,0,1,1,0,0,0,0,0,0
20800,9851,2874,123,4,4,0,15,0,5,1,2,0,0,0,0,0,0,0
20900,9888,3201,91,12,3,0,16,1,2,0,0,0,0,0,0,0,0,0
21000,9888,3661,91,26,0,0,15,1,6,0,0,0,0,0,0,0,0,0
21100,9893,4194,91,2,3,0,11,1,1,0,1,0,0,0,0,0,0,0
21200,9895,5070,90,10,4,1,6,1,5,5,0,0,0,0,0,0,0,0
21300,9863,4870,120,34,3,0,6,0,7,0,1,1,0,0,0,0,0,0
21400,9832,4720,142,36,8,1,10,2,7,2,1,0,0,0,0,0,0,0
21500,9840,3793,138,3,4,1,8,1,9,0,1,0,0,0,0,0,0,0
21600,9830,3526,137,0,4,0,13,1,14,1,2,0,0,0,0,0,0,0
21700,9841,3013,136,3,6,0,8,0,8,0,1,0,0,0,0,0,0,0
21800,9843,3176,137,3,3,0,10,0,6,0,1,1,0,0,0,0,0,0
21900,9839,3609,144,4,1,0,11,0,4,4,1,1,0,0,0,0,0,0
22000,9784,3565,173,2,8,1,13,3,19,0,3,1,0,0,0,0,0,0
22100,9822,3056,155,2,4,0,12,1,6,0,1,0,0,0,0,0,0,0
22200,9871,2911,106,1,4,0,13,6,6,0,0,1,0,0,0,0,0,0
22300,9864,2844,112,1,3,0,14,1,7,0,0,1,0,0,0,0,0,0
22400,9862,2706,110,6,3,0,12,2,11,0,2,0,0,0,0,0,0,0
22500,9897,3088,83,1,2,2,12,2,5,0,1,1,0,0,0,0,0,0
22600,9903,3211,70,3,5,0,11,0,6,2,5,0,0,0,0,0,0,0
22700,9901,3439,77,2,1,0,11,1,6,1,4,0,0,0,0,0,0,0
22800,9904,3578,74,3,4,0,9,0,7,0,2,0,0,0,0,0,0,0
22900,9890,3840,81,17,7,0,9,1,12,1,1,0,0,0,0,0,0,0
23000,9897,4206,84,13,2,0,10,1,6,2,1,0,0,0,0,0,0,0
23100,9898,3410,78,5,5,1,10,0,9,0,0,0,0,0,0,0,0,0
23200,9894,3202,89,22,6,0,7,1,2,0,2,0,0,0,0,0,0,0
23300,9892,3445,89,8,2,3,11,3,5,1,1,0,0,0,0,0,0,0
23400,9899,3951,85,5,1,0,10,0,3,1,2,0,0,0,0,0,0,0
23500,9901,4086,75,5,5,1,15,2,1,0,3,0,0,0,0,0,0,0
23600,9910,2985,66,1,1,0,18,1,4,1,1,0,0,0,0,0,0,0
23700,9911,2694,70,2,3,0,12,1,3,2,1,0,0,0,0,0,0,0
23800,9915,2934,67,2,0,0,16,1,2,1,0,2,0,0,0,0,0,0
23900,9901,3404,75,2,3,0,16,0,5,0,0,0,0,0,0,0,0,0
24000,9912,3259,72,1,2,0,13,0,1,0,0,1,0,0,0,0,0,0
24100,9913,3924,70,13,0,0,13,0,2,0,2,0,0,0,0,0,0,0
24200,9917,3673,68,9,1,0,14,5,0,0,0,0,0,0,0,0,0,0
24300,9903,2383,71,20,6,0,15,2,3,0,2,2,0,0,0,0,0,0
24400,9916,2514,65,2,4,1,12,1,1,2,2,0,0,0,0,0,0,0
24500,9920,3181,66,2,1,1,10,1,2,0,1,0,0,0,0,0,0,0
24600,9920,3288,71,0,0,0,8,4,1,0,0,0,0,0,0,0,0,0
24700,9905,3649,75,3,6,0,8,0,2,0,4,0,0,0,0,0,0,0
24800,9935,3544,47,1,3,0,10,2,4,2,1,0,0,0,0,0,0,0
24900,9958,3692,24,0,2,0,11,0,4,0,1,0,0,0,0,0,0,0
25000,9965,3801,24,6,1,0,10,0,0,0,0,0,0,0,0,0,0,0
25100,9953,3781,29,7,1,1,9,0,6,0,2,0,0,0,0,0,0,0
25200,9957,3696,32,0,0,0,8,0,2,0,1,0,0,0,0,0,0,0
25300,9954,3261,29,2,1,0,11,0,3,0,2,0,0,0,0,0,0,0
25400,9958,3352,27,2,3,0,8,0,2,4,2,0,0,0,0,0,0,0
25500,9902,2883,85,0,1,0,8,0,4,1,0,0,0,0,0,0,0,0
25600,9899,2467,85,5,3,1,10,1,2,0,1,1,0,0,0,0,0,0
25700,9898,3069,85,1,3,2,8,0,5,1,0,0,1,0,0,0,0,0
25800,9906,2900,80,2,3,0,9,1,0,0,2,0,0,0,0,0,0,0
25900,9908,2698,80,2,1,0,8,0,2,2,1,1,0,0,0,0,0,0
26000,9907,2443,78,1,2,1,10,0,0,0,3,0,0,0,0,0,0,0
26100,9907,2452,80,2,3,0,8,1,2,1,0,0,0,0,0,0,0,0
26200,9910,2590,78,5,3,0,8,0,1,0,0,0,0,0,0,0,0,0
26300,9910,2238,78,17,1,1,10,0,1,2,0,0,0,0,0,0,0,0
26400,9904,2214,79,19,2,2,8,0,6,3,1,0,0,0,0,0,0,0
26500,9909,2275,75,4,2,0,11,0,2,0,1,0,0,0,0,0,0,0
26600,9904,3043,76,4,6,1,9,1,4,0,1,0,0,0,0,0,0,0
26700,9910,2963,77,14,1,0,9,1,3,0,0,0,0,0,0,0,0,0
26800,9908,3157,80,3,1,0,9,0,1,0,1,0,0,0,0,0,0,0
26900,9905,2856,76,4,2,1,13,2,2,1,2,0,0,0,0,0,0,0
27000,9907,2801,74,1,5,0,10,2,4,0,0,2,0,0,0,0,0,0
27100,9908,3158,71,0,7,0,11,5,2,0,1,0,0,0,0,0,0,0
27200,9859,2239,85,5,42,2,9,1,4,3,1,0,0,0,0,0,0,0
27300,9859,2920,86,16,40,0,12,0,1,0,2,0,0,0,0,0,0,0
27400,9860,2625,87,33,43,1,8,0,2,1,0,0,0,0,0,0,0,0
27500,9859,2956,83,38,43,0,9,1,3,0,3,0,0,0,0,0,0,0
27600,9868,3126,84,15,40,0,8,0,0,0,0,0,0,0,0,0,0,0
27700,9861,2915,85,5,40,0,10,0,3,0,1,0,0,0,0,0,0,0
27800,9861,3224,84,4,43,0,10,1,2,1,0,0,0,0,0,0,0,0
27900,9863,3041,83,2,43,0,9,0,1,0,1,0,0,0,0,0,0,0
28000,9864,3002,83,27,40,2,10,0,3,0,0,1,0,0,0,0,0,0
28100,9870,2909,76,37,44,0,9,0,0,2,1,0,0,0,0,0,0,0
28200,9864,2714,77,5,42,0,11,0,5,1,1,1,0,0,0,0,0,0
28300,9867,2988,76,4,41,0,11,0,3,1,2,0,0,0,0,0,0,0
28400,9869,3072,78,5,41,0,10,1,1,1,1,0,0,0,0,0,0,0
28500,9832,3315,117,3,41,0,7,0,3,1,0,0,0,0,0,0,0,0
28600,9812,2959,134,1,41,1,9,0,4,0,0,0,0,0,0,0,0,0
28700,9813,3315,132,2,40,1,8,0,7,0,0,0,0,0,0,0,0,0
28800,9848,3730,132,9,8,1,12,2,0,0,0,0,0,0,0,0,0,0
28900,9857,2898,131,9,1,0,10,6,0,0,1,0,0,0,0,0,0,0
29000,9854,2210,134,1,0,0,12,5,0,0,0,1,0,0,0,0,0,0
29100,9847,2181,132,2,3,0,15,6,2,0,1,2,0,0,0,0,0,0
29200,9860,2829,128,2,3,0,9,2,0,0,0,0,0,0,0,0,0,0
29300,9850,2837,130,0,2,0,14,1,4,2,0,0,0,0,0,0,0,0
29400,9856,2840,125,0,1,1,12,0,5,0,1,0,0,0,0,0,0,0
29500,9866,2633,121,0,2,1,10,0,1,0,0,0,0,0,0,0,0,0
29600,9869,2708,121,0,1,0,8,2,1,1,0,0,0,0,0,0,0,0
29700,9863,2677,125,1,2,1,8,0,2,0,0,0,0,0,0,0,0,0
29800,9859,3257,129,2,2,0,8,0,2,0,0,1,0,0,0,0,0,0
29900,9888,2730,101,1,2,0,8,2,1,0,0,0,0,0,0,0,0,0
30000,9913,2562,76,3,1,0,8,0,1,2,1,0,0,0,0,0,0,0
30100,9914,2624,73,1,3,0,9,0,1,1,0,0,0,0,0,0,0,0
30200,9913,2520,74,2,0,1,10,0,3,0,0,0,0,0,0,0,0,0
30300,9919,3058,69,1,0,1,8,0,4,0,0,0,0,0,0,0,0,0
30400,9924,2552,67,0,0,0,8,1,0,0,1,1,0,0,0,0,0,0
30500,9928,2364,68,0,1,1,0,2,3,0,0,0,0,0,0,0,0,0
30600,9926,2190,67,3,3,0,1,0,1,1,1,0,1,0,0,0,0,0
30700,9892,2483,98,1,2,0,5,0,3,0,0,0,0,0,0,0,0,0
30800,9887,2542,108,6,3,1,1,0,1,3,0,0,0,0,0,0,0,0
30900,9882,2390,109,2,3,0,2,1,3,0,1,0,0,0,0,0,0,0
31000,9886,2505,109,0,1,0,2,1,1,0,1,1,0,0,0,0,0,0
31100,9883,2262,108,4,2,2,1,1,3,1,3,0,0,0,0,0,0,0
31200,9884,2466,106,2,3,0,4,0,1,0,2,1,0,0,0,0,0,0
31300,9832,2352,159,0,3,0,2,0,3,0,1,0,0,0,0,0,0,0
31400,9831,2689,161,0,1,0,1,0,6,0,0,0,0,0,0,0,0,0
31500,9837,2502,156,2,2,1,1,1,4,2,0,0,0,0,0,0,0,0
31600,9838,2475,157,3,0,0,4,1,1,0,0,1,0,0,0,0,0,0
31700,9842,2830,156,3,1,0,1,0,0,2,0,0,0,0,0,0,0,0
31800,9837,2736,157,7,0,1,4,1,2,0,0,0,0,0,0,0,0,0
31900,9843,2105,152,2,2,2,2,0,1,0,0,0,0,0,0,0,0,0
32000,9862,1883,136,1,0,1,0,0,1,0,1,0,0,0,0,0,0,0
32100,9902,1933,92,0,1,0,1,0,3,0,1,0,0,0,0,0,0,0
32200,9906,1981,84,3,2,0,1,0,5,1,2,0,0,0,0,0,0,0
32300,9913,1947,78,4,6,0,0,0,2,6,1,0,0,0,0,0,0,0
32400,9920,1619,76,4,2,1,1,0,0,1,1,0,0,0,0,0,0,0
32500,9916,1872,82,3,2,1,0,0,0,0,0,0,0,0,0,0,0,0
32600,9913,2107,79,2,1,0,2,1,3,0,2,0,0,0,0,0,0,0
32700,9917,1741,79,1,1,0,0,1,2,0,1,0,0,0,0,0,0,0
32800,9918,1659,80,2,2,0,0,1,0,1,0,0,0,0,0,0,0,0
32900,9924,2135,68,1,2,0,1,0,5,1,0,0,0,0,0,0,0,0
33000,9920,2492,73,0,2,0,1,1,1,0,3,0,0,0,0,0,0,0
33100,9931,3276,67,0,0,1,1,0,1,0,0,0,0,0,0,0,0,0
33200,9929,3120,64,0,1,2,4,1,1,0,1,0,0,0,0,0,0,0
33300,9934,2855,62,0,1,0,1,0,1,2,1,0,0,0,0,0,0,0
33400,9936,2195,59,2,2,0,0,0,3,0,0,0,0,0,0,0,0,0
33500,9936,1941,61,0,1,1,0,9,0,1,2,0,0,0,0,0,0,0
33600,9938,2069,58,1,0,0,2,0,2,0,0,0,0,0,0,0,0,0
33700,9940,2242,57,1,0,0,2,0,1,0,0,1,0,0,0,0,0,0
33800,9938,2145,59,1,0,0,1,0,1,1,1,0,0,0,0,0,0,0
33900,9934,1898,60,0,1,1,2,0,2,0,1,0,0,0,0,0,0,0
34000,9936,2505,57,0,4,0,1,0,2,0,0,0,0,0,0,0,0,0
34100,9936,2616,58,1,1,0,0,1,5,0,0,0,0,0,0,0,0,0
34200,9937,2678,58,3,3,0,0,0,0,1,2,0,0,0,0,0,0,0
34300,9941,2950,57,0,1,1,0,0,1,0,0,0,0,0,0,0,0,0
34400,9964,2556,27,3,0,0,2,1,4,1,3,0,0,0,0,0,0,0
34500,9996,2340,0,0,1,1,1,1,1,0,1,0,0,0,0,0,0,0
34600,9996,1941,1,4,0,1,0,0,2,0,1,0,0,0,0,0,0,0
34700,9997,1817,0,4,1,1,0,0,2,1,0,0,0,0,0,0,0,0
34800,9996,1892,0,3,0,0,0,0,2,0,2,0,0,0,0,0,0,0
34900,9992,1781,0,4,2,0,2,0,4,0,0,0,0,0,0,0,0,0
35000,10000,2217,0,25,0,0,0,1,0,0,0,0,0,0,0,0,0,0
35100,9993,1890,1,25,2,0,4,3,0,1,0,0,0,0,0,0,0,0
35200,9990,2114,0,15,3,0,2,1,4,0,1,0,0,0,0,0,0,0
35300,9995,2254,2,1,2,0,0,1,0,0,1,0,0,0,0,0,0,0
35400,9995,2322,0,6,2,2,1,1,1,0,1,0,0,0,0,0,0,0
35500,9995,2734,3,18,0,0,0,0,0,4,2,0,0,0,0,0,0,0
35600,9987,2216,2,21,3,0,1,0,4,0,3,0,0,0,0,0,0,0
35700,9986,2241,5,17,6,0,0,0,3,0,0,0,0,0,0,0,0,0
35800,9993,1717,2,17,3,0,1,0,1,0,0,0,0,0,0,0,0,0
35900,9993,1401,1,17,5,0,1,0,0,0,0,0,0,0,0,0,0,0
36000,9982,1235,5,18,5,0,2,0,2,0,4,0,0,0,0,0,0,0
36100,9990,840,1,10,3,0,1,0,5,0,0,0,0,0,0,0,0,0
36200,9992,1088,0,16,4,0,3,1,1,1,0,0,0,0,0,0,0,0
36300,9985,1752,9,100,4,0,1,0,0,0,1,0,0,0,0,0,0,0
36400,9976,2441,18,100,3,2,0,0,3,1,0,0,0,0,0,0,0,0
36500,9971,2348,22,97,3,1,0,1,4,0,0,0,0,0,0,0,0,0
36600,9974,2452,22,3,1,1,0,1,2,0,1,0,0,0,0,0,0,0
36700,9965,2511,23,11,6,1,1,1,5,0,0,1,0,0,0,0,0,0
36800,9972,2187,18,13,7,0,1,1,2,0,0,0,0,0,0,0,0,0
36900,9972,2225,19,4,4,0,2,0,1,0,2,0,0,0,0,0,0,0
37000,9973,2587,20,0,2,1,4,0,1,1,0,0,0,0,0,0,0,0
37100,9973,2783,21,2,3,1,2,0,0,1,1,2,0,0,0,0,0,0
37200,9961,1928,29,1,7,0,1,0,2,0,0,0,0,0,0,0,0,0
37300,9954,1981,39,2,3,0,1,0,3,0,0,0,0,0,0,0,0,0
37400,9951,2266,34,4,7,0,1,0,6,1,1,0,0,0,0,0,0,0
37500,9958,1851,33,1,4,0,1,0,4,0,0,1,0,0,0,0,0,0
37600,9955,1868,37,3,4,0,0,1,3,0,1,0,0,0,0,0,0,0
37700,9956,1768,31,16,5,1,1,0,7,0,0,0,0,0,0,0,0,0
37800,9970,1966,18,0,5,1,1,1,4,1,2,0,0,0,0,0,0,0
37900,9977,2065,18,0,2,1,0,0,1,0,2,0,0,0,0,0,0,0
38000,9971,2128,22,2,4,0,0,0,3,2,0,0,0,0,0,0,0,0
38100,9971,2140,17,0,6,2,2,0,2,0,2,0,0,0,0,0,0,0
38200,9986,2531,8,8,3,0,0,1,3,0,0,0,0,0,0,0,0,0
38300,9984,2624,3,4,5,0,8,0,0,2,0,1,0,0,0,0,0,0
38400,9990,2076,3,1,1,2,4,0,2,1,0,1,0,0,0,0,0,0
38500,9990,2152,2,2,4,0,2,9,1,1,1,0,0,0,0,0,0,0
38600,9986,2598,3,7,6,1,0,3,5,0,0,0,0,0,0,0,0,0
38700,9990,2471,5,4,4,0,1,1,0,1,0,0,0,0,0,0,0,0
38800,9987,2523,2,4,6,0,2,0,1,0,2,0,0,0,0,0,0,0
38900,9990,2760,5,3,3,0,0,0,1,0,1,0,0,0,0,0,0,0
39000,9990,2969,1,3,5,0,2,0,1,0,1,0,0,0,0,0,0,0
39100,9994,2119,1,1,3,0,0,0,2,1,0,1,0,0,0,0,0,0
39200,9994,2366,0,0,3,0,0,0,3,5,0,0,0,0,0,0,0,0
39300,9994,2230,1,0,3,0,1,0,1,4,0,0,0,0,0,0,0,0
39400,9996,1662,0,0,2,0,0,0,2,2,0,0,0,0,0,0,0,0
39500,9993,1729,1,0,2,0,2,0,1,2,1,0,0,0,0,0,0,0
39600,9994,1847,1,0,1,0,2,0,1,3,1,0,0,0,0,0,0,0
39700,9990,1141,4,12,2,0,1,1,2,0,1,1,0,0,0,0,0,0
39800,9984,1350,4,17,4,0,5,0,2,0,1,0,0,0,0,0,0,0
39900,9995,1213,0,49,0,1,1,0,3,0,1,0,0,0,0,0,0,0
40000,9993,1743,0,33,2,1,4,0,1,1,0,0,0,0,0,0,0,0
40100,9993,1763,0,12,1,0,1,0,4,0,1,1,0,0,0,0,0,0
40200,9990,1291,1,0,2,1,1,0,1,0,5,0,0,0,0,0,0,0
40300,9992,1273,0,0,3,0,3,0,2,1,0,0,0,0,0,0,0,0
40400,9994,1155,1,0,1,0,1,0,2,0,1,2,0,0,0,0,0,0
40500,9990,1133,0,0,3,0,2,2,3,1,2,0,0,0,0,0,0,0
40600,9993,1146,1,0,2,0,1,0,1,1,2,0,0,0,0,0,0,0
40700,9986,1194,0,3,2,0,7,1,3,0,2,0,0,0,0,0,0,0
40800,9994,1775,0,11,1,0,2,0,3,1,0,0,0,0,0,0,0,0
40900,10000,1883,0,21,0,0,0,0,0,0,0,0,0,0,0,0,0,0
41000,9989,1710,0,3,4,0,4,0,1,1,2,1,0,0,0,0,0,0
41100,9995,1851,1,1,1,0,1,0,1,1,1,0,0,0,0,0,0,0
41200,9996,2304,2,0,0,0,0,1,0,0,2,0,0,0,0,0,0,0
41300,9989,2089,3,7,1,0,1,0,5,0,1,0,0,0,0,0,0,0
41400,9993,2010,2,7,2,1,0,0,2,1,1,0,0,0,0,0,0,0
41500,9986,1782,8,8,2,1,0,0,1,0,3,0,0,0,0,0,0,0
41600,9994,1922,3,6,0,1,2,0,1,1,0,0,0,0,0,0,0,0
41700,9990,1616,2,0,2,1,3,3,2,3,1,0,0,0,0,0,0,0
41800,9991,1537,3,1,2,1,1,0,2,0,1,1,0,0,0,0,0,0
41900,9989,1435,2,0,2,0,3,0,3,0,1,0,0,0,0,0,0,0
42000,9992,1524,2,0,0,1,2,0,2,0,2,0,0,0,0,0,0,0
42100,9990,1251,4,1,1,2,0,0,5,0,0,0,0,0,0,0,0,0
42200,9986,1472,4,0,4,1,3,0,3,0,0,0,0,0,0,0,0,0
42300,9992,1786,3,1,2,0,1,0,1,0,1,0,0,0,0,0,0,0
42400,9993,1790,2,0,1,0,1,0,0,1,3,0,0,0,0,0,0,0
42500,9989,1824,3,0,3,1,1,0,1,0,3,1,0,0,0,0,0,0
42600,9979,1945,8,0,2,0,6,0,3,1,2,0,0,0,0,0,0,0
42700,9987,1675,2,0,3,0,3,0,5,0,0,0,0,0,0,0,0,0
42800,9988,1820,3,0,3,0,3,0,3,0,0,0,0,0,0,0,0,0
42900,9996,1942,2,0,1,0,1,2,0,1,0,0,0,0,0,0,0,0
43000,9994,1727,4,6,0,0,0,0,2,0,0,0,0,0,0,0,0,0
43100,9988,1891,2,7,3,0,1,1,4,0,2,0,0,0,0,0,0,0
43200,9990,1981,5,4,0,0,2,2,3,0,0,1,0,0,0,0,0,0
43300,9993,1805,3,1,1,0,1,0,2,0,0,0,0,0,0,0,0,0
43400,9993,2165,6,0,1,0,0,2,0,1,0,0,0,0,0,0,0,0
43500,9989,1891,8,0,0,0,0,0,1,1,2,0,0,0,0,0,0,0
43600,9989,2066,4,1,4,0,1,0,1,0,1,1,0,0,0,0,0,0
43700,9995,2000,2,0,1,0,0,3,2,0,0,0,0,0,0,0,0,0
43800,9993,2295,2,1,3,1,0,0,1,0,1,1,0,0,0,0,0,0
43900,9988,2421,1,0,1,0,3,0,6,1,1,1,0,0,0,0,0,0
44000,9989,2378,4,2,1,0,4,1,2,0,0,0,0,0,0,0,0,0
44100,9995,2455,2,2,1,0,0,1,1,1,1,0,0,0,0,0,0,0
44200,9988,3132,2,1,1,0,3,0,4,1,2,0,0,0,0,0,0,0
44300,9983,3050,3,1,2,0,5,0,6,0,1,0,0,0,0,0,0,0
44400,9988,2945,5,7,0,0,5,0,2,1,0,0,0,0,0,0,0,0
44500,9991,3060,3,2,2,1,0,0,2,0,2,0,0,0,0,0,0,0
44600,9992,3172,1,1,4,0,0,1,2,0,1,0,0,0,0,0,0,0
44700,9983,2656,3,0,4,1,0,0,9,0,1,0,0,0,0,0,0,0
44800,9990,2359,5,0,0,0,1,0,1,0,3,1,0,0,0,0,0,0
44900,9995,2074,1,5,0,1,2,2,0,0,2,1,0,0,0,0,0,0
45000,9987,2353,2,1,0,2,0,0,9,0,2,2,0,0,0,0,0,0
45100,9991,2672,6,4,1,0,1,0,1,0,0,1,0,0,0,0,0,0
45200,9991,2063,2,2,2,0,1,0,3,1,0,0,0,0,1,0,0,0
45300,9994,2063,2,2,1,1,2,2,0,0,1,0,0,0,0,0,0,0
45400,9989,1970,5,1,1,0,3,0,2,0,0,0,0,0,0,0,0,0
45500,9980,1786,10,3,3,1,3,0,3,1,1,0,0,0,0,0,0,0
45600,9992,2302,3,0,1,0,0,0,3,0,1,1,0,0,0,0,0,0
45700,9986,2179,2,0,3,0,2,0,5,0,2,0,0,0,0,0,0,0
45800,9992,2150,4,1,1,0,0,0,2,2,1,1,0,0,0,0,0,0
45900,9986,2652,6,3,2,1,3,0,3,1,0,0,0,0,0,0,0,0
46000,9989,2474,4,39,1,0,0,3,6,1,0,1,0,0,0,0,0,0
46100,9994,2085,3,1,1,0,0,1,2,2,0,0,0,0,0,0,0,0
46200,9987,2370,4,1,3,0,3,0,2,1,1,0,0,0,0,0,0,0
46300,9990,2278,3,47,1,0,1,0,4,0,1,0,0,0,0,0,0,0
46400,9990,2307,3,48,3,1,2,0,1,0,1,0,0,0,0,0,0,0
46500,9989,2245,3,0,1,0,0,0,3,0,4,0,0,0,0,0,0,0
46600,9988,2057,5,2,2,0,4,0,0,0,1,1,0,0,0,0,0,0
46700,9995,1996,3,0,1,0,0,0,0,0,1,0,0,0,0,0,0,0
46800,9992,2099,4,0,0,0,3,0,1,0,0,0,0,0,0,0,0,0
46900,9990,2241,3,3,2,0,1,0,2,1,2,0,0,0,0,0,0,0
47000,9991,2050,3,10,1,0,2,0,2,1,1,0,0,0,0,0,0,0
47100,9990,2168,3,6,0,0,4,0,2,0,1,0,0,0,0,0,0,0
47200,9996,2384,2,0,2,0,0,0,0,0,0,0,0,0,0,0,0,0
47300,9987,2092,5,1,1,0,2,0,5,1,0,0,0,0,0,0,0,0
47400,9989,2529,4,3,0,0,2,0,4,0,1,0,0,0,0,0,0,0
47500,9994,2911,3,9,1,0,0,0,2,0,0,0,0,0,0,0,0,0
47600,9992,2509,1,14,0,0,3,2,1,0,3,0,0,0,0,0,0,0
47700,9994,2261,0,12,2,0,0,1,3,0,1,0,0,0,0,0,0,0
47800,9995,2821,1,27,0,1,0,4,0,0,4,1,0,0,0,0,0,0
47900,9995,2582,1,99,1,0,1,0,2,0,0,0,0,0,0,0,0,0
48000,9992,2233,1,0,3,0,1,0,1,1,2,0,0,0,0,0,0,0
48100,9991,2112,2,7,1,0,2,0,2,0,2,0,0,0,0,0,0,0
48200,9993,2275,0,20,1,0,0,0,6,0,0,0,0,0,0,0,0,0
48300,9994,2484,1,10,1,0,4,0,0,0,0,0,0,0,0,0,0,0
48400,9990,2434,4,10,0,1,4,0,1,1,1,1,0,0,0,0,0,0
48500,9973,2231,5,2,0,1,17,0,2,1,3,0,0,0,0,0,0,0
48600,9978,2256,1,0,1,2,18,0,2,1,0,0,0,0,0,0,0,0
48700,9973,1865,5,1,1,3,19,0,2,1,0,0,0,0,0,0,0,0
48800,9976,1863,2,0,2,0,16,0,2,2,2,0,0,0,0,0,0,0
48900,9991,2063,5,12,2,0,2,1,0,1,0,0,0,0,0,0,0,0
49000,9993,2337,2,3,0,0,2,0,3,0,0,0,0,0,0,0,0,0
49100,9991,2236,2,3,2,1,2,0,0,3,3,0,0,0,0,0,0,0
49200,9986,1858,7,0,1,0,1,0,2,2,3,0,0,0,0,0,0,0
49300,9991,1524,4,0,2,1,2,2,0,0,1,0,0,0,0,0,0,0
49400,9996,1440,1,2,1,0,1,0,0,0,1,1,0,0,0,0,0,0
49500,9988,2204,1,2,4,0,1,0,5,0,1,0,0,0,0,0,0,0
49600,9990,2461,3,0,1,0,4,0,2,0,0,1,0,0,0,0,0,0
49700,9994,2287,2,18,0,2,0,0,4,2,0,0,0,0,0,0,0,0
49800,9991,2507,4,5,1,1,0,0,3,0,1,0,0,0,0,0,0,0
49900,9992,2578,3,1,1,1,0,4,1,3,3,0,0,0,0,0,0,0
50000,9987,2314,3,1,4,0,3,1,1,0,2,0,0,0,0,0,0,0
50100,9991,2132,5,1,2,1,2,0,0,0,0,0,0,0,0,0,0,0
50200,9992,2276,3,0,1,0,1,11,1,3,2,0,0,0,0,0,0,0
50300,9992,2231,3,1,0,0,4,4,1,2,0,0,0,0,0,0,0,0
50400,9990,2472,4,0,3,0,1,1,0,3,2,0,0,0,0,0,0,0
50500,9995,2767,2,2,0,0,1,1,2,0,0,0,0,0,0,0,0,0
50600,9994,2621,4,1,1,0,1,11,0,2,0,0,0,0,0,0,0,0
50700,9991,2932,2,1,2,2,3,8,1,0,1,0,0,0,0,0,0,0
50800,9990,3203,2,3,2,0,2,6,4,0,0,0,0,0,0,0,0,0
50900,9990,2997,4,0,0,1,2,7,4,1,0,0,0,0,0,0,0,0
51000,9989,2872,2,0,1,0,2,0,4,2,2,0,0,0,0,0,0,0
51100,9986,2123,4,0,1,0,5,0,3,1,1,0,0,0,0,0,0,0
51200,9993,1874,3,2,1,1,1,1,1,1,1,0,0,0,0,0,0,0
51300,9990,1949,8,1,1,2,1,1,0,0,0,0,0,0,0,0,0,0
51400,9989,2062,4,1,0,0,2,1,4,0,1,0,0,0,0,0,0,0
51500,9993,2024,5,1,0,0,0,0,1,0,1,0,0,0,0,0,0,0
51600,9987,2373,3,0,4,0,2,0,4,7,0,0,0,0,0,0,0,0
51700,9987,2067,4,1,0,0,2,0,6,3,1,0,0,0,0,0,0,0
51800,9994,2000,3,3,1,1,1,0,0,2,1,0,0,0,0,0,0,0
51900,9989,2054,2,0,1,0,4,0,2,0,2,0,0,0,0,0,0,0
52000,9992,2093,1,1,0,0,2,0,5,0,0,0,0,0,0,0,0,0
52100,9990,2283,2,0,2,0,1,0,3,1,2,1,0,0,0,0,0,0
52200,9988,2354,4,0,1,0,1,0,6,1,0,0,0,0,0,0,0,0
52300,9994,2341,1,0,1,1,1,0,2,1,1,0,0,0,0,0,0,0
52400,9987,2322,3,0,3,0,3,0,1,0,3,0,0,0,0,0,0,0
52500,9996,1940,0,1,1,1,0,0,2,1,1,0,0,0,0,0,0,0
52600,9990,1889,2,0,0,0,0,0,6,0,2,0,0,0,0,0,0,0
52700,9991,1868,6,0,1,0,0,0,1,0,1,0,0,0,0,0,0,0
52800,9994,1653,1,0,3,1,1,0,0,0,1,1,0,0,0,0,0,0
52900,9990,1823,2,1,5,0,0,0,3,0,0,1,0,0,0,0,0,0
53000,9989,1451,2,2,1,0,1,1,6,0,1,0,0,0,0,0,0,0
53100,9991,1621,2,0,1,0,1,3,4,0,1,0,0,0,0,0,0,0
53200,9994,1852,1,5,3,1,0,0,2,0,0,0,0,0,0,0,0,0
53300,9977,2215,17,2,2,0,1,0,1,0,2,0,0,0,0,0,0,0
53400,9977,2294,16,1,1,0,0,0,4,0,2,0,0,0,0,0,0,0
53500,9980,1829,19,4,0,0,0,0,0,0,1,0,0,0,0,0,0,0
53600,9976,2156,16,2,6,0,1,3,1,0,0,0,0,0,0,0,0,0
53700,9975,2033,18,1,2,0,1,0,3,0,1,0,0,0,0,0,0,0
53800,9973,2400,23,1,0,0,0,7,3,0,1,0,0,0,0,0,0,0
53900,9973,1975,22,3,0,0,3,5,2,0,0,0,0,0,0,0,0,0
54000,9972,1538,18,2,1,0,3,0,3,1,0,1,3,0,0,0,0,0
54100,9970,1562,22,0,6,0,0,0,1,1,1,0,0,0,0,0,0,0
54200,9979,1432,15,1,1,0,1,1,4,0,0,0,0,0,0,0,0,0
54300,9973,1329,20,1,2,0,0,0,3,0,2,0,0,0,0,0,0,0
54400,9972,1047,21,2,3,0,1,0,3,1,0,0,0,0,0,0,0,0
54500,9968,1040,23,20,3,0,4,1,2,0,0,0,0,0,0,0,0,0
54600,9970,656,19,20,4,0,1,3,6,0,0,0,0,0,0,0,0,0
54700,9978,636,19,19,1,2,1,0,1,2,0,0,0,0,0,0,0,0
54800,9971,701,20,8,3,0,3,0,1,0,2,0,0,0,0,0,0,0
54900,9969,743,18,0,1,0,1,3,9,0,1,0,1,0,0,0,0,0
55000,9973,873,20,0,1,0,3,0,3,0,0,0,0,0,0,0,0,0
55100,9980,1043,20,0,0,0,0,0,0,0,0,0,0,0,0,0,0,0
55200,9972,1084,22,0,1,0,3,0,1,0,1,0,0,0,0,0,0,0
55300,9975,885,20,0,0,2,0,0,3,1,2,0,0,0,0,0,0,0
55400,9974,838,19,0,2,1,1,0,4,0,0,0,0,0,0,0,0,0
55500,9975,913,19,0,3,0,1,0,1,0,1,0,0,0,0,0,0,0
55600,9976,920,22,0,2,0,0,1,0,0,0,0,0,0,0,0,0,0
55700,9973,898,20,0,1,0,1,0,3,0,2,0,0,0,0,0,0,0
55800,9973,1154,21,0,1,1,1,0,4,0,0,0,0,0,0,0,0,0
55900,9971,1178,22,0,2,1,0,0,3,0,2,0,0,0,0,0,0,0
56000,9976,1063,19,0,1,0,2,1,2,1,0,0,0,0,0,0,0,0
56100,9971,980,25,1,2,0,1,1,1,0,0,0,0,0,0,0,0,0
56200,9968,956,27,55,1,1,0,0,2,1,2,0,0,0,0,0,0,0
56300,9974,908,21,88,1,1,1,1,2,1,1,0,0,0,0,0,0,0
56400,9970,873,26,80,2,0,0,0,1,0,1,0,0,0,0,0,0,0
56500,9968,983,25,80,1,1,1,0,2,0,3,0,0,0,0,0,0,0
56600,9968,1241,26,37,3,0,0,0,3,0,0,0,0,0,0,0,0,0
56700,9971,1340,25,2,1,1,0,0,1,0,2,0,0,0,0,0,0,0
56800,9974,1492,21,2,2,0,1,0,0,0,2,0,0,0,0,0,0,0
56900,9968,1231,25,10,0,0,0,0,6,0,1,0,0,0,0,0,0,0
57000,9974,1332,21,5,2,0,2,0,1,0,0,0,0,0,0,0,0,0
57100,9974,1220,20,11,0,1,1,1,3,1,2,0,0,0,0,0,0,0
57200,9969,1037,22,17,1,1,1,1,6,0,1,0,0,0,0,0,0,0
57300,9977,1129,22,13,0,0,0,1,1,0,0,0,0,0,0,0,0,0
57400,9966,1124,26,0,2,1,2,0,3,1,1,1,0,0,0,0,0,0
57500,9962,1075,27,2,1,0,3,0,4,0,3,0,0,0,0,0,0,0
57600,9969,1259,25,0,1,1,3,0,1,0,1,0,0,0,0,0,0,0
57700,9963,1098,26,4,3,1,0,0,8,1,0,0,0,0,0,0,0,0
57800,9968,888,25,0,2,0,1,0,3,0,1,0,0,0,0,0,0,0
57900,9977,811,19,0,1,0,2,0,1,1,0,0,0,0,0,0,0,0
58000,9974,910,21,4,3,0,0,0,2,0,0,0,0,0,0,0,0,0
58100,9962,867,25,0,5,1,0,1,6,1,2,0,0,0,0,0,0,0
58200,9973,812,20,0,3,2,0,0,4,0,0,0,0,0,0,0,0,0
58300,9963,875,23,0,2,0,0,3,10,0,2,0,0,0,0,0,0,0
58400,9972,812,22,0,1,0,3,0,2,0,0,0,0,0,0,0,0,0
58500,9974,880,18,1,1,1,1,0,5,1,1,0,0,0,0,0,0,0
58600,9971,998,21,2,2,0,3,0,2,0,1,0,0,0,0,0,0,0
58700,9972,1164,22,3,1,0,0,0,4,1,1,0,0,0,0,0,0,0
58800,9977,908,21,6,1,0,1,2,0,0,0,0,0,0,0,0,0,0
58900,9974,998,21,6,2,0,0,1,2,0,1,2,0,0,0,0,0,0
59000,9966,885,21,5,1,1,2,0,7,0,3,0,0,0,0,0,0,0
59100,9970,701,21,3,3,0,4,0,1,0,1,0,0,0,0,0,0,0
59200,9962,705,23,0,5,0,3,1,3,1,4,1,0,0,0,0,0,0
59300,9973,755,21,0,1,0,4,0,1,1,0,0,0,0,0,0,0,0
59400,9974,824,21,0,0,0,4,0,1,2,0,0,0,0,0,0,0,0
59500,9970,836,22,2,1,0,3,1,3,0,1,0,0,0,0,0,0,0
59600,9972,994,20,0,2,0,4,2,2,2,0,0,0,0,0,0,0,0
59700,9968,908,23,0,3,0,5,1,1,0,0,0,0,0,0,0,0,0
59800,9972,884,22,0,2,1,1,3,3,0,0,0,0,0,0,0,0,0
59900,9968,904,23,0,3,0,3,0,1,1,2,0,0,0,0,0,0,0
60000,9975,946,24,0,0,1,0,0,1,0,0,0,0,0,0,0,0,0
60100,9971,1099,24,0,2,0,0,0,2,0,1,0,0,0,0,0,0,0
60200,9973,1086,23,0,2,1,0,0,2,1,0,0,0,0,0,0,0,0
60300,9971,1419,22,0,1,0,1,0,3,0,2,0,0,0,0,0,0,0
60400,9977,1435,21,0,0,1,1,0,1,1,0,0,0,0,0,0,0,0
60500,9965,1437,24,0,4,0,2,0,5,0,0,0,0,0,0,0,0,0
60600,9967,1619,26,0,2,0,1,0,3,0,1,0,0,0,0,0,0,0
60700,9964,1683,31,0,1,0,3,0,1,0,0,0,0,0,0,0,0,0
60800,9961,1897,28,1,2,0,2,1,6,1,1,0,0,0,0,0,0,0
60900,9959,1845,29,0,3,0,1,0,6,0,2,0,0,0,0,0,0,0
61000,9967,1880,27,1,1,0,2,0,3,0,0,0,0,0,0,0,0,0
61100,9963,1860,28,2,1,0,1,0,5,0,2,0,0,0,0,0,0,0
61200,9963,1718,27,0,0,1,8,3,2,0,0,0,0,0,0,0,0,0
61300,9968,1483,27,0,2,0,0,0,2,0,1,0,0,0,0,0,0,0
61400,9968,1650,25,0,3,0,0,0,3,2,1,0,0,0,0,0,0,0
61500,9970,1744,26,0,0,1,2,0,1,1,1,0,0,0,0,0,0,0
61600,9972,1634,24,2,2,0,0,0,2,1,0,0,0,0,0,0,0,0
61700,9972,1700,23,2,1,0,2,0,2,0,0,0,0,0,0,0,0,0
61800,9968,1451,23,0,1,0,3,0,3,0,2,1,0,0,0,0,0,0
61900,9971,1407,23,0,2,0,2,1,2,0,0,0,0,0,0,0,0,0
62000,9975,1456,20,0,1,0,0,0,2,0,2,1,0,0,0,0,0,0
62100,9969,1193,22,0,2,0,2,1,5,0,0,0,0,0,0,0,0,0
62200,9976,1084,17,0,2,0,1,1,4,0,0,0,0,0,0,0,0,0
62300,9990,1195,5,1,1,0,3,1,0,0,1,0,0,0,0,0,0,0
62400,9981,1083,7,0,1,0,4,0,6,3,1,1,0,0,0,0,0,0
62500,9990,852,7,0,2,0,0,1,1,0,0,0,0,0,0,0,0,0
62600,9986,997,5,0,1,0,2,1,6,1,0,1,0,0,0,0,0,0
62700,9991,1032,7,0,0,0,1,0,1,0,0,0,0,0,0,0,0,0
62800,9987,1081,7,0,2,1,0,0,4,0,0,0,0,0,0,0,0,0
62900,9976,986,19,0,2,0,0,0,2,0,1,0,0,0,0,0,0,0
63000,9963,1158,31,2,4,0,0,1,1,0,1,0,0,0,0,0,0,0
63100,9972,1269,21,2,1,1,3,3,1,2,2,0,0,0,0,0,0,0
63200,9994,1518,6,2,0,0,0,0,0,1,0,0,0,0,0,0,0,0
63300,9987,1681,10,1,1,0,1,0,0,2,1,0,0,0,0,0,0,0
63400,9982,1606,12,1,0,2,5,1,1,0,0,0,0,0,0,0,0,0
63500,9982,1594,14,0,3,1,0,1,1,1,0,0,0,0,0,0,0,0
63600,9983,1752,13,0,0,2,1,0,2,1,1,0,0,0,0,0,0,0
63700,9983,1855,12,0,2,1,2,2,1,0,0,0,0,0,0,0,0,0
63800,9983,2365,13,2,0,1,3,1,1,1,0,0,0,0,0,0,0,0
63900,9985,2172,12,7,2,0,1,0,0,0,0,0,0,0,0,0,0,0
64000,9984,2031,15,2,0,0,0,0,0,0,1,0,0,0,0,0,0,0
64100,9987,1915,9,23,0,3,3,1,1,1,0,0,0,0,0,0,0,0
64200,9991,1717,5,1,0,1,1,0,3,0,0,0,0,0,0,0,0,0
64300,9984,1493,11,5,3,0,1,1,0,0,1,0,0,0,0,0,0,0
64400,9980,1436,11,22,1,0,5,1,2,0,1,0,0,0,0,0,0,0
64500,9981,1560,15,21,0,2,0,0,4,1,0,0,0,0,0,0,0,0
64600,9986,1774,12,26,1,0,0,1,0,0,1,0,0,0,0,0,0,0
64700,9981,1808,11,21,1,0,5,0,1,1,1,0,0,0,0,0,0,0
64800,9982,1688,13,21,2,2,1,0,1,3,1,0,0,0,0,0,0,0
64900,9984,1165,12,21,1,0,2,0,1,0,0,1,0,0,0,0,0,0
65000,9986,1199,7,21,3,0,0,0,3,0,1,0,0,0,0,0,0,0
65100,9988,1287,9,9,0,1,1,0,2,0,0,0,0,0,0,0,0,0
65200,9984,1411,11,5,1,0,2,0,2,0,0,1,0,0,0,0,0,0
65300,9987,1428,12,4,1,1,0,1,0,1,0,0,0,0,0,0,0,0
65400,9982,1404,11,2,3,1,1,0,1,0,2,0,0,0,0,0,0,0
65500,9988,1530,7,2,2,1,2,0,1,1,0,0,0,0,0,0,0,0
65600,9992,1333,0,0,3,0,3,0,1,0,1,1,0,0,0,0,0,0
65700,9997,1248,0,18,0,0,0,0,2,0,1,1,0,0,0,0,0,0
65800,9994,1174,2,69,1,0,1,0,2,0,0,0,0,0,0,0,0,0
65900,9997,1069,0,0,0,0,2,0,1,0,0,0,0,0,0,0,0,0
66000,9997,1034,0,1,1,0,0,0,2,0,0,0,0,0,0,0,0,0
66100,9989,1306,4,1,2,0,1,2,3,1,1,1,0,0,0,0,0,0
66200,9998,1705,0,1,0,0,0,0,2,1,0,0,0,0,0,0,0,0
66300,9996,1732,0,2,2,1,1,0,1,1,0,0,0,0,0,0,0,0
66400,9996,1656,0,0,3,0,0,0,0,1,1,0,0,0,0,0,0,0
66500,9990,1480,2,0,1,0,1,0,4,0,2,0,0,0,0,0,0,0
66600,9987,1684,3,0,0,0,5,0,3,1,2,1,0,0,0,0,0,0
66700,9996,1406,0,6,0,0,1,0,2,0,1,0,0,0,0,0,0,0
66800,9991,1514,2,1,1,0,3,2,3,1,0,0,0,0,0,0,0,0
66900,9995,1693,2,0,2,0,0,0,1,0,0,1,0,0,0,0,0,0
67000,9994,1917,0,0,1,0,0,0,4,1,1,0,0,0,0,0,0,0
67100,9992,1744,0,1,3,2,1,0,4,0,0,1,0,0,0,0,0,0
67200,9991,1626,6,3,0,1,1,1,2,1,0,1,0,0,0,0,0,0
67300,9992,1337,2,1,2,2,1,0,3,1,0,0,0,0,0,0,0,0
67400,9991,1059,0,0,2,1,3,0,3,2,1,0,0,0,0,0,0,0
67500,10000,1094,0,0,0,1,0,0,0,1,0,0,0,0,0,0,0,0
67600,9992,1271,4,2,1,0,1,0,2,1,0,0,0,0,0,0,0,0
67700,9990,1081,6,16,1,0,2,1,1,0,0,0,0,0,0,0,0,0
67800,9989,1157,8,17,1,1,1,2,1,1,0,0,0,0,0,0,0,0
67900,9991,1224,3,3,0,0,4,1,1,0,1,0,0,0,0,0,0,0
68000,9990,1230,5,0,3,0,0,5,2,0,0,1,0,0,0,0,0,0
68100,9988,1651,6,1,1,1,1,0,2,0,2,0,0,0,0,0,0,0
68200,9996,1949,0,0,2,1,0,0,2,1,0,0,0,0,0,0,0,0
68300,9994,1655,0,0,2,0,0,0,2,1,2,0,0,0,0,0,0,0
68400,9998,1462,0,0,1,0,1,1,0,0,0,1,0,0,0,0,0,0
68500,9989,1388,5,40,0,0,3,0,1,1,2,1,0,0,0,0,0,0
68600,9992,1630,2,83,1,0,3,2,0,1,2,0,0,0,0,0,0,0
68700,9991,1762,2,115,2,0,4,0,1,2,0,1,0,0,0,0,0,0
68800,9988,2039,0,85,3,1,5,0,3,1,1,1,0,0,0,0,0,0
68900,9997,2274,0,129,2,0,1,0,0,1,0,1,0,0,0,0,0,0
69000,9996,2222,2,85,0,0,2,1,0,0,0,0,0,0,0,0,0,0
69100,9993,1900,2,80,2,0,2,0,1,0,0,1,0,0,0,0,0,0
69200,9995,1626,0,5,0,0,0,0,5,1,0,1,0,0,0,0,0,0
69300,9969,1399,28,9,0,0,1,0,1,0,1,1,0,0,0,0,0,0
69400,9965,1471,28,5,3,0,3,0,0,0,1,1,0,0,0,0,0,0
69500,9966,1545,31,0,0,0,1,1,0,1,2,0,0,0,0,0,0,0
69600,9968,1762,29,0,0,0,0,0,1,1,2,0,0,0,0,0,0,0
69700,9969,1666,28,0,1,0,0,0,1,3,1,0,0,0,0,0,0,0
69800,9967,1711,29,0,2,0,1,1,1,0,0,0,0,0,0,0,0,0
69900,9967,1774,29,0,0,0,0,0,2,4,1,0,1,0,0,0,0,0
70000,9968,1662,27,1,4,0,0,0,1,0,0,0,0,0,0,0,0,0
70100,9955,2125,31,0,9,1,2,1,3,1,0,0,0,0,0,0,0,0
70200,9956,2368,32,0,6,0,3,0,1,0,2,0,0,0,0,0,0,0
70300,9956,1770,34,0,1,0,0,0,1,0,8,0,0,0,0,0,0,0
70400,9933,1879,37,1,3,0,10,0,3,0,14,0,0,0,0,0,0,0
70500,9941,1710,39,0,1,0,3,0,1,0,15,0,0,0,0,0,0,0
70600,9945,1520,38,0,0,1,1,0,1,0,15,0,0,0,0,0,0,0
70700,9944,1775,40,0,0,0,0,0,2,0,14,0,0,0,0,0,0,0
70800,9939,1824,39,0,2,0,2,1,2,0,16,0,0,0,0,0,0,0
70900,9945,1726,39,0,0,0,0,5,0,1,16,0,0,0,0,0,0,0
71000,9939,1961,38,0,1,0,3,4,4,0,15,0,0,0,0,0,0,0
71100,9949,2437,35,1,0,0,0,3,2,1,14,0,0,0,0,0,0,0
71200,9969,2352,10,0,1,0,3,0,2,1,15,0,0,0,0,0,0,0
71300,9977,2071,4,1,2,0,1,0,1,0,15,0,0,0,0,0,0,0
71400,9969,1804,10,0,3,0,3,0,1,0,14,0,0,0,0,0,0,0
71500,9974,1945,2,1,3,0,3,0,4,2,14,0,0,0,0,0,0,0
71600,9975,1948,5,4,1,0,3,0,1,0,15,0,0,0,0,0,0,0
71700,9966,1950,5,31,5,0,4,0,4,1,16,0,0,0,0,0,0,0
71800,9966,2307,10,30,0,1,3,0,7,0,14,0,0,0,0,0,0,0
71900,9975,2037,4,30,2,0,2,0,2,1,15,1,0,0,0,0,0,0
72000,9971,2156,6,4,1,1,6,1,2,1,14,1,0,0,0,0,0,0
72100,9973,2510,6,0,2,1,2,1,1,0,16,0,0,0,0,0,0,0
72200,9968,2065,9,0,2,0,4,0,1,0,16,0,0,0,0,0,0,0
72300,9969,2023,6,2,1,0,9,1,0,0,15,0,0,0,0,0,0,0
72400,9969,2116,6,0,0,0,3,0,6,0,16,0,0,0,0,0,0,0
72500,9976,2328,2,2,1,2,3,0,3,0,15,0,0,0,0,0,0,0
72600,9969,2130,5,8,4,2,1,1,6,3,15,0,0,0,0,0,0,0
72700,9965,2618,7,10,3,2,7,0,2,0,16,0,0,0,0,0,0,0
72800,9974,2793,3,3,3,0,4,0,0,4,16,0,0,0,0,0,0,0
72900,9968,2307,9,0,2,1,2,0,4,0,15,0,0,0,0,0,0,0
73000,9971,2231,5,1,2,1,1,0,4,0,17,0,0,0,0,0,0,0
73100,9976,2308,9,1,1,0,0,1,0,0,14,0,0,0,0,0,0,0
73200,9958,1945,10,2,3,0,4,0,9,0,16,0,0,0,0,0,0,0
73300,9963,2322,13,0,2,0,1,0,4,0,17,0,0,0,0,0,0,0
73400,9972,2096,7,1,0,0,3,0,3,0,15,1,0,0,0,0,0,0
73500,9973,1621,9,2,1,1,1,0,1,0,15,0,0,0,0,0,0,0
73600,9970,2053,10,3,3,0,0,0,2,1,15,0,0,0,0,0,0,0
73700,9971,2011,6,13,1,1,0,2,6,1,16,0,0,0,0,0,0,0
73800,9971,2033,3,14,1,0,6,1,3,0,16,0,0,0,0,0,0,0
73900,9975,2153,3,6,3,1,1,0,2,0,15,0,1,0,0,0,0,0
74000,9977,2614,2,16,1,1,0,1,3,0,17,1,0,0,0,0,0,0
74100,9983,2838,0,13,1,0,2,0,0,1,14,0,0,0,0,0,0,0
74200,9977,2715,1,4,4,1,0,1,4,2,14,1,0,0,0,0,0,0
74300,9989,2845,0,0,2,1,0,0,3,0,6,1,0,0,0,0,0,0
74400,9990,2967,1,0,2,0,1,1,4,0,2,0,0,0,0,0,0,0
74500,9996,2609,1,0,1,0,1,0,0,0,0,0,1,0,0,0,0,0
74600,9997,2954,0,2,2,0,0,5,0,0,0,0,1,0,0,0,0,0
74700,9991,3273,2,0,2,0,1,11,2,0,2,0,0,0,0,0,0,0
74800,9992,2583,0,1,2,0,2,10,4,0,0,0,0,1,0,0,0,0
74900,9990,2459,4,1,2,1,0,12,3,0,1,0,0,0,0,0,0,0
75000,9987,2096,9,1,1,0,0,4,2,0,1,0,0,0,0,0,0,0
75100,9981,2187,9,0,4,0,1,0,5,2,0,0,0,0,0,0,0,0
75200,9985,1899,12,0,2,0,0,1,1,0,0,2,0,0,0,0,0,0
75300,9981,1953,12,0,2,1,0,0,4,0,1,0,0,0,0,0,0,0
75400,9980,1997,9,1,1,2,3,1,6,1,1,0,0,0,0,0,0,0
75500,9981,1976,10,0,2,0,3,0,1,1,3,0,0,0,0,0,0,0
75600,9987,1767,10,2,1,1,0,0,1,0,1,0,0,0,0,0,0,0
75700,9981,1702,9,1,1,0,3,0,5,0,1,0,0,0,0,0,0,0
75800,9985,1894,9,4,1,0,3,1,1,1,1,0,0,0,0,0,0,0
75900,9974,2108,18,0,3,0,1,0,2,0,2,0,0,0,0,0,0,0
76000,9988,1689,8,0,2,0,0,1,1,0,1,0,0,0,0,0,0,0
76100,9987,1739,10,2,1,0,0,0,0,0,2,0,0,0,0,0,0,0
76200,9995,1985,3,2,1,0,1,1,0,0,0,0,0,0,0,0,0,0
76300,9992,2351,2,0,3,0,0,2,3,0,0,0,0,0,0,0,0,0
76400,9993,2400,4,0,0,0,1,0,1,0,0,0,1,0,0,0,0,0
76500,9993,1757,3,0,1,2,0,3,3,1,0,0,0,0,0,0,0,0
76600,9990,1819,1,5,1,1,0,0,6,1,2,0,0,0,0,0,0,0
76700,9993,1925,2,7,2,0,1,1,2,0,0,0,0,0,0,0,0,0
76800,9991,2101,1,3,1,0,7,0,0,0,0,0,0,0,0,0,0,0
76900,9994,2346,1,0,2,0,1,1,1,0,1,0,0,0,0,0,0,0
77000,9995,2018,1,3,2,0,0,1,1,1,1,0,0,0,0,0,0,0
77100,9992,1837,1,4,3,0,1,0,2,1,1,0,0,0,0,0,0,0
77200,9991,1640,2,0,2,0,1,2,3,0,1,0,0,0,0,0,0,0
77300,9996,1599,1,0,0,1,2,2,0,0,1,0,0,0,0,0,0,0
77400,9995,1797,0,3,2,0,2,1,0,0,1,0,0,0,0,0,0,0
77500,9995,1439,1,3,1,0,2,0,1,0,0,0,0,0,0,0,0,0
77600,9992,1936,2,0,2,0,0,0,3,0,1,1,0,0,0,0,0,0
77700,9986,1920,3,1,4,0,0,0,2,3,5,1,0,0,0,0,0,0
77800,9990,1704,2,0,2,1,2,0,3,2,1,1,0,0,0,0,0,0
77900,9994,2258,0,0,3,0,1,0,1,1,1,0,0,0,0,0,0,0
78000,9989,2365,7,13,2,0,0,0,2,0,0,1,0,0,0,0,0,0
78100,9988,2096,4,7,2,1,3,0,2,1,1,0,0,0,0,0,0,0
78200,9980,1919,8,1,6,0,3,0,2,1,1,0,0,0,0,0,0,0
78300,9980,1939,12,7,2,0,0,1,5,1,0,0,1,0,0,0,0,0
78400,9972,2376,22,9,2,0,1,0,2,1,1,0,0,0,0,0,0,0
78500,9972,2006,23,1,1,0,1,0,1,0,1,0,1,0,0,0,0,0
78600,9967,2028,23,2,1,0,4,1,3,1,2,1,0,0,0,0,0,0
78700,9962,1682,21,1,3,1,0,0,13,1,1,0,0,0,0,0,0,0
78800,9961,1967,21,0,1,0,2,1,13,0,2,0,0,0,0,0,0,0
78900,9965,2086,23,0,0,1,2,0,10,0,0,0,0,0,0,0,0,0
79000,9958,1853,28,1,0,0,2,1,12,1,0,2,0,0,0,0,0,0
79100,9961,1559,22,0,2,0,0,1,14,2,1,0,0,0,0,0,0,0
79200,9955,2002,26,1,1,0,2,1,14,0,1,0,1,0,0,0,0,0
79300,9952,1987,23,6,3,0,9,0,13,0,0,2,0,0,0,0,0,0
79400,9951,2185,27,8,2,1,3,0,15,0,2,0,0,0,0,0,0,0
79500,9957,1730,25,0,0,1,4,1,12,2,2,0,0,0,0,0,0,0
79600,9959,1558,24,0,3,0,2,3,12,0,0,0,0,0,0,0,0,0
79700,9965,1636,22,0,1,0,1,0,11,1,0,1,0,0,0,0,0,0
79800,9960,1520,22,3,2,0,3,1,13,2,0,0,0,0,0,0,0,0
79900,9962,1658,22,2,0,1,3,0,13,0,0,0,0,0,0,0,0,0
80000,9960,1770,22,1,1,0,3,0,13,0,1,0,0,0,0,0,0,0
80100,9959,1505,25,1,3,0,0,0,11,0,2,0,0,0,0,0,0,0
80200,9958,1127,21,1,5,0,1,0,14,0,1,0,0,0,0,0,0,0
80300,9966,1187,20,0,1,0,0,0,13,0,0,0,0,0,0,0,0,0
80400,9980,1497,7,0,1,1,0,0,11,1,1,0,0,0,0,0,0,0
80500,9973,1720,8,3,3,1,1,1,15,3,0,0,0,0,0,0,0,0
80600,9976,1666,7,6,4,0,0,0,10,0,3,0,0,0,0,0,0,0
80700,9978,1363,5,12,0,0,3,1,13,1,1,0,0,0,0,0,0,0
80800,9978,1269,9,5,0,0,0,0,13,0,0,0,0,0,0,0,0,0
80900,9979,1295,7,2,1,0,2,1,11,0,0,0,0,0,0,0,0,0
81000,9978,1048,6,0,2,0,1,1,12,1,1,0,0,0,0,0,0,0
81100,9981,989,4,2,1,0,1,0,13,0,0,0,0,0,0,0,0,0
81200,9976,1002,8,8,2,0,3,4,11,0,0,0,0,0,0,0,0,0
81300,9977,911,8,3,2,0,0,25,12,0,0,0,1,0,0,0,0,0
81400,9973,1200,7,0,0,0,4,40,15,0,1,0,0,0,0,0,0,0
81500,9979,1299,7,1,1,1,1,47,11,2,0,0,1,0,0,0,0,0
81600,9976,1287,7,5,1,0,1,44,14,0,1,0,0,0,0,0,0,0
81700,9976,1393,4,1,2,0,5,45,13,0,0,0,0,0,0,0,0,0
81800,9981,1456,6,4,1,1,0,44,11,3,1,0,0,0,0,0,0,0
81900,9979,1357,5,8,1,0,3,44,10,2,2,0,0,0,0,0,0,0
82000,9980,1102,4,7,2,0,1,27,12,1,1,1,0,0,0,0,0,0
82100,9978,1188,6,9,2,1,4,19,10,1,0,0,0,0,0,0,0,0
82200,9970,1492,8,5,0,0,4,19,18,1,0,0,0,0,0,0,0,0
82300,9972,1251,7,0,3,2,0,21,16,1,2,0,0,0,0,0,0,0
82400,9972,969,7,4,1,0,0,19,20,1,0,0,0,0,0,0,0,0
82500,9973,855,6,0,2,0,0,9,18,0,1,0,0,0,0,0,0,0
82600,9975,955,0,4,1,0,3,0,21,0,0,0,0,0,0,0,0,0
82700,9965,983,1,1,4,1,1,0,28,0,1,0,0,0,0,0,0,0
82800,9961,974,0,2,3,0,1,0,34,0,1,0,0,0,0,0,0,0
82900,9960,1056,0,0,1,0,3,0,36,1,0,1,0,0,0,0,0,0
83000,9956,974,7,1,0,0,3,1,33,1,1,0,0,0,0,0,0,0
83100,9961,1180,0,4,2,1,3,2,33,3,1,0,0,0,0,0,0,0
83200,9953,1346,2,6,3,2,6,3,35,1,1,1,0,0,0,0,0,0
83300,9962,1463,0,1,2,0,4,1,32,0,0,1,0,0,0,0,0,0
83400,9953,1477,9,2,2,0,0,1,34,0,2,0,0,0,0,0,0,0
83500,9945,1575,19,1,1,0,0,0,35,0,0,0,0,0,0,0,0,0
83600,9941,1435,19,3,3,0,5,0,32,1,0,0,0,0,0,0,0,0
83700,9945,1439,17,0,3,0,0,1,35,0,0,0,0,0,0,0,0,0
83800,9946,1485,20,0,1,1,0,1,31,3,2,0,0,0,0,0,0,0
83900,9942,1279,22,0,3,1,0,0,33,3,0,0,0,0,0,0,0,0
84000,9944,1277,19,0,2,1,0,0,35,0,0,0,0,0,0,0,0,0
84100,9946,1347,19,0,1,1,2,0,31,2,1,0,0,0,0,0,0,0
84200,9943,1176,20,1,1,0,1,0,35,0,0,0,0,0,0,0,0,0
84300,9943,1133,24,1,0,0,1,0,32,0,0,0,0,0,0,0,0,0
84400,9943,1171,18,0,2,1,0,0,35,1,2,0,0,0,0,0,0,0
84500,9943,1041,19,0,0,0,2,0,36,0,0,0,0,0,0,0,0,0
84600,9946,1110,18,0,0,0,1,0,33,0,2,0,0,0,0,0,0,0
84700,9944,1181,19,5,1,0,2,0,34,0,0,0,0,0,0,0,0,0
84800,9940,1139,21,0,2,0,2,0,35,0,0,1,0,0,0,0,0,0
84900,9944,1229,18,0,2,0,0,1,35,1,1,0,0,0,0,0,0,0
85000,9943,1235,20,0,1,0,2,0,34,0,0,0,0,0,0,0,0,0
85100,9946,1094,18,0,2,0,0,0,34,0,0,0,0,0,0,0,0,0
85200,9940,903,19,0,1,0,5,0,35,0,0,0,0,0,0,0,0,0
85300,9940,983,20,2,1,1,3,1,35,1,1,0,0,0,0,0,0,0
85400,9941,991,22,0,0,0,2,0,35,1,0,0,0,0,0,0,0,0
85500,9939,977,22,2,1,0,1,1,35,0,2,0,0,0,0,0,0,0
85600,9927,989,31,1,0,1,9,0,32,2,1,1,0,0,0,0,0,0
85700,9892,905,69,1,2,0,2,0,34,0,1,2,0,0,0,0,0,0
85800,9866,889,94,0,5,0,2,0,31,1,2,0,0,0,0,0,0,0
85900,9853,874,107,1,1,0,2,1,36,0,1,0,0,0,0,0,0,0
86000,9900,1166,56,0,3,0,4,1,37,0,0,0,0,0,0,0,0,0
86100,9928,1286,33,0,3,1,1,0,34,0,1,0,0,0,0,0,0,0
86200,9896,1045,66,0,1,0,3,0,34,0,0,0,0,0,0,0,0,0
86300,9906,1029,57,9,1,0,0,0,35,0,1,0,0,0,0,0,0,0
86400,9873,1002,93,5,1,8,0,0,32,0,1,0,0,0,0,0,0,0
86500,9861,1151,104,0,0,4,1,0,34,0,0,0,0,0,0,0,0,0
86600,9852,1086,115,0,0,5,0,1,33,0,0,0,0,0,0,0,0,0
86700,9839,1457,127,0,3,5,0,0,29,0,2,0,0,0,0,0,0,0
86800,9851,1447,121,0,2,0,2,0,23,0,1,0,0,0,0,0,0,0
86900,9862,1346,114,1,0,1,1,1,22,0,1,0,0,0,0,0,0,0
87000,9848,1410,130,0,2,0,0,0,20,1,0,0,0,0,0,0,0,0
87100,9842,1580,130,0,3,0,3,0,22,0,0,1,0,0,0,0,0,0
87200,9845,1446,134,0,1,0,0,0,18,0,2,0,0,0,0,0,0,0
87300,9841,1192,133,0,2,1,1,0,21,1,2,2,0,0,0,0,0,0
87400,9852,1103,133,0,2,0,1,0,11,1,1,0,0,0,0,0,0,0
87500,9852,1272,133,1,3,0,0,0,10,0,2,1,0,0,0,0,0,0
87600,9860,1377,124,0,2,0,0,0,13,0,1,0,0,0,0,0,0,0
87700,9868,1431,115,11,2,0,1,1,13,0,1,0,0,0,0,0,0,0
87800,9873,1294,113,15,2,0,2,0,10,0,0,0,0,0,0,0,0,0
87900,9868,1220,111,16,1,0,3,0,17,1,0,0,0,0,0,0,0,0
88000,9869,1166,107,2,3,0,5,0,15,0,1,0,0,0,0,0,0,0
88100,9873,1126,109,2,3,0,2,0,11,1,2,0,0,0,0,0,0,0
88200,9899,1126,84,3,5,1,0,0,12,1,0,0,0,0,0,0,0,0
88300,9934,1383,45,0,1,0,2,0,17,0,1,0,0,0,0,0,0,0
88400,9929,1499,44,2,2,0,1,1,24,0,0,0,0,0,0,0,0,0
88500,9917,1367,55,5,2,0,1,1,24,0,1,0,0,0,0,0,0,0
88600,9912,1237,65,17,0,0,1,0,22,0,0,0,0,0,0,0,0,0
88700,9917,1218,64,16,2,0,1,0,15,0,1,0,0,0,0,0,0,0
88800,9894,1607,92,16,0,1,0,0,12,0,2,0,0,0,0,0,0,0
88900,9885,1661,100,10,2,0,1,0,11,0,1,0,0,0,0,0,0,0
89000,9878,1937,101,2,2,0,3,0,14,1,2,0,0,0,0,0,0,0
89100,9906,1902,81,3,1,0,0,1,12,0,0,1,0,0,0,0,0,0
89200,9929,2065,56,1,2,0,0,1,13,0,0,1,0,0,0,0,0,0
89300,9919,1945,67,1,0,1,1,0,12,1,1,1,0,0,0,0,0,0
89400,9908,1819,79,0,2,0,0,0,11,1,0,0,0,0,0,0,0,0
89500,9899,1791,89,0,1,0,2,0,9,0,0,0,0,0,0,0,0,0
89600,9903,1776,79,0,1,0,3,4,12,0,2,0,0,0,0,0,0,0
89700,9897,1623,81,1,2,1,1,6,17,1,2,0,0,0,0,0,0,0
89800,9908,1554,78,0,2,0,1,0,10,0,1,0,0,0,0,0,0,0
89900,9914,1507,65,2,4,1,5,0,12,0,0,1,0,0,0,0,0,0
90000,9936,1576,53,0,0,0,0,2,11,1,0,0,0,0,0,0,0,0
90100,9960,1530,21,0,2,0,2,0,14,0,1,0,0,0,0,0,0,0
90200,9935,1440,51,1,1,0,5,1,7,0,1,0,0,0,0,0,0,0
90300,9922,1595,70,0,1,0,5,2,2,1,0,0,0,0,0,0,0,0
90400,9943,1536,49,0,1,0,1,0,5,0,1,0,0,0,0,0,0,0
90500,9967,1659,22,0,2,1,5,0,4,0,0,0,0,0,0,0,0,0
90600,9991,1540,1,0,2,0,1,1,3,0,2,0,0,0,0,0,0,0
90700,9956,1200,36,0,1,0,2,5,4,0,1,0,0,0,0,0,0,0
90800,9949,1193,47,0,0,1,1,0,2,0,1,0,0,0,0,0,0,0
90900,9930,1277,64,4,3,0,0,0,1,3,2,1,0,0,0,0,0,0
91000,9930,1350,69,1,0,0,1,0,0,0,0,0,0,0,0,0,0,0
91100,9961,1733,37,0,1,1,1,0,0,1,0,0,0,0,0,0,0,0
91200,9989,1637,8,12,0,0,0,0,3,0,0,1,0,0,0,0,0,0
91300,9948,2040,48,9,0,1,0,0,2,0,2,0,0,0,0,0,0,0
91400,9925,2079,72,6,1,0,0,0,1,0,1,0,0,0,0,0,0,0
91500,9924,1813,74,72,0,0,1,1,1,1,0,0,0,0,0,0,0,0
91600,9911,2327,81,69,2,0,4,1,2,0,0,0,0,0,0,0,0,0
91700,9953,2018,43,49,3,0,1,8,0,0,0,0,0,0,0,0,0,0
91800,9974,2273,22,3,1,1,0,0,2,0,1,0,0,0,0,0,0,0
91900,9982,2316,12,4,1,0,5,3,0,0,0,0,0,0,0,0,0,0
92000,9973,2156,22,3,0,0,1,0,2,2,2,0,0,0,0,0,0,0
92100,9971,1912,25,6,1,0,0,2,3,0,0,0,0,0,0,0,0,0
92200,9978,1824,18,1,0,0,3,1,0,0,1,0,0,0,0,0,0,0
92300,9989,1437,8,0,1,0,1,0,1,1,0,0,0,0,0,0,0,0
92400,9987,1506,3,0,1,0,4,1,5,0,0,0,0,0,0,0,0,0
92500,9990,1299,7,0,1,0,0,2,1,1,1,0,0,0,0,0,0,0
92600,9988,1484,5,0,2,0,1,0,3,0,1,1,0,0,0,0,0,0
92700,9994,2101,2,1,0,0,0,1,3,1,1,0,0,0,0,0,0,0
92800,9993,2109,4,1,1,0,0,0,1,0,1,0,0,0,0,0,0,0
92900,9989,2039,5,68,3,0,1,0,2,1,0,0,0,0,0,0,0,0
93000,9978,1936,7,100,1,0,9,0,3,0,2,0,0,0,0,0,0,0
93100,9990,1660,7,75,3,0,0,1,0,1,0,0,0,0,0,0,0,0
93200,9991,1588,4,71,1,1,0,1,2,0,2,0,0,0,0,0,0,0
93300,9986,1419,4,69,3,0,1,1,4,0,2,0,0,0,0,0,0,0
93400,9987,1094,6,68,2,1,4,0,1,1,0,0,0,0,0,0,0,0
93500,9987,1164,11,78,0,0,0,0,1,1,1,0,0,0,0,0,0,0
93600,9989,1439,4,79,3,0,0,0,2,0,2,0,0,0,0,0,0,0
93700,9972,1649,25,67,1,0,1,0,1,2,0,0,0,0,0,0,0,0
93800,9939,1542,57,67,0,0,4,0,0,1,0,1,0,0,0,0,0,0
93900,9932,1029,65,67,0,0,0,3,3,1,0,0,0,0,0,0,0,0
94000,9931,1296,59,68,5,0,2,3,2,0,1,0,0,0,0,0,0,0
94100,9947,1546,47,66,3,0,2,3,1,0,0,0,0,0,0,0,0,0
94200,9932,1280,53,127,3,0,7,0,4,1,1,0,0,0,0,0,0,0
94300,9930,1295,65,91,1,0,0,0,4,0,0,0,0,0,0,0,0,0
94400,9908,912,83,71,1,1,3,0,5,0,0,0,0,0,0,0,0,0
94500,9924,889,71,71,1,0,2,0,2,0,0,0,0,0,0,0,0,0
94600,9947,1127,43,75,1,1,4,1,4,3,1,0,0,0,0,0,0,0
94700,9956,1088,39,72,0,0,3,1,2,0,0,0,0,0,0,0,0,0
94800,9917,959,74,71,7,0,2,0,0,1,0,2,0,0,0,0,0,0
94900,9914,900,81,30,1,1,2,2,2,1,0,0,0,0,0,0,0,0
95000,9923,1066,75,12,0,0,2,0,0,2,0,0,0,0,0,0,0,0
95100,9983,1121,6,4,1,1,5,1,5,1,0,0,0,0,0,0,0,0
95200,9984,981,7,1,1,0,5,1,1,0,2,0,0,0,0,0,0,0
95300,9969,997,14,2,5,0,8,1,3,0,1,0,0,0,0,0,0,0
95400,9983,852,7,3,2,0,5,7,2,0,1,0,0,0,0,0,0,0
95500,9989,675,4,1,2,0,3,7,0,0,2,1,0,0,0,0,0,0
95600,9984,547,8,0,0,0,4,6,2,0,2,0,0,0,0,0,0,0
95700,9980,661,12,2,0,0,4,3,1,0,3,0,0,0,0,0,0,0
95800,9984,546,9,0,1,0,3,0,1,0,2,0,0,0,0,0,0,0
95900,9982,509,8,0,0,0,5,1,5,0,0,0,0,0,0,0,0,0
96000,9983,453,8,0,2,0,3,0,4,0,0,1,0,0,0,0,0,0
96100,9983,456,6,2,1,0,5,0,5,0,0,0,0,0,0,0,0,0
96200,9979,602,10,0,1,0,2,0,8,0,0,0,0,0,0,0,0,0
96300,9968,591,13,0,0,0,4,0,14,0,1,1,0,0,0,0,0,0
96400,9978,673,1,0,1,0,4,2,16,0,0,0,0,0,0,0,0,0
96500,9969,910,10,0,1,0,2,0,18,0,0,1,0,0,0,0,0,0
96600,9969,964,11,1,1,1,3,1,16,1,0,0,0,0,0,0,0,0
96700,9958,1000,18,0,3,1,5,2,15,0,1,1,0,0,0,0,0,0
96800,9971,1138,10,0,0,0,3,0,16,1,0,0,0,0,0,0,0,0
96900,9975,964,6,0,0,0,3,0,15,0,1,0,0,0,0,0,0,0
97000,9967,891,4,0,3,0,7,0,19,0,0,0,0,0,0,0,0,0
97100,9971,837,5,3,1,1,3,0,18,1,2,0,0,0,0,0,0,0
97200,9975,963,5,0,0,1,4,1,16,0,0,0,0,0,0,0,0,0
97300,9969,1003,6,56,0,2,3,4,22,1,0,0,0,0,0,0,0,0
97400,9978,1051,1,109,1,0,6,0,14,0,0,1,0,0,0,0,0,0
97500,9974,1147,8,3,1,1,1,1,16,1,0,0,0,0,0,0,0,0
97600,9970,1261,5,0,4,1,5,1,16,1,0,0,0,0,0,0,0,0
97700,9966,1246,7,0,3,4,1,2,22,1,1,2,0,0,0,0,0,0
97800,9961,1481,18,5,0,3,5,2,14,1,2,0,0,0,0,0,0,0
97900,9953,1498,20,68,2,1,11,0,13,1,0,1,1,0,0,0,0,0
98000,9958,1256,21,53,2,2,2,0,16,0,1,1,0,0,0,0,0,0
98100,9954,1038,25,7,3,1,3,0,15,0,0,1,0,0,0,0,0,0
98200,9959,1234,22,8,1,1,3,0,15,1,0,0,0,0,0,0,0,0
98300,9961,1225,18,1,1,2,3,0,16,0,1,0,0,0,0,0,0,0
98400,9955,1355,24,3,1,1,3,1,16,1,1,0,0,0,0,0,0,0
98500,9958,1117,22,1,0,1,3,1,17,2,0,0,0,0,0,0,0,0
98600,9960,1160,20,0,1,0,4,3,15,0,0,1,0,0,0,0,0,0
98700,9954,1047,24,2,1,1,5,0,15,0,1,0,0,0,0,0,0,0
98800,9955,1315,24,2,1,0,5,0,13,0,2,0,0,0,0,0,0,0
98900,9959,1564,18,0,0,0,6,0,17,1,0,0,0,0,0,0,0,0
99000,9962,1669,14,2,1,1,4,0,19,2,0,0,0,0,0,0,0,0
99100,9966,1644,14,0,0,0,4,0,14,1,2,0,0,0,0,0,0,0
99200,9963,1388,16,0,2,2,4,0,15,3,0,0,0,0,0,0,0,0
99300,9968,1569,13,2,0,0,3,0,16,1,0,0,0,0,0,0,0,0
99400,9960,1838,20,0,1,0,4,0,14,0,1,0,0,0,0,0,0,0
99500,9965,1705,15,0,0,0,1,0,18,1,1,0,0,0,0,0,0,0
99600,9966,1260,14,1,1,0,3,0,15,0,1,0,0,0,0,0,0,0
99700,9963,1298,14,0,2,0,5,0,15,1,1,0,0,0,0,0,0,0
99800,9959,1462,15,5,2,0,5,1,17,0,2,0,0,0,0,0,0,0
99900,9964,1535,16,14,1,0,3,0,14,0,2,0,0,0,0,0,0,0
100000,9970,1192,15,14,0,0,2,1,13,0,0,0,0,0,0,0,0,0
