update,host_task_NOT,sym_task_NOT,host_task_NAND,sym_task_NAND,host_task_AND,sym_task_AND,host_task_ORN,sym_task_ORN,host_task_OR,sym_task_OR,host_task_ANDN,sym_task_ANDN,host_task_NOR,sym_task_NOR,host_task_XOR,sym_task_XOR,host_task_EQU,sym_task_EQU
0,0,0,0,0,0,0,0,0,0,0,0,0,0,0,0,0,0,0
100,9998,38362,0,2,2,2,0,0,2,3,0,2,0,0,0,0,0,0
200,9995,33261,0,10,3,5,0,3,1,4,1,4,0,0,0,0,0,0
300,9995,33205,0,7,0,5,0,4,4,8,1,3,0,0,0,0,0,0
400,9995,33192,0,5,1,6,0,1,2,4,2,2,0,0,0,0,0,0
500,9991,33141,0,10,1,5,1,0,6,6,1,7,0,0,0,0,0,0
600,9992,27952,0,5,1,6,1,2,4,9,2,2,0,0,0,0,0,0
700,9994,25962,1,3,2,6,1,0,0,4,2,3,0,0,0,0,0,0
800,9991,25924,0,0,3,8,2,1,2,6,2,1,0,0,0,0,0,0
900,9991,25949,2,11,2,6,0,4,2,4,3,5,0,0,0,0,0,0
1000,9993,25892,0,5,2,8,4,3,1,9,0,3,0,0,0,0,0,0
1100,9996,23120,1,2,1,4,1,0,1,7,0,3,0,0,0,0,0,0
1200,9987,20283,7,6,4,4,1,1,1,4,0,0,0,0,0,0,0,0
1300,9985,20415,4,4,1,5,2,2,5,3,2,1,1,0,0,0,0,0
1400,9988,20319,4,7,3,0,1,2,3,7,1,2,0,0,0,0,0,0
1500,9991,20409,4,11,2,4,0,2,3,2,0,2,0,0,0,0,0,0
1600,9989,19302,4,9,3,2,1,4,2,6,1,1,0,0,0,0,0,0
1700,9983,16267,4,9,5,5,3,1,4,3,1,0,0,0,0,0,0,0
1800,9986,16214,5,4,4,3,2,2,3,4,0,1,0,0,0,0,0,0
1900,9988,16088,4,13,4,1,1,1,2,2,1,1,0,0,0,0,0,0
2000,9990,16149,4,8,3,4,0,2,2,4,1,2,0,0,0,0,0,0
2100,9990,16084,4,4,3,1,0,0,2,6,0,0,1,0,0,0,0,0
2200,9987,12878,4,6,2,1,1,2,4,4,2,0,0,0,0,0,0,0
2300,9989,12787,10,3,0,3,0,0,1,2,0,1,0,0,0,0,0,0
2400,9986,12908,7,3,0,3,3,2,3,1,1,0,0,0,0,0,0,0
2500,9978,12938,4,11,2,1,8,3,4,6,4,0,0,0,0,0,0,0
2600,9986,12900,5,5,2,2,2,0,4,3,1,2,0,0,0,0,0,0
2700,9978,11065,15,6,2,0,1,2,3,0,1,0,0,0,0,0,0,0
2800,9979,10517,13,8,1,5,1,2,6,3,0,3,0,0,0,0,0,0
2900,9980,10439,14,8,2,1,2,1,1,2,1,2,0,0,0,0,0,0
3000,9975,10324,14,6,2,0,4,2,3,2,2,1,0,0,0,0,0,0
3100,9982,10452,13,6,2,2,1,0,2,2,0,1,0,0,0,0,0,0
3200,9970,9444,18,3,3,1,0,5,7,0,2,1,0,0,0,0,0,0
3300,9974,8677,17,3,3,1,1,1,4,3,1,1,0,0,0,0,0,0
3400,9972,8689,18,13,3,0,2,2,4,1,1,1,0,0,0,0,0,0
3500,9975,8605,18,16,0,2,3,0,3,1,1,2,0,0,0,0,0,0
3600,9973,8622,18,9,3,3,2,1,2,2,2,0,0,0,0,0,0,0
3700,9979,8275,19,3,0,3,0,1,2,2,0,1,0,0,0,0,0,0
3800,9970,7304,22,5,2,2,3,3,2,1,0,0,1,0,0,0,0,0
3900,9968,7318,25,5,2,1,3,1,2,0,0,1,0,0,0,0,0,0
4000,9965,7258,23,7,1,4,5,3,5,2,1,0,0,0,0,0,0,0
4100,9966,7331,24,11,0,4,3,3,4,1,3,0,0,0,0,0,0,0
4200,9966,7348,25,10,4,0,2,3,3,2,0,1,0,0,0,0,0,0
4300,9973,6101,17,12,2,1,2,1,5,3,0,0,1,0,0,0,0,0
4400,9972,6204,18,24,2,0,4,0,4,2,0,0,0,0,0,0,0,0
4500,9965,6287,18,15,2,1,3,1,10,5,2,1,0,0,0,0,0,0
4600,9978,6529,17,24,2,0,0,1,3,2,0,0,0,0,0,0,0,0
4700,9975,6405,18,22,2,1,3,3,1,3,1,0,0,0,0,0,0,0
4800,9981,5471,13,24,0,1,3,1,3,0,0,1,0,0,0,0,0,0
4900,9973,5495,15,18,0,1,5,6,5,1,2,1,0,0,0,0,0,0
5000,9961,5573,16,15,4,1,13,9,4,3,2,0,0,0,0,0,0,0
5100,9966,5562,18,7,2,0,7,7,7,1,0,1,0,0,0,0,0,0
5200,9968,5555,17,2,1,0,5,10,6,1,3,1,0,0,0,0,0,0
5300,9968,5140,17,8,1,0,7,4,7,4,0,0,0,0,0,0,0,0
5400,9965,5006,19,15,1,3,5,1,9,1,1,1,0,0,0,0,0,0
5500,9974,5224,19,3,2,0,3,7,2,0,0,0,0,0,0,0,0,0
5600,9959,5308,27,12,1,4,1,2,9,0,3,2,0,0,0,0,0,0
5700,9966,5274,20,29,0,0,9,2,4,3,1,0,0,0,0,0,0,0
5800,9969,4977,22,28,5,1,1,0,2,0,1,1,0,0,0,0,0,0
5900,9954,4475,35,6,0,1,4,14,6,1,1,0,0,0,0,0,0,0
6000,9945,4717,37,8,6,1,6,16,6,1,0,0,0,0,0,0,0,0
6100,9945,4809,41,30,2,0,6,10,5,2,1,0,0,0,0,0,0,0
6200,9932,4921,47,56,2,1,8,5,11,3,0,0,0,0,0,0,0,0
6300,9942,5038,48,56,1,3,7,7,1,2,1,0,0,0,0,0,0,0
6400,9950,4300,38,22,3,1,4,1,4,3,1,0,0,0,0,0,0,0
6500,9944,5414,44,112,2,1,7,6,1,0,2,0,0,0,0,0,0,0
6600,9947,7657,43,216,2,4,1,6,5,1,1,3,1,0,0,0,0,0
6700,9953,10442,43,529,3,5,1,18,0,5,0,3,0,0,0,0,0,0
6800,9917,12820,71,752,2,5,4,36,4,6,2,4,0,1,0,0,0,0
6900,9910,13378,72,1029,6,9,6,28,5,3,1,3,0,0,0,0,0,0
7000,9908,14191,80,1157,3,5,3,21,6,2,0,2,0,1,0,0,0,0
7100,9893,12740,93,1092,3,4,4,27,4,5,3,2,0,0,0,0,0,0
7200,9871,13179,116,1405,3,16,5,11,5,11,0,3,0,0,0,0,0,0
7300,9861,13179,123,2632,4,20,1,42,9,8,2,2,0,0,0,0,0,0
7400,9853,11878,136,2166,4,10,3,62,3,5,1,3,0,2,0,0,0,0
7500,9848,13118,131,1772,4,15,7,98,8,5,2,3,0,0,0,0,0,0
7600,9841,12953,135,1655,4,3,10,174,9,11,1,3,0,0,0,0,0,0
7700,9817,13732,163,1576,1,11,11,171,7,18,1,0,0,0,0,0,0,0
7800,9821,14718,157,1220,1,8,11,81,8,11,2,3,0,0,0,0,0,0
7900,9815,15920,159,593,3,5,11,79,7,8,4,5,1,0,0,0,0,0
8000,9827,15193,152,331,4,1,11,71,5,3,0,2,1,0,0,0,0,0
8100,9824,15458,148,325,2,3,16,61,6,11,2,0,1,0,0,0,1,0
8200,9824,15973,154,380,4,7,13,68,3,5,2,4,0,1,0,0,0,0
8300,9807,17175,170,390,3,6,14,17,5,8,1,6,0,0,0,0,0,0
8400,9797,16980,175,393,6,2,17,12,4,7,1,4,0,0,0,0,0,0
8500,9754,16743,209,586,9,34,11,19,13,4,4,1,0,0,0,0,0,0
8600,9775,16224,205,650,2,9,11,31,6,7,1,4,0,0,0,0,0,0
8700,9746,18236,238,929,3,7,8,18,3,5,2,2,0,0,0,0,0,0
8800,9714,18218,264,905,5,14,9,9,7,5,1,2,0,0,0,0,0,0
8900,9639,18198,325,1503,4,29,12,10,15,9,5,1,0,0,0,1,0,0
9000,9645,18291,325,2159,4,28,17,23,6,4,3,1,0,1,0,0,0,0
9100,9583,18103,361,2286,4,70,41,51,8,10,3,5,0,0,0,0,0,0
9200,9608,18746,346,2496,3,24,34,118,6,2,3,3,0,0,0,0,0,0
9300,9548,19365,404,2678,3,48,37,133,8,5,0,2,0,0,0,0,0,0
9400,9536,19780,416,3256,4,41,34,314,7,7,3,5,0,0,0,0,0,0
9500,9518,18418,425,3341,6,60,36,285,13,15,2,5,0,0,0,0,0,0
9600,9502,17279,443,3234,2,1,41,384,10,4,2,0,0,0,0,0,0,0
9700,9516,19583,431,2781,2,7,44,170,5,10,2,4,0,0,0,0,0,0
9800,9522,18691,418,2959,2,40,42,171,13,7,3,3,0,0,0,0,0,0
9900,9530,17632,413,3753,3,32,45,182,7,8,2,1,0,0,0,0,0,0
10000,9568,16506,374,3941,2,23,46,224,3,2,7,2,0,2,0,0,0,0
10100,9565,17580,373,4107,8,8,43,275,8,13,3,1,0,0,0,0,0,0
10200,9579,15000,367,2930,1,34,45,393,4,10,4,4,0,0,0,0,0,0
10300,9636,14632,316,3012,4,92,35,142,6,7,2,1,1,0,0,0,0,0
10400,9629,14739,327,3187,3,70,33,90,7,6,1,3,0,0,0,0,0,0
10500,9637,14661,317,3151,3,65,34,168,8,3,1,3,0,0,0,0,0,0
10600,9633,13981,312,2444,6,61,41,122,6,14,2,2,0,0,0,0,0,0
10700,9640,13183,311,2539,4,105,39,111,5,10,1,2,0,0,0,0,0,0
10800,9641,13855,305,1673,5,62,42,69,4,10,3,3,0,0,0,0,0,0
10900,9624,13070,326,1306,4,60,40,66,5,7,1,4,0,1,0,0,0,0
11000,9604,14070,345,2027,4,71,36,97,6,5,5,4,0,0,0,0,0,0
11100,9589,13217,361,2698,5,66,38,51,6,7,1,3,0,0,0,0,0,0
11200,9594,12878,352,3499,1,65,39,89,11,8,3,0,0,0,0,0,0,0
11300,9573,13411,362,3504,9,63,44,82,10,5,2,2,0,0,0,0,0,0
11400,9577,13691,360,3163,5,73,47,111,7,9,4,3,0,0,0,0,0,0
11500,9606,13127,340,2469,6,102,42,200,5,2,1,2,0,0,0,0,0,0
11600,9634,12417,301,1679,8,33,45,183,11,13,1,0,0,0,0,0,0,0
11700,9624,12286,305,1452,3,3,60,156,5,3,3,1,0,0,0,0,0,0
11800,9637,11472,291,1837,6,17,59,73,6,4,1,2,0,0,0,0,0,0
11900,9635,11010,299,2452,2,9,56,98,5,4,3,1,0,0,0,0,0,0
12000,9583,10499,333,2088,7,5,61,123,16,3,0,1,0,0,0,0,0,0
12100,9574,11175,353,2013,5,4,56,78,8,4,4,2,0,0,0,0,0,0
12200,9570,11068,355,2587,8,65,52,32,10,7,5,3,0,0,0,0,0,0
12300,9577,11359,347,2590,3,36,61,95,5,12,6,3,1,0,0,0,0,0
12400,9561,10091,363,1862,0,60,60,117,13,8,3,3,0,0,0,0,0,0
12500,9562,10014,367,1166,2,15,60,119,6,5,2,3,1,0,0,0,0,0
12600,9557,10380,382,868,5,4,51,90,5,2,0,2,0,0,0,0,0,0
12700,9555,11218,382,804,0,8,55,90,8,3,0,0,0,0,0,0,0,0
12800,9539,11267,394,1002,6,5,50,77,8,8,3,1,0,0,0,0,0,0
12900,9534,9692,379,953,26,2,48,76,12,8,1,3,0,0,0,0,0,0
13000,9517,9650,388,765,27,5,55,78,10,10,3,1,0,0,0,0,0,0
13100,9536,9774,383,690,21,6,45,101,9,9,6,1,0,0,0,0,0,0
13200,9553,8785,367,527,24,1,51,80,3,6,2,1,0,0,0,0,0,0
13300,9560,9278,344,658,23,3,61,73,9,4,3,1,0,0,0,0,0,0
13400,9588,10495,327,736,22,3,51,99,6,1,6,0,0,0,0,0,0,0
13500,9593,10591,309,767,25,2,58,90,14,1,1,2,0,0,0,0,0,0
13600,9609,10461,294,847,25,3,59,28,9,4,4,3,0,0,0,0,0,0
13700,9655,10814,270,712,19,4,49,20,6,3,0,0,1,0,0,0,0,0
13800,9607,10359,301,921,25,4,58,6,9,5,0,1,0,0,0,0,0,0
13900,9658,11086,264,1216,21,1,51,20,4,4,2,2,0,0,0,0,0,0
14000,9697,11950,249,1045,18,2,22,6,10,1,4,2,0,0,0,0,0,0
14100,9724,11783,227,627,21,2,20,5,4,5,4,1,0,0,0,0,0,0
14200,9693,12147,243,686,37,5,22,3,4,4,1,0,0,0,0,0,0,0
14300,9695,12636,226,756,42,2,23,3,10,5,4,1,0,0,0,0,0,0
14400,9691,10994,241,700,40,1,16,4,9,2,3,1,0,0,0,0,0,0
14500,9690,10455,240,546,40,4,22,3,7,5,1,2,0,0,0,0,0,0
14600,9653,10361,273,462,43,0,24,11,5,1,1,0,1,0,0,0,0,0
14700,9614,10666,308,522,48,2,21,6,8,3,1,1,0,1,0,0,0,0
14800,9645,10083,278,503,40,5,28,5,5,2,4,1,0,0,0,0,0,0
14900,9639,9650,284,488,42,2,23,5,8,5,4,0,0,0,0,0,0,0
15000,9601,9190,318,612,47,2,29,9,4,4,1,2,0,0,0,0,0,0
15100,9575,9334,335,584,44,4,31,3,13,0,2,2,0,0,0,0,0,0
15200,9558,9414,362,647,49,1,25,5,3,8,3,0,0,0,0,0,0,0
15300,9609,9004,307,498,51,1,25,4,5,4,2,0,0,0,1,0,0,0
15400,9597,9425,332,514,39,3,23,5,6,5,3,0,0,0,0,0,0,0
15500,9548,9742,376,583,49,2,22,2,4,3,1,1,0,0,0,0,0,0
15600,9619,9739,321,703,40,0,13,6,4,4,3,0,0,0,0,0,0,0
15700,9621,9821,319,760,39,1,13,2,6,2,2,1,0,0,0,0,0,0
15800,9614,8723,323,705,40,2,15,9,5,1,3,0,0,0,0,0,0,0
15900,9612,9276,315,876,47,1,13,2,5,1,8,2,0,0,0,0,0,0
16000,9607,9598,321,980,46,2,17,2,2,2,7,0,0,0,0,0,0,0
16100,9592,9015,347,975,38,2,15,1,6,2,2,1,0,0,0,0,0,0
16200,9539,8809,389,895,48,2,16,3,7,2,1,2,0,0,0,0,0,0
16300,9531,8233,407,1074,40,1,10,4,7,2,4,0,1,0,0,0,0,0
16400,9512,8482,413,1073,44,13,19,18,7,1,5,0,0,0,0,0,0,0
16500,9519,7692,410,1071,47,5,17,7,4,1,3,2,0,0,0,0,0,0
16600,9518,8304,405,1107,44,0,27,11,4,5,2,0,0,0,0,0,0,0
16700,9527,9260,408,1107,40,3,18,6,3,2,4,1,0,1,0,0,0,0
16800,9528,9387,407,1123,42,1,17,0,4,9,2,0,0,0,0,0,0,0
16900,9502,8312,419,1137,44,2,20,3,10,4,5,0,0,0,0,0,0,0
17000,9510,8944,418,1115,40,2,18,5,7,0,6,0,1,0,0,0,0,0
17100,9519,8276,416,998,41,1,17,0,3,1,4,1,0,0,0,0,0,0
17200,9544,7885,385,979,39,3,23,2,8,1,1,2,0,0,0,0,0,0
17300,9548,8444,383,1006,41,0,16,4,7,0,5,3,0,0,0,0,0,0
17400,9584,7843,351,884,47,0,12,0,5,1,1,1,0,0,0,0,0,0
17500,9593,8068,329,677,50,2,16,6,10,0,2,0,0,0,0,0,0,0
17600,9597,7912,345,668,42,2,6,0,6,1,4,2,0,0,0,0,0,0
17700,9578,8258,368,741,42,0,8,9,2,2,2,2,0,0,0,0,0,0
17800,9592,9936,344,608,46,3,12,5,6,3,0,0,0,0,0,0,0,0
17900,9524,10042,380,603,71,0,15,2,8,2,2,2,0,0,0,0,0,0
18000,9508,10091,406,500,66,2,10,3,5,1,5,1,0,0,0,0,0,0
18100,9514,11353,396,559,77,3,5,0,5,4,3,1,0,0,0,0,0,0
18200,9551,10432,364,777,70,0,5,1,10,4,0,1,0,0,0,0,0,0
18300,9490,10253,383,554,110,1,4,0,10,2,3,2,0,0,0,0,0,0
18400,9505,9848,377,544,104,1,7,1,3,0,3,0,1,0,0,0,0,0
18500,9549,10255,343,597,81,3,13,3,10,4,4,1,0,0,0,0,0,0
18600,9574,10254,350,755,53,0,14,4,8,0,1,1,0,0,0,0,0,0
18700,9600,9483,329,815,47,4,16,6,5,1,3,2,0,0,0,0,0,0
18800,9623,9930,319,720,45,4,7,1,4,5,2,1,0,0,0,0,0,0
18900,9664,8555,282,874,45,0,6,1,3,2,0,2,0,0,0,0,0,0
19000,9667,8964,268,740,47,2,11,4,2,4,5,1,0,0,0,0,0,0
19100,9706,8570,238,992,39,3,11,2,5,1,1,0,0,0,0,0,0,0
19200,9669,9516,266,988,44,3,13,3,6,3,2,1,0,0,0,0,0,0
19300,9676,8895,270,968,39,2,5,1,7,3,3,1,0,0,0,0,0,0
19400,9723,8327,218,1134,45,5,3,3,7,1,4,0,0,0,0,0,0,0
19500,9729,7658,205,1068,54,10,4,3,7,1,1,2,0,0,0,0,0,0
19600,9759,8349,194,975,35,9,3,11,6,3,3,0,0,0,0,0,0,0
19700,9693,8195,250,787,40,0,5,3,11,1,1,0,0,0,0,0,0,0
19800,9699,7523,256,857,32,4,4,1,4,1,5,1,0,0,0,0,0,0
19900,9690,7614,260,994,29,1,13,5,5,1,3,0,0,0,0,0,0,0
20000,9677,7133,280,1019,24,5,9,2,5,3,5,0,0,0,0,0,0,0
20100,9674,6657,288,1118,28,1,2,0,6,0,2,0,0,0,0,0,0,0
20200,9647,6832,294,1084,49,2,3,0,4,2,3,0,0,0,0,0,0,0
20300,9603,6848,298,1126,77,1,8,0,8,1,6,1,0,0,0,0,0,0
20400,9598,6451,320,1131,65,1,9,0,7,0,1,0,0,0,0,0,0,0
20500,9594,6202,323,1055,70,0,0,0,6,2,7,1,0,0,0,0,0,0
20600,9613,7373,301,1008,73,3,6,8,7,1,0,2,0,0,0,0,0,0
20700,9618,7198,293,961,76,3,8,0,4,2,1,1,0,0,0,0,0,0
20800,9615,5756,299,1026,74,2,5,3,5,2,2,0,0,0,0,0,0,0
20900,9615,5320,296,1163,77,0,4,0,5,2,2,1,1,0,0,0,0,0
21000,9604,6670,303,1240,75,1,5,0,9,7,4,1,0,0,0,0,0,0
21100,9567,6072,342,1043,81,1,3,0,4,2,3,1,0,0,0,0,0,0
21200,9557,6286,354,1014,79,2,3,4,2,3,3,0,2,0,0,0,0,0
21300,9557,6391,354,931,76,3,4,1,5,0,4,1,0,0,0,0,0,0
21400,9577,6885,331,869,77,0,5,1,6,2,4,0,0,0,0,0,0,0
21500,9631,7350,280,857,77,0,4,3,4,6,4,1,0,0,0,0,0,0
21600,9602,8144,311,932,72,4,5,1,7,2,3,0,0,0,0,0,0,0
21700,9614,7351,292,849,76,2,8,3,7,5,3,0,0,0,0,0,0,0
21800,9668,7235,245,776,73,1,6,2,8,3,0,1,0,0,0,0,0,0
21900,9629,7208,239,704,123,0,6,2,2,1,1,0,0,0,0,0,0,0
22000,9637,7706,232,658,117,1,5,1,6,5,3,0,0,0,0,0,0,0
22100,9636,7395,236,654,118,1,5,4,2,0,3,1,0,0,0,0,0,0
22200,9634,6953,232,662,120,3,7,0,6,1,1,0,0,0,0,0,0,0
22300,9621,6911,232,671,135,1,4,3,8,0,0,1,0,0,0,0,0,0
22400,9623,6662,230,663,132,0,11,1,3,0,1,1,0,0,0,0,0,0
22500,9599,6895,256,729,131,0,6,1,3,5,4,1,1,0,0,0,0,0
22600,9582,5457,278,678,125,2,10,1,4,5,1,0,0,0,0,0,0,0
22700,9592,6007,272,666,124,1,7,0,4,1,1,3,0,0,0,0,0,0
22800,9561,5100,291,595,131,3,9,0,5,3,3,1,0,0,0,0,0,0
22900,9581,6342,273,772,131,0,8,1,6,2,1,0,0,0,0,0,0,0
23000,9565,6564,273,810,142,4,8,2,9,1,3,3,0,0,0,0,0,0
23100,9635,6140,228,776,117,1,10,2,9,1,1,1,0,0,0,0,0,0
23200,9662,6350,204,798,116,4,9,2,5,6,4,1,0,0,0,0,0,0
23300,9650,7328,214,764,118,3,13,1,5,4,0,1,0,0,0,0,0,0
23400,9667,7211,200,927,123,1,2,0,4,1,4,1,0,0,0,0,0,0
23500,9646,8268,209,947,126,2,9,2,5,2,5,1,0,0,0,0,0,0
23600,9649,7080,212,974,125,1,8,2,5,6,0,1,1,0,0,0,0,0
23700,9665,6733,204,964,125,2,4,1,1,4,1,1,0,0,0,0,0,0
23800,9626,6849,241,979,116,1,6,0,9,4,2,0,0,0,0,0,0,0
23900,9595,6607,233,1143,153,3,6,6,11,4,2,0,0,0,0,0,0,0
24000,9573,7412,244,1075,169,2,8,2,5,2,1,1,0,0,0,0,0,0
24100,9534,8052,239,900,207,1,10,0,7,0,3,1,0,0,0,0,0,0
24200,9508,7986,273,940,204,2,5,4,7,2,2,2,1,0,0,0,0,0
24300,9493,6723,299,1044,196,2,7,3,3,1,2,1,0,0,0,0,0,0
24400,9527,6219,301,951,161,3,5,5,6,1,0,3,0,0,0,0,0,0
24500,9513,6037,299,1029,172,1,6,4,8,7,2,2,0,0,0,0,0,0
24600,9509,7308,302,1149,177,4,4,3,7,1,1,1,0,0,0,0,0,0
24700,9523,8007,292,1007,173,1,3,2,6,1,3,2,0,0,0,0,0,0
24800,9555,6598,272,995,161,2,3,4,8,3,1,0,0,0,0,0,0,0
24900,9557,6562,274,1046,156,1,9,1,3,0,1,2,0,0,0,0,0,0
25000,9609,6253,222,1058,154,0,3,0,9,1,3,2,0,0,0,0,0,0
25100,9628,6231,211,1136,148,1,2,0,6,1,5,0,0,0,0,0,0,0
25200,9657,6155,181,963,146,3,6,2,9,3,1,0,0,0,0,0,0,0
25300,9609,6600,223,805,146,3,14,1,5,3,3,0,0,0,0,0,0,0
25400,9616,5655,239,987,117,1,18,1,8,1,2,0,0,0,0,0,0,0
25500,9645,5044,209,895,111,0,25,0,7,1,3,0,0,0,0,0,0,0
25600,9659,5736,192,839,114,0,27,1,5,1,3,0,0,0,0,0,0,0
25700,9704,6058,140,800,120,1,27,0,7,0,2,1,0,0,0,0,0,0
25800,9713,5895,129,888,116,2,33,2,8,5,1,2,0,0,0,0,0,0
25900,9717,5760,131,739,119,1,28,4,3,3,2,0,0,0,0,0,0,0
26000,9711,6154,132,745,124,0,24,3,8,0,1,0,0,0,0,0,0,0
26100,9721,6661,133,709,114,0,19,5,9,2,4,1,0,0,0,0,0,0
26200,9727,6264,126,662,118,2,23,5,5,2,1,2,0,0,0,0,0,0
26300,9733,6275,127,721,115,2,19,1,5,2,1,1,0,0,0,0,0,0
26400,9734,6661,122,733,118,6,13,3,10,3,3,1,0,0,0,0,0,0
26500,9700,5579,155,783,117,2,15,2,10,4,3,0,0,0,0,0,0,0
26600,9700,5539,169,732,110,4,10,3,5,2,5,1,1,0,0,0,0,0
26700,9684,5971,196,757,104,2,13,3,3,2,0,0,0,0,0,0,0,0
26800,9658,6489,221,572,108,1,7,3,5,2,1,3,0,0,0,0,0,0
26900,9662,5172,217,498,106,1,8,3,3,3,4,0,0,0,0,0,0,0
27000,9651,5363,244,690,94,4,4,1,3,3,4,1,0,0,0,0,0,0
27100,9578,5055,318,646,94,2,0,1,8,2,2,0,0,0,0,0,0,0
27200,9552,5096,341,449,95,4,4,0,4,3,4,3,0,0,0,0,0,0
27300,9563,5021,353,574,74,1,2,1,4,3,3,1,0,0,0,0,1,0
27400,9536,5373,373,501,78,1,6,1,3,2,4,1,0,0,0,0,0,0
27500,9517,5078,393,652,75,2,3,2,11,1,1,2,0,0,0,0,0,0
27600,9438,4948,476,763,73,2,5,1,5,1,3,2,0,0,0,0,0,0
27700,9478,4437,474,623,36,4,6,6,3,3,3,0,0,0,0,0,0,0
27800,9450,4617,508,593,31,1,5,0,4,2,2,1,0,0,0,0,0,0
27900,9443,5432,510,806,31,2,5,5,4,1,7,0,0,0,0,0,0,0
28000,9454,5322,517,698,18,0,5,4,4,4,2,0,0,0,0,0,0,0
28100,9491,5879,494,803,3,3,6,1,3,2,3,0,0,0,0,0,0,0
28200,9473,5512,509,959,4,0,6,2,5,1,3,1,0,0,0,0,0,0
28300,9477,6208,508,954,5,1,3,0,3,1,3,1,1,0,0,0,0,0
28400,9517,5780,461,917,3,4,3,2,13,0,3,1,0,0,0,0,0,0
28500,9586,6038,398,916,4,4,2,0,6,6,4,1,0,0,0,0,0,0
28600,9578,6394,407,762,6,1,4,1,3,5,2,2,0,0,0,0,0,0
28700,9574,6175,414,905,5,4,1,0,3,4,3,1,0,0,0,0,0,0
28800,9583,5706,409,1049,3,5,2,0,3,1,0,0,0,0,0,0,0,0
28900,9632,6334,359,1050,4,10,0,1,3,1,2,0,0,0,0,0,0,0
29000,9610,6701,369,808,5,9,6,1,4,3,6,1,0,0,0,0,0,0
29100,9619,6706,366,683,3,9,1,1,7,2,4,1,0,0,0,0,0,0
29200,9658,6416,328,677,6,8,1,4,5,2,0,0,2,0,0,0,0,0
29300,9659,5310,327,556,2,1,6,0,3,1,3,2,0,0,0,0,0,0
29400,9634,5553,336,623,5,1,16,0,7,5,1,0,0,0,1,0,0,0
29500,9613,5494,371,526,3,0,9,0,3,0,1,1,0,0,0,0,0,0
29600,9574,5426,407,700,5,6,8,0,5,3,1,0,0,0,0,0,0,0
29700,9581,5791,401,595,1,9,7,3,7,0,2,1,1,0,0,0,0,0
29800,9588,5088,397,730,4,9,4,2,6,4,1,0,0,0,0,0,0,0
29900,9597,4591,388,775,4,7,3,1,8,4,0,3,0,0,0,0,0,0
30000,9589,4506,393,661,5,9,5,0,4,3,4,1,0,0,0,0,0,0
30100,9578,3899,406,626,5,1,3,3,4,0,4,1,0,0,0,0,0,0
30200,9567,3735,422,638,4,2,6,3,0,2,1,1,0,0,0,0,0,0
30300,9575,4089,413,585,3,1,5,1,3,0,1,0,0,0,0,0,0,0
30400,9586,4649,386,553,17,1,5,3,4,1,2,2,0,0,0,0,0,0
30500,9577,5443,385,571,22,0,5,1,6,3,5,0,0,0,0,0,0,0
30600,9645,5214,328,615,19,0,6,2,2,0,0,0,0,0,0,0,0,0
30700,9622,5096,339,610,22,0,3,0,10,2,3,0,1,0,0,0,0,0
30800,9638,3767,335,498,20,1,3,0,4,2,0,0,0,0,0,0,0,0
30900,9649,4298,323,474,20,1,3,0,3,2,2,1,0,0,0,0,0,0
31000,9647,4335,322,412,24,1,3,0,3,1,1,2,0,0,0,0,0,0
31100,9651,4218,318,406,21,0,2,0,8,3,0,0,0,0,0,0,0,0
31200,9652,3272,324,465,20,3,2,1,2,4,0,1,0,0,0,0,0,0
31300,9652,3302,320,332,18,0,3,2,6,2,1,0,0,0,0,0,0,0
31400,9695,3980,267,286,26,2,6,0,5,0,1,0,0,0,0,0,0,0
31500,9667,4954,296,310,21,0,11,0,3,1,2,0,0,0,0,0,0,0
31600,9680,5097,287,234,21,1,7,0,4,1,1,0,0,0,0,0,0,0
31700,9669,5204,304,277,14,3,3,0,8,1,2,0,0,0,0,0,0,0
31800,9660,4164,319,418,8,0,4,0,6,0,3,1,0,0,0,0,0,0
31900,9630,5018,356,440,3,1,8,0,2,0,1,2,0,0,0,0,0,0
32000,9604,5382,379,407,3,0,6,1,7,3,1,0,0,0,0,0,0,0
32100,9589,4226,395,395,3,1,3,1,8,2,2,0,0,0,0,0,0,0
32200,9593,4484,389,444,4,0,4,1,7,2,3,1,0,0,0,0,0,0
32300,9594,4936,388,484,4,0,7,3,5,1,2,0,0,0,0,0,0,0
32400,9612,4510,374,459,3,1,6,0,4,1,0,1,1,0,0,0,0,0
32500,9594,4558,390,437,3,1,3,0,8,5,2,1,0,0,0,0,0,0
32600,9572,4105,398,448,10,0,10,0,8,0,2,1,0,0,0,0,0,0
32700,9558,4347,429,419,1,0,8,0,3,0,1,1,0,0,0,0,0,0
32800,9527,4472,454,401,4,0,5,4,9,1,1,0,0,0,0,0,0,0
32900,9538,4546,443,426,2,0,9,0,8,0,0,0,0,0,0,0,0,0
33000,9541,5072,441,450,6,0,3,1,6,0,3,2,0,0,0,0,0,0
33100,9541,5230,443,378,1,2,7,2,5,1,3,0,0,0,0,0,0,0
33200,9536,5121,441,445,3,2,11,0,7,2,2,0,0,0,0,0,0,0
33300,9499,4921,482,287,4,0,4,1,8,3,3,1,0,0,0,0,0,0
33400,9450,5402,530,236,3,0,8,1,6,1,2,0,1,0,0,0,0,0
33500,9451,5234,534,237,1,1,11,3,2,2,1,1,0,0,0,0,0,0
33600,9407,6035,576,213,4,1,5,1,6,0,2,1,0,0,0,0,0,0
33700,9436,5538,549,233,3,1,6,0,5,1,1,1,0,0,0,0,0,0
33800,9477,5784,502,231,7,1,5,3,8,1,1,0,0,0,0,0,0,0
33900,9497,4707,490,257,3,0,2,6,5,1,3,0,0,0,0,0,0,0
34000,9464,4274,513,252,4,1,7,1,12,3,0,1,0,0,0,0,0,0
34100,9444,5042,533,160,4,4,3,3,14,1,1,1,1,0,0,0,0,0
34200,9396,4579,585,101,5,6,6,4,4,0,3,0,0,0,0,0,1,0
34300,9376,3987,609,127,5,6,9,0,1,1,0,3,0,0,0,0,0,0
34400,9321,4294,660,103,6,0,6,2,4,0,3,0,0,0,0,0,0,0
34500,9276,4218,711,104,6,2,4,0,1,2,2,0,0,0,0,0,0,0
34600,9297,3938,686,147,4,2,6,3,6,1,1,1,0,0,0,0,0,0
34700,9296,4246,685,245,2,2,10,1,4,6,2,1,1,0,0,0,0,0
34800,9296,4442,690,204,4,1,5,2,2,3,3,1,0,0,0,0,0,0
34900,9264,3897,726,231,1,0,5,1,1,1,3,0,0,0,0,0,0,0
35000,9269,3710,705,299,6,0,8,1,7,0,5,0,0,0,0,0,0,0
35100,9321,2716,666,298,4,1,5,0,4,0,0,0,0,0,0,0,0,0
35200,9323,3994,662,281,4,1,3,1,7,0,0,0,1,0,0,0,0,0
35300,9325,3291,654,279,5,1,6,2,8,4,2,0,0,0,0,0,0,0
35400,9339,3675,647,196,6,1,3,1,4,1,1,2,0,0,0,0,0,0
35500,9314,4485,668,166,2,0,9,2,6,4,1,0,0,0,0,0,0,0
35600,9340,4964,639,172,4,4,8,1,6,0,3,0,0,0,0,0,0,0
35700,9270,3970,714,245,3,1,7,0,4,3,2,0,0,0,0,0,0,0
35800,9276,4754,707,256,2,3,6,0,3,2,6,1,0,0,0,0,0,0
35900,9346,5287,635,186,3,4,9,0,6,2,1,0,0,0,0,0,0,0
36000,9364,5565,622,191,3,0,6,0,4,3,1,0,0,0,0,0,0,0
36100,9351,4955,624,197,6,2,6,4,8,2,5,0,0,0,0,0,0,0
36200,9365,3644,611,192,8,3,4,0,10,1,2,0,0,0,0,0,0,0
36300,9381,4607,602,182,4,1,4,0,7,4,2,0,0,0,0,0,0,0
36400,9345,4809,635,227,5,0,11,0,3,3,1,0,0,0,0,0,0,0
36500,9328,4578,658,377,7,1,3,2,3,0,1,0,0,0,0,0,0,0
36600,9294,4920,695,431,4,0,2,1,1,2,4,2,0,0,0,0,0,0
36700,9231,4998,754,400,2,1,9,0,3,1,1,0,0,0,0,0,0,0
36800,9245,5501,739,430,8,3,4,1,3,2,1,1,0,0,0,0,0,0
36900,9285,5080,705,561,4,0,1,2,4,0,1,0,0,0,0,0,0,0
37000,9297,5269,690,428,1,0,5,1,6,3,1,0,0,0,0,0,0,0
37100,9349,4711,635,488,3,0,1,2,8,2,4,0,0,0,0,0,0,0
37200,9361,4744,627,427,2,2,3,0,4,1,3,0,0,0,0,0,0,0
37300,9353,4630,635,534,3,0,2,1,7,3,0,0,0,0,0,0,0,0
37400,9393,5025,593,543,4,1,4,1,3,3,3,1,0,1,0,0,0,0
37500,9354,4414,630,425,1,2,13,5,1,0,1,0,0,0,0,0,0,0
37600,9398,4811,586,571,4,0,6,4,4,0,2,0,0,0,0,0,0,0
37700,9451,4091,532,391,3,0,6,0,6,1,2,0,0,0,0,0,0,0
37800,9458,4062,526,352,2,1,5,0,6,0,3,0,0,0,0,0,0,0
37900,9475,3871,510,430,3,1,3,1,6,0,3,1,0,0,0,0,0,0
38000,9508,3937,470,364,4,1,6,0,8,1,4,2,0,0,0,0,0,0
38100,9515,3538,462,312,5,2,6,2,12,1,0,0,0,0,0,0,0,0
38200,9523,3881,458,236,7,0,4,1,6,2,2,1,0,0,0,0,0,0
38300,9555,4042,427,221,5,1,3,1,5,1,5,0,0,0,0,0,0,0
38400,9510,4166,477,264,3,0,4,0,5,1,1,1,0,0,0,0,0,0
38500,9518,3893,463,257,8,0,2,0,7,1,2,2,0,0,0,0,0,0
38600,9527,4124,459,179,4,1,5,1,3,0,2,0,0,0,0,0,0,0
38700,9511,4653,476,226,2,1,3,1,6,0,2,0,0,0,0,0,0,0
38800,9477,4254,507,291,7,1,3,0,2,0,4,0,0,0,0,0,0,0
38900,9405,3544,581,143,4,0,5,2,2,2,3,0,0,0,0,0,0,0
39000,9425,3888,560,74,1,1,4,1,6,0,4,0,0,0,0,0,0,0
39100,9499,4200,491,77,1,0,4,4,5,1,0,0,0,0,0,0,0,0
39200,9564,5130,424,81,2,0,2,1,4,2,4,0,0,0,0,0,0,0
39300,9565,5241,424,80,3,0,1,1,6,1,1,0,0,0,0,0,0,0
39400,9562,3893,424,74,4,1,3,0,6,0,1,0,0,0,0,0,0,0
39500,9590,4323,396,91,4,0,3,0,5,2,2,1,0,0,0,0,0,0
39600,9620,3761,366,84,4,0,1,0,7,2,2,0,0,0,0,0,0,0
39700,9614,3715,375,80,4,1,2,2,4,3,1,0,0,0,0,0,0,0
39800,9618,4564,370,73,4,1,1,0,6,1,1,0,0,0,0,0,0,0
39900,9612,4923,382,85,1,0,0,3,3,2,2,2,0,0,0,0,0,0
40000,9560,4777,427,101,4,2,4,4,3,2,2,0,0,0,0,0,0,0
40100,9554,5094,432,104,7,2,3,0,2,1,2,0,0,0,0,0,0,0
40200,9565,4846,419,103,5,1,2,0,8,2,1,2,0,0,0,0,0,0
40300,9579,5386,404,103,7,4,4,0,4,0,2,0,0,0,0,0,0,0
40400,9592,5490,394,110,3,2,8,1,0,0,3,1,0,0,0,0,0,0
40500,9588,5771,394,145,5,0,6,1,3,1,4,1,0,0,0,0,0,0
40600,9598,5063,389,112,2,0,4,3,3,0,4,0,0,0,0,0,0,0
40700,9589,4011,394,109,3,0,6,0,6,1,2,1,0,0,0,0,0,0
40800,9599,4076,392,78,2,0,4,1,2,0,1,0,0,0,0,0,0,0
40900,9559,4405,433,61,2,0,3,0,2,3,1,1,0,0,0,0,0,0
41000,9576,4437,410,66,1,1,8,0,4,1,1,0,0,0,0,0,0,0
41100,9581,4317,407,59,4,1,3,1,4,3,1,0,0,0,0,0,0,0
41200,9550,4461,438,58,5,4,4,0,1,1,2,0,0,0,0,0,0,0
41300,9568,4536,424,58,4,2,1,2,1,1,2,0,0,0,0,0,0,0
41400,9618,4575,373,51,5,1,0,0,2,1,2,0,0,0,0,0,0,0
41500,9584,4780,402,52,7,1,1,1,5,0,1,0,0,0,0,0,0,0
41600,9625,5124,368,54,1,1,2,1,4,1,0,0,0,0,0,0,0,0
41700,9633,5371,357,52,1,3,1,2,7,3,1,0,0,0,0,0,0,0
41800,9642,5623,348,50,1,1,2,0,7,1,0,1,0,0,0,0,0,0
41900,9645,5964,342,73,2,0,4,0,5,2,2,0,0,0,0,0,0,0
42000,9651,5029,343,65,2,0,2,0,2,0,0,0,0,0,0,0,0,0
42100,9642,5373,347,59,4,1,4,1,3,1,0,0,0,0,0,0,0,0
42200,9662,4909,333,59,4,0,0,0,1,3,0,0,0,0,0,0,0,0
42300,9654,5004,335,56,4,0,0,1,6,1,1,0,0,0,0,0,0,0
42400,9679,5035,317,51,1,0,2,0,1,0,0,0,0,0,0,0,0,0
42500,9645,5164,345,51,2,0,5,0,3,1,0,1,0,0,0,0,0,0
42600,9593,4972,402,100,1,1,1,1,3,5,0,1,0,0,0,0,0,0
42700,9606,5594,384,122,1,0,4,0,3,2,2,0,0,0,0,0,0,0
42800,9657,4918,332,124,5,3,4,1,2,0,0,0,0,0,0,0,0,0
42900,9659,4237,331,124,2,0,1,0,5,2,2,0,0,0,0,0,0,0
43000,9713,5208,277,74,4,2,2,0,2,1,2,0,0,0,0,0,0,0
43100,9766,5409,220,105,2,0,4,0,7,1,1,0,0,0,0,0,0,0
43200,9770,4914,219,124,4,1,5,0,1,1,1,0,0,0,0,0,0,0
43300,9757,4909,226,117,4,1,5,1,8,0,0,0,0,0,0,0,0,0
43400,9752,3927,236,102,3,1,4,0,5,0,0,0,0,0,0,0,0,0
43500,9749,4118,242,94,1,0,4,0,2,4,2,0,0,0,0,0,0,0
43600,9742,4568,246,77,2,0,6,1,3,1,1,0,0,0,0,0,0,0
43700,9736,4843,253,98,4,0,3,0,3,0,1,0,0,0,0,0,0,0
43800,9752,4884,239,54,1,1,5,1,2,0,1,0,0,0,0,0,0,0
43900,9758,5040,229,55,6,1,4,1,2,0,1,2,0,0,0,0,0,0
44000,9748,4114,238,89,1,0,8,1,4,1,1,0,0,0,0,0,0,0
44100,9694,4658,292,115,4,1,3,0,7,0,0,0,0,0,0,0,0,0
44200,9682,4327,306,100,2,1,3,0,6,0,1,0,0,0,0,0,0,0
44300,9684,3762,304,150,6,0,4,1,1,1,1,2,0,0,0,0,0,0
44400,9693,3296,299,106,1,4,3,0,3,1,1,0,0,0,0,0,0,0
44500,9642,3173,347,91,2,3,5,7,3,0,1,1,0,0,0,0,0,0
44600,9664,4359,327,57,1,1,5,7,2,2,1,0,0,0,0,0,0,0
44700,9711,4638,275,54,5,1,2,0,6,2,1,0,0,0,0,0,0,0
44800,9774,3507,209,54,3,0,3,0,9,0,2,0,0,0,0,0,0,0
44900,9777,2831,210,57,2,1,6,0,4,1,1,1,0,0,0,0,0,0
45000,9777,2595,205,69,7,0,7,0,0,0,4,1,0,0,0,0,0,0
45100,9793,3478,196,60,1,0,5,0,3,0,2,0,0,0,0,0,0,0
45200,9796,2918,194,52,2,1,3,0,4,1,1,0,0,0,0,0,0,0
45300,9702,2563,284,52,4,0,4,0,5,1,1,0,0,0,0,0,0,0
45400,9739,2885,247,51,2,0,6,0,5,3,1,0,0,0,0,0,0,0
45500,9776,3114,212,50,4,1,5,1,1,0,2,0,0,0,0,0,0,0
45600,9767,3625,217,87,3,0,4,0,7,0,2,0,0,0,0,0,0,0
45700,9772,3971,210,91,3,0,8,0,4,1,3,0,0,0,0,0,0,0
45800,9820,3764,170,64,4,0,1,0,3,0,2,0,0,0,0,0,0,0
45900,9829,3763,150,53,5,3,8,1,7,1,1,0,0,0,0,0,0,0
46000,9781,3807,198,64,4,0,7,2,4,0,5,1,1,0,0,0,0,0
46100,9845,4319,140,54,3,1,5,0,5,0,2,1,0,0,0,0,0,0
46200,9858,3929,132,60,2,0,3,0,4,1,1,0,0,0,0,0,0,0
46300,9860,3814,132,63,1,1,4,0,3,0,0,0,0,0,0,0,0,0
46400,9864,3292,128,62,2,0,1,1,4,0,1,0,0,0,0,0,0,0
46500,9907,3498,80,55,4,0,6,0,1,0,2,1,0,0,0,0,0,0
46600,9902,3178,81,55,4,1,8,0,4,1,1,1,0,0,0,0,0,0
46700,9912,3964,76,55,3,0,5,1,3,0,1,0,0,0,0,0,0,0
46800,9868,3496,119,64,3,1,4,0,5,0,1,0,0,0,0,0,0,0
46900,9840,3140,150,48,1,0,2,0,5,3,2,0,0,0,0,0,0,0
47000,9854,3215,137,24,2,1,4,1,3,1,0,1,0,0,0,0,0,0
47100,9850,3110,131,58,5,0,7,0,5,1,2,1,0,0,0,0,0,0
47200,9858,3993,133,46,4,0,1,0,4,2,0,1,0,0,0,0,0,0
47300,9851,3944,139,19,2,1,0,0,7,3,1,1,0,0,0,0,0,0
47400,9839,3996,151,11,5,1,1,0,3,2,1,0,0,0,0,0,0,0
47500,9878,3096,110,8,5,1,1,1,6,1,0,0,0,0,0,0,0,0
47600,9892,3117,92,12,5,3,4,0,6,0,1,1,0,0,0,0,0,0
47700,9891,3426,96,9,3,0,6,1,2,0,2,0,0,0,0,0,0,0
47800,9897,3350,94,14,1,0,4,1,2,0,2,1,0,0,0,0,0,0
47900,9894,2776,98,9,1,1,1,1,6,1,0,0,0,0,0,0,0,0
48000,9852,3051,139,9,4,0,1,0,4,2,0,0,0,0,0,0,0,0
48100,9830,3766,158,19,1,0,6,0,3,0,2,0,0,0,0,0,0,0
48200,9830,3792,162,15,2,0,1,0,4,0,1,1,0,0,0,0,0,0
48300,9829,4233,159,10,4,0,3,2,4,2,1,0,0,0,0,0,0,0
48400,9832,4075,158,20,1,2,3,1,4,0,2,0,0,0,0,0,0,0
48500,9826,4568,164,114,4,0,2,0,3,1,1,1,0,0,0,0,0,0
48600,9825,3689,169,41,1,1,1,0,1,0,3,0,0,0,0,0,0,0
48700,9815,3523,169,17,2,0,6,0,7,3,1,0,0,0,0,0,0,0
48800,9806,3961,175,23,9,0,3,0,4,0,3,0,0,0,0,0,0,0
48900,9827,3898,162,14,5,0,0,0,5,0,1,0,0,0,0,0,0,0
49000,9776,4116,211,13,5,0,6,1,1,0,1,1,0,0,0,0,0,0
49100,9768,4285,224,11,3,1,0,5,4,2,1,0,0,0,0,0,0,0
49200,9767,3694,224,17,2,1,2,0,5,1,0,0,0,0,0,0,0,0
49300,9769,3424,224,18,3,1,0,1,4,2,0,1,0,0,0,0,0,0
49400,9775,2355,212,8,5,1,2,0,5,0,1,0,0,0,0,0,0,0
49500,9775,2989,213,9,4,0,5,0,2,0,1,1,0,0,0,0,0,0
49600,9768,3151,217,9,3,0,4,2,6,1,2,1,0,0,0,0,0,0
49700,9714,3285,278,8,4,2,2,1,2,0,0,1,0,0,0,0,0,0
49800,9677,2707,316,9,3,1,0,0,3,0,1,0,0,0,0,0,0,0
49900,9683,2792,305,16,5,1,3,1,3,1,1,1,0,0,0,0,0,0
50000,9694,3197,299,16,0,0,2,0,4,0,1,0,0,0,0,0,0,0
50100,9637,3174,358,21,1,0,0,1,4,0,0,0,0,0,0,0,0,0
50200,9661,4189,332,16,1,1,1,2,3,0,2,3,0,0,0,0,0,0
50300,9616,4356,375,22,3,0,1,0,2,0,3,0,0,0,0,0,0,0
50400,9562,4568,429,95,2,1,1,0,3,1,3,0,0,0,0,0,0,0
50500,9560,4817,424,118,5,2,3,0,7,1,1,0,0,0,0,0,0,0
50600,9619,4748,372,31,4,2,0,2,4,3,1,0,0,0,0,0,0,0
50700,9669,3248,317,15,2,1,4,2,6,1,2,0,0,0,0,0,0,0
50800,9640,2564,354,14,0,1,1,1,4,3,1,1,0,0,0,0,0,0
50900,9681,2943,308,14,4,0,2,2,3,0,2,0,0,0,0,0,0,0
51000,9707,3427,289,10,0,0,1,1,1,1,2,0,0,0,0,0,0,0
51100,9701,3551,291,14,2,1,2,1,4,1,0,0,0,0,0,0,0,0
51200,9703,3782,289,10,1,1,3,0,4,1,0,0,0,0,0,0,0,0
51300,9688,3220,302,14,4,4,3,0,3,1,0,0,0,0,0,0,0,0
51400,9687,3649,298,9,2,0,8,1,1,2,4,0,0,0,0,0,0,0
51500,9634,3499,355,8,4,0,5,1,2,1,0,0,0,0,0,0,0,0
51600,9602,3524,381,10,4,2,6,0,3,3,4,0,0,0,0,0,0,0
51700,9578,3899,414,9,1,5,3,0,4,0,0,1,0,0,0,0,0,0
51800,9595,3850,391,12,4,1,4,0,5,1,1,0,0,0,0,0,0,0
51900,9707,3453,277,12,7,0,4,0,4,2,1,0,0,0,0,0,0,0
52000,9738,3575,245,10,1,1,13,1,2,0,1,0,0,0,0,0,0,0
52100,9732,3980,247,10,0,1,11,0,9,0,1,0,0,0,0,0,0,0
52200,9800,4100,189,10,3,0,3,0,3,0,2,1,0,0,0,0,0,0
52300,9785,4139,194,16,5,0,12,1,2,0,2,0,0,0,0,0,0,0
52400,9780,3854,198,8,2,0,10,4,9,1,1,0,0,0,0,0,0,0
52500,9757,3898,229,9,2,0,7,5,4,1,1,0,0,0,0,0,0,0
52600,9744,4351,241,20,3,2,8,0,2,1,2,0,0,0,0,0,0,0
52700,9750,4067,235,16,5,0,2,0,6,0,2,1,0,0,0,0,0,0
52800,9702,4149,279,18,3,1,9,2,5,1,2,1,0,0,0,0,0,0
52900,9683,4399,305,25,2,0,7,0,3,2,0,0,0,0,0,0,0,0
53000,9684,4030,305,20,2,0,9,1,0,0,0,0,0,0,0,0,0,0
53100,9675,3429,310,8,1,0,8,4,4,1,2,1,0,0,0,0,0,0
53200,9598,3520,391,17,5,0,5,2,1,0,0,0,0,0,0,0,0,0
53300,9575,3821,407,23,4,0,9,0,3,0,2,1,0,0,0,0,0,0
53400,9532,3646,458,14,2,0,4,0,2,0,2,0,0,0,0,0,0,0
53500,9522,3900,465,9,3,5,5,0,3,1,2,1,0,0,0,0,0,0
53600,9505,4010,482,12,2,6,1,3,5,0,5,1,0,0,0,0,0,0
53700,9520,3756,460,10,4,0,6,6,8,1,2,0,0,0,0,0,0,0
53800,9512,3553,477,19,2,0,2,3,7,1,0,0,0,0,0,0,0,0
53900,9504,2941,474,10,8,0,4,0,8,0,2,0,0,0,0,0,0,0
54000,9504,3398,479,12,7,2,5,1,5,1,0,0,0,0,0,0,0,0
54100,9493,3184,492,14,6,0,4,1,2,1,2,0,1,0,0,0,0,0
54200,9501,3352,489,15,2,0,4,0,3,1,1,0,0,0,0,0,0,0
54300,9514,3491,467,20,3,1,10,0,5,0,1,0,0,0,0,0,0,0
54400,9544,3715,442,42,4,0,5,1,4,0,1,0,0,0,0,0,0,0
54500,9559,3284,434,37,3,0,1,0,3,0,0,0,0,0,0,0,0,0
54600,9606,3735,381,23,4,1,7,1,2,1,0,0,0,0,0,0,0,0
54700,9612,3831,377,18,1,0,6,1,2,1,2,0,0,0,0,0,0,0
54800,9606,4245,380,18,0,2,5,0,8,0,1,0,0,0,0,0,0,0
54900,9602,3443,387,21,2,0,3,1,4,0,2,0,0,0,0,0,0,0
55000,9597,4009,385,33,2,0,7,1,7,1,2,0,0,0,0,0,0,0
55100,9608,4175,383,106,4,0,1,2,4,0,0,0,0,0,0,0,0,0
55200,9610,3551,380,86,2,0,5,2,2,0,1,0,0,0,0,0,0,0
55300,9602,3859,388,19,5,1,1,0,1,1,3,1,0,0,0,0,0,0
55400,9600,3861,386,20,1,0,4,1,8,0,1,0,0,0,0,0,0,0
55500,9583,4020,406,14,3,0,2,0,3,0,3,0,0,0,0,0,0,0
55600,9571,3691,421,24,4,0,1,1,3,1,0,0,0,0,0,0,0,0
55700,9604,3731,386,15,1,1,3,0,3,1,3,0,0,0,0,0,0,0
55800,9605,3981,382,16,4,0,4,2,4,0,1,0,0,0,0,0,0,0
55900,9603,3841,383,26,4,0,5,4,3,0,2,0,0,0,0,0,0,0
56000,9546,2915,437,56,4,2,8,1,4,4,1,0,0,0,0,0,0,0
56100,9544,3247,442,69,4,1,3,0,7,1,0,0,0,0,0,0,0,0
56200,9593,3847,396,17,1,3,5,0,4,0,1,1,0,0,0,0,0,0
56300,9626,4303,366,15,2,0,3,1,3,1,0,0,0,0,0,0,0,0
56400,9576,4359,406,27,6,1,4,0,6,3,2,0,0,0,0,0,0,0
56500,9521,4155,469,28,4,1,0,2,5,0,1,0,0,0,0,0,0,0
56600,9471,4453,519,32,5,0,2,0,2,0,1,0,0,0,0,0,0,0
56700,9466,4836,526,27,3,0,1,0,3,0,1,0,0,0,0,0,0,0
56800,9459,4717,535,20,0,1,4,2,2,0,0,0,0,0,0,0,0,0
56900,9527,4318,462,20,2,0,3,0,5,0,1,0,0,0,0,0,0,0
57000,9608,3703,383,27,0,4,3,0,3,1,3,0,0,0,0,0,0,0
57100,9650,3770,343,18,2,1,0,1,4,0,1,0,0,0,0,0,0,0
57200,9595,4297,396,20,4,1,0,4,5,1,0,0,0,0,0,0,0,0
57300,9598,3794,395,19,1,1,3,3,2,0,1,1,0,0,0,0,0,0
57400,9594,3503,396,9,1,0,5,0,3,0,1,0,0,0,0,0,0,0
57500,9591,3025,394,17,6,0,5,0,4,1,0,2,0,0,0,0,0,0
57600,9598,2758,390,24,6,1,2,0,4,0,0,0,0,0,0,0,0,0
57700,9563,3264,428,22,3,0,5,0,1,0,0,0,0,0,0,0,0,0
57800,9546,3516,445,17,2,1,5,0,1,2,1,0,0,0,0,0,0,0
57900,9548,4540,445,38,1,0,3,0,2,4,1,0,0,0,0,0,0,0
58000,9554,4204,439,19,1,0,6,0,0,3,0,0,0,0,0,0,0,0
58100,9546,4369,433,18,6,0,7,1,7,1,1,0,0,0,0,0,0,0
58200,9550,4171,441,20,2,1,4,1,3,2,0,0,0,0,0,0,0,0
58300,9579,3707,401,22,0,0,13,0,4,3,3,0,0,0,0,0,0,0
58400,9610,4279,382,61,1,1,3,1,1,1,3,0,0,0,0,0,0,0
58500,9606,4486,381,83,2,1,6,0,3,0,2,0,0,0,0,0,0,0
58600,9600,4138,393,33,2,0,4,1,1,1,0,1,0,0,0,0,0,0
58700,9586,4551,404,37,2,0,5,0,2,2,1,0,0,0,0,0,0,0
58800,9559,3978,431,36,1,1,5,0,4,0,0,2,0,0,0,0,0,0
58900,9530,3738,461,27,1,1,1,0,5,1,2,1,0,0,0,0,0,0
59000,9485,3756,494,31,5,0,5,1,8,0,3,0,0,0,0,0,0,0
59100,9509,3732,481,34,2,1,3,1,5,3,0,1,0,0,0,0,0,0
59200,9551,4511,435,43,2,0,5,2,6,0,1,0,0,0,0,0,0,0
59300,9569,4219,416,24,3,3,8,0,2,1,2,0,0,0,0,0,0,0
59400,9633,3947,358,24,5,0,2,0,2,0,0,1,0,0,0,0,0,0
59500,9627,3472,364,20,1,0,4,0,3,0,1,1,0,0,0,0,0,0
59600,9623,3177,359,17,2,0,8,1,7,0,1,0,0,0,0,0,0,0
59700,9633,3012,360,13,1,0,5,2,1,1,0,1,0,0,0,0,0,0
59800,9632,3350,362,12,3,0,0,1,2,0,1,0,0,0,0,0,0,0
59900,9649,3491,339,13,4,1,3,0,2,1,3,1,0,0,0,0,0,0
60000,9624,3476,366,17,2,1,3,0,3,2,2,1,0,0,0,0,0,0
60100,9616,3751,376,28,2,1,1,1,3,2,2,0,0,0,0,0,0,0
60200,9613,3292,379,16,2,0,1,0,4,2,1,0,0,0,0,0,0,0
60300,9640,3093,344,13,4,0,5,0,5,0,2,0,0,0,0,0,0,0
60400,9642,3225,357,11,0,1,0,0,1,0,0,0,0,0,0,0,0,0
60500,9619,3022,375,100,0,1,2,1,2,0,2,1,0,0,0,0,0,0
60600,9611,2703,381,110,4,0,0,0,3,0,1,0,0,1,0,0,0,0
60700,9578,2894,414,25,3,0,3,1,1,3,0,0,1,0,0,0,0,0
60800,9589,3504,395,11,4,1,1,0,11,0,0,0,0,0,0,0,0,0
60900,9633,3387,360,19,3,0,2,0,2,1,0,0,0,0,0,0,0,0
61000,9639,3562,355,25,2,1,0,1,4,2,0,2,0,0,0,0,0,0
61100,9690,4348,297,32,3,1,1,0,6,0,3,0,0,0,0,0,0,0
61200,9697,4517,292,118,4,2,1,0,5,1,1,0,0,0,0,0,0,0
61300,9661,4934,328,55,3,2,4,0,4,0,0,0,0,0,0,0,0,0
61400,9656,4986,334,34,3,0,3,2,2,0,1,0,1,0,0,0,0,0
61500,9709,4754,289,36,0,2,0,0,1,0,1,0,0,0,0,0,0,0
61600,9715,3840,279,35,1,1,1,0,2,1,2,0,0,0,0,0,0,0
61700,9761,2885,238,24,0,0,0,0,1,0,0,0,0,0,0,0,0,0
61800,9830,2583,162,14,2,0,1,1,2,0,3,0,0,0,0,0,0,0
61900,9871,2662,122,12,2,3,1,0,4,0,0,1,0,0,0,0,0,0
62000,9864,2783,126,11,2,0,2,0,5,1,1,0,0,0,0,0,0,0
62100,9863,3048,132,13,2,6,0,0,3,2,0,2,0,0,0,0,0,0
62200,9880,3872,114,13,1,1,1,0,3,0,1,0,0,0,0,0,0,0
62300,9887,4571,101,13,5,1,2,1,4,2,1,0,0,0,0,0,0,0
62400,9888,3601,103,11,2,9,3,0,3,1,1,1,0,0,0,0,0,0
62500,9871,3331,116,14,3,16,0,0,9,1,1,0,0,0,0,0,0,0
62600,9869,3933,115,16,5,3,2,1,9,1,0,0,0,0,0,0,0,0
62700,9881,3714,109,52,2,1,0,2,6,1,2,0,0,0,0,0,0,0
62800,9878,3205,111,31,5,2,1,0,4,3,1,0,0,0,0,0,0,0
62900,9873,3475,121,12,0,1,4,2,1,1,1,0,0,0,0,0,0,0
63000,9863,2989,128,12,4,4,2,2,2,0,1,1,0,0,0,0,0,0
63100,9884,2910,103,20,3,0,2,0,6,1,2,1,0,0,0,0,0,0
63200,9896,3006,90,18,2,2,3,1,9,0,0,0,0,0,0,0,0,0
63300,9908,2406,87,14,2,1,2,0,1,1,0,0,0,0,0,0,0,0
63400,9904,2344,83,17,2,3,5,1,4,1,2,0,0,0,0,0,0,0
63500,9961,2797,32,14,0,0,2,1,5,0,0,0,0,0,0,0,0,0
63600,9969,3230,25,13,2,3,3,2,0,0,1,0,0,0,0,0,0,0
63700,9966,3478,21,17,4,1,3,0,5,0,1,0,0,0,0,0,0,0
63800,9972,3493,23,10,0,0,0,0,4,3,1,0,0,0,0,0,0,0
63900,9963,4662,33,12,1,3,1,0,1,0,1,0,0,0,0,0,0,0
64000,9960,4995,30,96,3,1,3,1,3,0,1,0,0,0,0,0,0,0
64100,9960,4746,32,81,1,0,1,0,6,0,0,0,0,0,0,0,0,0
64200,9957,4612,38,18,0,0,2,0,2,1,1,0,0,0,0,0,0,0
64300,9950,4142,37,23,3,0,4,0,3,0,3,0,0,0,0,0,0,0
64400,9952,3710,40,22,1,0,4,0,3,1,0,0,0,0,0,0,0,0
64500,9963,4163,32,20,1,0,3,3,1,1,0,0,0,0,0,0,0,0
64600,9953,4504,38,26,2,0,4,1,1,0,2,2,0,0,0,0,0,0
64700,9951,4282,34,13,4,0,5,0,4,3,2,0,0,0,0,0,0,0
64800,9948,4223,35,15,4,0,6,0,5,0,2,0,0,0,0,0,0,0
64900,9965,4075,25,12,2,0,0,2,4,0,4,0,0,0,0,0,0,0
65000,9967,4953,28,21,3,1,0,3,2,3,0,0,0,0,0,0,0,0
65100,9974,5139,18,14,1,0,2,0,4,0,1,0,0,0,0,0,0,0
65200,9969,4384,19,18,4,3,2,1,3,1,0,2,3,0,0,0,0,0
65300,9964,4505,23,23,3,0,5,1,5,0,0,0,0,0,0,0,0,0
65400,9921,4118,68,21,2,0,8,1,1,0,0,0,0,0,0,0,0,0
65500,9918,4955,71,13,3,0,3,0,4,1,1,1,0,0,0,0,0,0
65600,9917,4266,64,21,4,1,8,1,2,1,5,0,0,0,0,0,0,0
65700,9923,3636,64,26,3,0,6,0,2,2,2,2,0,0,0,0,0,0
65800,9922,3299,64,20,1,0,7,0,3,0,2,0,1,0,0,0,0,0
65900,9921,3650,65,13,3,1,6,0,4,0,1,0,0,0,0,0,0,0
66000,9932,3869,60,10,1,1,2,0,5,1,0,0,0,0,0,0,0,0
66100,9925,4279,61,11,5,0,7,0,1,0,1,0,0,0,0,0,0,0
66200,9919,5005,60,16,4,0,9,0,4,0,4,1,0,0,0,0,0,0
66300,9928,4435,60,12,2,0,6,0,1,1,3,0,0,0,0,0,0,0
66400,9926,4394,59,11,3,1,7,0,3,0,2,0,0,0,0,0,0,0
66500,9908,4750,80,20,4,0,4,2,3,0,1,0,0,0,0,0,0,0
66600,9893,4112,96,10,2,0,5,1,2,0,2,0,0,0,0,0,0,0
66700,9892,4263,93,10,1,2,8,0,5,0,1,0,0,0,0,0,0,0
66800,9902,5057,90,10,1,0,3,0,3,2,1,0,0,0,0,0,0,0
66900,9866,4851,122,16,2,0,7,0,2,0,1,0,0,0,0,0,0,0
67000,9870,4533,123,11,2,0,3,0,2,1,0,0,0,0,0,0,0,0
67100,9864,4351,120,10,3,1,9,4,4,0,0,0,0,0,0,0,0,0
67200,9883,4426,105,10,3,0,5,0,2,1,2,0,0,0,0,0,0,0
67300,9916,4862,73,13,2,0,5,0,1,0,3,0,0,0,0,0,0,0
67400,9917,4666,72,14,2,1,9,0,0,1,0,0,0,0,0,0,0,0
67500,9919,5179,74,10,2,0,3,2,1,0,1,0,0,0,0,0,0,0
67600,9906,4711,83,14,3,1,4,1,4,0,0,0,0,0,0,0,0,0
67700,9902,4603,89,26,2,5,4,2,3,1,0,0,0,0,0,0,0,0
67800,9916,4053,77,13,2,1,1,3,3,4,1,2,0,0,0,0,0,0
67900,9918,2986,69,10,1,0,9,2,2,2,1,0,0,0,0,0,0,0
68000,9918,3746,73,10,1,2,5,2,2,0,1,0,0,0,0,0,0,0
68100,9914,3846,73,12,1,0,5,0,4,1,3,0,0,0,0,0,0,0
68200,9909,4691,77,57,1,0,8,0,4,2,1,1,0,0,0,0,0,0
68300,9908,4261,82,10,3,1,5,2,2,2,0,0,0,0,0,0,0,0
68400,9890,4195,92,105,3,1,10,0,5,1,0,0,0,0,0,0,0,0
68500,9897,3764,94,17,3,1,5,1,0,0,1,0,0,0,0,0,0,0
68600,9894,3607,97,17,2,1,4,3,1,1,2,0,0,0,0,0,0,0
68700,9880,3358,108,22,2,1,5,0,5,0,0,0,0,0,0,0,0,0
68800,9882,3666,106,11,4,0,3,0,4,0,1,0,0,0,0,0,0,0
68900,9894,3673,101,10,0,1,1,1,2,0,2,0,0,0,0,0,0,0
69000,9892,3351,101,24,2,0,1,0,2,1,2,0,0,0,0,0,0,0
69100,9888,3485,103,11,2,0,1,0,3,1,3,0,0,0,0,0,0,0
69200,9886,3593,108,11,1,0,2,0,2,0,1,0,0,0,0,0,0,0
69300,9880,3795,111,22,2,2,2,1,4,1,1,1,0,0,0,0,0,0
69400,9881,3362,110,16,0,0,7,2,2,0,0,0,0,0,0,0,0,0
69500,9888,3126,107,12,1,0,2,1,1,0,1,0,0,0,0,0,0,0
69600,9875,3142,109,15,3,1,7,1,3,2,3,0,0,0,0,0,0,0
69700,9883,4367,107,13,3,1,2,0,4,2,1,0,0,0,0,0,0,0
69800,9881,4187,107,11,1,0,6,0,2,3,2,0,1,0,0,0,0,0
69900,9897,4572,96,11,4,1,1,2,2,1,0,0,0,0,0,0,0,0
70000,9894,4180,93,10,4,1,4,1,2,0,3,0,0,0,0,0,0,0
70100,9893,4811,97,10,3,0,2,0,4,1,1,0,0,0,0,0,0,0
70200,9894,4577,100,11,0,0,1,2,4,0,1,0,0,0,0,0,0,0
70300,9882,4570,114,14,0,0,1,0,3,3,0,0,0,0,0,0,0,0
70400,9880,4100,108,13,6,1,2,1,2,0,2,1,0,0,0,0,0,0
70500,9878,4320,108,23,4,0,5,0,5,0,0,0,0,0,0,0,0,0
70600,9882,4093,109,30,2,1,2,0,4,0,1,0,0,0,0,0,0,0
70700,9868,4190,122,27,2,1,3,3,4,0,1,0,0,0,0,0,0,0
70800,9869,3495,123,23,2,2,1,0,2,1,3,0,0,0,0,0,0,0
70900,9904,3311,84,20,4,1,5,0,2,0,1,0,0,0,0,0,0,0
71000,9889,3005,88,12,5,4,7,4,10,0,1,0,0,0,0,0,0,0
71100,9846,3140,141,18,3,6,4,7,5,5,1,0,0,0,0,0,0,0
71200,9851,3361,136,44,6,8,6,1,1,1,0,1,0,0,0,0,0,0
71300,9842,3256,139,23,6,0,9,0,2,2,2,0,0,0,0,0,0,0
71400,9853,3254,139,20,3,2,3,0,1,1,1,0,0,0,0,0,0,0
71500,9886,3271,104,14,1,1,1,1,4,0,4,3,0,0,0,0,0,0
71600,9920,3316,71,13,5,2,1,0,3,1,0,0,0,0,0,0,0,0
71700,9915,2776,71,28,2,1,7,1,4,0,1,0,0,0,0,0,0,0
71800,9917,3409,70,24,4,0,6,0,3,0,0,2,0,0,0,0,0,0
71900,9911,3047,67,14,1,1,15,0,5,2,1,0,0,0,0,0,0,0
72000,9931,3164,57,16,4,0,5,0,3,3,0,0,0,0,0,0,0,0
72100,9932,3905,59,13,0,2,7,0,1,0,1,0,0,0,0,0,0,0
72200,9922,3475,60,19,5,0,7,0,4,1,2,0,0,0,0,0,0,0
72300,9967,3540,20,14,3,1,7,1,2,0,1,0,0,0,0,0,0,0
72400,9989,4985,2,17,0,0,6,1,3,0,0,0,0,0,0,0,0,0
72500,9979,4066,0,12,8,0,8,1,4,1,1,1,0,0,0,0,0,0
72600,9990,3950,1,10,1,1,6,0,2,1,0,1,0,0,0,0,0,0
72700,9987,3818,1,43,3,2,3,1,6,1,0,0,0,0,0,0,0,0
72800,9993,4603,0,4,1,1,4,1,2,1,0,1,0,0,0,0,0,0
72900,9990,4425,1,4,3,0,3,1,3,1,0,1,0,0,0,0,0,0
73000,9988,3874,2,2,2,1,4,0,3,0,1,0,0,0,0,0,0,0
73100,9994,3724,1,0,2,1,2,0,0,0,1,0,0,0,0,0,0,0
73200,9986,3503,0,4,1,0,6,0,7,1,0,0,0,0,0,0,0,0
73300,9988,3410,1,3,3,1,3,2,2,3,3,0,0,0,0,0,0,0
73400,9990,3841,3,4,4,1,1,2,1,0,1,0,0,0,0,0,0,0
73500,9985,3455,5,5,0,0,5,0,4,1,1,0,0,0,0,0,0,0
73600,9983,2529,3,18,3,0,6,0,3,4,1,0,1,0,0,0,0,0
73700,9991,2703,1,46,1,1,4,0,3,1,0,0,0,0,0,0,0,0
73800,9987,3498,2,19,2,0,4,0,5,0,0,2,0,0,0,0,0,0
73900,9980,3354,6,7,4,1,8,0,1,1,1,0,0,0,0,0,0,0
74000,9981,3423,5,3,2,1,7,1,5,0,0,1,0,0,0,0,0,0
74100,9982,3741,3,1,5,1,6,0,2,0,2,0,0,0,0,0,0,0
74200,9984,4002,4,61,4,1,4,1,3,1,1,1,0,0,0,0,0,0
74300,9979,3473,6,23,2,1,7,1,5,0,1,0,0,0,0,0,0,0
74400,9986,3569,4,26,4,1,1,0,3,1,2,0,0,0,0,0,0,0
74500,9987,3502,4,13,1,1,2,1,4,1,2,0,0,0,0,0,0,0
74600,9987,3730,4,15,2,1,3,1,4,1,0,1,0,0,0,0,0,0
74700,9975,3474,6,1,7,1,5,0,6,0,1,0,0,0,0,0,0,0
74800,9989,3390,1,1,2,0,5,0,0,0,3,0,0,0,0,0,0,0
74900,9984,3552,0,3,3,1,6,1,5,1,2,0,0,0,0,0,0,0
75000,9988,4034,5,3,1,2,3,0,2,0,1,0,0,0,0,0,0,0
75100,9978,3448,5,3,2,3,6,0,8,1,1,1,0,0,0,0,0,0
75200,9985,3454,4,1,3,1,5,0,0,0,3,0,0,0,0,0,0,0
75300,9977,3607,5,3,5,0,6,0,6,2,0,0,1,0,0,0,0,0
75400,9988,4142,4,4,1,1,6,0,1,1,0,0,0,0,0,0,0,0
75500,9986,4133,5,5,3,1,3,1,2,0,1,0,0,0,0,0,0,0
75600,9984,4112,3,1,2,1,7,0,3,2,1,1,0,0,0,0,0,0
75700,9990,4567,3,2,2,0,3,1,1,1,1,0,0,0,0,0,0,0
75800,9984,4286,0,3,3,1,4,1,7,0,2,0,0,0,0,0,0,0
75900,9992,4185,1,8,1,3,0,2,5,2,0,0,1,0,0,0,0,0
76000,9990,4566,1,6,2,0,3,0,3,1,1,0,0,0,0,0,0,0
76100,9980,4036,6,4,2,0,7,0,2,0,3,1,0,0,0,0,0,0
76200,9987,3547,1,0,5,3,3,1,4,2,0,0,0,0,0,0,0,0
76300,9987,3506,5,1,2,0,3,0,2,1,1,0,0,0,0,0,0,0
76400,9985,3459,2,2,5,0,2,0,2,2,4,1,0,1,0,0,0,0
76500,9978,3297,8,0,1,1,7,4,4,0,2,0,0,0,0,0,0,0
76600,9978,3164,6,2,3,1,5,0,6,0,2,1,0,0,0,0,0,0
76700,9986,3855,3,4,3,0,1,1,5,1,2,0,0,0,0,0,0,0
76800,9989,4543,4,19,0,0,4,0,2,0,1,1,0,0,0,0,0,0
76900,9981,4323,4,2,4,0,8,1,2,1,1,1,0,0,0,0,0,0
77000,9968,4406,27,3,1,0,2,0,1,3,1,0,0,0,0,0,0,0
77100,9929,4503,56,0,5,0,5,1,5,0,0,0,0,0,0,0,0,0
77200,9904,4717,85,0,2,0,2,0,5,2,1,0,1,0,0,0,0,0
77300,9903,4330,89,3,3,0,1,1,2,1,2,0,0,0,0,0,0,0
77400,9907,4604,88,5,2,1,0,3,0,0,3,0,0,0,0,0,0,0
77500,9898,4590,96,5,0,0,1,1,4,1,1,0,0,0,0,0,0,0
77600,9888,5120,102,0,3,1,4,0,2,0,1,0,0,0,0,0,0,0
77700,9879,4356,114,0,3,1,1,0,2,4,1,0,0,0,0,0,0,0
77800,9902,4078,88,9,1,0,7,0,2,1,0,0,0,0,0,0,0,0
77900,9906,4499,70,8,4,0,13,1,7,0,0,0,0,0,0,0,0,0
78000,9901,4247,73,14,5,0,19,0,2,1,0,0,0,0,0,0,0,0
78100,9897,4602,85,3,3,0,10,1,4,0,1,0,0,0,0,0,0,0
78200,9907,4230,84,4,1,1,1,1,4,1,3,1,0,0,0,0,0,0
78300,9911,4349,75,0,4,0,4,2,6,2,0,0,0,0,0,0,0,0
78400,9917,3957,75,1,4,0,3,0,1,0,0,1,0,0,0,0,0,0
78500,9918,4314,71,4,2,1,7,3,1,1,1,0,0,0,0,0,0,0
78600,9916,4581,73,1,3,0,5,1,1,0,2,0,0,0,0,0,0,0
78700,9911,4593,73,3,3,0,10,0,2,1,1,0,0,0,0,0,0,0
78800,9917,5765,70,1,0,1,8,0,2,0,2,0,1,0,0,0,0,0
78900,9912,5571,75,0,1,4,6,0,3,2,3,1,0,0,0,0,0,0
79000,9913,4569,69,3,1,2,11,0,5,2,1,0,0,0,0,0,0,0
79100,9912,5199,74,7,1,0,9,0,3,1,1,0,0,0,0,0,0,0
79200,9909,4841,72,2,4,0,11,1,3,1,1,0,0,0,0,0,0,0
79300,9913,4920,71,11,3,0,12,2,1,1,0,1,0,0,0,0,0,0
79400,9919,4719,71,2,0,0,5,0,4,0,1,0,0,0,0,0,0,0
79500,9919,4388,71,31,2,1,3,1,3,2,2,2,0,0,0,0,0,0
79600,9910,4267,75,103,2,1,13,1,0,0,0,0,0,0,0,0,0,0
79700,9915,4492,73,4,1,1,9,0,1,1,1,1,0,0,0,0,0,0
79800,9923,5194,69,8,2,0,4,1,2,2,0,0,0,0,0,0,0,0
79900,9927,4842,61,0,2,0,7,3,3,1,0,0,0,0,0,0,0,0
80000,9955,4931,25,25,4,0,10,1,5,1,1,0,0,0,0,0,0,0
80100,9984,4908,0,8,1,5,10,4,3,0,2,1,0,0,0,0,0,0
80200,9990,4932,0,7,2,1,2,0,5,0,1,1,0,0,0,0,0,0
80300,9989,4531,1,21,0,0,5,1,2,0,1,0,2,0,0,0,0,0
80400,9992,4874,4,22,0,1,2,2,1,0,1,0,0,0,0,0,0,0
80500,9984,3982,5,15,2,1,5,7,3,0,1,1,0,0,0,0,0,0
80600,9961,4158,36,17,1,1,2,0,0,0,0,0,0,0,0,0,0,0
80700,9926,4375,68,18,1,0,2,0,2,2,1,1,0,0,0,0,0,0
80800,9924,4571,68,24,1,0,2,1,2,1,3,0,0,0,0,0,0,0
80900,9924,4794,66,53,2,5,5,1,2,0,1,1,0,0,0,0,0,0
81000,9920,4505,73,77,1,1,0,0,6,0,0,0,0,0,0,0,0,0
81100,9915,4750,80,36,1,2,3,4,0,1,1,1,0,0,0,0,0,0
81200,9908,4129,82,9,1,1,9,1,0,1,0,0,0,0,0,0,0,0
81300,9872,4147,116,4,4,0,5,0,2,1,1,1,0,0,0,0,0,0
81400,9852,4186,139,8,1,0,4,0,1,2,3,0,0,0,0,0,0,0
81500,9856,4953,138,9,1,1,1,1,2,0,1,0,1,0,0,0,0,0
81600,9849,4650,140,3,5,1,2,1,4,0,0,0,0,0,0,0,0,0
81700,9857,3979,139,0,0,0,1,1,2,1,1,0,0,0,0,0,0,0
81800,9900,4118,90,4,2,1,6,2,2,1,0,0,0,0,0,0,0,0
81900,9921,4071,68,6,5,0,2,2,2,1,2,1,0,0,0,0,0,0
82000,9940,4819,49,4,5,3,2,1,3,4,1,1,0,0,0,0,0,0
82100,9983,4770,9,15,2,8,0,1,6,2,0,1,0,0,0,0,0,0
82200,9983,4875,11,21,1,1,3,1,1,0,1,0,0,0,0,0,0,0
82300,9980,5405,10,5,3,2,5,2,0,3,2,0,0,0,0,0,0,0
82400,9978,5478,10,2,3,1,3,1,4,1,2,1,0,0,0,0,0,0
82500,9982,6151,9,4,1,0,6,1,2,1,0,0,0,0,0,0,0,0
82600,9973,5055,13,2,4,0,2,1,7,3,1,0,0,0,0,0,0,0
82700,9985,4755,9,3,0,0,4,0,1,5,1,0,0,0,0,0,0,0
82800,9974,5354,11,0,3,1,6,0,6,2,0,0,0,0,0,0,0,0
82900,9969,4869,11,6,4,1,11,1,3,1,2,0,0,0,0,0,0,0
83000,9984,4629,0,6,3,1,5,0,5,1,3,0,0,0,0,0,0,0
83100,9988,4406,0,2,6,0,3,1,3,0,0,1,0,0,0,0,0,0
83200,9983,5031,4,6,2,2,1,1,7,4,3,1,0,0,0,0,0,0
83300,9976,4058,12,2,3,1,4,3,3,1,2,0,0,0,0,0,0,0
83400,9978,3804,17,1,1,1,0,5,3,0,1,0,0,0,0,0,0,0
83500,9976,4348,16,6,1,0,3,1,3,0,1,0,0,0,0,0,0,0
83600,9977,4500,16,2,0,1,2,0,5,0,0,0,0,0,0,0,0,0
83700,9969,3319,15,1,7,1,1,1,6,0,2,1,0,0,0,0,0,0
83800,9983,3139,7,4,2,0,4,0,3,2,1,0,0,0,0,0,0,0
83900,9981,3451,5,5,2,0,5,0,6,1,1,0,0,0,0,0,0,0
84000,9983,4250,5,3,4,0,2,0,3,2,3,0,0,0,0,0,0,0
84100,9986,3860,4,1,4,0,1,0,2,0,3,0,0,0,0,0,0,0
84200,9980,4289,9,0,4,0,3,1,3,1,1,0,0,0,0,0,0,0
84300,9989,3556,7,7,2,1,1,0,0,1,1,0,0,0,0,0,0,0
84400,9981,3733,9,1,2,0,4,0,4,0,0,0,0,0,0,0,0,0
84500,9978,3580,9,4,3,1,0,1,5,0,4,0,1,0,0,0,0,0
84600,9981,3849,8,4,1,0,3,0,4,3,3,1,0,0,0,0,0,0
84700,9976,4940,8,6,6,0,2,0,5,0,1,0,2,0,0,0,0,0
84800,9983,4848,10,2,2,1,0,0,4,2,1,1,0,0,0,0,0,0
84900,9979,4588,12,2,2,0,1,0,4,3,2,1,0,0,0,0,0,0
85000,9984,4299,6,2,2,0,2,0,6,1,0,0,0,0,0,0,0,0
85100,9977,3997,8,4,4,0,5,1,4,0,2,0,0,0,0,0,0,0
85200,9986,3754,6,15,1,2,3,0,4,0,0,0,0,0,0,0,0,0
85300,9982,4481,10,13,1,0,1,1,6,2,0,0,0,0,0,0,0,0
85400,9982,5158,8,13,2,3,2,4,3,1,3,0,0,0,0,0,0,0
85500,9981,4359,7,2,6,0,0,3,6,0,0,1,0,0,0,0,0,0
85600,9986,4202,7,3,1,0,3,2,2,2,1,0,0,0,0,0,0,0
85700,9979,5151,7,3,3,0,7,2,2,0,2,0,0,0,0,0,0,0
85800,9982,4967,7,3,3,0,4,1,4,0,0,1,0,0,0,0,0,0
85900,9974,5271,7,23,5,0,5,1,7,0,2,0,0,0,0,0,0,0
86000,9977,4972,12,21,5,0,0,0,6,0,0,0,0,0,0,0,0,0
86100,9974,4305,11,94,4,1,6,0,3,3,1,0,1,0,0,0,0,0
86200,9973,4752,19,1,1,4,1,0,3,0,2,1,1,0,0,0,0,0
86300,9966,5362,24,2,1,1,3,1,4,1,2,0,0,0,0,0,0,0
86400,9970,5316,25,2,2,0,2,0,1,3,0,0,0,0,0,0,0,0
86500,9971,4743,21,1,3,1,1,3,3,2,1,0,0,0,0,0,0,0
86600,9970,4952,20,0,1,1,3,2,3,0,3,0,0,0,0,0,0,0
86700,9969,5580,23,4,3,0,1,0,4,0,0,0,0,0,0,0,0,0
86800,9974,5753,20,3,1,0,1,1,3,0,1,2,0,0,0,0,0,0
86900,9965,4423,23,58,1,0,1,1,9,0,1,0,0,0,0,0,0,0
87000,9922,4727,70,25,3,0,0,1,5,3,0,0,0,0,0,0,0,0
87100,9905,3894,89,31,1,0,4,0,0,3,1,0,0,0,0,0,0,0
87200,9900,4034,90,48,2,1,5,0,2,0,1,0,0,0,0,0,0,0
87300,9903,4143,92,21,2,0,1,0,1,2,1,0,0,0,0,0,0,0
87400,9910,4297,87,0,2,1,0,0,1,0,0,0,0,0,0,0,0,0
87500,9902,4772,90,10,2,0,2,0,3,0,1,0,0,0,0,0,0,0
87600,9895,4368,96,3,0,1,6,0,2,1,1,0,0,0,0,0,0,0
87700,9890,4631,101,12,1,1,4,0,1,1,3,0,0,0,0,0,0,0
87800,9898,4250,96,6,1,1,4,0,0,3,1,0,0,0,0,0,0,0
87900,9894,4733,96,12,6,0,2,1,0,0,2,1,0,0,0,0,0,0
88000,9900,4406,94,4,0,0,2,0,2,0,2,0,0,0,0,0,0,0
88100,9903,4773,91,2,0,0,0,1,6,0,0,0,0,0,0,0,0,0
88200,9903,4799,87,9,2,0,0,1,6,0,2,0,0,0,0,0,0,0
88300,9855,4405,134,1,3,0,5,5,0,1,3,0,0,0,0,0,0,0
88400,9833,4963,157,1,2,0,6,0,2,0,0,1,0,0,0,0,0,0
88500,9827,4824,163,3,3,0,5,0,2,1,0,0,0,0,0,0,0,0
88600,9807,4607,189,3,1,0,1,1,1,1,1,0,0,0,0,0,0,0
88700,9810,4909,185,9,1,0,2,0,1,0,1,0,0,0,0,0,0,0
88800,9809,4366,182,16,5,0,2,0,2,0,0,1,0,0,0,0,0,0
88900,9821,4369,174,19,2,0,1,2,2,0,0,0,0,0,0,0,0,0
89000,9813,4222,181,20,2,0,3,0,1,4,0,0,0,0,0,0,0,0
89100,9805,4422,193,2,0,2,1,2,1,0,0,0,0,0,0,0,0,0
89200,9814,4677,177,2,1,1,4,1,3,1,1,1,0,0,0,0,0,0
89300,9823,4554,171,3,0,0,3,0,2,3,1,0,0,0,0,0,0,0
89400,9816,4651,177,4,3,0,0,0,4,0,0,0,0,0,0,0,0,0
89500,9770,4587,226,5,2,1,0,1,2,3,0,0,0,0,0,0,0,0
89600,9748,4755,241,2,0,1,4,1,5,0,2,0,0,0,0,0,0,0
89700,9704,4565,286,18,3,0,2,2,3,1,2,0,0,0,0,0,0,0
89800,9700,3696,287,43,2,2,3,0,5,0,3,0,0,0,0,0,0,0
89900,9724,3588,271,4,0,1,1,0,3,1,1,0,0,0,0,0,0,0
90000,9724,3932,271,9,0,1,1,1,3,2,1,0,0,0,0,0,0,0
90100,9771,3237,217,20,4,0,0,0,6,1,2,0,0,0,0,0,0,0
90200,9830,3575,152,12,4,1,10,0,2,2,2,0,0,0,0,0,0,0
90300,9835,3424,152,6,4,4,2,0,5,2,2,0,0,0,0,0,0,0
90400,9808,4221,175,2,7,2,7,2,3,0,0,0,0,0,0,0,0,0
90500,9798,3666,200,5,1,6,0,0,1,1,0,0,0,0,0,0,0,0
90600,9782,3895,209,2,3,12,2,1,2,0,2,0,0,0,0,0,0,0
90700,9786,4080,205,3,3,11,0,0,3,0,3,1,0,0,0,0,0,0
90800,9839,3679,151,2,2,8,5,0,2,1,1,0,0,0,0,0,0,0
90900,9821,3517,172,2,1,6,5,1,1,0,0,0,0,0,0,0,0,0
91000,9825,3496,167,10,3,11,3,0,1,1,1,0,0,0,0,0,0,0
91100,9847,3843,149,14,1,12,1,1,1,0,1,1,0,0,0,0,0,0
91200,9829,4040,163,16,2,18,4,5,2,0,0,0,0,0,0,0,0,0
91300,9761,4074,234,10,4,19,0,1,1,1,0,0,0,0,0,0,0,0
91400,9737,4020,251,9,0,32,4,2,3,1,5,0,0,0,0,0,0,0
91500,9753,3765,242,35,1,32,3,2,1,1,0,0,0,0,0,0,0,0
91600,9754,3868,237,43,2,62,5,2,1,1,1,2,0,0,0,0,0,0
91700,9805,4560,188,21,0,39,2,0,4,0,1,0,0,0,0,0,0,0
91800,9866,4222,120,28,5,12,4,5,3,0,2,0,0,0,0,0,0,0
91900,9852,4735,136,26,3,16,4,2,5,0,0,0,0,0,0,0,0,0
92000,9858,4549,132,25,1,14,7,2,1,2,0,0,1,0,0,0,0,0
92100,9849,4230,138,20,2,20,5,0,3,0,3,1,0,0,0,0,0,0
92200,9858,4306,135,10,0,23,1,1,6,0,0,1,0,0,0,0,0,0
92300,9853,4409,136,9,1,9,3,1,3,0,4,0,0,0,0,0,0,0
92400,9847,4311,139,10,3,13,2,1,8,1,1,0,0,0,0,0,0,0
92500,9808,4492,181,3,4,19,2,0,5,0,0,0,0,0,0,0,0,0
92600,9801,3307,192,12,2,20,0,0,4,0,1,0,0,0,0,0,0,0
92700,9787,3419,197,18,1,23,5,0,8,0,2,0,0,0,0,0,0,0
92800,9803,3604,188,9,2,15,3,2,3,1,1,2,0,0,0,0,0,0
92900,9791,3609,202,16,0,8,2,0,3,1,2,0,0,0,0,0,0,0
93000,9812,3671,183,12,2,9,1,2,1,6,1,0,0,0,0,0,0,0
93100,9822,3755,164,7,2,5,5,0,6,1,1,0,0,0,0,0,0,0
93200,9806,3417,185,3,2,1,1,0,4,0,2,0,0,0,0,0,0,0
93300,9764,3697,227,13,1,0,1,1,6,0,1,0,0,0,0,0,0,0
93400,9741,4107,245,41,5,1,1,0,6,1,2,0,0,0,0,0,0,0
93500,9709,4599,281,26,0,2,6,2,3,0,1,0,0,0,0,0,0,0
93600,9682,4257,299,7,3,10,9,1,5,0,2,0,0,0,0,0,0,0
93700,9668,4574,317,1,6,4,4,0,4,0,1,1,0,0,0,0,0,0
93800,9677,5024,313,8,0,3,6,0,1,2,3,0,0,0,0,0,0,0
93900,9733,4719,257,8,2,2,5,0,3,0,0,0,0,0,0,0,0,0
94000,9790,4859,205,11,2,0,1,0,2,0,0,0,0,0,0,0,0,0
94100,9789,4304,207,1,0,0,3,0,0,0,1,0,0,0,0,0,0,0
94200,9784,4382,204,1,2,1,3,0,4,1,3,0,0,0,0,0,0,0
94300,9784,4158,205,7,4,2,1,0,5,1,1,0,0,0,0,0,0,0
94400,9774,3824,207,10,2,1,11,0,4,1,2,0,0,0,0,0,0,0
94500,9771,3706,219,16,4,4,3,0,3,0,0,1,0,0,0,0,0,0
94600,9798,3734,195,15,2,4,2,0,1,3,2,0,0,0,0,0,0,0
94700,9805,4306,187,9,3,0,1,1,3,0,1,0,0,0,0,0,0,0
94800,9787,3512,207,6,4,0,0,1,1,1,1,1,0,0,0,0,0,0
94900,9809,3407,184,0,1,4,0,1,5,0,1,0,0,0,0,0,0,0
95000,9816,3584,177,3,3,3,3,1,1,0,0,0,0,0,0,0,0,0
95100,9863,3361,129,2,2,0,2,0,2,1,2,0,0,0,0,0,0,0
95200,9908,3069,83,4,1,0,4,3,1,0,2,0,1,0,0,0,0,0
95300,9910,2751,80,0,4,1,4,3,2,2,0,1,0,0,0,0,0,0
95400,9911,2727,84,14,1,1,0,1,2,1,2,0,0,0,0,0,0,0
95500,9917,2365,76,4,5,0,0,2,1,4,1,0,0,0,0,0,0,0
95600,9917,2973,76,4,2,2,2,1,3,0,0,0,0,0,0,0,0,0
95700,9923,3105,74,6,0,3,3,1,0,1,0,0,0,0,0,0,0,0
95800,9906,3793,79,5,5,0,3,0,6,0,1,0,0,0,0,0,0,0
95900,9908,3797,79,8,3,3,2,0,4,0,4,0,0,0,0,0,0,0
96000,9914,3542,79,34,3,0,0,0,3,0,1,0,0,0,0,0,0,0
96100,9908,3809,83,19,2,0,1,0,3,1,3,1,0,0,0,0,0,0
96200,9911,2801,76,5,5,2,3,0,4,1,1,0,0,0,0,0,0,0
96300,9916,3238,75,1,2,1,4,0,3,0,0,0,0,0,0,0,0,0
96400,9977,3518,13,1,2,3,2,1,5,0,1,0,0,0,0,0,0,0
96500,9977,4225,9,12,6,2,2,0,6,3,0,0,0,0,0,0,0,0
96600,9982,3950,11,2,2,1,0,0,5,1,0,0,0,0,0,0,0,0
96700,9976,4078,9,0,5,1,1,1,8,2,1,0,0,0,0,0,0,0
96800,9981,3337,10,2,0,1,2,0,5,0,2,0,0,0,0,0,0,0
96900,9971,3044,12,2,0,0,11,1,2,0,4,1,0,0,0,0,0,0
97000,9975,3471,12,2,1,0,9,0,3,1,0,0,0,0,0,0,0,0
97100,9981,3592,9,2,2,2,5,0,3,0,0,1,0,0,0,0,0,0
97200,9967,4146,17,7,3,2,6,3,5,2,2,0,0,0,0,0,0,0
97300,9970,3614,16,16,6,1,7,0,1,1,0,0,0,0,0,0,0,0
97400,9962,3721,22,9,3,0,8,0,2,3,3,0,0,0,0,0,0,0
97500,9972,3818,14,8,2,2,8,1,3,0,1,0,0,0,0,0,0,0
97600,9969,3957,22,1,2,3,6,0,1,5,0,1,0,0,0,0,0,0
97700,9961,3575,24,14,4,2,4,3,7,0,0,1,0,0,0,0,0,0
97800,9964,3976,23,38,3,1,4,0,4,0,2,1,0,0,0,0,0,0
97900,9964,4359,22,102,2,5,7,1,4,4,1,0,0,0,0,0,0,0
98000,9968,4146,22,1,1,0,7,0,1,3,1,1,0,0,0,0,0,0
98100,9964,4010,26,4,0,1,3,0,3,0,4,0,0,0,0,0,0,0
98200,9963,4319,27,4,0,1,6,0,2,0,2,2,0,0,0,0,0,0
98300,9955,4320,23,0,3,2,7,0,11,0,1,0,0,0,0,0,0,0
98400,9962,3625,25,0,0,1,7,0,3,0,3,0,0,0,0,0,0,0
98500,9970,3389,21,5,0,2,7,0,0,0,2,1,0,0,0,0,0,0
98600,9964,3416,30,3,1,1,3,0,2,1,0,0,0,0,0,0,0,0
98700,9959,3384,23,5,1,2,9,0,7,0,1,0,0,0,0,0,0,0
98800,9967,2966,21,1,3,4,5,1,2,0,2,0,0,0,0,0,0,0
98900,9963,3637,21,2,2,3,5,1,6,0,2,0,1,0,0,0,0,0
99000,9964,3597,28,3,2,1,5,4,1,2,0,0,0,0,0,0,0,0
99100,9955,3901,32,2,4,2,1,0,5,0,3,0,0,0,0,0,0,0
99200,9962,3906,29,6,1,0,5,1,3,0,0,0,0,0,0,0,0,0
99300,9963,3778,23,6,5,0,6,1,3,3,0,0,0,0,0,0,0,0
99400,9968,3603,21,6,2,3,7,0,2,1,0,0,0,0,0,0,0,0
99500,9973,3653,18,7,1,2,5,0,3,0,0,0,0,0,0,0,0,0
99600,9968,4124,18,4,4,3,5,0,5,0,0,1,0,0,0,0,0,0
99700,9968,3526,22,0,1,0,2,1,4,1,3,0,0,0,0,0,0,0
99800,9969,3400,21,1,3,0,5,0,1,2,1,2,0,0,0,0,0,0
99900,9962,2944,26,0,3,1,2,1,4,1,3,1,0,0,0,0,0,0
100000,9974,3025,21,0,2,1,1,2,1,1,1,2,0,3,0,0,0,0
