update,host_task_NOT,sym_task_NOT,host_task_NAND,sym_task_NAND,host_task_AND,sym_task_AND,host_task_ORN,sym_task_ORN,host_task_OR,sym_task_OR,host_task_ANDN,sym_task_ANDN,host_task_NOR,sym_task_NOR,host_task_XOR,sym_task_XOR,host_task_EQU,sym_task_EQU
0,0,0,0,0,0,0,0,0,0,0,0,0,0,0,0,0,0,0
100,10001,0,0,0,0,0,0,0,1,0,0,0,0,0,0,0,0,0
200,9995,0,0,0,2,0,2,0,0,0,1,0,0,0,0,0,0,0
300,9991,0,0,0,4,0,0,0,5,0,0,0,0,0,0,0,0,0
400,9988,0,0,0,5,0,2,0,2,0,3,0,0,0,0,0,0,0
500,9989,0,0,0,4,0,1,0,4,0,2,0,0,0,0,0,0,0
600,9991,0,3,0,2,0,2,0,1,0,1,0,0,0,0,0,0,0
700,9991,0,4,0,1,0,0,0,2,0,2,0,0,0,0,0,0,0
800,9992,0,4,0,2,0,1,0,0,0,1,0,0,0,0,0,0,0
900,9992,0,4,0,2,0,0,0,1,0,1,0,0,0,0,0,0,0
1000,9990,0,4,0,1,0,1,0,3,0,1,0,0,0,0,0,0,0
1100,9991,0,5,0,3,0,0,0,1,0,0,0,0,0,0,0,0,0
1200,9982,0,5,0,7,0,2,0,2,0,2,0,0,0,0,0,0,0
1300,9987,0,6,0,1,0,2,0,4,0,0,0,0,0,0,0,0,0
1400,9985,0,4,0,2,0,3,0,5,0,1,0,0,0,0,0,0,0
1500,9985,0,6,0,0,0,3,0,4,0,2,0,0,0,0,0,0,0
1600,9988,0,5,0,2,0,4,0,0,0,1,0,0,0,0,0,0,0
1700,9975,0,13,0,4,0,3,0,4,0,1,0,0,0,0,0,0,0
1800,9978,0,9,0,1,0,5,0,6,0,1,0,0,0,0,0,0,0
1900,9979,0,9,0,2,0,2,0,6,0,2,0,0,0,0,0,0,0
2000,9976,0,11,0,6,0,3,0,3,0,1,0,0,0,0,0,0,0
2100,9983,0,9,0,4,0,1,0,2,0,1,0,0,0,0,0,0,0
2200,9988,0,11,0,0,0,1,0,0,0,0,0,0,0,0,0,0,0
2300,9983,0,9,0,1,0,3,0,4,0,0,0,0,0,0,0,0,0
2400,9984,0,9,0,2,0,3,0,1,0,1,0,0,0,0,0,0,0
2500,9982,0,10,0,1,0,4,0,2,0,1,0,0,0,0,0,0,0
2600,9987,0,10,0,3,0,0,0,0,0,0,0,0,0,0,0,0,0
2700,9975,0,14,0,2,0,5,0,3,0,1,0,0,0,0,0,0,0
2800,9976,0,12,0,3,0,3,0,2,0,4,0,0,0,0,0,0,0
2900,9974,0,13,0,4,0,2,0,5,0,2,0,0,0,0,0,0,0
3000,9978,0,12,0,3,0,4,0,2,0,1,0,0,0,0,0,0,0
3100,9979,0,12,0,2,0,2,0,5,0,0,0,0,0,0,0,0,0
3200,9973,0,15,0,2,0,5,0,4,0,1,0,0,0,0,0,0,0
3300,9970,0,14,0,2,0,8,0,3,0,3,0,0,0,0,0,0,0
3400,9972,0,13,0,5,0,5,0,3,0,2,0,0,0,0,0,0,0
3500,9968,0,13,0,3,0,8,0,7,0,1,0,0,0,0,0,0,0
3600,9970,0,13,0,2,0,9,0,5,0,1,0,0,0,0,0,0,0
3700,9969,0,16,0,7,0,7,0,0,0,1,0,0,0,0,0,0,0
3800,9972,0,17,0,1,0,5,0,2,0,3,0,0,0,0,0,0,0
3900,9971,0,16,0,3,0,8,0,2,0,0,0,0,0,0,0,0,0
4000,9966,0,17,0,2,0,10,0,3,0,2,0,0,0,0,0,0,0
4100,9963,0,24,0,3,0,6,0,4,0,0,0,0,0,0,0,0,0
4200,9964,0,21,0,4,0,6,0,4,0,0,0,1,0,0,0,0,0
4300,9971,0,16,0,0,0,10,0,3,0,0,0,0,0,0,0,0,0
4400,9964,0,18,0,0,0,14,0,4,0,0,0,0,0,0,0,0,0
4500,9965,0,18,0,2,0,8,0,4,0,3,0,0,0,0,0,0,0
4600,9969,0,17,0,2,0,8,0,4,0,0,0,0,0,0,0,0,0
4700,9967,0,20,0,3,0,7,0,2,0,1,0,0,0,0,0,0,0
4800,9969,0,21,0,1,0,8,0,1,0,0,0,0,0,0,0,0,0
4900,9954,0,19,0,2,0,9,0,14,0,1,0,1,0,0,0,0,0
5000,9966,0,19,0,3,0,9,0,3,0,0,0,0,0,0,0,0,0
5100,9968,0,17,0,1,0,5,0,6,0,3,0,0,0,0,0,0,0
5200,9960,0,18,0,2,0,10,0,9,0,1,0,0,0,0,0,0,0
5300,9960,0,25,0,3,0,6,0,3,0,3,0,0,0,0,0,0,0
5400,9965,0,25,0,1,0,5,0,3,0,1,0,0,0,0,0,0,0
5500,9960,0,30,0,0,0,5,0,4,0,1,0,0,0,0,0,0,0
5600,9953,0,31,0,0,0,9,0,4,0,3,0,0,0,0,0,0,0
5700,9958,0,32,0,0,0,6,0,2,0,2,0,0,0,0,0,0,0
5800,9949,0,34,0,6,0,6,0,3,0,2,0,0,0,0,0,0,0
5900,9937,0,41,0,1,0,11,0,9,0,1,0,0,0,0,0,0,0
6000,9942,0,41,0,2,0,11,0,4,0,0,0,0,0,0,0,0,0
6100,9931,0,51,0,3,0,7,0,7,0,1,0,0,0,0,0,0,0
6200,9935,0,47,0,5,0,8,0,3,0,1,0,1,0,0,0,0,0
6300,9935,0,49,0,2,0,6,0,6,0,2,0,0,0,0,0,0,0
6400,9931,0,54,0,3,0,8,0,3,0,1,0,0,0,0,0,0,0
6500,9936,0,49,0,1,0,7,0,6,0,1,0,0,0,0,0,0,0
6600,9932,0,52,0,0,0,8,0,5,0,3,0,0,0,0,0,0,0
6700,9932,0,54,0,5,0,5,0,4,0,0,0,0,0,0,0,0,0
6800,9929,0,51,0,2,0,11,0,6,0,1,0,0,0,0,0,0,0
6900,9930,0,54,0,3,0,8,0,4,0,1,0,0,0,0,0,0,0
7000,9921,0,60,0,5,0,6,0,7,0,1,0,0,0,0,0,0,0
7100,9925,0,58,0,1,0,7,0,6,0,3,0,0,0,0,0,0,0
7200,9929,0,53,0,3,0,12,0,3,0,0,0,0,0,0,0,0,0
7300,9920,0,61,0,4,0,9,0,4,0,2,0,0,0,0,0,0,0
7400,9901,0,79,0,2,0,5,0,9,0,3,0,1,0,0,0,0,0
7500,9907,0,80,0,1,0,8,0,3,0,1,0,0,0,0,0,0,0
7600,9884,0,97,0,4,0,7,0,7,0,1,0,0,0,0,0,0,0
7700,9894,0,93,0,4,0,6,0,3,0,0,0,0,0,0,0,0,0
7800,9890,0,97,0,4,0,7,0,2,0,0,0,0,0,0,0,0,0
7900,9868,0,107,0,6,0,14,0,3,0,2,0,0,0,0,0,0,0
8000,9852,0,118,0,7,0,17,0,6,0,0,0,0,0,0,0,0,0
8100,9854,0,122,0,5,0,11,0,7,0,1,0,0,0,0,0,0,0
8200,9838,0,133,0,4,0,18,0,5,0,1,0,1,0,0,0,0,0
8300,9853,0,121,0,1,0,15,0,5,0,5,0,0,0,0,0,0,0
8400,9847,0,130,0,1,0,16,0,4,0,2,0,0,0,0,0,0,0
8500,9842,0,140,0,3,0,9,0,5,0,1,0,0,0,0,0,0,0
8600,9830,0,146,0,3,0,11,0,8,0,2,0,0,0,0,0,0,0
8700,9814,0,170,0,2,0,11,0,2,0,1,0,0,0,0,0,0,0
8800,9807,0,173,0,1,0,13,0,4,0,2,0,0,0,0,0,0,0
8900,9805,0,175,0,5,0,7,0,8,0,0,0,0,0,0,0,0,0
9000,9807,0,169,0,3,0,11,0,7,0,2,0,1,0,0,0,0,0
9100,9813,0,166,0,5,0,10,0,5,0,1,0,0,0,0,0,0,0
9200,9796,0,178,0,3,0,13,0,8,0,2,0,0,0,0,0,0,0
9300,9813,0,171,0,5,0,7,0,4,0,0,0,0,0,0,0,0,0
9400,9790,0,184,0,4,0,13,0,7,0,2,0,0,0,0,0,0,0
9500,9804,0,169,0,7,0,12,0,6,0,2,0,0,0,0,0,0,0
9600,9806,0,169,0,5,0,17,0,2,0,1,0,0,0,0,0,0,0
9700,9823,0,148,0,5,0,16,0,5,0,3,0,0,0,0,0,0,0
9800,9825,0,145,0,1,0,20,0,6,0,2,0,1,0,0,0,0,0
9900,9792,0,178,0,6,0,16,0,6,0,2,0,0,0,0,0,0,0
10000,9742,0,235,0,4,0,8,0,7,0,3,0,1,0,0,0,0,0
10100,9749,0,229,0,3,0,7,0,10,0,2,0,0,0,0,0,0,0
10200,9756,0,222,0,2,0,13,0,4,0,3,0,0,0,0,0,0,0
10300,9749,0,227,0,4,0,11,0,6,0,3,0,0,0,0,0,0,0
10400,9756,0,226,0,4,0,9,0,3,0,2,0,0,0,0,0,0,0
10500,9756,0,223,0,5,0,6,0,7,0,3,0,0,0,0,0,0,0
10600,9760,0,223,0,3,0,7,0,4,0,3,0,0,0,0,0,0,0
10700,9766,0,208,0,3,0,9,0,10,0,4,0,0,0,0,0,0,0
10800,9780,0,196,0,3,0,13,0,8,0,0,0,0,0,0,0,0,0
10900,9756,0,226,0,2,0,5,0,7,0,4,0,0,0,0,0,0,0
11000,9760,0,220,0,4,0,10,0,4,0,2,0,0,0,0,0,0,0
11100,9785,0,199,0,2,0,5,0,8,0,1,0,0,0,0,0,0,0
11200,9795,0,186,0,2,0,11,0,6,0,0,0,0,0,0,0,0,0
11300,9792,0,185,0,7,0,8,0,4,0,3,0,1,0,0,0,0,0
11400,9715,0,258,0,5,0,8,0,10,0,2,0,2,0,0,0,0,0
11500,9662,0,286,0,7,0,37,0,4,0,4,0,0,0,0,0,0,0
11600,9671,0,281,0,4,0,39,0,3,0,2,0,0,0,0,0,0,0
11700,9684,0,255,0,9,0,45,0,7,0,0,0,0,0,0,0,0,0
11800,9678,0,259,0,6,0,51,0,4,0,2,0,0,0,0,0,0,0
11900,9691,0,255,0,8,0,41,0,4,0,1,0,0,0,0,0,0,0
12000,9687,0,260,0,3,0,41,0,8,0,1,0,0,0,0,0,0,0
12100,9660,0,297,0,3,0,34,0,4,0,2,0,0,0,0,0,0,0
12200,9660,0,290,0,4,0,41,0,3,0,2,0,0,0,0,0,0,0
12300,9679,0,272,0,5,0,35,0,7,0,2,0,0,0,0,0,0,0
12400,9674,0,280,0,5,0,32,0,7,0,2,0,0,0,0,0,0,0
12500,9691,0,258,0,5,0,41,0,4,0,1,0,0,0,0,0,0,0
12600,9706,0,251,0,2,0,35,0,4,0,2,0,0,0,0,0,0,0
12700,9724,0,228,0,1,0,39,0,6,0,2,0,0,0,0,0,0,0
12800,9706,0,243,0,4,0,33,0,10,0,3,0,1,0,0,0,0,0
12900,9717,0,233,0,3,0,36,0,9,0,2,0,0,0,0,0,0,0
13000,9754,0,198,0,5,0,31,0,9,0,2,0,1,0,0,0,0,0
13100,9761,0,194,0,3,0,39,0,2,0,1,0,0,0,0,0,0,0
13200,9737,0,195,0,4,0,46,0,13,0,5,0,0,0,0,0,0,0
13300,9683,0,258,0,4,0,41,0,10,0,4,0,0,0,0,0,0,0
13400,9673,0,265,0,6,0,43,0,6,0,7,0,0,0,0,0,0,0
13500,9752,0,198,0,4,0,42,0,2,0,1,0,1,0,0,0,0,0
13600,9747,0,200,0,3,0,44,0,4,0,2,0,0,0,0,0,0,0
13700,9708,0,236,0,2,0,38,0,10,0,6,0,0,0,0,0,0,0
13800,9725,0,225,0,3,0,39,0,7,0,1,0,0,0,0,0,0,0
13900,9721,0,239,0,3,0,32,0,2,0,3,0,0,0,0,0,0,0
14000,9712,0,242,0,1,0,36,0,4,0,5,0,0,0,0,0,0,0
14100,9678,0,266,0,5,0,39,0,8,0,4,0,0,0,0,0,0,0
14200,9695,0,268,0,3,0,33,0,0,0,1,0,0,0,0,0,0,0
14300,9629,0,315,0,7,0,43,0,5,0,1,0,0,0,0,0,0,0
14400,9642,0,312,0,6,0,35,0,4,0,1,0,0,0,0,0,0,0
14500,9653,0,299,0,6,0,37,0,3,0,2,0,0,0,0,0,0,0
14600,9661,0,286,0,5,0,39,0,9,0,0,0,0,0,0,0,0,0
14700,9615,0,342,0,5,0,34,0,2,0,2,0,0,0,0,0,0,0
14800,9638,0,308,0,5,0,39,0,8,0,2,0,0,0,0,0,0,0
14900,9664,0,290,0,6,0,32,0,6,0,2,0,0,0,0,0,0,0
15000,9617,0,335,0,2,0,38,0,5,0,3,0,0,0,0,0,0,0
15100,9576,0,371,0,8,0,40,0,4,0,1,0,0,0,0,0,0,0
15200,9597,0,349,0,3,0,39,0,8,0,3,0,1,0,0,0,0,0
15300,9592,0,351,0,8,0,41,0,6,0,2,0,0,0,0,0,0,0
15400,9594,0,350,0,3,0,46,0,5,0,2,0,0,0,0,0,0,0
15500,9603,0,356,0,4,0,32,0,4,0,1,0,0,0,0,0,0,0
15600,9559,0,381,0,6,0,45,0,7,0,2,0,0,0,0,0,0,0
15700,9601,0,348,0,9,0,38,0,4,0,0,0,0,0,0,0,0,0
15800,9631,0,317,0,7,0,35,0,7,0,3,0,0,0,0,0,0,0
15900,9707,0,249,0,2,0,34,0,4,0,4,0,0,0,0,0,0,0
16000,9696,0,253,0,6,0,37,0,7,0,1,0,0,0,0,0,0,0
16100,9681,0,268,0,6,0,41,0,2,0,2,0,0,0,0,0,0,0
16200,9679,0,283,0,0,0,34,0,2,0,2,0,0,0,0,0,0,0
16300,9689,0,262,0,3,0,41,0,2,0,3,0,0,0,0,0,0,0
16400,9671,0,273,0,4,0,46,0,3,0,3,0,0,0,0,0,0,0
16500,9694,0,252,0,4,0,41,0,5,0,4,0,0,0,0,0,0,0
16600,9703,0,250,0,3,0,39,0,3,0,2,0,0,0,0,0,0,0
16700,9692,0,250,0,11,0,36,0,10,0,1,0,0,0,0,0,0,0
16800,9715,0,247,0,1,0,35,0,1,0,0,0,1,0,0,0,0,0
16900,9671,0,288,0,5,0,33,0,1,0,2,0,0,0,0,0,0,0
17000,9656,0,299,0,3,0,35,0,4,0,3,0,0,0,0,0,0,0
17100,9690,0,268,0,7,0,31,0,3,0,1,0,0,0,0,0,0,0
17200,9663,0,277,0,7,0,46,0,4,0,2,0,1,0,0,0,0,0
17300,9679,0,251,0,4,0,64,0,1,0,1,0,0,0,0,0,0,0
17400,9742,0,184,0,5,0,67,0,1,0,1,0,0,0,0,0,0,0
17500,9755,0,177,0,2,0,58,0,5,0,3,0,0,0,0,0,0,0
17600,9767,0,172,0,2,0,57,0,2,0,0,0,0,0,0,0,0,0
17700,9749,0,199,0,4,0,45,0,2,0,1,0,0,0,0,0,0,0
17800,9817,0,150,0,2,0,26,0,4,0,1,0,0,0,0,0,0,0
17900,9816,0,141,0,4,0,26,0,10,0,3,0,0,0,0,0,0,0
18000,9823,0,141,0,1,0,26,0,4,0,5,0,0,0,0,0,0,0
18100,9827,0,131,0,3,0,34,0,5,0,0,0,0,0,0,0,0,0
18200,9842,0,127,0,2,0,23,0,3,0,3,0,0,0,0,0,0,0
18300,9829,0,128,0,6,0,30,0,4,0,3,0,0,0,0,0,0,0
18400,9827,0,134,0,4,0,26,0,7,0,2,0,0,0,0,0,0,0
18500,9855,0,120,0,0,0,20,0,2,0,3,0,0,0,0,0,0,0
18600,9845,0,122,0,2,0,22,0,5,0,4,0,0,0,0,0,0,0
18700,9847,0,111,0,6,0,26,0,8,0,2,0,0,0,0,0,0,0
18800,9848,0,115,0,6,0,26,0,1,0,4,0,0,0,0,0,0,0
18900,9861,0,105,0,2,0,22,0,8,0,2,0,0,0,0,0,0,0
19000,9850,0,115,0,4,0,28,0,3,0,0,0,0,0,0,0,0,0
19100,9845,0,117,0,2,0,30,0,5,0,1,0,0,0,0,0,0,0
19200,9839,0,124,0,3,0,28,0,5,0,1,0,0,0,0,0,0,0
19300,9855,0,105,0,4,0,27,0,5,0,4,0,0,0,0,0,0,0
19400,9860,0,102,0,2,0,32,0,3,0,1,0,0,0,0,0,0,0
19500,9856,0,110,0,3,0,25,0,3,0,3,0,0,0,0,0,0,0
19600,9863,0,110,0,1,0,24,0,1,0,1,0,0,0,0,0,0,0
19700,9840,0,123,0,2,0,27,0,7,0,0,0,1,0,0,0,0,0
19800,9857,0,102,0,1,0,33,0,3,0,4,0,0,0,0,0,0,0
19900,9834,0,129,0,4,0,26,0,6,0,1,0,0,0,0,0,0,0
20000,9821,0,144,0,1,0,26,0,8,0,0,0,0,0,0,0,0,0
20100,9822,0,141,0,1,0,28,0,6,0,2,0,0,0,0,0,0,0
20200,9794,0,163,0,4,0,27,0,11,0,1,0,0,0,0,0,0,0
20300,9748,0,194,0,2,0,49,0,3,0,4,0,0,0,0,0,0,0
20400,9741,0,197,0,3,0,58,0,1,0,0,0,0,0,0,0,0,0
20500,9744,0,188,0,2,0,66,0,0,0,0,0,0,0,0,0,0,0
20600,9750,0,191,0,0,0,56,0,1,0,1,0,1,0,0,0,0,0
20700,9729,0,200,0,4,0,61,0,5,0,1,0,0,0,0,0,0,0
20800,9736,0,190,0,5,0,67,0,2,0,0,0,0,0,0,0,0,0
20900,9719,0,207,0,6,0,60,0,4,0,4,0,0,0,0,0,0,0
21000,9713,0,221,0,4,0,58,0,4,0,0,0,0,0,0,0,0,0
21100,9687,0,243,0,5,0,56,0,5,0,3,0,1,0,0,0,0,0
21200,9720,0,206,0,2,0,65,0,4,0,3,0,0,0,0,0,0,0
21300,9715,0,209,0,7,0,61,0,6,0,2,0,0,0,0,0,0,0
21400,9666,0,263,0,2,0,60,0,6,0,2,0,1,0,0,0,0,0
21500,9664,0,261,0,4,0,64,0,4,0,3,0,0,0,0,0,0,0
21600,9650,0,272,0,5,0,65,0,7,0,1,0,0,0,0,0,0,0
21700,9642,0,280,0,10,0,66,0,1,0,1,0,0,0,0,0,0,0
21800,9625,0,302,0,4,0,62,0,5,0,1,0,1,0,0,0,0,0
21900,9661,0,270,0,2,0,60,0,2,0,5,0,0,0,0,0,0,0
22000,9709,0,214,0,4,0,64,0,7,0,2,0,0,0,0,0,0,0
22100,9731,0,203,0,3,0,56,0,5,0,2,0,0,0,0,0,0,0
22200,9743,0,189,0,1,0,60,0,7,0,0,0,0,0,0,0,0,0
22300,9759,0,177,0,3,0,57,0,4,0,0,0,0,0,0,0,0,0
22400,9761,0,172,0,4,0,57,0,3,0,3,0,0,0,0,0,0,0
22500,9756,0,169,0,5,0,62,0,4,0,2,0,2,0,0,0,0,0
22600,9775,0,167,0,1,0,51,0,5,0,1,0,0,0,0,0,0,0
22700,9766,0,167,0,2,0,61,0,3,0,1,0,0,0,0,0,0,0
22800,9744,0,201,0,3,0,48,0,3,0,1,0,0,0,0,0,0,0
22900,9729,0,207,0,4,0,56,0,3,0,1,0,0,0,0,0,0,0
23000,9736,0,207,0,0,0,51,0,5,0,1,0,0,0,0,0,0,0
23100,9721,0,212,0,1,0,59,0,5,0,2,0,0,0,0,0,0,0
23200,9723,0,210,0,5,0,57,0,3,0,2,0,0,0,0,0,0,0
23300,9726,0,215,0,2,0,51,0,4,0,2,0,0,0,0,0,0,0
23400,9726,0,209,0,3,0,59,0,2,0,1,0,0,0,0,0,0,0
23500,9712,0,215,0,5,0,63,0,2,0,3,0,0,0,0,0,0,0
23600,9728,0,214,0,1,0,53,0,4,0,0,0,0,0,0,0,0,0
23700,9766,0,186,0,5,0,35,0,6,0,2,0,0,0,0,0,0,0
23800,9761,0,192,0,2,0,36,0,6,0,3,0,0,0,0,0,0,0
23900,9760,0,197,0,1,0,34,0,7,0,1,0,0,0,0,0,0,0
24000,9746,0,208,0,4,0,36,0,4,0,2,0,0,0,0,0,0,0
24100,9733,0,220,0,2,0,36,0,7,0,2,0,0,0,0,0,0,0
24200,9739,0,212,0,2,0,41,0,6,0,0,0,0,0,0,0,0,0
24300,9748,0,212,0,2,0,36,0,1,0,1,0,0,0,0,0,0,0
24400,9743,0,213,0,4,0,36,0,4,0,0,0,0,0,0,0,0,0
24500,9735,0,222,0,0,0,36,0,5,0,2,0,0,0,0,0,0,0
24600,9747,0,210,0,1,0,37,0,4,0,1,0,0,0,0,0,0,0
24700,9752,0,211,0,3,0,32,0,1,0,1,0,0,0,0,0,0,0
24800,9760,0,201,0,3,0,32,0,1,0,3,0,0,0,0,0,0,0
24900,9744,0,209,0,3,0,35,0,5,0,4,0,0,0,0,0,0,0
25000,9737,0,217,0,4,0,34,0,3,0,5,0,0,0,0,0,0,0
25100,9730,0,229,0,2,0,31,0,7,0,1,0,0,0,0,0,0,0
25200,9726,0,234,0,0,0,37,0,3,0,0,0,0,0,0,0,0,0
25300,9738,0,221,0,2,0,35,0,3,0,1,0,0,0,0,0,0,0
25400,9729,0,221,0,3,0,40,0,3,0,4,0,0,0,0,0,0,0
25500,9785,0,170,0,2,0,40,0,1,0,2,0,0,0,0,0,0,0
25600,9796,0,161,0,6,0,32,0,4,0,1,0,0,0,0,0,0,0
25700,9798,0,162,0,1,0,33,0,4,0,2,0,0,0,0,0,0,0
25800,9761,0,198,0,3,0,34,0,2,0,2,0,0,0,0,0,0,0
25900,9776,0,185,0,1,0,36,0,2,0,0,0,0,0,0,0,0,0
26000,9829,0,131,0,3,0,31,0,5,0,1,0,0,0,0,0,0,0
26100,9826,0,130,0,5,0,34,0,3,0,2,0,0,0,0,0,0,0
26200,9812,0,156,0,2,0,30,0,0,0,0,0,0,0,0,0,0,0
26300,9744,0,214,0,5,0,31,0,4,0,2,0,0,0,0,0,0,0
26400,9703,0,259,0,5,0,30,0,3,0,0,0,0,0,0,0,0,0
26500,9686,0,299,0,1,0,7,0,6,0,1,0,0,0,0,0,0,0
26600,9692,0,300,0,2,0,2,0,2,0,2,0,0,0,0,0,0,0
26700,9703,0,293,0,0,0,0,0,4,0,0,0,0,0,0,0,0,0
26800,9745,0,251,0,1,0,0,0,3,0,0,0,0,0,0,0,0,0
26900,9762,0,227,0,4,0,0,0,5,0,2,0,0,0,0,0,0,0
27000,9818,0,174,0,3,0,1,0,4,0,0,0,0,0,0,0,0,0
27100,9823,0,165,0,2,0,6,0,2,0,2,0,0,0,0,0,0,0
27200,9832,0,154,0,4,0,3,0,6,0,1,0,0,0,0,0,0,0
27300,9846,0,140,0,1,0,7,0,6,0,0,0,0,0,0,0,0,0
27400,9848,0,140,0,4,0,2,0,5,0,1,0,0,0,0,0,0,0
27500,9842,0,147,0,3,0,5,0,1,0,1,0,1,0,0,0,0,0
27600,9833,0,155,0,8,0,3,0,0,0,1,0,0,0,0,0,0,0
27700,9836,0,157,0,1,0,4,0,1,0,0,0,1,0,0,0,0,0
27800,9838,0,153,0,6,0,0,0,2,0,1,0,0,0,0,0,0,0
27900,9820,0,167,0,4,0,1,0,4,0,4,0,0,0,0,0,0,0
28000,9789,0,197,0,4,0,3,0,6,0,1,0,0,0,0,0,0,0
28100,9810,0,178,0,4,0,2,0,5,0,1,0,0,0,0,0,0,0
28200,9854,0,129,0,3,0,3,0,9,0,2,0,0,0,0,0,0,0
28300,9869,0,119,0,1,0,3,0,5,0,3,0,0,0,0,0,0,0
28400,9861,0,118,0,1,0,8,0,10,0,2,0,0,0,0,0,0,0
28500,9863,0,127,0,4,0,2,0,4,0,0,0,0,0,0,0,0,0
28600,9844,0,144,0,0,0,2,0,6,0,4,0,0,0,0,0,0,0
28700,9838,0,149,0,4,0,4,0,4,0,1,0,0,0,0,0,0,0
28800,9839,0,149,0,3,0,2,0,5,0,1,0,1,0,0,0,0,0
28900,9842,0,137,0,6,0,2,0,12,0,1,0,0,0,0,0,0,0
29000,9860,0,126,0,4,0,4,0,5,0,1,0,0,0,0,0,0,0
29100,9855,0,135,0,1,0,3,0,4,0,2,0,0,0,0,0,0,0
29200,9851,0,134,0,4,0,4,0,5,0,2,0,0,0,0,0,0,0
29300,9880,0,107,0,3,0,5,0,3,0,2,0,0,0,0,0,0,0
29400,9896,0,99,0,2,0,0,0,1,0,2,0,0,0,0,0,0,0
29500,9892,0,101,0,1,0,1,0,5,0,0,0,0,0,0,0,0,0
29600,9893,0,92,0,3,0,2,0,7,0,3,0,0,0,0,0,0,0
29700,9870,0,114,0,7,0,3,0,4,0,2,0,0,0,0,0,0,0
29800,9908,0,81,0,6,0,1,0,3,0,1,0,0,0,0,0,0,0
29900,9907,0,80,0,2,0,3,0,7,0,1,0,0,0,0,0,0,0
30000,9909,0,78,0,9,0,1,0,3,0,0,0,0,0,0,0,0,0
30100,9897,0,77,0,11,0,4,0,10,0,1,0,0,0,0,0,0,0
30200,9898,0,74,0,17,0,4,0,4,0,3,0,0,0,0,0,0,0
30300,9909,0,68,0,12,0,6,0,4,0,1,0,0,0,0,0,0,0
30400,9900,0,72,0,17,0,8,0,2,0,1,0,0,0,0,0,0,0
30500,9898,0,73,0,11,0,7,0,10,0,1,0,0,0,0,0,0,0
30600,9922,0,65,0,4,0,2,0,5,0,2,0,0,0,0,0,0,0
30700,9922,0,70,0,4,0,0,0,4,0,0,0,0,0,0,0,0,0
30800,9910,0,76,0,2,0,4,0,5,0,3,0,0,0,0,0,0,0
30900,9946,0,41,0,4,0,2,0,3,0,3,0,1,0,0,0,0,0
31000,9941,0,50,0,4,0,0,0,4,0,1,0,0,0,0,0,0,0
31100,9948,0,43,0,3,0,4,0,1,0,1,0,0,0,0,0,0,0
31200,9915,0,65,0,5,0,6,0,7,0,2,0,0,0,0,0,0,0
31300,9906,0,83,0,1,0,2,0,7,0,1,0,0,0,0,0,0,0
31400,9893,0,98,0,2,0,0,0,6,0,1,0,0,0,0,0,0,0
31500,9896,0,95,0,1,0,3,0,5,0,0,0,0,0,0,0,0,0
31600,9909,0,83,0,2,0,2,0,2,0,2,0,0,0,0,0,0,0
31700,9917,0,65,0,6,0,4,0,3,0,5,0,0,0,0,0,0,0
31800,9917,0,64,0,2,0,4,0,10,0,1,0,0,0,2,0,0,0
31900,9920,0,67,0,6,0,3,0,4,0,0,0,0,0,0,0,0,0
32000,9928,0,61,0,3,0,4,0,4,0,0,0,0,0,0,0,0,0
32100,9882,0,107,0,2,0,4,0,3,0,2,0,0,0,0,0,0,0
32200,9896,0,94,0,2,0,3,0,1,0,3,0,1,0,0,0,0,0
32300,9895,0,93,0,7,0,1,0,4,0,0,0,0,0,0,0,0,0
32400,9894,0,98,0,3,0,1,0,4,0,0,0,0,0,0,0,0,0
32500,9894,0,87,0,2,0,4,0,10,0,3,0,0,0,0,0,0,0
32600,9908,0,79,0,2,0,3,0,5,0,3,0,0,0,0,0,0,0
32700,9909,0,76,0,4,0,3,0,8,0,0,0,0,0,0,0,0,0
32800,9915,0,75,0,3,0,2,0,4,0,1,0,0,0,0,0,0,0
32900,9869,0,110,0,3,0,9,0,7,0,2,0,0,0,0,0,0,0
33000,9877,0,108,0,6,0,3,0,4,0,2,0,0,0,0,0,0,0
33100,9887,0,108,0,2,0,0,0,2,0,1,0,0,0,0,0,0,0
33200,9873,0,115,0,1,0,4,0,2,0,5,0,0,0,0,0,0,0
33300,9871,0,121,0,3,0,2,0,1,0,2,0,0,0,0,0,0,0
33400,9852,0,139,0,5,0,0,0,2,0,2,0,0,0,0,0,0,0
33500,9832,0,157,0,2,0,5,0,4,0,0,0,0,0,0,0,0,0
33600,9844,0,139,0,4,0,4,0,7,0,2,0,0,0,0,0,0,0
33700,9899,0,86,0,3,0,6,0,3,0,2,0,0,0,0,0,1,0
33800,9962,0,24,0,4,0,3,0,6,0,1,0,0,0,0,0,0,0
33900,9957,0,30,0,2,0,3,0,6,0,2,0,0,0,0,0,0,0
34000,9953,0,34,0,3,0,5,0,3,0,2,0,0,0,0,0,0,0
34100,9951,0,35,0,4,0,6,0,3,0,1,0,0,0,0,0,0,0
34200,9970,0,18,0,2,0,6,0,3,0,1,0,0,0,0,0,0,0
34300,9963,0,23,0,4,0,4,0,3,0,3,0,0,0,0,0,0,0
34400,9972,0,13,0,3,0,4,0,5,0,3,0,0,0,0,0,0,0
34500,9972,0,14,0,3,0,3,0,5,0,3,0,0,0,0,0,0,0
34600,9976,0,15,0,4,0,1,0,4,0,0,0,0,0,0,0,0,0
34700,9971,0,20,0,1,0,2,0,5,0,0,0,1,0,0,0,0,0
34800,9979,0,12,0,4,0,2,0,1,0,2,0,0,0,0,0,0,0
34900,9971,0,20,0,2,0,3,0,2,0,2,0,0,0,0,0,0,0
35000,9963,0,17,0,2,0,6,0,7,0,2,0,3,0,0,0,0,0
35100,9970,0,19,0,3,0,0,0,6,0,2,0,0,0,0,0,0,0
35200,9961,0,32,0,3,0,2,0,2,0,0,0,0,0,0,0,0,0
35300,9967,0,29,0,1,0,3,0,0,0,0,0,0,0,0,0,0,0
35400,9952,0,34,0,4,0,5,0,4,0,1,0,0,0,0,0,0,0
35500,9949,0,30,0,8,0,9,0,3,0,1,0,0,0,0,0,0,0
35600,9956,0,26,0,9,0,3,0,6,0,0,0,0,0,0,0,0,0
35700,9929,0,46,0,9,0,5,0,10,0,1,0,0,0,0,0,0,0
35800,9912,0,68,0,7,0,7,0,5,0,1,0,0,0,0,0,0,0
35900,9925,0,66,0,2,0,1,0,5,0,1,0,0,0,0,0,0,0
36000,9927,0,61,0,5,0,1,0,4,0,2,0,0,0,0,0,0,0
36100,9919,0,64,0,10,0,0,0,6,0,1,0,0,0,0,0,0,0
36200,9920,0,62,0,7,0,3,0,3,0,5,0,0,0,0,0,0,0
36300,9922,0,65,0,5,0,3,0,2,0,3,0,0,0,0,0,0,0
36400,9927,0,61,0,7,0,1,0,4,0,0,0,0,0,0,0,0,0
36500,9934,0,52,0,4,0,3,0,6,0,1,0,0,0,0,0,0,0
36600,9933,0,49,0,4,0,8,0,5,0,1,0,0,0,0,0,0,0
36700,9939,0,45,0,7,0,3,0,5,0,1,0,0,0,0,0,0,0
36800,9944,0,43,0,8,0,2,0,3,0,0,0,0,0,0,0,0,0
36900,9931,0,53,0,8,0,3,0,3,0,2,0,0,0,0,0,0,0
37000,9949,0,38,0,6,0,2,0,1,0,4,0,0,0,0,0,0,0
37100,9958,0,16,0,9,0,8,0,5,0,4,0,0,0,0,0,0,0
37200,9976,0,7,0,7,0,3,0,7,0,0,0,0,0,0,0,0,0
37300,9966,0,16,0,10,0,6,0,1,0,1,0,0,0,0,0,0,0
37400,9971,0,12,0,5,0,8,0,4,0,0,0,0,0,0,0,0,0
37500,9965,0,14,0,6,0,8,0,6,0,1,0,0,0,0,0,0,0
37600,9976,0,7,0,9,0,1,0,4,0,3,0,0,0,0,0,0,0
37700,9969,0,10,0,9,0,5,0,5,0,2,0,0,0,0,0,0,0
37800,9965,0,6,0,9,0,7,0,12,0,1,0,0,0,0,0,0,0
37900,9964,0,9,0,5,0,10,0,8,0,4,0,0,0,0,0,0,0
38000,9970,0,14,0,7,0,3,0,4,0,2,0,0,0,0,0,0,0
38100,9976,0,11,0,8,0,3,0,2,0,0,0,0,0,0,0,0,0
38200,9971,0,14,0,6,0,5,0,4,0,0,0,0,0,0,0,0,0
38300,9951,0,15,0,1,0,31,0,2,0,0,0,0,0,0,0,0,0
38400,9907,0,19,0,8,0,58,0,8,0,0,0,0,0,0,0,0,0
38500,9926,0,16,0,1,0,49,0,5,0,3,0,0,0,0,0,0,0
38600,9920,0,17,0,5,0,52,0,4,0,2,0,0,0,0,0,0,0
38700,9909,0,16,0,7,0,58,0,8,0,2,0,0,0,0,0,0,0
38800,9919,0,13,0,2,0,60,0,3,0,3,0,0,0,0,0,0,0
38900,9919,0,16,0,1,0,60,0,2,0,2,0,0,0,0,0,0,0
39000,9902,0,20,0,6,0,67,0,3,0,2,0,0,0,0,0,0,0
39100,9911,0,18,0,3,0,63,0,4,0,1,0,0,0,0,0,0,0
39200,9900,0,22,0,1,0,70,0,6,0,1,0,0,0,0,0,0,0
39300,9902,0,21,0,2,0,69,0,4,0,1,0,1,0,0,0,0,0
39400,9906,0,16,0,2,0,65,0,3,0,8,0,0,0,0,0,0,0
39500,9906,0,16,0,1,0,71,0,6,0,0,0,0,0,0,0,0,0
39600,9911,0,15,0,2,0,68,0,2,0,2,0,0,0,0,0,0,0
39700,9916,0,10,0,3,0,67,0,2,0,1,0,1,0,0,0,0,0
39800,9914,0,9,0,1,0,69,0,4,0,3,0,0,0,0,0,0,0
39900,9907,0,16,0,3,0,70,0,2,0,2,0,0,0,0,0,0,0
40000,9947,0,16,0,2,0,31,0,2,0,2,0,0,0,0,0,0,0
40100,9956,0,25,0,5,0,6,0,6,0,1,0,1,0,0,0,0,0
40200,9967,0,17,0,1,0,7,0,8,0,0,0,0,0,0,0,0,0
40300,9976,0,15,0,3,0,1,0,3,0,2,0,0,0,0,0,0,0
40400,9965,0,29,0,0,0,3,0,2,0,1,0,0,0,0,0,0,0
40500,9957,0,35,0,1,0,1,0,5,0,1,0,0,0,0,0,0,0
40600,9950,0,40,0,2,0,5,0,2,0,1,0,0,0,0,0,0,0
40700,9967,0,26,0,2,0,3,0,2,0,0,0,0,0,0,0,0,0
40800,9948,0,31,0,4,0,3,0,12,0,2,0,0,0,0,0,0,0
40900,9933,0,51,0,2,0,7,0,4,0,3,0,0,0,0,0,0,0
41000,9947,0,45,0,1,0,2,0,4,0,1,0,0,0,0,0,0,0
41100,9934,0,50,0,4,0,5,0,6,0,1,0,0,0,0,0,0,0
41200,9942,0,47,0,4,0,1,0,4,0,2,0,0,0,0,0,0,0
41300,9952,0,42,0,2,0,1,0,2,0,1,0,0,0,0,0,0,0
41400,9958,0,33,0,4,0,0,0,2,0,3,0,0,0,0,0,0,0
41500,9955,0,34,0,3,0,4,0,4,0,0,0,0,0,0,0,0,0
41600,9935,0,55,0,4,0,4,0,2,0,0,0,0,0,0,0,0,0
41700,9932,0,60,0,5,0,2,0,1,0,0,0,0,0,0,0,0,0
41800,9921,0,67,0,4,0,3,0,3,0,2,0,0,0,0,0,0,0
41900,9904,0,83,0,4,0,2,0,4,0,3,0,0,0,0,0,0,0
42000,9899,0,87,0,2,0,2,0,6,0,4,0,0,0,0,0,0,0
42100,9893,0,94,0,5,0,2,0,6,0,0,0,0,0,0,0,0,0
42200,9899,0,94,0,1,0,1,0,5,0,0,0,0,0,0,0,0,0
42300,9897,0,93,0,5,0,2,0,3,0,0,0,0,0,0,0,0,0
42400,9895,0,93,0,4,0,1,0,5,0,2,0,0,0,0,0,0,0
42500,9900,0,94,0,1,0,0,0,4,0,1,0,0,0,0,0,0,0
42600,9898,0,92,0,2,0,4,0,3,0,1,0,0,0,0,0,0,0
42700,9856,0,127,0,4,0,5,0,5,0,3,0,0,0,0,0,0,0
42800,9897,0,94,0,3,0,1,0,3,0,2,0,0,0,0,0,0,0
42900,9906,0,82,0,4,0,1,0,6,0,1,0,0,0,0,0,0,0
43000,9922,0,73,0,0,0,2,0,1,0,2,0,0,0,0,0,0,0
43100,9920,0,72,0,3,0,1,0,3,0,1,0,0,0,0,0,0,0
43200,9919,0,73,0,4,0,1,0,2,0,1,0,0,0,0,0,0,0
43300,9909,0,78,0,3,0,2,0,3,0,5,0,0,0,0,0,0,0
43400,9918,0,75,0,0,0,5,0,2,0,0,0,0,0,0,0,0,0
43500,9911,0,80,0,4,0,2,0,3,0,0,0,0,0,0,0,0,0
43600,9918,0,72,0,3,0,1,0,6,0,0,0,0,0,0,0,0,0
43700,9936,0,53,0,2,0,2,0,4,0,2,0,1,0,0,0,0,0
43800,9949,0,41,0,2,0,1,0,6,0,1,0,0,0,0,0,0,0
43900,9949,0,40,0,3,0,4,0,4,0,0,0,0,0,0,0,0,0
44000,9950,0,41,0,3,0,1,0,2,0,3,0,0,0,0,0,0,0
44100,9948,0,43,0,2,0,2,0,3,0,2,0,0,0,0,0,0,0
44200,9945,0,42,0,7,0,3,0,3,0,0,0,0,0,0,0,0,0
44300,9949,0,42,0,1,0,3,0,4,0,1,0,0,0,0,0,0,0
44400,9948,0,44,0,3,0,1,0,2,0,2,0,0,0,0,0,0,0
44500,9946,0,40,0,3,0,6,0,3,0,2,0,0,0,0,0,0,0
44600,9935,0,52,0,7,0,4,0,2,0,0,0,0,0,0,0,0,0
44700,9926,0,67,0,1,0,1,0,4,0,1,0,0,0,0,0,0,0
44800,9921,0,66,0,2,0,4,0,5,0,2,0,0,0,0,0,0,0
44900,9916,0,68,0,3,0,6,0,7,0,0,0,0,0,0,0,0,0
45000,9929,0,56,0,3,0,2,0,8,0,2,0,0,0,0,0,0,0
45100,9935,0,46,0,5,0,11,0,2,0,1,0,0,0,0,0,0,0
45200,9937,0,44,0,3,0,5,0,7,0,4,0,0,0,0,0,0,0
45300,9949,0,40,0,5,0,4,0,1,0,1,0,0,0,0,0,0,0
45400,9953,0,40,0,3,0,2,0,2,0,0,0,0,0,0,0,0,0
45500,9948,0,40,0,4,0,4,0,1,0,3,0,0,0,0,0,0,0
45600,9947,0,44,0,0,0,3,0,5,0,1,0,0,0,0,0,0,0
45700,9950,0,42,0,2,0,1,0,5,0,0,0,0,0,0,0,0,0
45800,9946,0,43,0,5,0,3,0,2,0,1,0,0,0,0,0,0,0
45900,9949,0,44,0,0,0,4,0,1,0,2,0,0,0,0,0,0,0
46000,9943,0,47,0,4,0,0,0,5,0,1,0,0,0,0,0,0,0
46100,9934,0,54,0,2,0,4,0,5,0,1,0,0,0,0,0,0,0
46200,9931,0,56,0,4,0,8,0,1,0,0,0,0,0,0,0,0,0
46300,9938,0,53,0,3,0,0,0,4,0,2,0,0,0,0,0,0,0
46400,9936,0,54,0,1,0,4,0,5,0,0,0,0,0,0,0,0,0
46500,9933,0,56,0,6,0,1,0,4,0,0,0,0,0,0,0,0,0
46600,9936,0,56,0,3,0,2,0,2,0,1,0,0,0,0,0,0,0
46700,9935,0,58,0,2,0,3,0,2,0,0,0,0,0,0,0,0,0
46800,9926,0,59,0,2,0,5,0,6,0,2,0,0,0,0,0,0,0
46900,9935,0,55,0,3,0,1,0,4,0,2,0,0,0,0,0,0,0
47000,9940,0,53,0,3,0,3,0,0,0,1,0,0,0,0,0,0,0
47100,9942,0,54,0,3,0,0,0,1,0,0,0,0,0,0,0,0,0
47200,9877,0,116,0,1,0,2,0,3,0,1,0,0,0,0,0,0,0
47300,9870,0,120,0,4,0,3,0,2,0,1,0,0,0,0,0,0,0
47400,9873,0,120,0,5,0,2,0,0,0,0,0,0,0,0,0,0,0
47500,9872,0,120,0,4,0,1,0,2,0,1,0,0,0,0,0,0,0
47600,9865,0,125,0,1,0,4,0,4,0,1,0,0,0,0,0,0,0
47700,9865,0,125,0,3,0,0,0,5,0,2,0,0,0,0,0,0,0
47800,9911,0,80,0,4,0,0,0,5,0,0,0,0,0,0,0,0,0
47900,9933,0,59,0,1,0,3,0,3,0,1,0,0,0,0,0,0,0
48000,9936,0,55,0,2,0,0,0,6,0,1,0,0,0,0,0,0,0
48100,9933,0,55,0,4,0,4,0,3,0,1,0,0,0,0,0,0,0
48200,9932,0,62,0,1,0,5,0,0,0,0,0,0,0,0,0,0,0
48300,9904,0,87,0,0,0,6,0,3,0,0,0,0,0,0,0,0,0
48400,9896,0,89,0,2,0,4,0,4,0,5,0,0,0,0,0,0,0
48500,9899,0,85,0,1,0,7,0,7,0,1,0,0,0,0,0,0,0
48600,9904,0,88,0,2,0,2,0,4,0,0,0,0,0,0,0,0,0
48700,9901,0,87,0,3,0,4,0,2,0,3,0,0,0,0,0,0,0
48800,9906,0,86,0,2,0,2,0,4,0,0,0,0,0,0,0,0,0
48900,9907,0,87,0,1,0,1,0,3,0,1,0,0,0,0,0,0,0
49000,9900,0,91,0,2,0,2,0,4,0,1,0,0,0,0,0,0,0
49100,9899,0,91,0,3,0,3,0,2,0,2,0,0,0,0,0,0,0
49200,9907,0,86,0,2,0,1,0,3,0,1,0,0,0,0,0,0,0
49300,9908,0,88,0,1,0,0,0,3,0,0,0,0,0,0,0,0,0
49400,9904,0,88,0,3,0,0,0,3,0,2,0,0,0,0,0,0,0
49500,9903,0,87,0,3,0,1,0,4,0,2,0,0,0,0,0,0,0
49600,9905,0,88,0,4,0,1,0,0,0,2,0,0,0,0,0,0,0
49700,9906,0,87,0,1,0,1,0,3,0,2,0,0,0,0,0,0,0
49800,9925,0,69,0,5,0,0,0,1,0,0,0,0,0,0,0,0,0
49900,9940,0,55,0,2,0,0,0,1,0,2,0,0,0,0,0,0,0
50000,9933,0,55,0,7,0,0,0,4,0,1,0,0,0,0,0,0,0
50100,9939,0,53,0,1,0,2,0,4,0,1,0,0,0,0,0,0,0
50200,9946,0,43,0,1,0,1,0,8,0,1,0,0,0,0,0,0,0
50300,9949,0,44,0,0,0,3,0,4,0,0,0,0,0,0,0,0,0
50400,9948,0,39,0,1,0,8,0,3,0,1,0,0,0,0,0,0,0
50500,9952,0,39,0,1,0,2,0,4,0,2,0,0,0,0,0,0,0
50600,9959,0,36,0,1,0,1,0,2,0,1,0,0,0,0,0,0,0
50700,9963,0,32,0,2,0,0,0,2,0,1,0,0,0,0,0,0,0
50800,9959,0,35,0,1,0,2,0,3,0,0,0,0,0,0,0,0,0
50900,9956,0,37,0,1,0,1,0,3,0,2,0,0,0,0,0,0,0
51000,9954,0,32,0,7,0,0,0,4,0,3,0,0,0,0,0,0,0
51100,9963,0,28,0,0,0,3,0,4,0,2,0,0,0,0,0,0,0
51200,9962,0,27,0,4,0,1,0,6,0,0,0,0,0,0,0,0,0
51300,9961,0,34,0,0,0,1,0,4,0,0,0,0,0,0,0,0,0
51400,9955,0,37,0,2,0,2,0,3,0,1,0,0,0,0,0,0,0
51500,9950,0,40,0,2,0,0,0,6,0,2,0,0,0,0,0,0,0
51600,9952,0,38,0,3,0,0,0,5,0,2,0,0,0,0,0,0,0
51700,9955,0,33,0,2,0,6,0,3,0,1,0,0,0,0,0,0,0
51800,9958,0,33,0,1,0,3,0,3,0,1,0,1,0,0,0,0,0
51900,9960,0,35,0,2,0,3,0,0,0,0,0,0,0,0,0,0,0
52000,9957,0,32,0,1,0,7,0,2,0,1,0,0,0,0,0,0,0
52100,9954,0,40,0,0,0,1,0,3,0,2,0,0,0,0,0,0,0
52200,9932,0,59,0,3,0,1,0,4,0,1,0,0,0,0,0,0,0
52300,9930,0,59,0,3,0,4,0,3,0,1,0,0,0,0,0,0,0
52400,9941,0,56,0,0,0,1,0,2,0,0,0,0,0,0,0,0,0
52500,9934,0,54,0,3,0,3,0,6,0,0,0,0,0,0,0,0,0
52600,9938,0,52,0,2,0,2,0,5,0,1,0,0,0,0,0,0,0
52700,9935,0,50,0,6,0,1,0,7,0,1,0,0,0,0,0,0,0
52800,9934,0,49,0,8,0,3,0,6,0,0,0,0,0,0,0,0,0
52900,9947,0,43,0,6,0,2,0,2,0,0,0,0,0,0,0,0,0
53000,9950,0,42,0,6,0,0,0,1,0,1,0,0,0,0,0,0,0
53100,9942,0,41,0,9,0,3,0,2,0,3,0,0,0,0,0,0,0
53200,9949,0,40,0,8,0,3,0,0,0,0,0,0,0,0,0,0,0
53300,9945,0,40,0,7,0,2,0,4,0,2,0,0,0,0,0,0,0
53400,9945,0,43,0,6,0,2,0,3,0,1,0,0,0,0,0,0,0
53500,9942,0,44,0,10,0,1,0,2,0,1,0,0,0,0,0,0,0
53600,9948,0,41,0,7,0,0,0,3,0,1,0,0,0,0,0,0,0
53700,9945,0,42,0,7,0,3,0,3,0,0,0,0,0,0,0,0,0
53800,9941,0,40,0,9,0,6,0,3,0,1,0,0,0,0,0,0,0
53900,9939,0,43,0,7,0,1,0,4,0,5,0,1,0,0,0,0,0
54000,9941,0,43,0,7,0,3,0,4,0,2,0,0,0,0,0,0,0
54100,9948,0,40,0,8,0,0,0,4,0,0,0,0,0,0,0,0,0
54200,9943,0,42,0,6,0,3,0,3,0,3,0,0,0,0,0,0,0
54300,9952,0,39,0,2,0,2,0,4,0,1,0,0,0,0,0,0,0
54400,9976,0,15,0,2,0,6,0,0,0,1,0,0,0,0,0,0,0
54500,9967,0,29,0,2,0,1,0,1,0,0,0,0,0,0,0,0,0
54600,9970,0,24,0,2,0,1,0,3,0,0,0,0,0,0,0,0,0
54700,9975,0,20,0,2,0,1,0,2,0,0,0,0,0,0,0,0,0
54800,9971,0,21,0,3,0,4,0,1,0,0,0,0,0,0,0,0,0
54900,9973,0,21,0,2,0,1,0,1,0,2,0,0,0,0,0,0,0
55000,9979,0,19,0,2,0,0,0,0,0,0,0,0,0,0,0,0,0
55100,9974,0,21,0,1,0,0,0,3,0,1,0,0,0,0,0,0,0
55200,9974,0,20,0,2,0,2,0,2,0,0,0,0,0,0,0,0,0
55300,9969,0,20,0,3,0,0,0,7,0,1,0,0,0,0,0,0,0
55400,9970,0,26,0,0,0,2,0,1,0,1,0,0,0,0,0,0,0
55500,9970,0,21,0,2,0,1,0,4,0,2,0,0,0,0,0,0,0
55600,9971,0,23,0,1,0,1,0,4,0,0,0,0,0,0,0,0,0
55700,9967,0,25,0,2,0,2,0,4,0,0,0,0,0,0,0,0,0
55800,9958,0,35,0,3,0,2,0,2,0,0,0,0,0,0,0,0,0
55900,9952,0,41,0,0,0,0,0,7,0,0,0,0,0,0,0,0,0
56000,9955,0,38,0,4,0,1,0,2,0,0,0,0,0,0,0,0,0
56100,9948,0,44,0,3,0,3,0,1,0,1,0,0,0,0,0,0,0
56200,9954,0,39,0,3,0,1,0,2,0,1,0,0,0,0,0,0,0
56300,9956,0,39,0,3,0,0,0,1,0,1,0,0,0,0,0,0,0
56400,9957,0,40,0,1,0,1,0,1,0,0,0,0,0,0,0,0,0
56500,9943,0,50,0,1,0,2,0,3,0,1,0,0,0,0,0,0,0
56600,9950,0,44,0,2,0,2,0,1,0,1,0,0,0,0,0,0,0
56700,9954,0,41,0,4,0,0,0,0,0,1,0,0,0,0,0,0,0
56800,9956,0,38,0,2,0,2,0,2,0,0,0,0,0,0,0,0,0
56900,9955,0,31,0,3,0,6,0,5,0,0,0,0,0,0,0,0,0
57000,9964,0,31,0,1,0,0,0,4,0,0,0,0,0,0,0,0,0
57100,9889,0,103,0,2,0,2,0,3,0,0,0,1,0,0,0,0,0
57200,9878,0,108,0,3,0,1,0,6,0,4,0,0,0,0,0,0,0
57300,9848,0,146,0,0,0,3,0,1,0,2,0,0,0,0,0,0,0
57400,9796,0,186,0,5,0,8,0,3,0,2,0,0,0,0,0,0,0
57500,9809,0,188,0,1,0,0,0,0,0,2,0,0,0,0,0,0,0
57600,9804,0,187,0,2,0,1,0,5,0,1,0,0,0,0,0,0,0
57700,9889,0,104,0,3,0,1,0,3,0,0,0,0,0,0,0,0,0
57800,9887,0,106,0,3,0,1,0,1,0,2,0,0,0,0,0,0,0
57900,9891,0,106,0,1,0,0,0,0,0,2,0,0,0,0,0,0,0
58000,9902,0,83,0,5,0,6,0,4,0,0,0,0,0,0,0,0,0
58100,9964,0,28,0,3,0,1,0,2,0,2,0,0,0,0,0,0,0
58200,9963,0,26,0,3,0,2,0,5,0,1,0,0,0,0,0,0,0
58300,9965,0,25,0,4,0,4,0,2,0,0,0,0,0,0,0,0,0
58400,9966,0,26,0,2,0,3,0,3,0,0,0,0,0,0,0,0,0
58500,9959,0,27,0,5,0,3,0,5,0,1,0,0,0,0,0,0,0
58600,9967,0,26,0,3,0,0,0,2,0,2,0,0,0,0,0,0,0
58700,9961,0,29,0,3,0,3,0,4,0,0,0,0,0,0,0,0,0
58800,9964,0,24,0,5,0,2,0,5,0,0,0,0,0,0,0,0,0
58900,9959,0,35,0,0,0,2,0,3,0,1,0,0,0,0,0,0,0
59000,9954,0,43,0,0,0,2,0,1,0,0,0,0,0,0,0,0,0
59100,9954,0,41,0,1,0,1,0,3,0,0,0,0,0,0,0,0,0
59200,9951,0,42,0,3,0,0,0,3,0,1,0,0,0,0,0,0,0
59300,9952,0,40,0,1,0,3,0,4,0,0,0,0,0,0,0,0,0
59400,9949,0,41,0,3,0,4,0,3,0,0,0,0,0,0,0,0,0
59500,9942,0,52,0,2,0,0,0,2,0,2,0,0,0,0,0,0,0
59600,9946,0,46,0,2,0,2,0,3,0,1,0,0,0,0,0,0,0
59700,9952,0,42,0,3,0,0,0,1,0,2,0,0,0,0,0,0,0
59800,9946,0,45,0,4,0,1,0,3,0,1,0,0,0,0,0,0,0
59900,9949,0,41,0,3,0,3,0,4,0,0,0,0,0,0,0,0,0
60000,9954,0,42,0,2,0,1,0,1,0,0,0,0,0,0,0,0,0
60100,9946,0,48,0,2,0,1,0,2,0,1,0,0,0,0,0,0,0
60200,9949,0,41,0,4,0,3,0,2,0,1,0,0,0,0,0,0,0
60300,9957,0,39,0,2,0,0,0,1,0,1,0,0,0,0,0,0,0
60400,9958,0,36,0,2,0,0,0,3,0,1,0,0,0,0,0,0,0
60500,9959,0,35,0,2,0,0,0,1,0,3,0,0,0,0,0,0,0
60600,9962,0,35,0,3,0,0,0,0,0,0,0,0,0,0,0,0,0
60700,9956,0,35,0,7,0,1,0,1,0,0,0,0,0,0,0,0,0
60800,9961,0,34,0,1,0,0,0,2,0,2,0,0,0,0,0,0,0
60900,9962,0,25,0,0,0,1,0,9,0,3,0,0,0,0,0,0,0
61000,9930,0,62,0,1,0,3,0,3,0,1,0,0,0,0,0,0,0
61100,9884,0,105,0,1,0,9,0,1,0,0,0,0,0,0,0,0,0
61200,9884,0,109,0,4,0,1,0,2,0,0,0,0,0,0,0,0,0
61300,9885,0,101,0,3,0,2,0,8,0,1,0,0,0,0,0,0,0
61400,9893,0,99,0,1,0,2,0,5,0,0,0,0,0,0,0,0,0
61500,9895,0,100,0,1,0,2,0,1,0,1,0,0,0,0,0,0,0
61600,9897,0,96,0,1,0,2,0,4,0,0,0,0,0,0,0,0,0
61700,9891,0,104,0,0,0,0,0,0,0,3,0,2,0,0,0,0,0
61800,9884,0,108,0,1,0,4,0,3,0,0,0,0,0,0,0,0,0
61900,9892,0,97,0,3,0,6,0,2,0,0,0,0,0,0,0,0,0
62000,9890,0,101,0,3,0,1,0,5,0,0,0,0,0,0,0,0,0
62100,9892,0,101,0,1,0,2,0,4,0,0,0,0,0,0,0,0,0
62200,9895,0,98,0,2,0,1,0,3,0,1,0,0,0,0,0,0,0
62300,9885,0,101,0,2,0,4,0,7,0,1,0,0,0,0,0,0,0
62400,9893,0,102,0,2,0,0,0,1,0,2,0,0,0,0,0,0,0
62500,9888,0,103,0,1,0,4,0,4,0,0,0,0,0,0,0,0,0
62600,9895,0,101,0,0,0,0,0,2,0,2,0,0,0,0,0,0,0
62700,9886,0,102,0,4,0,2,0,4,0,0,0,2,0,0,0,0,0
62800,9924,0,65,0,2,0,2,0,6,0,1,0,0,0,0,0,0,0
62900,9968,0,26,0,1,0,1,0,3,0,1,0,0,0,0,0,0,0
63000,9966,0,25,0,2,0,3,0,4,0,0,0,0,0,0,0,0,0
63100,9979,0,11,0,2,0,1,0,7,0,0,0,0,0,0,0,0,0
63200,9973,0,10,0,4,0,9,0,3,0,1,0,0,0,0,0,0,0
63300,9980,0,11,0,1,0,0,0,5,0,3,0,0,0,0,0,0,0
63400,9980,0,11,0,3,0,0,0,5,0,1,0,0,0,0,0,0,0
63500,9984,0,9,0,3,0,1,0,2,0,1,0,0,0,0,0,0,0
63600,9983,0,5,0,5,0,3,0,2,0,2,0,0,0,0,0,0,0
63700,9988,0,8,0,1,0,1,0,2,0,0,0,0,0,0,0,0,0
63800,9989,0,7,0,2,0,1,0,0,0,1,0,0,0,0,0,0,0
63900,9986,0,9,0,1,0,3,0,1,0,0,0,0,0,0,0,0,0
64000,9989,0,7,0,0,0,1,0,0,0,3,0,0,0,0,0,0,0
64100,9983,0,7,0,3,0,4,0,3,0,0,0,0,0,0,0,0,0
64200,9985,0,13,0,0,0,2,0,0,0,0,0,0,0,0,0,0,0
64300,9980,0,13,0,2,0,1,0,3,0,1,0,0,0,0,0,0,0
64400,9977,0,17,0,1,0,3,0,1,0,1,0,0,0,0,0,0,0
64500,9976,0,16,0,3,0,1,0,2,0,2,0,0,0,0,0,0,0
64600,9973,0,19,0,3,0,3,0,2,0,0,0,0,0,0,0,0,0
64700,9971,0,20,0,4,0,4,0,1,0,0,0,0,0,0,0,0,0
64800,9982,0,16,0,0,0,1,0,1,0,0,0,0,0,0,0,0,0
64900,9967,0,23,0,3,0,1,0,5,0,1,0,0,0,0,0,0,0
65000,9972,0,17,0,2,0,5,0,2,0,2,0,0,0,0,0,0,0
65100,9970,0,23,0,0,0,0,0,6,0,1,0,0,0,0,0,0,0
65200,9969,0,21,0,3,0,2,0,3,0,2,0,0,0,0,0,0,0
65300,9967,0,21,0,6,0,1,0,3,0,2,0,0,0,0,0,0,0
65400,9970,0,21,0,4,0,1,0,4,0,0,0,0,0,0,0,0,0
65500,9966,0,22,0,8,0,2,0,1,0,1,0,0,0,0,0,0,0
65600,9975,0,18,0,5,0,0,0,2,0,0,0,0,0,0,0,0,0
65700,9965,0,21,0,6,0,4,0,3,0,1,0,0,0,0,0,0,0
65800,9963,0,22,0,10,0,0,0,4,0,1,0,0,0,0,0,0,0
65900,9966,0,23,0,4,0,5,0,1,0,1,0,0,0,0,0,0,0
66000,9963,0,21,0,8,0,2,0,5,0,1,0,0,0,0,0,0,0
66100,9968,0,20,0,7,0,2,0,3,0,0,0,0,0,0,0,0,0
66200,9952,0,27,0,11,0,4,0,4,0,2,0,0,0,0,0,0,0
66300,9969,0,26,0,1,0,0,0,2,0,2,0,0,0,0,0,0,0
66400,9969,0,22,0,3,0,3,0,2,0,1,0,0,0,0,0,0,0
66500,9970,0,23,0,2,0,0,0,5,0,0,0,0,0,0,0,0,0
66600,9966,0,28,0,2,0,3,0,1,0,0,0,0,0,0,0,0,0
66700,9971,0,26,0,1,0,0,0,1,0,1,0,0,0,0,0,0,0
66800,9907,0,92,0,0,0,1,0,0,0,0,0,0,0,0,0,0,0
66900,9901,0,95,0,1,0,0,0,2,0,1,0,0,0,0,0,0,0
67000,9895,0,99,0,0,0,3,0,1,0,2,0,0,0,0,0,0,0
67100,9896,0,95,0,3,0,4,0,0,0,2,0,0,0,0,0,0,0
67200,9915,0,83,0,1,0,0,0,1,0,0,0,0,0,0,0,0,0
67300,9900,0,89,0,2,0,1,0,8,0,0,0,0,0,0,0,0,0
67400,9908,0,86,0,0,0,3,0,0,0,3,0,0,0,0,0,0,0
67500,9903,0,88,0,2,0,0,0,6,0,1,0,0,0,0,0,0,0
67600,9916,0,80,0,0,0,3,0,0,0,1,0,0,0,0,0,0,0
67700,9914,0,79,0,1,0,3,0,3,0,0,0,0,0,0,0,0,0
67800,9920,0,78,0,0,0,0,0,2,0,0,0,0,0,0,0,0,0
67900,9912,0,81,0,3,0,1,0,1,0,2,0,0,0,0,0,0,0
68000,9917,0,80,0,1,0,1,0,1,0,0,0,0,0,0,0,0,0
68100,9919,0,79,0,1,0,0,0,0,0,1,0,0,0,0,0,0,0
68200,9918,0,80,0,1,0,0,0,0,0,1,0,0,0,0,0,0,0
68300,9920,0,76,0,0,0,1,0,1,0,2,0,0,0,0,0,0,0
68400,9921,0,75,0,1,0,0,0,1,0,2,0,0,0,0,0,0,0
68500,9918,0,76,0,2,0,0,0,4,0,0,0,0,0,0,0,0,0
68600,9920,0,74,0,4,0,1,0,1,0,0,0,0,0,0,0,0,0
68700,9921,0,75,0,2,0,0,0,2,0,0,0,0,0,0,0,0,0
68800,9919,0,77,0,1,0,1,0,2,0,0,0,0,0,0,0,0,0
68900,9906,0,87,0,3,0,0,0,3,0,1,0,0,0,0,0,0,0
69000,9899,0,92,0,2,0,1,0,5,0,1,0,0,0,0,0,0,0
69100,9843,0,151,0,2,0,2,0,0,0,2,0,0,0,0,0,0,0
69200,9840,0,156,0,0,0,1,0,2,0,1,0,0,0,0,0,0,0
69300,9846,0,150,0,0,0,1,0,1,0,1,0,1,0,0,0,0,0
69400,9843,0,150,0,0,0,5,0,1,0,1,0,0,0,0,0,0,0
69500,9885,0,101,0,4,0,2,0,7,0,1,0,0,0,0,0,0,0
69600,9911,0,82,0,1,0,3,0,3,0,0,0,0,0,0,0,0,0
69700,9913,0,83,0,0,0,0,0,2,0,2,0,0,0,0,0,0,0
69800,9895,0,87,0,11,0,0,0,6,0,1,0,0,0,0,0,0,0
69900,9905,0,83,0,9,0,2,0,1,0,0,0,0,0,0,0,0,0
70000,9901,0,87,0,10,0,1,0,1,0,0,0,0,0,0,0,0,0
70100,9899,0,84,0,7,0,4,0,3,0,3,0,0,0,0,0,0,0
70200,9908,0,86,0,1,0,1,0,2,0,2,0,0,0,0,0,0,0
70300,9907,0,90,0,2,0,0,0,1,0,0,0,0,0,0,0,0,0
70400,9897,0,87,0,2,0,10,0,4,0,0,0,0,0,0,0,0,0
70500,9909,0,86,0,1,0,3,0,0,0,1,0,0,0,0,0,0,0
70600,9910,0,84,0,2,0,1,0,3,0,0,0,0,0,0,0,0,0
70700,9908,0,83,0,3,0,1,0,4,0,0,0,1,0,0,0,0,0
70800,9913,0,79,0,1,0,1,0,5,0,1,0,0,0,0,0,0,0
70900,9912,0,84,0,1,0,1,0,2,0,0,0,0,0,0,0,0,0
71000,9903,0,85,0,2,0,2,0,4,0,4,0,0,0,0,0,0,0
71100,9901,0,93,0,2,0,2,0,1,0,1,0,0,0,0,0,0,0
71200,9887,0,107,0,1,0,1,0,0,0,4,0,0,0,0,0,0,0
71300,9887,0,108,0,0,0,3,0,0,0,2,0,0,0,0,0,0,0
71400,9884,0,108,0,1,0,3,0,3,0,1,0,0,0,0,0,0,0
71500,9888,0,110,0,0,0,1,0,1,0,0,0,0,0,0,0,0,0
71600,9889,0,109,0,0,0,1,0,0,0,1,0,0,0,0,0,0,0
71700,9889,0,101,0,6,0,2,0,1,0,1,0,0,0,0,0,0,0
71800,9955,0,41,0,2,0,0,0,1,0,1,0,0,0,0,0,0,0
71900,9951,0,45,0,1,0,1,0,2,0,0,0,0,0,0,0,0,0
72000,9957,0,40,0,2,0,0,0,1,0,0,0,0,0,0,0,0,0
72100,9955,0,41,0,3,0,0,0,0,0,1,0,0,0,0,0,0,0
72200,9954,0,41,0,1,0,3,0,1,0,0,0,0,0,0,0,0,0
72300,9958,0,39,0,1,0,1,0,1,0,0,0,0,0,0,0,0,0
72400,9978,0,14,0,6,0,1,0,0,0,1,0,0,0,0,0,0,0
72500,9980,0,15,0,2,0,1,0,1,0,1,0,0,0,0,0,0,0
72600,9978,0,15,0,2,0,3,0,2,0,0,0,0,0,0,0,0,0
72700,9981,0,14,0,2,0,1,0,2,0,0,0,0,0,0,0,0,0
72800,9984,0,12,0,1,0,0,0,3,0,0,0,0,0,0,0,0,0
72900,9981,0,13,0,3,0,0,0,3,0,0,0,0,0,0,0,0,0
73000,9976,0,13,0,2,0,4,0,3,0,2,0,0,0,0,0,0,0
73100,9976,0,15,0,2,0,3,0,4,0,0,0,0,0,0,0,0,0
73200,9980,0,16,0,2,0,0,0,2,0,0,0,0,0,0,0,0,0
73300,9979,0,13,0,2,0,2,0,2,0,2,0,0,0,0,0,0,0
73400,9983,0,14,0,0,0,0,0,2,0,1,0,0,0,0,0,0,0
73500,9977,0,17,0,2,0,1,0,2,0,1,0,0,0,0,0,0,0
73600,9975,0,20,0,2,0,1,0,2,0,0,0,0,0,0,0,0,0
73700,9979,0,14,0,2,0,0,0,4,0,1,0,0,0,0,0,0,0
73800,9980,0,14,0,3,0,2,0,1,0,0,0,0,0,0,0,0,0
73900,9991,0,7,0,0,0,0,0,1,0,1,0,0,0,0,0,0,0
74000,9988,0,5,0,2,0,2,0,2,0,1,0,0,0,0,0,0,0
74100,9991,0,4,0,0,0,2,0,2,0,1,0,0,0,0,0,0,0
74200,9993,0,1,0,0,0,1,0,1,0,4,0,0,0,0,0,0,0
74300,9997,0,0,0,1,0,2,0,0,0,0,0,0,0,0,0,0,0
74400,9992,0,2,0,4,0,0,0,2,0,0,0,0,0,0,0,0,0
74500,9997,0,2,0,0,0,0,0,1,0,0,0,0,0,0,0,0,0
74600,9989,0,3,0,2,0,3,0,2,0,1,0,0,0,0,0,0,0
74700,9986,0,5,0,2,0,2,0,4,0,1,0,0,0,0,0,0,0
74800,9992,0,3,0,2,0,2,0,0,0,1,0,0,0,0,0,0,0
74900,9993,0,3,0,2,0,2,0,0,0,0,0,0,0,0,0,0,0
75000,9997,0,1,0,0,0,1,0,1,0,0,0,0,0,0,0,0,0
75100,9991,0,2,0,4,0,1,0,2,0,0,0,0,0,0,0,0,0
75200,9996,0,1,0,1,0,1,0,1,0,0,0,0,0,0,0,0,0
75300,9992,0,3,0,1,0,1,0,3,0,0,0,0,0,0,0,0,0
75400,9993,0,1,0,1,0,1,0,3,0,1,0,0,0,0,0,0,0
75500,9997,0,1,0,1,0,0,0,1,0,0,0,0,0,0,0,0,0
75600,9983,0,7,0,2,0,5,0,0,0,3,0,0,0,0,0,0,0
75700,9994,0,3,0,0,0,0,0,3,0,0,0,0,0,0,0,0,0
75800,9992,0,2,0,1,0,1,0,3,0,1,0,0,0,0,0,0,0
75900,9991,0,4,0,0,0,0,0,3,0,2,0,0,0,0,0,0,0
76000,9992,0,5,0,2,0,0,0,1,0,0,0,0,0,0,0,0,0
76100,9994,0,4,0,1,0,0,0,0,0,1,0,0,0,0,0,0,0
76200,9989,0,3,0,1,0,3,0,2,0,2,0,0,0,0,0,0,0
76300,9993,0,2,0,2,0,0,0,2,0,1,0,0,0,0,0,0,0
76400,9992,0,5,0,2,0,0,0,1,0,0,0,0,0,0,0,0,0
76500,9989,0,4,0,2,0,1,0,4,0,0,0,0,0,0,0,0,0
76600,9989,0,6,0,2,0,0,0,0,0,3,0,0,0,0,0,0,0
76700,9986,0,7,0,4,0,2,0,1,0,0,0,0,0,0,0,0,0
76800,9986,0,4,0,2,0,3,0,5,0,0,0,0,0,0,0,0,0
76900,9989,0,7,0,2,0,0,0,1,0,1,0,0,0,0,0,0,0
77000,9983,0,9,0,3,0,1,0,3,0,1,0,0,0,0,0,0,0
77100,9990,0,6,0,3,0,0,0,1,0,0,0,0,0,0,0,0,0
77200,9992,0,4,0,0,0,0,0,1,0,3,0,0,0,0,0,0,0
77300,9988,0,6,0,3,0,3,0,0,0,0,0,0,0,0,0,0,0
77400,9985,0,10,0,1,0,3,0,1,0,0,0,0,0,0,0,0,0
77500,9986,0,6,0,2,0,2,0,1,0,3,0,0,0,0,0,0,0
77600,9992,0,1,0,0,0,3,0,4,0,0,0,0,0,0,0,0,0
77700,9995,0,4,0,0,0,0,0,0,0,1,0,0,0,0,0,0,0
77800,9992,0,6,0,0,0,0,0,1,0,1,0,0,0,0,0,0,0
77900,9987,0,7,0,0,0,2,0,2,0,2,0,0,0,0,0,0,0
78000,9981,0,14,0,1,0,2,0,2,0,0,0,0,0,0,0,0,0
78100,9990,0,6,0,2,0,0,0,1,0,1,0,0,0,0,0,0,0
78200,9986,0,7,0,3,0,2,0,1,0,1,0,0,0,0,0,0,0
78300,9983,0,11,0,3,0,1,0,2,0,0,0,0,0,0,0,0,0
78400,9986,0,8,0,3,0,0,0,1,0,2,0,0,0,0,0,0,0
78500,9986,0,10,0,0,0,1,0,3,0,0,0,0,0,0,0,0,0
78600,9982,0,12,0,2,0,3,0,0,0,1,0,0,0,0,0,0,0
78700,9985,0,12,0,0,0,0,0,1,0,2,0,0,0,0,0,0,0
78800,9986,0,10,0,3,0,1,0,0,0,0,0,0,0,0,0,0,0
78900,9990,0,8,0,0,0,0,0,1,0,1,0,0,0,0,0,0,0
79000,9985,0,9,0,1,0,2,0,2,0,1,0,0,0,0,0,0,0
79100,9983,0,8,0,2,0,4,0,2,0,1,0,0,0,0,0,0,0
79200,9982,0,7,0,3,0,5,0,2,0,1,0,0,0,0,0,0,0
79300,9987,0,5,0,2,0,4,0,1,0,1,0,0,0,0,0,0,0
79400,9984,0,7,0,1,0,1,0,6,0,1,0,0,0,0,0,0,0
79500,9985,0,6,0,2,0,1,0,5,0,1,0,0,0,0,0,0,0
79600,9987,0,8,0,1,0,2,0,2,0,0,0,0,0,0,0,0,0
79700,9984,0,6,0,3,0,4,0,3,0,0,0,0,0,0,0,0,0
79800,9977,0,12,0,1,0,5,0,5,0,0,0,0,0,0,0,0,0
79900,9983,0,10,0,1,0,0,0,3,0,3,0,0,0,0,0,0,0
80000,9984,0,11,0,0,0,1,0,4,0,0,0,0,0,0,0,0,0
80100,9988,0,7,0,2,0,1,0,2,0,0,0,0,0,0,0,0,0
80200,9983,0,10,0,4,0,2,0,1,0,0,0,0,0,0,0,0,0
80300,9982,0,13,0,1,0,1,0,3,0,0,0,0,0,0,0,0,0
80400,9990,0,5,0,2,0,2,0,1,0,0,0,0,0,0,0,0,0
80500,9979,0,11,0,1,0,1,0,7,0,1,0,0,0,0,0,0,0
80600,9982,0,11,0,1,0,2,0,3,0,1,0,0,0,0,0,0,0
80700,9983,0,14,0,1,0,1,0,1,0,0,0,0,0,0,0,0,0
80800,9992,0,4,0,0,0,3,0,1,0,0,0,0,0,0,0,0,0
80900,9989,0,8,0,1,0,1,0,1,0,0,0,0,0,0,0,0,0
81000,9990,0,5,0,3,0,0,0,2,0,0,0,0,0,0,0,0,0
81100,9995,0,1,0,2,0,0,0,2,0,0,0,0,0,0,0,0,0
81200,9995,0,1,0,0,0,2,0,2,0,0,0,0,0,0,0,0,0
81300,9987,0,2,0,2,0,5,0,4,0,0,0,0,0,0,0,0,0
81400,9989,0,7,0,1,0,1,0,2,0,0,0,0,0,0,0,0,0
81500,9987,0,6,0,3,0,0,0,2,0,2,0,0,0,0,0,0,0
81600,9990,0,6,0,1,0,1,0,1,0,1,0,0,0,0,0,0,0
81700,9989,0,8,0,0,0,1,0,2,0,0,0,0,0,0,0,0,0
81800,9988,0,9,0,1,0,1,0,1,0,0,0,0,0,0,0,0,0
81900,9978,0,11,0,4,0,1,0,3,0,3,0,0,0,0,0,0,0
82000,9985,0,9,0,3,0,0,0,2,0,1,0,0,0,0,0,0,0
82100,9982,0,13,0,2,0,1,0,2,0,0,0,0,0,0,0,0,0
82200,9982,0,8,0,3,0,7,0,0,0,0,0,0,0,0,0,0,0
82300,9980,0,10,0,4,0,2,0,3,0,1,0,0,0,0,0,0,0
82400,9984,0,9,0,4,0,2,0,1,0,0,0,0,0,0,0,0,0
82500,9986,0,8,0,1,0,0,0,4,0,1,0,0,0,0,0,0,0
82600,9973,0,17,0,5,0,0,0,4,0,1,0,0,0,0,0,0,0
82700,9981,0,9,0,2,0,3,0,4,0,1,0,0,0,0,0,0,0
82800,9995,0,3,0,0,0,0,0,1,0,1,0,0,0,0,0,0,0
82900,9979,0,17,0,0,0,2,0,2,0,0,0,0,0,0,0,0,0
83000,9938,0,56,0,1,0,1,0,1,0,3,0,0,0,0,0,0,0
83100,9939,0,54,0,3,0,2,0,0,0,2,0,0,0,0,0,0,0
83200,9931,0,65,0,2,0,0,0,1,0,1,0,0,0,0,0,0,0
83300,9909,0,83,0,1,0,2,0,3,0,2,0,0,0,0,0,0,0
83400,9907,0,82,0,2,0,1,0,4,0,4,0,0,0,0,0,0,0
83500,9915,0,78,0,5,0,1,0,1,0,0,0,0,0,0,0,0,0
83600,9925,0,70,0,2,0,1,0,2,0,0,0,0,0,0,0,0,0
83700,9936,0,56,0,3,0,1,0,3,0,1,0,0,0,0,0,0,0
83800,9939,0,56,0,0,0,2,0,3,0,0,0,0,0,0,0,0,0
83900,9910,0,86,0,1,0,0,0,3,0,0,0,0,0,0,0,0,0
84000,9917,0,75,0,4,0,1,0,2,0,1,0,0,0,0,0,0,0
84100,9928,0,68,0,1,0,0,0,2,0,1,0,0,0,0,0,0,0
84200,9919,0,68,0,3,0,2,0,7,0,1,0,0,0,0,0,0,0
84300,9938,0,53,0,2,0,2,0,3,0,2,0,0,0,0,0,0,0
84400,9935,0,59,0,3,0,0,0,2,0,1,0,0,0,0,0,0,0
84500,9950,0,46,0,0,0,0,0,3,0,1,0,0,0,0,0,0,0
84600,9917,0,77,0,2,0,1,0,2,0,1,0,0,0,0,0,0,0
84700,9928,0,64,0,6,0,1,0,1,0,0,0,0,0,0,0,0,0
84800,9926,0,66,0,3,0,1,0,3,0,1,0,0,0,0,0,0,0
84900,9923,0,72,0,3,0,1,0,0,0,1,0,0,0,0,0,0,0
85000,9913,0,85,0,0,0,2,0,0,0,0,0,0,0,0,0,0,0
85100,9912,0,79,0,1,0,3,0,4,0,1,0,0,0,0,0,0,0
85200,9939,0,55,0,2,0,0,0,4,0,0,0,0,0,0,0,0,0
85300,9942,0,53,0,1,0,3,0,1,0,0,0,0,0,0,0,0,0
85400,9951,0,47,0,1,0,0,0,1,0,0,0,0,0,0,0,0,0
85500,9929,0,69,0,1,0,1,0,0,0,0,0,0,0,0,0,0,0
85600,9936,0,57,0,1,0,1,0,4,0,1,0,0,0,0,0,0,0
85700,9943,0,55,0,1,0,0,0,1,0,0,0,0,0,0,0,0,0
85800,9941,0,48,0,2,0,8,0,1,0,0,0,0,0,0,0,0,0
85900,9920,0,71,0,2,0,3,0,3,0,1,0,0,0,0,0,0,0
86000,9910,0,85,0,1,0,2,0,1,0,1,0,0,0,0,0,0,0
86100,9923,0,72,0,1,0,2,0,2,0,0,0,0,0,0,0,0,0
86200,9921,0,74,0,1,0,3,0,1,0,0,0,0,0,0,0,0,0
86300,9925,0,69,0,0,0,1,0,1,0,4,0,0,0,0,0,0,0
86400,9934,0,58,0,2,0,3,0,2,0,1,0,0,0,0,0,0,0
86500,9930,0,66,0,2,0,0,0,1,0,1,0,0,0,0,0,0,0
86600,9929,0,65,0,2,0,2,0,1,0,1,0,0,0,0,0,0,0
86700,9935,0,56,0,2,0,3,0,3,0,1,0,0,0,0,0,0,0
86800,9911,0,80,0,2,0,1,0,5,0,1,0,0,0,0,0,0,0
86900,9907,0,81,0,4,0,2,0,6,0,0,0,0,0,0,0,0,0
87000,9927,0,58,0,5,0,5,0,4,0,1,0,0,0,0,0,0,0
87100,9930,0,62,0,1,0,3,0,2,0,2,0,0,0,0,0,0,0
87200,9916,0,77,0,6,0,0,0,1,0,0,0,0,0,0,0,0,0
87300,9905,0,88,0,2,0,1,0,4,0,0,0,0,0,0,0,0,0
87400,9898,0,97,0,0,0,1,0,3,0,1,0,0,0,0,0,0,0
87500,9889,0,102,0,3,0,1,0,5,0,0,0,0,0,0,0,0,0
87600,9891,0,103,0,4,0,0,0,2,0,0,0,0,0,0,0,0,0
87700,9903,0,92,0,2,0,1,0,2,0,0,0,0,0,0,0,0,0
87800,9909,0,88,0,1,0,0,0,1,0,1,0,0,0,0,0,0,0
87900,9911,0,79,0,0,0,7,0,3,0,0,0,0,0,0,0,0,0
88000,9927,0,66,0,2,0,2,0,3,0,0,0,0,0,0,0,0,0
88100,9931,0,62,0,2,0,1,0,4,0,0,0,0,0,0,0,0,0
88200,9939,0,60,0,0,0,1,0,0,0,0,0,0,0,0,0,0,0
88300,9929,0,64,0,3,0,1,0,3,0,0,0,0,0,0,0,0,0
88400,9932,0,64,0,0,0,3,0,1,0,0,0,0,0,0,0,0,0
88500,9929,0,61,0,4,0,1,0,5,0,0,0,0,0,0,0,0,0
88600,9936,0,59,0,0,0,0,0,5,0,0,0,0,0,0,0,0,0
88700,9947,0,53,0,0,0,0,0,0,0,0,0,0,0,0,0,0,0
88800,9938,0,52,0,5,0,0,0,4,0,1,0,0,0,0,0,0,0
88900,9945,0,51,0,0,0,2,0,2,0,0,0,0,0,0,0,0,0
89000,9939,0,47,0,2,0,3,0,5,0,4,0,0,0,0,0,0,0
89100,9937,0,54,0,0,0,5,0,3,0,1,0,0,0,0,0,0,0
89200,9947,0,51,0,0,0,0,0,2,0,0,0,0,0,0,0,0,0
89300,9942,0,53,0,1,0,2,0,1,0,1,0,0,0,0,0,0,0
89400,9944,0,53,0,2,0,0,0,1,0,0,0,0,0,0,0,0,0
89500,9946,0,49,0,2,0,1,0,2,0,0,0,0,0,0,0,0,0
89600,9936,0,60,0,2,0,1,0,0,0,1,0,0,0,0,0,0,0
89700,9974,0,21,0,0,0,1,0,3,0,1,0,0,0,0,0,0,0
89800,9978,0,15,0,2,0,2,0,3,0,0,0,0,0,0,0,0,0
89900,9981,0,13,0,2,0,1,0,2,0,1,0,0,0,0,0,0,0
90000,9981,0,11,0,2,0,3,0,3,0,0,0,0,0,0,0,0,0
90100,9979,0,15,0,3,0,2,0,1,0,0,0,0,0,0,0,0,0
90200,9969,0,17,0,1,0,9,0,4,0,0,0,0,0,0,0,0,0
90300,9981,0,15,0,1,0,3,0,0,0,0,0,0,0,0,0,0,0
90400,9983,0,13,0,0,0,1,0,3,0,0,0,0,0,0,0,0,0
90500,9982,0,14,0,2,0,1,0,1,0,0,0,0,0,0,0,0,0
90600,9979,0,16,0,1,0,1,0,2,0,1,0,0,0,0,0,0,0
90700,9983,0,11,0,2,0,0,0,4,0,0,0,0,0,0,0,0,0
90800,9983,0,14,0,1,0,0,0,2,0,0,0,0,0,0,0,0,0
90900,9978,0,15,0,4,0,2,0,1,0,0,0,0,0,0,0,0,0
91000,9971,0,18,0,5,0,2,0,4,0,0,0,0,0,0,0,0,0
91100,9982,0,13,0,0,0,2,0,1,0,2,0,0,0,0,0,0,0
91200,9980,0,15,0,1,0,2,0,0,0,2,0,0,0,0,0,0,0
91300,9974,0,15,0,5,0,4,0,2,0,0,0,0,0,0,0,0,0
91400,9981,0,12,0,3,0,1,0,1,0,2,0,0,0,0,0,0,0
91500,9987,0,12,0,0,0,0,0,0,0,1,0,0,0,0,0,0,0
91600,9980,0,12,0,2,0,0,0,4,0,2,0,0,0,0,0,0,0
91700,9980,0,12,0,5,0,3,0,0,0,0,0,0,0,0,0,0,0
91800,9982,0,11,0,1,0,3,0,1,0,2,0,0,0,0,0,0,0
91900,9983,0,12,0,3,0,2,0,0,0,0,0,0,0,0,0,0,0
92000,9982,0,11,0,1,0,2,0,3,0,1,0,0,0,0,0,0,0
92100,9983,0,15,0,0,0,1,0,1,0,0,0,0,0,0,0,0,0
92200,9982,0,13,0,3,0,1,0,1,0,0,0,0,0,0,0,0,0
92300,9983,0,14,0,0,0,1,0,2,0,0,0,0,0,0,0,0,0
92400,9982,0,13,0,1,0,2,0,2,0,0,0,0,0,0,0,0,0
92500,9982,0,13,0,0,0,3,0,2,0,0,0,0,0,0,0,0,0
92600,9982,0,12,0,1,0,1,0,2,0,2,0,0,0,0,0,0,0
92700,9977,0,12,0,5,0,1,0,4,0,1,0,0,0,0,0,0,0
92800,9986,0,11,0,1,0,0,0,2,0,0,0,0,0,0,0,0,0
92900,9982,0,12,0,3,0,0,0,1,0,2,0,0,0,0,0,0,0
93000,9981,0,13,0,0,0,1,0,3,0,1,0,1,0,0,0,0,0
93100,9980,0,14,0,3,0,2,0,1,0,0,0,0,0,0,0,0,0
93200,9984,0,12,0,2,0,0,0,1,0,1,0,0,0,0,0,0,0
93300,9981,0,13,0,1,0,1,0,4,0,0,0,0,0,0,0,0,0
93400,9983,0,12,0,1,0,2,0,2,0,0,0,0,0,0,0,0,0
93500,9981,0,14,0,2,0,1,0,1,0,1,0,0,0,0,0,0,0
93600,9982,0,14,0,2,0,0,0,2,0,0,0,0,0,0,0,0,0
93700,9984,0,13,0,0,0,2,0,1,0,0,0,0,0,0,0,0,0
93800,9976,0,14,0,5,0,3,0,2,0,0,0,0,0,0,0,0,0
93900,9975,0,16,0,2,0,3,0,4,0,0,0,0,0,0,0,0,0
94000,9969,0,21,0,1,0,6,0,3,0,0,0,0,0,0,0,0,0
94100,9970,0,19,0,4,0,1,0,4,0,2,0,0,0,0,0,0,0
94200,9978,0,17,0,1,0,0,0,4,0,0,0,0,0,0,0,0,0
94300,9970,0,22,0,1,0,4,0,1,0,2,0,0,0,0,0,0,0
94400,9977,0,18,0,0,0,2,0,3,0,0,0,0,0,0,0,0,0
94500,9976,0,15,0,1,0,2,0,4,0,2,0,0,0,0,0,0,0
94600,9978,0,15,0,3,0,1,0,3,0,0,0,0,0,0,0,0,0
94700,9979,0,12,0,1,0,2,0,5,0,1,0,0,0,0,0,0,0
94800,9981,0,14,0,3,0,0,0,2,0,0,0,0,0,0,0,0,0
94900,9984,0,13,0,1,0,1,0,1,0,0,0,0,0,0,0,0,0
95000,9984,0,12,0,3,0,1,0,0,0,0,0,0,0,0,0,0,0
95100,9977,0,17,0,2,0,1,0,1,0,2,0,0,0,0,0,0,0
95200,9957,0,38,0,0,0,2,0,1,0,2,0,0,0,0,0,0,0
95300,9955,0,38,0,2,0,1,0,4,0,0,0,0,0,0,0,0,0
95400,9958,0,37,0,0,0,0,0,1,0,4,0,0,0,0,0,0,0
95500,9954,0,36,0,3,0,0,0,5,0,2,0,0,0,0,0,0,0
95600,9950,0,44,0,3,0,0,0,2,0,1,0,0,0,0,0,0,0
95700,9927,0,66,0,4,0,1,0,1,0,1,0,0,0,0,0,0,0
95800,9927,0,66,0,3,0,0,0,3,0,0,0,0,0,1,0,0,0
95900,9929,0,64,0,2,0,1,0,2,0,2,0,0,0,0,0,0,0
96000,9920,0,69,0,2,0,1,0,7,0,1,0,0,0,0,0,0,0
96100,9912,0,79,0,3,0,3,0,2,0,1,0,0,0,0,0,0,0
96200,9920,0,74,0,2,0,1,0,3,0,0,0,0,0,0,0,0,0
96300,9916,0,74,0,1,0,5,0,1,0,3,0,0,0,0,0,0,0
96400,9915,0,75,0,1,0,1,0,4,0,4,0,0,0,0,0,0,0
96500,9912,0,79,0,1,0,6,0,1,0,1,0,0,0,0,0,0,0
96600,9918,0,79,0,1,0,0,0,1,0,1,0,0,0,0,0,0,0
96700,9935,0,62,0,1,0,0,0,2,0,0,0,0,0,0,0,0,0
96800,9927,0,65,0,1,0,3,0,3,0,1,0,0,0,0,0,0,0
96900,9929,0,65,0,1,0,3,0,1,0,1,0,0,0,0,0,0,0
97000,9932,0,68,0,0,0,0,0,0,0,0,0,0,0,0,0,0,0
97100,9928,0,63,0,3,0,1,0,2,0,3,0,0,0,0,0,0,0
97200,9933,0,64,0,1,0,0,0,0,0,2,0,0,0,0,0,0,0
97300,9931,0,63,0,1,0,1,0,3,0,1,0,0,0,0,0,0,0
97400,9938,0,56,0,1,0,1,0,2,0,2,0,0,0,0,0,0,0
97500,9938,0,55,0,3,0,1,0,1,0,2,0,0,0,0,0,0,0
97600,9946,0,45,0,3,0,0,0,4,0,2,0,0,0,0,0,0,0
97700,9968,0,25,0,3,0,3,0,1,0,0,0,0,0,0,0,0,0
97800,9969,0,28,0,0,0,2,0,1,0,0,0,0,0,0,0,0,0
97900,9971,0,28,0,0,0,0,0,1,0,0,0,0,0,0,0,0,0
98000,9971,0,25,0,1,0,1,0,1,0,1,0,0,0,0,0,0,0
98100,9972,0,25,0,1,0,1,0,0,0,1,0,0,0,0,0,0,0
98200,9962,0,25,0,4,0,3,0,6,0,0,0,0,0,0,0,0,0
98300,9966,0,26,0,2,0,3,0,2,0,1,0,0,0,0,0,0,0
98400,9971,0,25,0,0,0,2,0,2,0,0,0,0,0,0,0,0,0
98500,9965,0,25,0,1,0,6,0,2,0,1,0,0,0,0,0,0,0
98600,9965,0,26,0,2,0,1,0,6,0,0,0,0,0,0,0,0,0
98700,9970,0,25,0,0,0,1,0,3,0,1,0,0,0,0,0,0,0
98800,9969,0,25,0,1,0,2,0,2,0,1,0,0,0,0,0,0,0
98900,9969,0,25,0,1,0,0,0,4,0,1,0,0,0,0,0,0,0
99000,9968,0,26,0,1,0,1,0,2,0,2,0,0,0,0,0,0,0
99100,9956,0,34,0,3,0,1,0,5,0,1,0,0,0,0,0,0,0
99200,9969,0,25,0,1,0,0,0,5,0,0,0,0,0,0,0,0,0
99300,9986,0,10,0,1,0,0,0,1,0,2,0,0,0,0,0,0,0
99400,9982,0,11,0,0,0,1,0,3,0,3,0,0,0,0,0,0,0
99500,9985,0,8,0,4,0,1,0,1,0,1,0,0,0,0,0,0,0
99600,9987,0,7,0,1,0,1,0,4,0,0,0,0,0,0,0,0,0
99700,9986,0,8,0,0,0,3,0,1,0,2,0,0,0,0,0,0,0
99800,9981,0,9,0,3,0,2,0,4,0,1,0,0,0,0,0,0,0
99900,9977,0,10,0,3,0,7,0,2,0,1,0,0,0,0,0,0,0
100000,9979,0,11,0,1,0,4,0,4,0,1,0,0,0,0,0,0,0
