update,host_task_NOT,sym_task_NOT,host_task_NAND,sym_task_NAND,host_task_AND,sym_task_AND,host_task_ORN,sym_task_ORN,host_task_OR,sym_task_OR,host_task_ANDN,sym_task_ANDN,host_task_NOR,sym_task_NOR,host_task_XOR,sym_task_XOR,host_task_EQU,sym_task_EQU
0,0,0,0,0,0,0,0,0,0,0,0,0,0,0,0,0,0,0
100,10000,38352,0,1,0,8,0,2,2,4,0,1,0,0,0,0,0,0
200,9994,33302,0,6,2,4,1,5,2,7,1,4,0,0,0,0,0,0
300,9992,33071,0,7,2,9,1,2,3,1,2,3,0,0,0,0,0,0
400,9993,33147,0,12,3,8,1,5,1,4,2,8,0,0,0,0,0,0
500,9986,33192,0,4,2,2,6,5,5,4,1,3,0,0,0,0,0,0
600,9994,28064,0,0,1,4,1,4,3,10,1,1,0,0,0,0,0,0
700,9992,25903,0,10,2,4,2,2,2,4,2,3,0,0,0,0,0,0
800,9992,25954,2,4,0,2,1,3,5,4,0,1,0,0,0,0,0,0
900,9993,25992,1,4,2,6,1,1,3,4,0,5,0,0,0,0,0,0
1000,9990,25943,0,6,5,8,2,2,3,3,0,4,0,0,0,0,0,0
1100,9992,23218,4,5,2,4,1,4,1,7,0,4,0,0,0,0,0,0
1200,9990,20279,5,3,0,4,2,2,1,5,2,1,0,0,0,0,0,0
1300,9986,20303,4,4,1,1,0,1,8,3,1,2,0,0,0,0,0,0
1400,9986,20385,6,2,4,2,1,1,2,2,1,1,0,0,0,0,0,0
1500,9988,20365,4,1,3,3,0,2,3,1,2,3,0,0,0,0,0,0
1600,9980,19331,6,4,5,4,1,2,2,2,5,0,1,0,0,0,0,0
1700,9979,16614,9,4,4,0,5,0,3,3,0,0,0,0,0,0,0,0
1800,9984,16564,8,1,4,1,0,0,4,5,0,1,0,0,0,0,0,0
1900,9986,16510,8,4,2,2,1,3,3,6,0,1,0,0,0,0,0,0
2000,9977,16512,11,10,2,1,0,2,8,1,1,3,1,0,0,0,0,0
2100,9987,16461,8,4,1,2,2,0,1,3,1,4,0,0,0,0,0,0
2200,9975,13325,19,4,2,0,2,0,2,1,0,0,0,0,0,0,0,0
2300,9966,13198,20,5,4,2,2,3,6,0,2,1,0,0,0,0,0,0
2400,9971,13354,21,8,1,0,3,0,1,2,3,1,0,0,0,0,0,0
2500,9974,13249,19,6,0,1,2,1,5,4,0,2,0,0,0,0,0,0
2600,9967,13270,22,4,4,5,4,7,2,3,1,1,0,0,0,0,0,0
2700,9975,11354,19,5,3,1,2,1,1,4,0,2,0,0,0,0,0,0
2800,9975,10769,15,5,0,1,3,1,6,2,1,3,0,0,0,0,0,0
2900,9977,10756,18,12,0,4,3,0,1,4,1,1,0,0,0,0,0,0
3000,9968,10779,18,6,2,0,6,2,6,3,0,1,0,0,0,0,0,0
3100,9972,10790,18,10,6,2,2,1,2,1,0,0,0,0,0,0,0,0
3200,9966,9778,21,3,4,0,4,1,4,0,1,0,0,0,0,0,0,0
3300,9965,9047,25,3,3,0,2,1,3,0,2,0,0,0,0,0,0,0
3400,9971,9056,23,13,0,0,4,1,2,4,0,0,0,0,0,0,0,0
3500,9973,9126,22,6,1,1,2,1,2,2,0,2,0,0,0,0,0,0
3600,9965,9059,21,7,5,2,2,2,4,4,3,1,0,0,0,0,0,0
3700,9970,8414,23,11,1,2,1,1,3,1,2,0,0,0,0,0,0,0
3800,9969,7524,23,5,1,2,4,4,3,1,0,1,0,0,0,0,0,0
3900,9968,7757,23,4,3,3,1,1,3,5,2,1,0,0,0,0,0,0
4000,9964,7702,21,8,3,2,2,2,8,3,2,3,0,0,0,0,0,0
4100,9965,7716,23,1,4,2,4,3,3,4,0,0,1,0,0,0,0,0
4200,9967,7685,23,2,0,1,3,1,5,4,2,1,0,0,0,0,0,0
4300,9968,6456,21,6,1,2,6,0,4,1,0,1,0,0,0,0,0,0
4400,9965,6544,22,3,3,1,5,0,4,2,0,0,1,0,0,0,0,0
4500,9962,6676,24,4,5,1,2,2,2,3,5,1,0,0,0,0,0,0
4600,9970,6703,22,6,4,0,1,2,3,3,0,0,0,0,0,0,0,0
4700,9962,6793,25,12,1,1,3,0,8,3,1,1,0,0,0,0,0,0
4800,9951,6195,34,14,2,3,4,2,5,3,3,0,1,0,0,0,0,0
4900,9944,6338,37,13,1,2,9,1,5,0,4,0,0,0,0,0,0,0
5000,9952,6296,37,21,5,1,4,3,2,1,0,1,0,0,0,0,0,0
5100,9952,6363,36,10,0,0,8,1,4,2,0,0,0,0,0,0,0,0
5200,9940,6252,36,25,3,2,12,2,6,2,2,0,1,0,0,0,0,0
5300,9950,5678,39,47,1,2,8,1,1,0,1,0,0,0,0,0,0,0
5400,9943,5756,49,51,2,3,5,34,1,2,0,1,0,0,0,0,0,0
5500,9936,6122,47,94,2,0,13,39,2,3,0,2,0,0,0,0,0,0
5600,9934,6786,38,104,2,5,13,27,9,2,4,1,0,0,0,0,0,0
5700,9948,7598,41,53,1,1,7,38,3,2,0,3,0,0,0,0,0,0
5800,9941,9679,43,45,2,2,10,10,4,4,0,0,0,0,0,0,0,0
5900,9930,11425,52,81,1,2,10,5,5,5,2,1,0,0,0,0,0,0
6000,9929,13042,50,106,3,1,12,4,6,5,0,2,0,0,0,0,0,0
6100,9923,13786,53,61,6,4,10,5,6,5,1,1,1,0,0,0,0,0
6200,9932,15288,51,39,2,4,11,6,3,4,1,2,0,0,0,0,0,0
6300,9934,14658,51,56,0,4,8,2,3,4,1,1,3,0,0,0,0,0
6400,9922,13713,58,73,3,8,11,6,4,3,2,2,0,0,0,0,0,0
6500,9911,16615,66,46,1,3,16,15,6,6,0,2,0,0,0,0,0,0
6600,9903,19616,71,64,4,4,11,4,9,7,2,1,0,0,0,0,0,0
6700,9912,20455,64,48,2,18,15,16,5,12,1,4,1,0,0,0,0,0
6800,9916,19787,60,118,4,3,16,4,2,1,2,0,0,0,0,0,0,0
6900,9911,18509,66,67,5,5,6,6,10,2,2,3,0,1,0,0,0,0
7000,9922,20321,64,84,1,3,7,3,6,7,0,4,0,1,0,0,0,0
7100,9923,21934,58,50,3,6,8,5,7,4,1,2,0,1,0,0,0,0
7200,9920,22633,56,52,1,4,12,13,8,5,3,2,0,0,0,0,0,0
7300,9911,22710,66,34,3,7,17,2,2,4,1,2,0,0,0,0,0,0
7400,9925,21653,60,60,5,5,9,8,0,5,1,0,0,0,0,0,0,0
7500,9924,22830,60,43,4,2,5,13,5,1,1,3,1,0,0,0,0,0
7600,9917,24388,64,119,1,6,6,1,10,1,2,0,0,0,0,0,0,0
7700,9903,23766,75,86,3,6,14,7,3,8,2,3,0,0,0,0,0,0
7800,9905,24805,78,25,4,3,8,9,5,6,0,1,0,0,0,0,0,0
7900,9905,23804,79,29,0,3,9,2,7,6,0,0,0,0,0,0,0,0
8000,9891,23939,83,40,1,2,21,4,4,5,0,3,0,0,0,0,0,0
8100,9874,24236,97,67,2,3,20,4,5,6,2,2,0,0,0,0,0,0
8200,9887,23648,91,44,2,9,14,12,4,6,2,1,0,0,0,0,0,0
8300,9883,25998,96,73,2,9,12,3,4,7,3,1,0,0,0,0,0,0
8400,9884,24639,93,69,4,4,11,5,6,9,2,1,0,0,0,0,0,0
8500,9884,24770,97,34,2,5,12,8,2,3,2,0,1,0,0,0,0,0
8600,9889,25777,93,56,4,5,8,2,5,2,1,2,0,0,0,0,0,0
8700,9889,24584,88,90,3,8,14,4,4,5,2,1,0,0,0,0,0,0
8800,9883,25641,91,77,4,3,9,3,10,6,3,0,0,0,0,0,0,0
8900,9891,24611,87,91,2,7,15,5,5,9,0,0,0,0,0,0,0,0
9000,9882,22916,86,107,4,7,15,3,7,8,6,2,0,0,0,0,0,0
9100,9888,25089,82,39,6,2,15,4,8,8,0,4,1,0,0,0,0,0
9200,9870,25093,105,38,0,2,13,3,11,4,1,2,0,0,0,0,0,0
9300,9872,23766,105,108,3,2,14,5,6,6,0,1,0,0,0,0,0,0
9400,9885,24549,91,223,4,5,11,3,8,9,1,4,0,0,0,0,0,0
9500,9874,23980,99,165,6,10,13,2,4,4,4,5,0,1,0,0,0,0
9600,9869,25562,104,197,4,3,11,3,10,1,2,1,0,0,0,0,0,0
9700,9863,24741,101,417,7,3,17,7,6,4,6,0,0,0,0,0,0,0
9800,9855,24465,119,448,2,3,13,4,11,5,0,2,0,1,0,0,0,0
9900,9820,24687,155,477,6,3,9,12,6,6,4,0,0,0,0,0,0,0
10000,9837,24221,144,522,6,6,8,3,4,9,1,1,0,0,0,0,0,0
10100,9787,23613,191,515,0,4,14,9,6,3,1,2,1,0,0,0,0,0
10200,9778,24767,201,525,4,6,8,10,6,13,3,0,0,0,0,0,0,0
10300,9742,25515,228,476,5,6,8,2,12,4,5,4,0,0,0,0,0,0
10400,9762,25169,214,397,5,13,9,6,7,4,3,3,0,0,0,0,0,0
10500,9746,25377,221,398,11,6,11,12,9,3,1,2,0,0,0,0,1,0
10600,9777,25020,196,455,4,6,14,5,6,5,3,1,0,1,0,0,0,0
10700,9783,24688,187,615,3,1,13,2,11,7,2,0,1,0,0,0,0,0
10800,9795,25030,177,578,5,10,12,7,10,3,1,1,0,0,0,0,0,0
10900,9779,25484,188,580,8,3,10,9,8,3,7,1,0,0,0,0,0,0
11000,9768,25775,180,755,10,6,26,5,9,1,6,1,0,0,0,0,1,0
11100,9751,23312,206,688,7,7,25,10,7,7,3,1,1,0,0,0,0,0
11200,9712,22067,234,887,12,7,21,4,13,4,8,2,0,0,0,0,0,0
11300,9731,23715,234,887,7,5,20,4,6,13,2,0,0,0,0,0,0,0
11400,9721,25344,253,595,8,5,13,6,4,5,1,1,0,0,0,0,0,0
11500,9721,25625,246,612,10,7,18,15,3,6,2,3,0,0,0,0,0,0
11600,9740,25500,227,774,10,8,18,4,5,5,0,3,0,0,0,0,0,0
11700,9723,23295,232,971,12,4,20,5,9,10,2,3,2,0,0,0,0,0
11800,9718,23797,251,801,8,2,17,13,3,4,3,3,0,0,0,0,0,0
11900,9632,25592,328,763,14,2,18,4,6,4,2,2,0,0,0,0,0,0
12000,9619,26302,341,659,15,6,16,4,7,12,2,2,0,0,0,0,0,0
12100,9635,26784,320,762,15,7,21,7,8,4,1,3,0,0,0,0,0,0
12200,9530,24253,424,922,13,8,28,8,5,10,0,2,0,0,0,0,0,0
12300,9547,24814,416,730,16,14,18,10,1,7,2,4,0,0,0,0,0,0
12400,9557,27256,412,881,6,20,12,7,10,14,3,2,0,0,0,0,0,0
12500,9555,27229,418,779,13,15,6,3,6,7,2,3,0,0,0,0,0,0
12600,9542,27470,415,822,16,17,11,3,10,9,5,5,1,0,0,0,0,0
12700,9525,27246,447,900,10,8,9,4,6,9,3,3,0,0,0,0,0,0
12800,9492,27252,469,803,17,14,16,1,5,2,1,2,0,0,0,0,0,0
12900,9494,25335,471,866,10,13,13,8,10,3,2,0,0,0,0,0,0,0
13000,9495,25507,459,890,14,3,19,5,9,6,4,2,0,0,0,0,0,0
13100,9463,27367,494,852,11,6,21,6,6,10,4,2,1,0,0,0,0,0
13200,9475,25428,480,906,12,7,19,7,13,10,1,2,0,0,0,0,0,0
13300,9513,24303,450,865,12,17,19,2,4,3,1,2,1,0,0,0,0,0
13400,9480,23590,482,695,15,5,15,3,5,6,3,2,0,0,0,0,0,0
13500,9468,24050,494,460,12,7,16,4,8,3,2,0,0,0,0,0,0,0
13600,9434,24337,527,490,13,5,18,4,5,2,3,1,0,0,0,0,0,0
13700,9421,24083,533,603,11,5,21,3,11,8,3,0,0,0,0,0,0,0
13800,9410,24140,542,677,15,3,24,4,9,8,0,6,0,0,0,0,0,0
13900,9411,22341,544,791,14,2,19,4,11,9,1,3,0,0,0,0,0,0
14000,9386,22175,572,764,12,4,18,6,10,2,2,4,0,0,0,0,0,0
14100,9337,21400,620,896,14,10,20,4,7,9,2,0,0,0,0,0,0,0
14200,9296,20282,626,969,15,4,53,11,7,8,3,3,0,0,0,0,0,0
14300,9359,21763,577,1051,14,5,45,3,5,3,0,3,0,0,0,0,0,0
14400,9368,21479,564,1151,7,2,50,9,8,5,2,2,1,0,0,0,0,0
14500,9394,21106,544,1033,8,9,49,4,5,1,0,5,0,0,0,0,0,0
14600,9383,20417,553,984,6,3,55,6,2,7,1,3,0,0,0,0,0,0
14700,9386,21694,541,588,10,6,49,6,11,7,3,1,0,0,0,0,0,0
14800,9374,21933,560,697,8,4,49,3,6,4,3,2,0,0,0,0,0,0
14900,9381,21254,532,584,7,6,72,7,4,5,4,3,0,0,0,0,0,0
15000,9411,19615,489,532,7,1,84,5,7,6,1,0,1,0,0,0,0,0
15100,9389,18837,504,853,7,3,91,5,5,3,4,1,0,0,0,0,0,0
15200,9333,18591,545,925,7,6,102,4,12,3,1,1,0,0,0,0,0,0
15300,9342,18584,534,987,9,2,104,3,9,5,2,0,0,0,0,0,0,0
15400,9380,17915,498,965,12,10,101,3,5,1,4,1,0,0,0,0,0,0
15500,9376,17657,496,752,14,13,106,4,5,5,3,2,0,0,0,0,0,0
15600,9394,16963,460,766,9,7,129,3,5,1,3,3,0,0,0,0,0,0
15700,9295,16928,529,555,8,0,158,3,10,4,0,2,0,0,0,0,0,0
15800,9322,17656,491,623,12,0,163,3,7,1,5,3,0,0,0,0,0,0
15900,9318,18554,497,831,7,4,172,6,4,8,2,6,0,0,0,0,0,0
16000,9357,17158,457,835,10,3,165,45,9,5,2,4,0,0,0,0,0,0
16100,9401,17382,439,998,7,4,145,87,6,10,2,2,0,0,0,0,0,0
16200,9407,17763,424,1137,10,14,149,52,8,8,2,0,0,0,0,0,0,0
16300,9413,16487,424,984,10,4,143,8,6,3,4,4,0,0,0,0,0,0
16400,9412,16598,429,830,5,4,148,2,4,3,2,1,0,0,0,0,0,0
16500,9441,16397,414,868,13,3,118,5,11,2,2,0,1,0,0,0,0,0
16600,9503,16203,386,711,10,2,92,2,6,5,3,0,0,0,0,0,0,0
16700,9495,14937,398,445,10,2,91,0,4,9,2,1,0,0,0,0,0,0
16800,9510,16793,365,417,10,2,104,4,9,10,2,2,0,0,0,0,0,0
16900,9546,16092,344,418,6,5,99,1,4,2,1,2,0,0,0,0,0,0
17000,9542,15339,353,442,7,3,90,2,6,2,2,1,0,0,0,0,0,0
17100,9560,14105,338,485,8,1,86,6,7,3,1,3,0,0,0,0,0,0
17200,9564,14307,339,503,5,2,83,0,5,3,4,0,0,0,0,0,0,0
17300,9518,13537,372,570,11,5,89,2,7,6,2,1,1,0,0,0,0,0
17400,9520,13187,328,465,11,0,126,3,13,2,2,2,0,0,0,0,0,0
17500,9549,13552,337,859,4,2,103,1,4,3,3,3,0,0,0,0,0,0
17600,9547,11556,333,983,7,2,104,7,6,7,2,2,1,0,0,0,0,0
17700,9575,10960,320,1249,6,6,94,8,4,1,1,0,0,0,0,0,0,0
17800,9606,11935,291,1275,4,12,93,7,6,4,0,2,0,0,0,0,0,0
17900,9621,11350,275,1169,6,5,93,6,5,9,0,2,0,0,0,0,0,0
18000,9628,11789,281,1195,3,4,80,3,4,1,3,1,1,0,0,0,0,0
18100,9606,11003,285,1388,3,2,102,1,4,3,0,0,0,0,0,0,0,0
18200,9601,11321,263,1265,3,0,124,5,6,8,3,1,0,0,0,0,0,0
18300,9626,12088,254,1111,2,0,110,1,6,2,2,1,0,0,0,0,0,0
18400,9596,12399,263,1188,4,2,129,5,6,4,2,3,0,0,0,0,0,0
18500,9584,11141,273,1414,4,1,133,2,5,3,1,0,0,0,0,0,0,0
18600,9611,9993,244,1413,1,4,135,2,7,3,2,2,0,0,0,0,0,0
18700,9615,9436,223,1469,4,7,148,5,8,0,2,0,0,0,0,0,0,0
18800,9622,10007,225,1586,3,0,137,1,6,2,7,0,0,0,0,0,0,0
18900,9618,9504,225,1336,5,0,138,8,4,2,9,2,1,0,0,0,0,0
19000,9542,10722,278,1022,19,1,142,4,10,8,9,2,0,0,0,0,0,0
19100,9564,9406,283,651,23,11,115,11,7,2,8,0,0,0,0,0,0,0
19200,9586,8483,283,895,20,1,95,5,7,1,9,0,0,0,0,0,0,0
19300,9601,8439,271,1170,19,1,96,11,6,3,7,3,0,0,0,0,0,0
19400,9632,8757,240,949,21,1,96,17,2,1,9,2,0,0,0,0,0,0
19500,9646,9023,220,1023,21,3,99,11,4,0,10,3,0,0,0,0,0,0
19600,9676,10079,201,930,22,0,88,13,4,1,9,2,0,0,0,0,0,0
19700,9714,8705,200,990,20,2,57,18,5,4,4,1,0,0,0,0,0,0
19800,9715,9638,199,996,27,14,55,10,2,6,2,0,0,0,0,0,0,0
19900,9710,9684,205,1107,20,5,61,2,3,3,1,1,0,0,0,0,0,0
20000,9694,7993,223,1480,19,10,54,3,8,7,1,1,1,0,0,0,0,0
20100,9683,7609,237,1577,19,8,57,1,4,2,0,3,0,0,0,0,0,0
20200,9703,7746,204,1782,21,0,66,4,3,4,3,1,0,0,0,0,0,0
20300,9691,8614,218,1942,26,4,57,2,6,6,2,2,0,0,0,0,0,0
20400,9685,9021,224,1780,19,1,57,4,13,1,2,3,0,0,0,0,0,0
20500,9734,8782,196,1442,4,0,56,5,7,2,3,1,0,0,0,0,0,0
20600,9714,7860,217,1530,5,8,58,1,3,3,3,1,0,0,0,0,0,0
20700,9706,8294,221,1581,11,7,57,3,3,4,2,2,0,0,0,0,0,0
20800,9678,8522,246,1312,10,4,59,3,7,5,0,2,0,0,0,0,0,0
20900,9728,8639,198,1060,9,1,56,2,5,3,4,6,0,0,0,0,0,0
21000,9732,8644,201,1035,6,3,58,0,3,3,0,0,0,0,0,0,0,0
21100,9719,8984,205,1085,6,1,61,2,6,3,2,3,1,0,0,0,0,0
21200,9741,8665,189,1089,3,3,58,5,3,1,6,1,0,0,0,0,0,0
21300,9782,8026,144,1090,8,4,60,3,4,5,2,1,0,0,0,0,0,0
21400,9806,7733,122,859,2,0,66,0,3,3,1,0,0,0,0,0,0,0
21500,9788,8251,130,848,3,0,66,6,9,4,4,3,0,0,0,0,0,0
21600,9761,7783,166,906,4,4,62,1,3,4,4,1,0,0,0,0,0,0
21700,9756,7434,180,987,1,4,56,1,4,2,3,2,0,0,0,0,0,0
21800,9745,7489,178,975,4,1,68,3,4,2,1,1,0,0,0,0,0,0
21900,9744,7333,185,802,4,3,63,2,3,3,1,1,0,0,0,0,0,0
22000,9740,7396,181,709,6,2,57,6,11,1,5,1,0,0,0,0,0,0
22100,9699,7576,225,484,4,4,62,1,7,2,3,1,0,0,0,0,0,0
22200,9655,7763,227,618,4,2,103,1,10,0,1,0,0,0,0,0,0,0
22300,9679,8558,202,673,2,2,111,2,3,6,3,0,0,0,0,0,0,0
22400,9704,8185,179,466,8,1,105,4,3,1,1,1,0,0,0,0,0,0
22500,9696,7120,183,768,7,2,106,5,4,2,4,1,0,0,0,0,0,0
22600,9737,9047,150,753,4,3,102,1,4,1,3,0,0,0,0,0,0,0
22700,9737,8365,150,652,3,3,103,5,5,6,2,1,0,0,0,0,0,0
22800,9743,9047,142,863,8,2,98,1,5,6,4,1,0,0,0,0,0,0
22900,9744,9182,141,910,4,2,105,2,4,2,2,1,0,0,0,0,0,0
23000,9740,8340,137,899,7,3,104,1,9,5,3,0,0,0,0,0,0,0
23100,9754,8447,129,702,9,1,102,3,5,6,1,0,0,0,0,0,0,0
23200,9756,8058,127,858,2,1,109,4,5,5,1,0,0,0,0,0,0,0
23300,9736,7087,160,899,0,3,100,0,2,4,2,2,0,0,0,0,0,0
23400,9713,6811,163,1098,5,2,104,0,11,2,4,0,0,0,0,0,0,0
23500,9717,7383,169,859,4,3,104,12,4,5,1,1,1,0,0,0,0,0
23600,9752,8888,137,902,0,4,107,10,2,2,2,0,0,0,0,0,0,0
23700,9746,9266,137,873,5,9,104,1,7,4,1,0,0,0,0,0,0,0
23800,9782,7503,130,1078,3,1,79,3,3,5,3,2,0,0,0,0,0,0
23900,9793,7686,133,948,5,1,63,5,4,1,2,1,0,0,0,0,0,0
24000,9795,8806,129,770,3,2,65,2,6,2,2,1,0,0,0,0,0,0
24100,9791,7736,137,827,1,1,63,1,7,0,0,2,0,0,1,0,0,0
24200,9811,7472,113,875,5,1,59,3,11,4,1,1,0,0,0,0,0,0
24300,9802,7410,122,798,2,2,66,1,6,3,2,1,0,0,0,0,0,0
24400,9808,7912,119,901,3,1,64,5,3,4,3,1,0,0,0,0,0,0
24500,9798,8033,119,915,7,1,69,4,4,1,3,1,0,0,0,0,0,0
24600,9790,7826,111,791,8,3,84,2,5,0,2,3,0,0,0,0,0,0
24700,9818,6142,103,923,4,2,67,6,5,2,3,2,0,0,0,0,0,0
24800,9777,6294,106,760,4,2,108,3,4,3,1,2,0,0,0,0,0,0
24900,9768,6612,114,641,7,1,105,4,5,4,1,1,0,0,0,0,0,0
25000,9776,7085,120,604,5,2,96,1,1,5,2,2,0,0,0,0,0,0
25100,9784,7745,120,660,2,0,85,3,4,2,5,1,0,0,0,0,0,0
25200,9802,8541,97,799,5,0,92,4,3,2,1,2,0,0,0,0,0,0
25300,9795,7897,93,636,9,0,90,3,11,0,1,1,0,0,1,0,0,0
25400,9833,7582,86,658,4,2,72,2,3,2,2,0,0,1,0,0,0,0
25500,9843,7476,90,742,4,1,56,7,5,3,2,3,0,0,0,0,0,0
25600,9857,7265,82,542,6,2,49,0,4,5,2,1,0,0,0,0,0,0
25700,9910,6634,67,407,8,4,9,3,5,3,1,0,0,0,0,0,0,0
25800,9910,7154,68,446,5,0,7,0,8,3,2,0,0,0,0,0,0,0
25900,9954,7477,30,543,1,2,10,3,4,0,1,0,0,0,0,0,0,0
26000,9953,7473,25,483,4,0,10,0,7,1,1,0,0,0,0,0,0,0
26100,9947,6989,24,513,8,0,13,0,7,4,1,0,0,0,0,0,0,0
26200,9947,6117,30,539,2,1,13,4,7,0,1,0,0,0,0,0,0,0
26300,9917,5864,58,520,4,1,14,1,6,3,1,1,0,0,0,0,0,0
26400,9909,5967,64,540,2,0,13,4,9,0,3,0,0,0,0,0,0,0
26500,9900,5995,65,501,6,0,15,3,11,3,3,2,0,0,0,0,0,0
26600,9916,6230,59,519,2,2,15,2,3,1,5,2,0,0,0,0,0,0
26700,9916,5490,55,269,6,0,14,4,8,4,1,1,0,0,0,0,0,0
26800,9919,5895,60,261,2,5,11,4,4,3,4,0,0,0,0,0,0,0
26900,9909,5220,59,242,7,0,20,3,3,0,2,0,0,0,0,0,0,0
27000,9904,6187,71,213,6,0,9,0,6,1,4,1,0,0,0,0,0,0
27100,9875,5743,89,220,3,1,20,0,9,1,3,0,1,0,0,0,0,0
27200,9863,5307,119,210,2,4,8,2,4,0,4,0,0,0,0,0,0,0
27300,9887,5750,86,220,4,13,9,2,11,0,3,0,0,0,0,0,0,0
27400,9914,6078,61,228,4,18,10,2,9,0,2,0,0,0,0,0,0,0
27500,9913,5468,55,247,5,1,15,1,9,1,3,1,0,0,0,0,0,0
27600,9937,6134,43,252,5,2,5,0,8,0,2,1,0,0,0,0,0,0
27700,9885,6485,85,165,3,0,18,0,7,1,2,1,0,0,0,0,0,0
27800,9868,6746,116,167,4,0,6,23,6,1,0,1,0,0,0,0,0,0
27900,9856,7066,123,170,11,4,6,2,3,2,1,0,0,0,0,0,0,0
28000,9860,7118,124,194,6,3,5,3,3,2,2,1,0,0,0,0,0,0
28100,9846,6881,130,170,7,2,7,0,5,0,5,0,0,0,0,0,0,0
28200,9852,6739,128,177,5,1,8,0,3,2,4,1,0,0,0,0,0,0
28300,9830,6645,143,176,5,2,12,1,6,1,4,1,0,0,0,0,0,0
28400,9854,6574,131,182,3,1,5,1,5,2,2,2,0,0,0,0,0,0
28500,9846,5925,138,175,5,2,7,2,3,0,1,0,0,0,0,0,0,0
28600,9819,5916,156,195,3,0,6,0,14,2,2,1,0,0,0,0,0,0
28700,9812,6981,172,226,3,0,3,1,7,1,2,0,1,0,0,0,0,0
28800,9833,7141,156,300,4,9,5,2,1,1,1,1,0,0,0,0,0,0
28900,9821,7576,169,304,4,1,3,0,1,1,2,0,0,0,0,0,0,0
29000,9803,6908,179,273,4,0,6,0,6,0,2,1,0,0,0,0,0,0
29100,9789,6117,192,291,4,1,12,2,1,1,2,3,0,0,0,0,0,0
29200,9810,5546,176,367,5,0,4,1,5,0,0,4,0,0,0,0,0,0
29300,9807,5451,181,320,3,4,4,0,3,4,2,0,0,0,0,0,0,0
29400,9807,5893,177,301,3,2,5,1,5,3,3,2,0,0,0,0,0,0
29500,9801,5852,191,299,1,2,4,2,2,3,1,1,0,0,0,0,0,0
29600,9782,5565,195,331,13,0,3,1,4,2,3,1,0,0,0,0,0,0
29700,9770,5342,220,448,4,1,3,1,3,1,0,0,0,0,0,0,0,0
29800,9782,4992,204,544,1,2,6,0,3,1,4,0,0,0,0,0,0,0
29900,9759,5215,225,460,3,0,3,0,8,3,2,2,0,0,0,0,0,0
30000,9795,5374,183,434,3,2,6,3,6,1,7,0,0,0,0,0,0,0
30100,9810,5920,181,369,0,2,3,4,4,0,2,1,0,0,0,0,0,0
30200,9769,5376,220,330,2,1,6,5,3,1,0,0,0,0,0,0,0,0
30300,9777,5268,208,372,1,0,5,0,4,1,5,2,0,0,0,0,0,0
30400,9814,5771,177,268,1,1,3,0,3,1,2,1,0,0,0,0,0,0
30500,9814,5477,170,188,1,1,8,1,2,1,5,3,0,0,0,0,0,0
30600,9776,6004,207,100,6,3,7,4,2,0,2,0,0,0,0,0,0,0
30700,9743,5121,243,72,1,0,7,1,4,0,2,0,0,0,0,0,0,0
30800,9752,5374,235,68,3,4,5,3,2,1,3,1,0,0,0,0,0,0
30900,9746,5492,245,58,2,8,3,4,2,2,2,1,0,0,0,0,0,0
31000,9756,5118,229,58,4,8,6,2,3,1,1,1,1,0,0,0,0,0
31100,9771,4849,218,89,3,1,2,1,5,4,1,1,0,0,0,0,0,0
31200,9767,5745,217,105,2,1,8,3,4,0,2,0,0,0,0,0,0,0
31300,9782,5464,207,107,2,1,5,2,3,0,1,0,0,0,0,0,0,0
31400,9759,5470,222,101,4,0,5,2,7,2,3,1,0,0,0,0,0,0
31500,9749,5731,233,136,4,2,5,1,7,2,2,1,0,0,0,0,0,0
31600,9716,5850,273,108,5,1,3,2,2,0,1,0,0,0,0,0,0,0
31700,9704,6426,283,63,2,0,5,2,3,1,3,0,0,0,0,0,0,0
31800,9777,5848,212,60,2,2,2,0,5,2,2,1,0,0,0,0,0,0
31900,9770,5764,214,52,5,0,7,1,3,1,1,1,0,1,0,0,0,0
32000,9772,6056,213,57,1,0,7,0,7,0,0,0,0,0,0,0,0,0
32100,9730,5952,243,56,4,1,5,3,16,1,2,0,0,0,0,0,0,0
32200,9713,6068,269,46,6,0,6,1,5,0,1,2,0,0,0,0,0,0
32300,9718,5680,269,46,2,1,4,1,5,1,2,0,0,0,0,0,0,0
32400,9738,6147,249,45,1,1,6,1,5,1,1,0,0,0,0,0,0,0
32500,9745,6258,235,46,3,3,6,1,7,4,4,0,0,0,0,0,0,0
32600,9740,6512,237,64,5,0,6,0,8,3,4,2,0,0,0,0,0,0
32700,9759,5224,224,57,5,6,4,2,6,0,2,1,0,0,0,0,0,0
32800,9783,4604,203,66,4,1,3,1,6,1,1,0,0,0,0,0,0,0
32900,9784,4935,200,75,2,1,7,3,4,1,3,0,0,0,0,0,0,0
33000,9777,5446,202,121,6,3,13,6,2,2,0,0,0,0,0,0,0,0
33100,9780,5398,210,110,3,2,3,0,3,3,1,0,0,0,0,0,0,0
33200,9790,5800,197,135,2,0,7,2,2,0,2,0,0,0,0,0,0,0
33300,9791,5363,194,146,2,2,4,0,7,1,2,0,0,0,0,0,0,0
33400,9814,4823,178,136,2,0,3,0,1,0,2,0,0,0,0,0,0,0
33500,9802,5499,189,135,2,4,5,1,1,8,1,2,0,0,0,0,0,0
33600,9777,5389,191,171,4,4,10,4,13,1,5,1,0,0,0,0,0,0
33700,9791,5257,197,177,2,2,4,8,3,0,3,1,0,0,0,0,0,0
33800,9772,5421,213,160,2,2,4,6,7,3,2,0,0,0,0,0,0,0
33900,9835,5264,151,161,2,1,6,1,6,0,0,0,0,0,0,0,0,0
34000,9805,5694,179,179,4,2,7,0,4,1,1,0,0,0,0,0,0,0
34100,9821,5856,162,206,4,0,5,2,6,1,2,0,0,0,0,0,0,0
34200,9806,6298,179,211,3,2,5,0,5,5,2,0,0,0,0,0,0,0
34300,9802,5965,178,196,6,1,5,1,6,4,2,1,1,0,0,0,0,0
34400,9810,4796,168,223,4,0,12,1,5,0,1,0,0,0,0,0,0,0
34500,9768,5132,215,256,5,1,5,1,5,3,2,1,0,0,0,0,0,0
34600,9746,5209,234,246,2,2,11,1,3,1,4,0,0,0,0,0,0,0
34700,9751,5023,225,203,5,2,3,1,13,0,3,0,0,0,0,0,0,0
34800,9776,5288,215,191,3,1,3,1,3,3,0,1,0,0,0,0,0,0
34900,9777,5818,210,213,2,3,3,1,6,1,2,0,0,0,0,0,0,0
35000,9756,5256,223,141,6,2,6,0,7,2,2,0,0,0,0,0,0,0
35100,9743,4626,247,149,3,1,2,2,5,1,0,0,0,0,0,0,0,0
35200,9765,4222,220,158,4,0,5,1,5,1,1,0,0,0,0,0,0,0
35300,9740,5162,243,174,5,3,5,1,5,2,2,0,0,0,0,0,0,0
35400,9730,4825,254,170,5,0,3,1,8,0,0,1,0,0,0,0,0,0
35500,9742,5533,249,174,1,1,4,3,4,1,0,0,0,0,0,0,0,0
35600,9755,5489,233,201,2,0,3,0,5,0,2,0,0,0,0,0,0,0
35700,9733,5102,249,240,4,2,5,1,7,1,2,0,0,0,0,0,0,0
35800,9736,4701,246,301,4,1,4,1,7,1,3,0,0,0,0,0,0,0
35900,9750,4117,238,321,2,1,3,0,4,2,3,1,0,0,0,0,0,0
36000,9736,4504,251,236,3,1,7,1,3,1,0,0,0,0,0,0,0,0
36100,9727,4606,256,293,4,1,4,0,6,1,3,0,0,0,0,0,0,0
36200,9732,4761,249,240,2,0,3,1,10,0,4,0,0,0,0,0,0,0
36300,9741,5013,244,202,3,0,5,5,5,3,2,0,0,0,0,0,0,0
36400,9732,5290,246,161,3,2,6,0,9,3,3,0,1,0,0,0,0,0
36500,9729,5214,248,176,5,1,13,0,4,0,1,0,0,0,0,0,0,0
36600,9717,5362,265,188,1,0,9,2,3,3,5,0,0,0,0,0,0,0
36700,9720,5241,268,129,3,0,3,1,5,1,1,1,0,0,0,0,0,0
36800,9728,5182,260,110,1,1,2,0,5,3,4,0,0,0,0,0,0,0
36900,9723,6108,254,98,6,2,11,0,6,3,0,0,0,0,0,0,0,0
37000,9758,4829,203,99,3,0,31,0,4,0,1,0,0,0,0,0,0,0
37100,9775,4373,173,130,13,0,30,0,6,1,3,0,0,0,0,0,0,0
37200,9796,5003,174,162,3,3,23,3,4,4,0,2,0,0,0,0,0,0
37300,9782,5329,178,136,3,0,29,0,3,0,2,1,3,0,0,0,0,0
37400,9765,5169,196,107,1,0,32,1,5,2,1,0,0,0,0,0,0,0
37500,9747,5644,215,117,7,2,21,3,9,2,0,0,0,0,0,0,1,0
37600,9728,5838,236,144,2,0,28,1,4,2,2,1,0,0,0,0,0,0
37700,9693,4990,264,133,2,1,31,3,7,1,3,0,0,0,0,0,0,0
37800,9717,5659,249,133,4,0,22,0,5,2,3,0,0,0,0,0,0,0
37900,9689,5136,278,103,1,0,23,1,7,1,2,0,0,0,0,0,0,0
38000,9655,4981,306,55,5,1,29,1,1,0,4,1,0,0,0,0,0,0
38100,9664,5565,289,12,5,2,32,1,3,1,6,1,1,0,0,0,0,0
38200,9650,5845,302,10,8,1,36,1,2,0,2,0,0,0,0,0,0,0
38300,9685,5710,271,2,3,0,34,0,5,1,2,0,0,0,0,0,0,0
38400,9701,5739,268,16,2,1,23,4,5,0,1,0,0,0,0,0,0,0
38500,9665,5377,296,17,3,3,28,6,8,1,0,0,0,0,0,0,0,0
38600,9671,5909,283,6,6,5,34,1,5,4,1,1,0,0,0,0,0,0
38700,9676,5689,278,10,7,2,28,0,9,1,2,2,0,0,0,0,0,0
38800,9689,4986,274,25,2,4,30,0,2,2,3,3,0,0,0,0,0,0
38900,9677,5316,281,22,7,2,30,0,4,1,1,0,0,0,0,0,0,0
39000,9668,5589,296,15,1,0,28,3,3,0,4,0,0,0,0,0,0,0
39100,9663,4685,298,11,4,0,30,2,2,0,3,2,0,0,0,0,0,0
39200,9651,4954,302,5,5,0,33,0,5,0,4,0,0,0,0,0,0,0
39300,9653,5304,303,0,3,5,34,0,4,0,3,1,0,0,0,0,0,0
39400,9648,4724,319,2,1,1,25,0,4,4,3,0,0,0,0,0,0,0
39500,9657,4440,307,6,6,0,25,0,4,1,1,0,0,0,0,0,0,0
39600,9646,5169,315,14,3,2,25,4,10,1,1,0,0,0,0,0,0,0
39700,9651,5202,308,18,6,1,29,2,5,1,1,0,0,0,0,0,0,0
39800,9647,4954,310,17,2,0,31,3,8,0,2,0,0,1,0,0,0,0
39900,9641,4822,320,5,2,0,28,2,7,1,2,0,0,0,0,0,0,0
40000,9656,4193,306,0,2,1,28,1,6,0,2,1,0,0,0,0,0,0
40100,9675,4026,280,0,5,0,36,1,3,0,1,0,0,0,0,0,0,0
40200,9689,4443,274,6,4,1,29,1,2,0,2,1,0,0,0,0,0,0
40300,9695,4089,261,0,9,1,31,2,4,2,0,1,0,0,0,0,0,0
40400,9702,4760,256,0,2,1,31,1,7,1,2,0,0,0,0,0,0,0
40500,9693,4036,266,2,5,1,29,1,5,0,2,1,0,0,0,0,0,0
40600,9690,4698,269,23,6,2,27,0,5,1,3,0,0,0,0,0,0,0
40700,9680,4605,278,61,3,0,34,0,4,1,1,0,0,0,0,0,0,0
40800,9709,4165,251,17,7,0,24,0,7,2,2,0,0,0,0,0,0,0
40900,9782,3831,182,9,5,0,27,0,3,0,1,0,0,0,0,0,0,0
41000,9794,4384,169,18,3,2,31,9,3,1,0,0,0,0,0,0,0,0
41100,9803,3970,154,19,3,0,28,0,7,2,5,0,0,0,0,0,0,0
41200,9798,4682,162,11,2,0,33,0,4,1,1,0,0,0,0,0,0,0
41300,9835,5644,126,6,3,1,30,0,6,2,0,1,0,0,0,0,0,0
41400,9888,4912,90,1,0,0,20,0,2,0,0,1,0,0,0,0,0,0
41500,9888,5058,73,127,5,0,30,4,2,3,2,0,0,0,0,0,0,0
41600,9891,4405,75,31,2,1,25,0,4,1,3,0,0,0,0,0,0,0
41700,9890,4549,76,72,5,2,23,0,4,1,2,0,0,0,0,0,0,0
41800,9900,4477,65,7,2,2,28,1,4,2,1,0,0,0,0,0,0,0
41900,9876,3789,83,3,3,2,32,1,4,0,2,1,0,0,0,0,0,0
42000,9866,4410,91,31,6,1,28,0,9,1,0,0,0,0,0,0,0,0
42100,9877,4775,83,43,2,0,29,2,6,1,3,0,0,0,0,0,0,0
42200,9892,4077,80,23,3,0,24,1,0,0,1,0,0,0,0,0,0,0
42300,9876,3614,88,29,3,1,26,4,4,1,3,1,0,0,0,0,0,0
42400,9873,3849,84,16,12,1,26,3,3,1,2,0,0,0,0,0,0,0
42500,9845,4327,103,7,17,0,31,0,4,2,0,0,0,0,0,0,0,0
42600,9870,3836,91,5,0,0,27,1,10,2,2,1,0,0,0,0,0,0
42700,9875,3670,90,66,3,1,28,1,2,1,2,0,0,0,0,0,0,0
42800,9907,3813,65,4,2,2,22,0,3,2,1,1,0,0,0,0,0,0
42900,9904,4264,53,9,7,0,27,1,8,0,1,1,0,0,0,0,0,0
43000,9919,4232,46,4,2,0,28,1,4,0,1,0,0,0,0,0,0,0
43100,9887,4757,77,3,5,5,21,0,6,0,3,0,1,0,0,0,0,0
43200,9909,5226,65,35,4,1,19,1,2,0,1,1,0,0,0,0,0,0
43300,9904,5177,66,40,3,3,24,3,1,1,1,0,1,0,0,0,0,0
43400,9915,5085,57,8,2,0,23,5,3,0,0,1,0,0,0,0,0,0
43500,9898,5313,69,1,2,1,26,11,2,0,3,1,0,0,0,0,0,0
43600,9882,4637,86,12,1,2,25,4,3,0,3,0,0,0,0,0,0,0
43700,9865,4568,94,30,5,0,29,1,5,3,2,0,0,0,0,0,0,0
43800,9873,4060,102,82,3,1,20,2,2,3,0,2,0,0,0,0,0,0
43900,9861,4281,98,7,4,0,32,0,4,5,1,0,0,0,0,0,0,0
44000,9852,4766,108,4,4,2,28,0,7,1,1,0,0,0,0,0,0,0
44100,9797,4666,159,33,4,1,30,0,7,0,2,1,1,0,0,0,0,0
44200,9786,5126,175,17,3,3,26,1,8,1,1,0,1,0,0,0,0,0
44300,9802,5513,157,59,2,0,26,0,11,1,2,2,0,0,0,0,0,0
44400,9754,5722,207,30,5,0,26,0,4,3,4,0,0,0,0,0,0,0
44500,9743,5406,211,9,4,0,32,1,8,0,2,0,0,0,0,0,0,0
44600,9736,4601,225,7,1,11,32,2,4,2,2,0,0,0,0,0,0,0
44700,9771,4358,191,12,2,14,25,0,7,0,4,1,0,0,0,0,0,0
44800,9861,4867,131,3,2,8,2,0,4,0,0,0,0,0,0,0,0,0
44900,9833,3952,151,6,3,1,4,1,7,1,2,0,0,0,0,0,0,0
45000,9831,4091,144,4,5,0,8,3,9,0,3,1,0,0,0,0,0,0
45100,9845,5071,140,88,3,1,3,1,9,0,0,0,0,0,0,0,0,0
45200,9849,4809,134,53,3,0,7,1,6,2,1,0,0,0,0,0,0,0
45300,9861,4635,129,14,2,1,5,0,3,0,0,0,0,0,0,0,0,0
45400,9891,4121,95,8,4,0,4,2,3,0,3,0,0,0,0,0,0,0
45500,9885,5204,98,27,6,0,4,2,4,0,3,0,0,0,0,0,0,0
45600,9891,4987,100,14,1,0,4,0,2,0,2,1,0,0,0,0,0,0
45700,9885,4117,98,17,6,2,4,1,6,2,1,0,0,0,0,0,0,0
45800,9919,3885,64,12,5,1,6,1,4,1,2,0,0,0,0,0,0,0
45900,9939,3942,47,31,4,0,3,0,5,0,2,0,0,0,0,0,0,0
46000,9937,4062,53,19,2,0,4,0,3,2,1,0,0,0,0,0,0,0
46100,9930,4223,57,8,4,0,7,0,2,1,0,0,0,0,0,0,0,0
46200,9936,4272,53,3,2,0,3,1,4,1,2,1,0,0,0,0,0,0
46300,9930,3913,51,5,5,3,10,1,4,2,0,0,0,0,0,0,0,0
46400,9890,4543,83,7,4,1,15,1,7,2,1,0,0,0,0,0,0,0
46500,9894,4752,100,45,1,0,2,0,2,2,1,1,0,0,0,0,0,0
46600,9897,4493,89,26,4,0,6,1,4,2,0,1,0,0,0,0,0,0
46700,9899,4765,88,8,5,1,5,6,2,2,1,0,0,0,0,0,0,0
46800,9891,4530,92,25,3,3,7,0,6,3,1,2,0,0,0,0,0,0
46900,9901,4546,86,54,3,1,5,1,4,2,1,0,0,0,0,0,0,0
47000,9896,4297,91,30,4,1,5,0,4,0,0,2,0,0,0,0,0,0
47100,9865,3710,114,18,8,1,7,1,3,3,3,1,0,0,0,0,0,0
47200,9871,4053,117,19,0,2,7,1,3,1,2,0,0,0,0,0,0,0
47300,9860,4296,131,62,3,2,4,1,0,0,2,1,0,0,0,0,0,0
47400,9825,5049,161,19,2,3,7,2,4,3,1,0,0,0,0,0,0,0
47500,9860,5127,127,4,2,8,7,0,2,1,2,0,0,0,0,0,0,0
47600,9862,3905,122,12,5,8,5,1,5,1,1,2,0,0,0,0,0,0
47700,9850,3291,136,100,3,9,8,0,1,1,1,1,1,0,0,0,0,0
47800,9845,3679,130,108,12,6,4,1,6,1,3,0,0,0,0,0,0,0
47900,9865,3715,109,17,8,2,7,1,7,1,4,0,0,0,0,0,0,0
48000,9848,3106,141,12,1,0,4,8,3,2,3,0,0,0,0,0,0,0
48100,9860,3259,133,91,1,1,4,2,1,1,1,1,0,0,0,0,0,0
48200,9844,3588,142,20,0,4,3,2,9,1,2,0,0,0,0,0,0,0
48300,9838,3857,150,13,2,4,5,1,4,2,1,0,0,0,0,0,0,0
48400,9835,3740,154,80,2,0,4,0,5,0,0,2,0,0,0,0,0,0
48500,9820,3462,166,26,5,3,2,0,7,0,0,0,0,0,0,0,0,0
48600,9743,4138,244,9,2,5,8,3,3,1,0,0,0,0,0,0,0,0
48700,9696,3629,288,6,0,1,12,1,4,2,0,0,0,0,0,0,0,0
48800,9686,3145,300,9,0,1,9,0,5,2,0,0,0,0,0,0,0,0
48900,9676,3097,298,13,1,0,18,1,3,0,4,0,0,0,0,0,0,0
49000,9660,3233,320,5,5,3,6,2,4,2,5,1,0,0,0,0,0,0
49100,9654,2978,324,18,4,3,8,0,9,0,1,2,0,0,0,0,0,0
49200,9656,2973,325,56,4,7,10,0,3,1,2,0,0,0,0,0,0,0
49300,9638,3199,350,25,1,1,5,2,4,1,2,0,0,0,0,0,0,0
49400,9596,4063,376,8,3,1,13,0,10,2,2,0,0,0,0,0,0,0
49500,9598,3879,376,16,6,0,12,1,4,2,4,1,0,0,0,0,0,0
49600,9587,4431,401,14,2,1,5,2,3,4,1,1,1,0,0,0,0,0
49700,9565,4073,421,14,5,3,4,0,3,2,2,0,0,0,0,0,0,0
49800,9568,4221,418,3,4,1,7,0,1,0,2,1,0,0,0,0,0,0
49900,9558,4122,421,31,7,0,9,1,4,2,1,0,0,0,0,0,0,0
50000,9509,4408,472,35,8,1,8,1,3,1,0,0,0,0,0,0,0,0
50100,9488,4128,483,12,7,2,13,2,7,1,2,1,0,0,0,0,0,0
50200,9510,3873,471,22,5,1,7,3,7,1,0,1,0,0,0,0,0,0
50300,9484,4319,484,33,14,4,8,1,9,0,0,0,1,0,0,0,0,0
50400,9507,4019,485,31,0,0,4,1,2,0,2,0,0,0,0,0,0,0
50500,9541,4071,443,49,6,6,3,0,7,2,0,1,0,0,0,0,0,0
50600,9570,4773,409,45,4,0,10,0,5,0,2,1,0,0,0,0,0,0
50700,9643,4353,343,32,3,0,8,0,2,0,1,1,0,0,0,0,0,0
50800,9662,4660,331,32,3,0,1,0,3,1,0,0,0,0,0,0,0,0
50900,9683,4237,305,46,7,0,1,1,1,1,3,1,0,0,0,0,0,0
51000,9724,5029,263,56,4,2,6,0,3,0,0,0,0,0,0,0,0,0
51100,9772,4734,222,40,4,1,0,0,1,1,1,1,0,0,0,0,0,0
51200,9775,4164,217,43,5,1,0,1,3,1,0,0,0,0,0,0,0,0
51300,9778,3692,207,55,5,0,3,0,4,0,3,0,0,0,0,0,0,0
51400,9789,3575,193,58,8,0,3,0,3,0,4,0,0,0,0,0,0,0
51500,9791,3826,200,51,3,1,0,1,6,0,0,1,0,0,0,0,0,0
51600,9843,4255,148,17,3,0,3,1,3,0,0,0,0,0,0,0,0,0
51700,9848,4375,145,12,1,2,3,0,2,0,1,0,0,0,0,0,0,0
51800,9848,4008,141,9,5,3,3,1,2,1,1,0,0,0,0,0,0,0
51900,9854,4454,142,9,3,0,0,1,0,0,1,1,0,0,0,0,0,0
52000,9851,4342,145,10,1,0,1,0,1,1,1,0,0,0,0,0,0,0
52100,9846,4128,143,10,4,0,3,9,3,0,1,0,0,0,0,0,0,0
52200,9851,4490,143,14,2,1,3,0,0,5,1,0,0,0,0,0,0,0
52300,9849,4277,142,11,4,0,3,1,2,1,0,0,0,0,0,0,0,0
52400,9847,3108,143,9,2,1,4,0,3,0,1,1,0,0,0,0,0,0
52500,9849,2791,142,14,4,0,1,3,2,2,2,0,0,0,0,0,0,0
52600,9880,3867,108,15,4,1,1,1,6,0,1,0,0,0,0,0,0,0
52700,9906,4041,77,10,4,1,6,1,7,1,0,0,0,0,0,0,0,0
52800,9950,3836,38,63,3,0,3,0,4,1,2,1,0,0,0,0,0,0
52900,9961,3751,21,43,5,0,10,1,1,0,2,0,0,0,0,0,0,0
53000,9954,4228,28,8,2,1,9,0,3,0,4,2,0,0,0,0,0,0
53100,9935,4358,53,8,3,0,6,0,3,1,0,0,0,0,0,0,0,0
53200,9938,4039,53,10,3,1,1,1,5,3,0,1,0,0,0,0,0,0
53300,9937,3968,54,25,3,1,2,0,3,1,1,1,0,0,0,0,0,0
53400,9939,4585,51,19,2,0,3,0,5,1,0,0,0,0,0,0,0,0
53500,9937,4229,53,20,3,0,3,1,3,1,1,0,0,0,0,0,0,0
53600,9933,4244,53,11,4,3,2,0,6,0,2,0,0,0,0,0,0,0
53700,9930,4517,55,13,4,0,3,2,7,3,1,0,0,0,0,0,0,0
53800,9923,3825,66,15,4,1,5,0,1,1,1,0,0,0,0,0,0,0
53900,9930,3620,62,34,0,1,3,0,3,1,2,2,0,0,0,0,0,0
54000,9932,3899,61,132,1,2,2,0,2,2,2,2,0,0,0,0,0,0
54100,9929,4387,61,191,1,0,2,1,6,0,1,0,0,0,0,0,0,0
54200,9927,4517,61,139,5,1,3,0,3,1,1,0,0,0,0,0,0,0
54300,9918,3600,66,103,5,1,7,0,4,2,0,1,0,0,0,0,0,0
54400,9909,3612,77,241,5,2,6,0,3,2,0,2,0,0,0,0,0,0
54500,9909,3907,78,103,4,3,3,2,5,0,1,1,0,0,0,0,0,0
54600,9907,3329,84,104,3,1,3,0,3,1,0,0,0,0,0,0,0,0
54700,9884,2993,107,88,1,0,2,1,6,3,0,0,0,0,0,0,0,0
54800,9860,3450,133,22,0,1,4,0,1,2,2,1,0,0,0,0,0,0
54900,9857,3849,135,93,1,0,2,0,3,2,2,1,0,0,0,0,0,0
55000,9864,3634,122,46,3,1,5,1,5,0,1,0,0,0,0,0,0,0
55100,9870,3402,123,15,4,0,2,3,0,1,1,1,0,0,0,0,0,0
55200,9873,3607,118,11,3,1,4,1,2,1,0,0,0,0,0,0,0,0
55300,9862,3749,125,18,4,0,4,2,2,2,3,1,0,0,0,0,0,0
55400,9873,3434,119,31,1,1,4,0,2,2,1,1,0,0,0,0,0,0
55500,9850,3032,139,23,2,0,6,0,1,1,2,0,0,0,0,0,0,0
55600,9804,3347,178,13,5,2,7,0,4,1,2,0,0,0,0,0,0,0
55700,9815,3259,175,16,1,1,1,1,8,0,0,0,0,0,0,0,0,0
55800,9831,3744,159,16,3,0,0,3,6,0,1,0,0,0,0,0,0,0
55900,9837,3636,150,17,4,1,3,2,3,4,3,0,0,0,0,0,0,0
56000,9842,3960,150,16,1,2,1,1,3,0,2,1,1,0,0,0,0,0
56100,9838,4340,154,20,3,1,3,1,1,1,1,0,0,0,0,0,0,0
56200,9889,3887,103,71,2,1,2,1,3,0,1,0,0,0,0,0,0,0
56300,9890,3468,103,26,0,1,3,0,3,0,1,1,0,0,0,0,0,0
56400,9917,3336,77,10,2,0,2,1,2,2,0,2,0,0,0,0,0,0
56500,9913,3572,75,10,2,1,3,1,4,1,3,0,0,0,0,0,0,0
56600,9945,3337,47,10,5,1,0,0,2,2,1,1,0,0,0,0,0,0
56700,9957,3117,37,7,2,0,1,0,2,0,1,0,0,0,0,0,0,0
56800,9926,2912,68,5,1,1,4,1,0,0,1,0,0,0,0,0,0,0
56900,9885,3142,108,6,3,0,2,0,2,2,0,0,0,0,0,0,0,0
57000,9889,3939,101,9,1,1,0,2,8,1,1,0,0,0,0,0,0,0
57100,9892,4132,97,2,3,0,3,1,4,0,1,0,0,0,0,0,0,0
57200,9894,3181,97,3,1,0,0,1,7,0,1,1,0,0,0,0,0,0
57300,9888,2758,96,0,1,0,4,0,6,3,5,0,0,0,0,0,0,0
57400,9891,3557,99,6,5,1,3,1,1,2,1,0,0,0,0,0,0,0
57500,9897,4298,97,14,1,0,2,2,2,1,1,1,0,0,0,0,0,0
57600,9898,4493,98,4,0,1,1,0,2,1,1,0,0,0,0,0,0,0
57700,9896,4152,96,3,0,0,2,0,5,2,1,0,0,0,0,0,0,0
57800,9891,3993,100,8,5,0,3,0,1,1,0,0,0,0,0,0,0,0
57900,9892,3477,105,10,1,0,1,0,1,1,0,0,0,0,0,0,0,0
58000,9894,3788,99,21,4,0,0,0,3,0,0,0,0,0,0,0,0,0
58100,9914,3754,81,18,2,0,0,3,2,1,1,0,0,0,0,0,0,0
58200,9919,3122,72,24,3,1,1,0,5,0,0,0,0,0,0,0,0,0
58300,9921,2451,72,12,1,1,1,1,4,1,1,2,0,0,0,0,0,0
58400,9916,1980,72,3,4,0,3,2,4,1,1,0,0,0,0,0,0,0
58500,9919,1899,73,2,1,1,3,1,1,0,3,1,0,0,0,0,0,0
58600,9919,2786,71,1,3,0,4,0,1,0,2,0,0,0,0,0,0,0
58700,9918,3146,72,15,3,0,4,0,1,1,2,0,0,0,0,0,0,0
58800,9972,2989,17,19,2,1,3,3,3,0,3,0,0,0,0,0,0,0
58900,9970,2915,21,12,3,1,3,0,3,0,0,0,0,0,0,0,0,0
59000,9914,2660,74,13,2,0,4,0,5,3,1,0,0,0,0,0,0,0
59100,9904,2652,75,8,4,0,7,0,9,1,1,0,0,0,0,0,0,0
59200,9920,2777,73,2,1,0,4,0,0,2,2,0,0,0,0,0,0,0
59300,9920,2823,75,3,0,1,3,0,1,0,1,0,0,0,0,0,0,0
59400,9913,3234,77,1,0,1,5,0,3,0,2,0,0,0,0,0,0,0
59500,9910,3529,76,3,2,1,7,0,3,0,2,0,0,0,0,0,0,0
59600,9917,3279,72,3,1,0,7,0,2,0,1,0,0,0,0,0,0,0
59700,9921,2875,72,6,1,0,5,0,1,1,0,0,0,0,0,0,0,0
59800,9920,2928,72,5,0,0,6,0,0,2,2,0,0,0,0,0,0,0
59900,9917,3370,76,1,3,0,1,0,2,0,1,0,0,0,0,0,0,0
60000,9923,3579,73,1,2,0,1,1,0,0,1,0,0,0,0,0,0,0
60100,9914,3904,74,3,3,2,7,2,1,1,1,0,0,0,0,0,0,0
60200,9904,3926,78,2,3,0,12,1,0,0,3,0,0,0,0,0,0,0
60300,9908,4240,74,2,2,1,11,1,5,1,0,0,0,0,0,0,0,0
60400,9914,4433,74,0,2,0,9,2,1,1,0,0,0,0,0,0,0,0
60500,9826,3497,156,1,2,1,14,1,2,0,0,0,0,0,0,0,0,0
60600,9774,3275,208,0,3,0,13,0,1,0,0,0,0,0,0,0,1,0
60700,9780,3758,204,1,0,2,10,0,4,3,2,0,0,0,0,0,0,0
60800,9773,3673,207,4,6,0,9,0,4,1,1,1,0,0,0,0,0,0
60900,9780,3633,205,0,2,1,11,1,2,2,0,0,0,0,0,0,0,0
61000,9765,3547,222,3,2,1,9,1,1,0,1,0,0,0,0,0,0,0
61100,9771,3561,207,2,2,1,15,1,3,4,2,0,0,0,0,0,0,0
61200,9772,4396,216,15,2,0,8,1,1,0,1,0,0,0,0,0,0,0
61300,9754,3879,232,16,1,0,9,1,4,0,0,0,0,0,0,0,0,0
61400,9768,3419,226,0,2,0,4,1,0,0,0,0,0,0,0,0,0,0
61500,9761,3675,225,5,3,0,5,0,4,0,2,1,0,0,0,0,0,0
61600,9764,3379,229,4,1,0,5,0,0,3,1,0,0,0,0,0,0,0
61700,9757,2894,233,4,3,1,3,0,2,0,2,2,0,0,0,0,0,0
61800,9732,2588,262,4,2,0,2,0,2,0,0,0,0,0,0,0,0,0
61900,9707,2627,287,10,1,0,3,0,1,0,1,0,0,0,0,0,0,0
62000,9758,2770,233,41,2,1,3,1,3,3,1,1,0,0,0,0,0,0
62100,9754,2661,236,27,1,0,5,1,4,1,0,0,0,0,0,0,0,0
62200,9765,2820,228,3,1,0,3,0,1,1,2,0,0,0,0,0,0,0
62300,9763,2617,234,5,1,1,2,1,0,5,0,0,0,0,0,0,0,0
62400,9689,2725,296,1,1,0,8,0,5,0,1,0,0,0,0,0,0,0
62500,9631,3030,366,1,1,2,2,1,0,0,0,0,0,0,0,0,0,0
62600,9613,3185,373,6,2,0,7,2,4,1,1,0,0,0,0,0,0,0
62700,9605,2796,385,8,3,1,4,0,1,0,2,0,0,0,0,0,0,0
62800,9603,3320,389,10,0,2,5,0,1,1,2,0,0,0,0,0,0,0
62900,9596,3033,388,9,1,0,11,2,3,0,1,0,0,0,0,0,0,0
63000,9601,3240,389,3,1,1,7,0,0,0,2,0,0,0,0,0,0,0
63100,9597,3251,391,2,1,0,9,2,0,3,2,0,0,0,0,0,0,0
63200,9598,3027,385,1,1,0,10,0,4,1,2,0,0,0,0,0,0,0
63300,9607,3187,383,0,2,0,5,1,3,1,0,0,0,0,0,0,0,0
63400,9615,3348,374,50,0,1,7,1,3,1,1,0,0,0,0,0,0,0
63500,9626,3695,372,49,0,0,1,0,1,1,0,0,0,0,0,0,0,0
63600,9602,3670,385,1,1,0,8,2,2,0,2,1,0,0,0,0,0,0
63700,9658,4025,334,15,2,0,3,1,1,1,2,0,0,0,0,0,0,0
63800,9685,4019,303,3,1,0,3,1,7,0,1,0,0,0,0,0,0,0
63900,9675,3107,317,9,1,1,2,1,5,1,0,1,0,0,0,0,0,0
64000,9678,3583,317,10,0,0,3,2,1,4,1,0,0,0,0,0,0,0
64100,9677,3924,316,7,1,1,3,1,2,1,1,0,0,0,0,0,0,0
64200,9650,4096,337,6,3,0,6,2,1,1,3,0,0,0,0,0,0,0
64300,9644,3982,346,8,3,0,5,0,1,0,1,0,0,0,0,0,0,0
64400,9655,3533,331,7,1,1,8,2,5,0,0,1,0,0,0,0,0,0
64500,9770,2940,223,5,4,1,0,0,3,0,0,0,0,0,0,0,0,0
64600,9784,2919,208,12,2,0,4,1,1,3,1,1,0,0,0,0,0,0
64700,9793,3039,203,1,1,0,2,1,1,0,0,0,0,0,0,0,0,0
64800,9790,3139,204,2,1,1,3,0,2,0,0,0,0,0,0,0,0,0
64900,9791,2672,204,5,0,1,0,0,5,0,0,0,0,0,0,0,0,0
65000,9777,3028,219,2,1,0,1,0,2,0,0,0,0,0,0,0,0,0
65100,9771,3356,219,13,2,0,4,0,1,0,3,0,0,0,0,0,0,0
65200,9742,3397,248,6,0,2,4,0,4,0,2,0,0,0,0,0,0,0
65300,9747,3103,244,4,3,0,3,0,2,2,1,0,0,0,0,0,0,0
65400,9773,2266,222,1,1,1,3,4,0,2,1,0,0,0,0,0,0,0
65500,9772,2106,219,2,3,1,4,3,2,1,0,0,0,0,0,0,0,0
65600,9770,2229,223,3,1,0,6,1,0,2,0,0,0,0,0,0,0,0
65700,9771,2270,225,0,1,0,1,0,1,1,1,0,0,0,0,0,0,0
65800,9778,1976,217,10,2,6,0,0,2,0,1,1,0,0,0,0,0,0
65900,9770,1646,218,8,2,7,6,0,3,1,1,1,0,0,0,0,0,0
66000,9769,1707,220,3,5,2,3,0,2,2,1,0,0,0,0,0,0,0
66100,9772,2122,221,0,0,1,0,1,5,1,2,1,0,0,0,0,0,0
66200,9773,1787,219,1,2,1,2,1,4,0,0,1,0,0,0,0,0,0
66300,9762,1802,225,0,3,1,3,1,5,1,2,0,0,0,0,0,0,0
66400,9764,1838,229,0,0,1,5,0,0,0,2,1,0,0,0,0,0,0
66500,9707,2215,286,2,1,0,6,0,0,0,0,0,0,0,0,0,0,0
66600,9715,2305,278,5,2,1,3,1,1,1,1,0,0,0,0,0,0,0
66700,9724,2408,267,3,1,0,2,0,3,0,3,1,0,0,0,0,0,0
66800,9724,2767,268,2,2,2,2,0,4,0,0,2,0,0,0,0,0,0
66900,9739,3062,256,3,2,0,1,0,1,3,1,0,0,0,0,0,0,0
67000,9782,3191,210,1,2,1,1,0,1,0,4,0,0,0,0,0,0,0
67100,9840,2682,147,0,0,3,8,0,4,1,1,0,0,0,0,0,0,0
67200,9894,2459,100,1,2,0,3,0,1,2,0,0,0,4,0,0,0,0
67300,9899,2960,95,10,0,2,3,0,2,2,1,0,0,0,0,0,0,0
67400,9883,3407,104,35,4,1,4,0,3,2,2,0,0,0,0,0,0,0
67500,9885,2834,113,24,0,1,2,1,0,0,0,0,0,0,0,0,0,0
67600,9881,2316,111,27,1,0,4,0,2,0,1,0,0,0,0,0,0,0
67700,9880,2883,111,25,4,1,3,0,1,0,1,0,0,0,0,0,0,0
67800,9877,2609,118,19,4,0,0,2,1,0,0,0,0,0,0,0,0,0
67900,9885,2390,110,11,1,0,1,0,2,1,1,0,0,0,0,0,0,0
68000,9875,3153,112,3,2,0,5,0,4,1,2,0,0,0,0,0,0,0
68100,9880,3695,113,26,2,0,0,3,3,1,2,0,0,0,0,0,0,0
68200,9879,3345,115,21,2,0,1,0,2,0,1,0,0,0,0,0,0,0
68300,9932,3512,57,7,2,0,4,0,5,0,0,0,0,0,0,0,0,0
68400,9935,3977,53,22,1,1,3,1,6,2,2,0,0,0,0,0,0,0
68500,9940,3539,51,21,2,2,1,0,5,2,1,0,0,0,0,0,0,0
68600,9947,3649,45,1,3,2,2,0,1,0,2,0,0,0,0,0,0,0
68700,9950,2754,44,4,2,4,3,1,1,2,0,1,0,0,0,0,0,0
68800,9947,3325,43,7,5,0,0,2,3,0,2,1,0,0,0,0,0,0
68900,9944,2769,46,18,3,1,1,0,5,2,1,0,0,0,0,0,0,0
69000,9938,2912,53,6,2,0,3,0,1,1,3,1,0,0,0,0,0,0
69100,9949,3201,40,4,0,2,3,0,7,0,1,0,0,0,0,0,0,0
69200,9955,2721,37,26,3,0,3,0,1,1,1,0,0,0,0,0,0,0
69300,9964,2826,28,80,1,0,3,0,4,1,0,1,0,0,0,0,0,0
69400,9964,3162,25,62,5,0,4,0,2,1,0,0,0,0,0,0,0,0
69500,9956,3077,31,0,4,1,5,0,4,0,0,0,0,0,0,0,0,0
69600,9979,3190,17,0,0,0,1,3,2,1,1,0,0,0,0,0,0,0
69700,9976,3124,11,2,4,0,0,1,6,2,3,0,0,0,0,0,0,0
69800,9975,3106,15,0,5,1,2,0,1,4,2,0,0,0,0,0,0,0
69900,9981,3025,14,0,3,0,1,0,1,0,0,0,0,0,0,0,0,0
70000,9980,2815,13,14,3,1,1,2,2,0,1,0,0,0,0,0,0,0
70100,9982,3246,12,7,2,0,1,0,3,1,0,0,0,0,0,0,0,0
70200,9978,3353,14,0,5,0,3,3,0,1,0,0,0,0,0,0,0,0
70300,9977,2833,14,1,3,2,2,1,2,2,2,0,0,0,0,0,0,0
70400,9975,2956,14,0,2,0,3,0,4,0,2,0,0,0,0,0,0,0
70500,9972,3074,15,27,3,1,5,0,3,0,2,0,0,0,0,0,0,0
70600,9990,3125,2,16,3,0,3,0,1,1,1,0,0,0,0,0,0,0
70700,9983,2495,2,0,5,1,2,0,7,0,1,0,0,0,0,0,0,0
70800,9987,2488,3,2,4,2,3,1,3,3,0,0,0,0,0,0,0,0
70900,9988,2908,2,28,3,1,3,1,3,2,1,0,0,0,0,0,0,0
71000,9914,2687,75,71,4,0,1,1,4,0,2,0,0,0,0,0,0,0
71100,9909,2542,85,15,2,1,1,0,1,1,2,1,0,0,0,0,0,0
71200,9910,2836,81,12,5,2,2,0,2,1,0,0,0,0,0,0,0,0
71300,9959,3169,40,1,0,1,1,0,0,0,0,0,0,0,0,0,0,0
71400,9966,3150,22,4,4,0,2,0,5,1,1,0,0,0,0,0,0,0
71500,9974,3119,21,4,1,0,1,0,2,0,1,0,0,0,0,0,0,0
71600,9962,3131,30,6,2,0,1,1,4,0,0,0,1,0,0,0,0,0
71700,9971,2887,24,20,0,0,0,0,5,0,0,0,0,0,0,0,0,0
71800,9958,3453,25,1,5,0,3,0,8,0,1,0,0,0,0,0,0,0
71900,9961,2775,27,0,7,1,0,0,3,0,2,0,0,0,0,0,0,0
72000,9971,2873,23,2,1,0,1,0,1,1,3,0,0,0,0,0,0,0
72100,9968,2732,25,4,0,1,4,1,2,0,1,1,0,0,0,0,0,0
72200,9969,2430,24,1,2,0,0,1,4,1,1,0,0,0,0,0,0,0
72300,9967,2438,23,1,1,1,2,1,5,0,2,0,0,0,0,0,0,0
72400,9967,2425,26,0,1,1,1,0,5,0,0,0,0,0,0,0,0,0
72500,9909,2552,23,4,3,1,61,1,4,0,0,0,0,0,0,0,0,0
72600,9847,2813,84,1,1,1,68,0,0,0,0,1,0,0,0,0,0,0
72700,9845,2758,85,4,1,2,68,0,0,4,1,0,0,0,0,0,0,0
72800,9852,2747,90,23,3,0,52,0,3,0,0,0,0,0,0,0,0,0
72900,9883,3258,107,1,1,1,7,2,2,2,0,0,0,0,0,0,0,0
73000,9882,3417,110,47,2,1,0,0,4,7,2,0,0,0,0,0,0,0
73100,9881,3539,112,84,1,1,2,0,2,2,2,1,0,0,0,0,0,0
73200,9881,3350,114,31,0,0,2,0,1,0,2,0,0,0,0,0,0,0
73300,9824,3054,166,9,2,1,2,0,2,2,4,0,0,0,0,0,0,0
73400,9815,3169,178,38,1,0,5,0,1,0,0,0,0,0,0,0,0,0
73500,9739,2708,255,0,1,2,4,6,1,3,0,1,0,0,0,0,0,0
73600,9675,2552,312,0,4,0,4,6,4,0,1,0,0,0,0,0,0,0
73700,9685,2508,303,0,3,1,3,3,3,3,3,0,0,0,0,0,0,0
73800,9705,2060,283,3,1,0,7,0,3,1,1,0,0,0,0,0,0,0
73900,9699,2281,282,10,5,0,7,2,6,1,1,0,0,0,0,0,0,0
74000,9704,2297,280,8,3,3,10,0,2,0,1,1,0,0,0,0,0,0
74100,9709,2322,283,4,2,0,2,0,3,1,1,0,0,0,0,0,0,0
74200,9714,2715,275,2,0,1,6,0,2,3,3,1,0,0,0,0,0,0
74300,9722,2807,266,7,3,0,7,4,1,1,1,0,0,0,0,0,0,0
74400,9723,3330,270,19,1,0,5,2,0,0,1,0,0,0,0,0,0,0
74500,9722,3352,261,6,2,1,10,1,5,0,0,0,0,0,0,0,0,0
74600,9724,3213,271,13,0,0,5,1,0,4,0,0,0,0,0,0,0,0
74700,9725,3225,267,8,1,0,1,0,6,0,0,0,0,0,0,0,0,0
74800,9718,2636,270,6,3,0,5,5,4,1,0,0,0,0,0,0,0,0
74900,9721,2859,272,4,2,0,1,0,2,0,2,1,0,0,0,0,0,0
75000,9753,2805,241,1,2,5,0,1,3,0,1,0,0,0,0,0,0,0
75100,9761,2447,235,2,0,2,1,1,2,0,1,0,0,0,0,0,0,0
75200,9761,2593,231,0,0,2,5,0,1,0,2,1,0,0,0,0,0,0
75300,9757,2386,235,2,2,0,3,0,2,0,1,0,0,0,0,0,0,0
75400,9756,2195,238,3,2,0,1,2,3,0,0,1,0,0,0,0,0,0
75500,9755,1769,236,0,2,0,2,0,4,2,1,0,0,0,0,0,0,0
75600,9754,1404,242,6,1,0,2,0,1,0,0,0,0,0,0,0,0,0
75700,9755,1597,239,4,1,0,1,0,4,0,0,0,0,0,0,0,0,0
75800,9756,1893,234,15,5,1,1,0,3,0,1,0,0,0,0,0,0,0
75900,9763,1893,229,10,1,0,5,0,2,0,0,0,0,0,0,0,0,0
76000,9770,2055,225,9,2,0,0,0,0,1,3,0,0,0,0,0,0,0
76100,9764,2420,227,13,4,0,0,0,5,0,0,1,0,0,0,0,0,0
76200,9767,2497,224,4,3,0,1,0,5,0,0,0,0,0,0,0,0,0
76300,9762,2016,230,7,1,0,4,0,1,0,2,0,0,0,0,0,0,0
76400,9759,2191,234,2,2,1,2,0,3,0,0,0,0,0,0,0,0,0
76500,9760,2366,231,1,4,0,3,1,2,1,0,0,0,0,0,0,0,0
76600,9771,2287,222,7,2,1,1,1,3,2,1,0,0,0,0,0,0,0
76700,9717,2548,265,5,5,1,3,0,6,0,4,0,0,0,0,0,0,0
76800,9676,2691,314,5,0,1,4,1,5,0,0,0,1,0,0,0,0,0
76900,9758,2510,236,3,1,1,0,1,4,0,1,0,0,0,0,0,0,0
77000,9771,2853,219,4,5,0,2,0,3,0,0,1,0,0,0,0,0,0
77100,9770,3218,224,1,1,1,1,0,3,1,1,0,0,0,0,0,0,0
77200,9771,2741,219,1,2,0,5,0,3,2,0,0,0,0,0,0,0,0
77300,9740,2769,252,2,1,2,4,0,2,3,1,0,0,0,0,0,0,0
77400,9705,2907,287,7,2,0,3,1,2,2,1,0,0,0,0,0,0,0
77500,9682,2866,306,84,4,1,6,0,2,0,0,0,0,0,0,0,0,0
77600,9671,2950,313,5,8,0,5,0,2,1,1,0,0,0,0,0,0,0
77700,9676,2837,311,5,1,0,5,0,7,0,0,0,0,0,0,0,0,0
77800,9673,2964,314,11,2,1,4,2,3,0,4,0,0,0,0,0,0,0
77900,9678,2558,312,11,2,0,4,0,3,1,1,0,0,0,0,0,0,0
78000,9681,2898,309,18,1,0,4,1,5,2,0,0,0,0,0,0,0,0
78100,9672,2837,314,33,3,0,6,1,2,0,3,0,0,0,0,0,0,0
78200,9666,2610,320,41,3,2,8,1,2,0,1,0,0,0,0,0,0,0
78300,9672,3096,318,22,2,0,2,0,2,0,4,0,0,0,0,0,0,0
78400,9641,2333,351,29,3,1,3,0,2,2,0,0,0,0,0,0,0,0
78500,9575,2012,412,27,3,0,5,1,5,0,0,1,0,0,0,0,0,0
78600,9572,2069,417,25,1,1,4,3,6,0,0,0,0,0,0,0,0,0
78700,9535,1997,448,24,4,12,11,1,1,2,1,0,0,0,0,0,0,0
78800,9503,1849,488,66,1,9,4,0,3,0,1,0,0,0,0,0,0,0
78900,9467,2217,520,109,1,1,10,0,1,2,1,0,0,0,0,0,0,0
79000,9370,2208,601,59,5,1,18,2,4,0,2,0,0,0,0,0,0,0
79100,9368,2333,613,31,2,1,11,0,2,0,4,0,0,0,0,0,0,0
79200,9437,2155,546,47,2,1,7,3,5,0,3,0,0,0,0,0,0,0
79300,9443,2650,542,40,3,1,6,2,2,4,3,0,1,0,0,0,0,0
79400,9460,2370,532,41,0,2,5,1,3,1,0,0,0,0,0,0,0,0
79500,9456,2776,538,46,2,1,1,1,3,1,0,0,0,0,0,0,0,0
79600,9428,3266,562,43,3,1,4,1,2,2,1,0,0,0,0,0,0,0
79700,9450,3133,543,26,2,1,2,1,2,0,1,0,0,0,0,0,0,0
79800,9510,2805,484,32,1,0,1,3,4,4,0,0,0,0,0,0,0,0
79900,9491,3122,499,50,2,1,7,1,1,1,0,0,0,0,0,0,0,0
80000,9501,3015,496,77,1,0,0,0,2,1,0,2,0,0,0,0,0,0
80100,9510,2848,480,96,1,2,2,0,6,1,1,0,0,0,0,0,0,0
80200,9516,3209,474,86,2,0,5,0,3,0,0,1,0,0,0,0,0,0
80300,9499,3320,496,49,1,1,2,0,1,0,1,0,0,0,0,0,0,0
80400,9398,3108,593,48,4,1,2,2,1,1,2,0,0,0,0,0,0,0
80500,9461,2868,532,28,2,2,1,2,3,0,1,0,0,0,0,0,0,0
80600,9498,2811,489,85,3,1,7,4,3,0,0,0,0,0,0,0,0,0
80700,9482,2311,512,21,2,1,2,2,1,0,1,0,0,0,0,0,0,0
80800,9521,2506,477,22,1,0,1,0,0,0,0,0,0,0,0,0,0,0
80900,9445,2828,553,33,0,1,0,1,2,2,0,0,0,0,0,0,0,0
81000,9441,3016,552,36,5,2,1,1,1,2,0,1,0,0,0,0,0,0
81100,9321,2496,670,41,2,1,0,0,4,0,3,0,0,0,0,0,0,0
81200,9307,2507,689,60,1,0,0,0,0,0,3,0,0,0,0,0,0,0
81300,9341,2356,659,46,0,1,0,0,0,1,0,0,0,0,0,0,0,0
81400,9395,2537,596,62,3,1,0,2,4,0,2,0,0,0,0,0,0,0
81500,9430,2624,565,99,3,1,0,3,1,2,1,0,0,0,0,0,0,0
81600,9441,2301,547,106,2,1,2,1,6,0,2,0,0,0,0,0,0,0
81700,9514,2121,484,60,1,0,0,1,0,0,1,0,0,0,0,0,0,0
81800,9501,1915,489,49,0,2,4,0,2,1,4,0,0,0,0,0,0,0
81900,9491,2004,497,50,3,0,1,0,7,1,1,1,0,0,0,0,0,0
82000,9443,2095,555,53,0,0,1,1,0,0,1,0,0,0,0,0,0,0
82100,9418,1976,576,68,2,1,1,0,2,0,0,0,0,0,1,0,0,0
82200,9482,1779,510,37,3,1,2,0,3,0,0,1,0,0,0,0,0,0
82300,9567,1753,422,36,5,0,3,3,3,1,0,0,0,0,0,0,0,0
82400,9581,2234,414,52,2,1,0,0,2,1,1,1,0,0,0,0,0,0
82500,9581,2238,413,46,5,1,0,0,0,0,1,0,0,0,0,0,0,0
82600,9604,2457,384,19,3,1,3,0,5,2,1,0,0,0,0,0,0,0
82700,9649,2461,347,37,2,1,0,0,2,1,0,0,0,0,0,0,0,0
82800,9671,2395,324,60,1,0,1,1,2,1,1,0,0,0,0,0,0,0
82900,9684,2534,312,59,1,0,2,0,1,2,0,0,0,0,0,0,0,0
83000,9685,2786,313,44,0,0,0,0,1,1,1,0,0,0,0,0,0,0
83100,9669,2993,318,7,2,0,6,0,4,1,1,0,0,0,0,0,0,0
83200,9669,2749,324,3,2,1,3,0,2,1,0,0,0,0,0,0,0,0
83300,9665,3119,329,0,2,1,4,3,0,0,0,0,0,0,0,0,0,0
83400,9636,3423,357,6,3,0,1,1,2,3,1,1,0,0,0,0,0,0
83500,9631,2703,361,9,0,0,3,1,4,0,1,0,0,0,0,0,0,0
83600,9624,2537,372,8,0,0,0,1,2,1,2,0,0,0,0,0,0,0
83700,9605,2682,384,5,2,0,2,0,5,0,2,0,0,0,0,0,0,0
83800,9598,2376,397,0,1,3,0,3,2,1,2,0,0,0,0,0,0,0
83900,9599,2357,395,2,5,0,0,0,1,1,0,0,0,0,0,0,0,0
84000,9603,2730,387,4,3,2,5,0,1,0,1,0,0,0,0,0,0,0
84100,9605,2857,389,3,2,0,1,0,2,0,1,0,0,0,0,0,0,0
84200,9599,3264,397,9,1,1,1,2,1,0,1,0,0,0,0,0,0,0
84300,9610,3022,378,0,4,0,3,0,4,1,1,0,0,0,0,0,0,0
84400,9628,2781,365,1,0,0,0,0,4,0,3,0,0,0,0,0,0,0
84500,9626,3006,367,1,2,0,0,1,3,0,2,0,0,0,0,0,0,0
84600,9621,3240,375,1,1,0,0,0,2,1,1,0,0,0,0,0,0,0
84700,9592,3435,400,4,4,0,0,0,1,1,3,0,0,0,0,0,0,0
84800,9562,3638,427,4,2,0,4,1,4,0,1,0,0,0,0,0,0,0
84900,9588,3788,401,2,3,0,5,0,2,0,1,0,0,0,0,0,0,0
85000,9579,3487,407,3,2,0,1,0,8,0,3,0,0,0,0,0,0,0
85100,9583,2792,412,4,1,1,2,1,1,1,1,0,0,0,0,0,0,0
85200,9627,2837,362,5,4,0,3,2,3,3,1,0,0,0,0,0,0,0
85300,9635,3006,358,3,2,0,3,3,2,0,0,0,0,0,0,0,0,0
85400,9666,3095,329,1,1,0,1,0,2,1,1,0,0,0,0,0,0,0
85500,9686,3191,314,2,0,0,0,0,0,0,0,0,0,0,0,0,0,0
85600,9654,3227,336,2,1,0,2,1,4,0,3,0,0,0,0,0,0,0
85700,9652,3429,338,23,2,0,2,3,6,0,0,0,0,0,0,0,0,0
85800,9611,3521,380,10,2,0,2,1,3,1,2,0,0,0,0,0,0,0
85900,9536,3032,456,20,4,0,3,3,1,2,0,0,0,0,0,0,0,0
86000,9529,3804,462,0,1,0,0,0,5,1,3,0,0,0,0,0,0,0
86100,9565,3475,426,0,2,1,5,1,2,0,0,1,0,0,0,0,0,0
86200,9580,3378,409,4,3,0,2,0,5,0,1,0,0,0,0,0,0,0
86300,9541,3284,440,3,2,0,2,0,12,0,3,0,0,0,0,0,0,0
86400,9515,3124,473,3,2,0,1,0,9,1,0,1,0,0,0,0,0,0
86500,9458,3149,535,4,3,0,0,0,3,0,1,0,0,0,0,0,0,0
86600,9419,2759,574,0,2,0,1,1,4,0,0,0,0,0,0,0,0,0
86700,9380,3115,616,1,0,0,0,0,2,1,2,1,0,0,0,0,0,0
86800,9403,3125,587,2,4,0,1,3,4,0,1,0,0,0,0,0,0,0
86900,9425,2873,563,3,6,0,4,0,2,0,0,1,0,0,0,0,0,0
87000,9461,2686,522,13,6,0,5,0,5,1,1,0,0,0,0,0,0,0
87100,9470,2382,514,27,3,1,9,0,4,1,0,0,0,0,0,0,0,0
87200,9478,2880,502,69,8,1,7,0,4,1,1,0,0,0,0,0,0,0
87300,9497,2675,488,49,7,0,4,1,4,0,0,1,0,0,0,0,0,0
87400,9499,2911,478,40,7,2,11,1,4,0,1,0,0,0,0,0,0,0
87500,9567,3173,417,28,5,1,4,0,7,0,0,0,0,0,0,0,0,0
87600,9595,3003,392,29,5,1,6,1,1,1,1,0,0,0,0,0,0,0
87700,9551,2572,438,11,1,1,5,0,2,0,3,0,0,0,0,0,0,0
87800,9557,3457,424,4,8,0,8,0,1,0,2,0,0,0,0,0,0,0
87900,9575,3147,406,6,6,0,10,0,2,1,1,0,0,0,0,0,0,0
88000,9538,2751,452,15,1,0,6,0,0,0,3,0,0,0,0,0,0,0
88100,9520,2816,469,33,0,0,8,1,1,0,2,0,0,0,0,0,0,0
88200,9549,2921,441,47,1,1,6,1,2,0,1,0,0,0,0,0,0,0
88300,9557,2388,427,54,1,0,9,1,6,0,0,0,0,0,0,0,0,0
88400,9534,3043,446,29,5,1,7,0,6,1,2,0,0,0,0,0,0,0
88500,9601,3020,388,6,2,0,8,0,1,0,0,0,0,0,0,0,0,0
88600,9627,3468,362,18,1,0,8,1,2,0,0,0,0,0,0,0,0,0
88700,9700,3410,291,13,2,1,7,0,0,2,0,1,0,0,0,0,0,0
88800,9648,3009,336,0,1,0,8,1,5,1,2,0,0,0,0,0,0,0
88900,9631,2333,356,7,1,0,6,2,5,0,1,0,0,0,0,0,0,0
89000,9665,2517,327,2,0,1,8,1,0,0,0,0,0,0,0,0,0,0
89100,9655,3059,335,1,2,1,6,1,1,0,1,1,0,0,0,0,0,0
89200,9682,2428,309,0,1,1,8,1,0,2,0,0,0,0,0,0,0,0
89300,9698,2757,283,3,4,0,8,2,5,0,2,2,0,0,0,0,0,0
89400,9694,3029,295,4,1,0,8,0,1,1,1,0,0,0,0,0,0,0
89500,9638,2389,350,7,2,1,6,0,3,1,1,0,0,0,0,0,0,0
89600,9652,2130,335,4,2,1,7,0,3,0,1,0,0,0,0,0,0,0
89700,9707,2400,283,1,1,0,7,0,2,0,0,0,0,0,0,0,0,0
89800,9768,2588,213,3,4,0,9,0,5,0,1,1,0,0,0,0,0,0
89900,9803,2916,180,11,1,1,13,0,2,0,1,0,0,0,0,0,0,0
90000,9807,2363,175,3,3,1,9,1,5,0,1,1,0,0,0,0,0,0
90100,9792,2859,189,5,3,1,13,1,1,0,2,0,0,0,0,0,0,0
90200,9773,2972,212,8,4,0,8,3,3,0,0,0,0,0,0,0,0,0
90300,9776,3065,199,7,3,0,13,1,9,3,0,0,0,0,0,0,0,0
90400,9792,3249,195,19,2,0,10,3,1,0,0,0,0,0,0,0,0,0
90500,9787,2933,197,30,1,2,12,0,2,0,1,0,0,0,0,0,0,0
90600,9795,2939,192,10,1,1,11,0,0,0,1,0,0,0,0,0,0,0
90700,9785,2622,202,8,0,1,11,1,1,0,1,0,0,0,0,0,0,0
90800,9793,3010,197,17,0,2,7,3,1,0,2,0,0,0,0,0,0,0
90900,9774,2867,214,25,1,2,8,4,1,0,2,0,0,0,0,0,0,0
91000,9760,2761,222,18,1,1,13,0,4,2,0,0,0,0,0,0,0,0
91100,9771,3100,212,1,1,0,10,4,4,3,2,0,0,0,0,0,0,0
91200,9780,3274,207,0,0,1,12,2,1,1,0,0,0,0,0,0,0,0
91300,9788,3565,197,0,3,1,9,0,2,1,1,1,0,0,0,0,0,0
91400,9800,3375,184,3,2,0,11,1,3,1,0,0,0,0,0,0,0,0
91500,9807,2642,184,4,1,0,8,1,0,0,0,0,0,0,0,0,0,0
91600,9836,2665,156,2,1,1,3,1,2,1,2,0,0,0,0,0,0,0
91700,9829,2962,156,3,3,1,6,1,5,0,1,1,0,0,0,0,0,0
91800,9809,2583,168,15,2,0,15,0,5,0,1,0,0,0,0,0,0,0
91900,9813,2873,157,31,5,1,17,0,7,0,1,0,0,0,0,0,0,0
92000,9817,2761,155,8,1,0,21,1,6,0,0,0,0,0,0,0,0,0
92100,9818,2963,153,7,1,1,23,0,4,0,0,0,1,0,0,0,0,0
92200,9811,2924,161,5,4,0,18,1,6,1,0,0,0,0,0,0,0,0
92300,9823,2749,154,3,2,1,18,0,2,1,1,0,0,0,0,0,0,0
92400,9811,2956,167,1,2,1,15,0,2,0,3,1,0,0,0,0,0,0
92500,9812,2569,165,0,1,0,18,4,3,1,1,0,0,0,0,0,0,0
92600,9822,2582,159,0,1,1,16,1,1,1,1,0,0,0,0,0,0,0
92700,9814,2787,164,2,4,1,17,0,1,0,0,0,0,0,0,0,0,0
92800,9822,2164,161,0,2,1,12,0,2,1,1,0,0,0,0,0,0,0
92900,9809,2140,172,8,2,0,17,1,0,0,0,0,0,0,0,0,0,0
93000,9802,2661,173,10,3,1,16,0,6,1,0,1,0,0,0,0,0,0
93100,9805,3331,183,1,1,1,10,1,1,4,0,1,0,0,0,0,0,0
93200,9852,2672,126,0,3,0,13,0,5,1,1,0,0,0,0,0,0,0
93300,9868,2323,116,5,1,1,11,0,4,2,0,1,0,0,0,0,0,0
93400,9854,2475,121,15,1,0,14,0,5,0,5,0,0,0,0,0,0,0
93500,9864,2461,120,0,1,0,11,3,4,0,0,1,0,0,0,0,0,0
93600,9856,2820,122,0,2,0,13,0,6,1,1,0,0,0,0,0,0,0
93700,9860,2751,122,11,1,0,14,0,1,0,2,0,0,0,0,0,0,0
93800,9851,2946,128,3,4,0,14,1,2,0,1,0,0,0,0,0,0,0
93900,9859,2390,122,1,3,0,14,0,1,0,1,0,0,0,0,0,0,0
94000,9872,1829,103,8,2,2,19,0,2,2,2,2,0,0,0,0,0,0
94100,9913,1673,59,16,4,1,20,0,3,1,1,0,0,0,0,0,0,0
94200,9918,1903,58,18,2,3,19,0,2,0,1,0,0,0,0,0,0,0
94300,9917,2114,59,17,1,0,20,0,2,2,1,1,0,0,0,0,0,0
94400,9906,2400,68,23,2,0,20,0,2,0,2,2,0,0,0,0,0,0
94500,9904,2723,69,25,1,0,21,0,3,0,2,0,0,0,0,0,0,0
94600,9928,2273,48,7,1,1,20,0,2,0,1,0,0,0,0,0,0,0
94700,9925,2142,48,24,1,0,19,0,5,0,2,0,0,0,0,0,0,0
94800,9928,2376,45,36,1,0,22,0,2,0,1,0,1,0,0,0,0,0
94900,9926,2371,47,58,1,0,21,0,3,1,2,0,0,0,0,0,0,0
95000,9926,2232,48,27,1,1,22,0,2,0,1,0,0,0,0,0,0,0
95100,9925,2801,50,43,1,1,18,0,6,0,0,0,0,0,0,0,0,0
95200,9935,2955,41,14,1,1,20,0,3,1,0,2,0,0,0,0,0,0
95300,9925,3049,43,48,3,1,24,1,4,2,1,0,0,0,0,0,0,0
95400,9928,3258,44,48,1,2,21,0,4,1,2,0,0,0,0,0,0,0
95500,9933,3043,35,20,0,0,30,4,0,0,2,0,0,0,0,0,0,0
95600,9937,2891,34,3,3,0,24,1,2,0,0,0,0,0,0,0,0,0
95700,9944,2977,29,9,0,0,23,0,1,1,3,0,0,0,0,0,0,0
95800,9954,2872,22,6,0,0,21,0,1,0,2,1,0,0,0,0,0,0
95900,9944,3632,24,6,1,1,25,0,5,0,1,0,0,0,0,0,0,0
96000,9946,3898,22,6,4,1,22,0,4,1,2,0,0,0,0,0,0,0
96100,9940,3989,33,0,1,0,24,2,1,0,1,1,0,0,0,0,0,0
96200,9947,3264,29,4,2,1,20,2,1,0,1,0,0,0,0,0,0,0
96300,9940,2902,32,5,1,0,21,1,6,1,0,1,0,0,0,0,0,0
96400,9944,3142,29,3,2,0,19,0,5,1,1,0,0,0,0,0,0,0
96500,9941,3278,27,10,4,0,24,1,4,0,0,1,0,0,0,0,0,0
96600,9943,3419,31,5,3,0,21,2,2,1,0,0,0,0,0,0,0,0
96700,9946,3024,29,2,4,0,19,3,1,0,1,0,0,0,0,0,0,0
96800,9951,3024,23,8,3,0,21,5,2,0,0,1,0,0,0,0,0,0
96900,9951,3076,20,10,7,0,20,0,2,3,0,0,0,0,0,0,0,0
97000,9951,3398,21,15,6,0,20,2,2,0,0,0,0,0,0,0,0,0
97100,9949,3266,18,2,8,0,18,1,6,0,1,0,0,0,0,0,0,0
97200,9954,2814,15,1,6,0,21,0,3,0,1,0,0,0,0,0,0,0
97300,9953,3095,14,17,8,0,21,0,2,0,2,0,0,0,0,0,0,0
97400,9949,2734,17,0,10,0,20,0,3,0,1,0,0,0,0,0,0,0
97500,9952,3238,15,4,9,0,21,2,3,1,0,1,0,0,0,0,0,0
97600,9956,3506,15,16,6,0,19,0,2,0,2,0,0,0,0,0,0,0
97700,9957,3489,15,17,4,0,20,0,4,2,0,0,0,0,0,0,0,0
97800,9953,3297,15,58,3,0,20,0,5,0,3,0,1,0,0,0,0,0
97900,9956,3040,13,4,2,2,22,0,6,0,1,1,0,0,0,0,0,0
98000,9966,3836,15,32,0,12,19,0,0,0,0,0,0,0,0,0,0,0
98100,9957,3016,17,82,1,0,22,3,2,1,0,1,1,0,0,0,0,0
98200,9956,2219,17,61,2,1,21,0,4,0,0,0,0,0,0,0,0,0
98300,9958,2028,14,5,2,0,24,3,1,0,1,0,0,0,0,0,0,0
98400,9954,2295,14,3,1,0,23,1,4,1,3,0,0,0,0,0,1,0
98500,9958,2384,14,0,4,1,20,5,3,0,1,0,0,0,0,0,0,0
98600,9959,2110,17,3,3,0,21,0,0,1,0,0,0,0,0,0,0,0
98700,9971,1955,14,7,0,0,10,0,4,0,1,0,0,0,0,0,0,0
98800,9961,1970,18,27,2,2,14,1,4,1,1,0,0,0,0,0,0,0
98900,9971,2177,14,20,0,0,12,1,3,1,0,0,0,0,0,0,0,0
99000,9957,2311,18,14,3,1,20,1,1,1,1,0,0,0,0,0,0,0
99100,9959,2844,19,102,0,0,18,0,3,2,1,1,0,0,0,0,0,0
99200,9804,2272,164,34,5,0,18,2,8,0,1,0,0,0,0,0,0,0
99300,9801,2353,181,23,2,2,14,3,1,0,1,0,0,0,0,0,0,0
99400,9786,2368,181,37,2,2,23,1,6,0,2,0,0,0,0,0,0,0
99500,9797,2459,182,6,0,2,15,1,3,2,3,0,0,0,0,0,0,0
99600,9796,2748,182,5,3,1,16,1,3,0,0,0,0,0,0,0,0,0
99700,9792,2680,181,20,3,1,17,0,7,0,0,3,0,0,0,0,0,0
99800,9799,3034,183,8,1,1,15,0,1,0,1,0,0,0,0,0,0,0
99900,9796,2509,180,7,1,1,21,0,1,1,1,0,0,0,0,0,0,0
100000,9794,2586,182,10,2,1,16,0,5,1,1,1,0,0,0,0,0,0
