update,host_task_NOT,sym_task_NOT,host_task_NAND,sym_task_NAND,host_task_AND,sym_task_AND,host_task_ORN,sym_task_ORN,host_task_OR,sym_task_OR,host_task_ANDN,sym_task_ANDN,host_task_NOR,sym_task_NOR,host_task_XOR,sym_task_XOR,host_task_EQU,sym_task_EQU
0,0,0,0,0,0,0,0,0,0,0,0,0,0,0,0,0,0,0
100,9998,38354,0,1,2,6,0,2,2,8,0,2,0,0,0,0,0,0
200,9997,33246,0,5,1,8,2,3,0,7,0,4,0,0,0,0,0,0
300,9994,33232,0,0,0,4,2,5,3,4,1,1,0,0,0,0,0,0
400,9992,33179,0,7,3,6,1,5,3,8,1,4,0,0,0,0,0,0
500,9984,33215,0,6,6,7,2,2,5,8,3,2,0,0,0,0,0,0
600,9997,28077,0,2,3,6,0,1,0,3,0,4,0,0,0,0,0,0
700,9994,26103,1,2,3,3,0,1,0,4,2,1,0,0,0,0,0,0
800,9990,26037,0,8,1,5,5,1,3,5,1,1,0,0,0,0,0,0
900,9995,26061,0,5,1,6,0,3,3,12,1,4,0,0,0,0,0,0
1000,9993,26070,0,8,5,3,0,0,1,5,1,2,0,0,0,0,0,0
1100,9993,23402,2,8,3,3,1,3,1,6,0,2,0,0,0,0,0,0
1200,9992,20524,5,4,0,5,0,2,1,7,2,7,0,0,0,0,0,0
1300,9992,20465,4,6,1,2,1,2,1,2,1,1,0,0,0,0,0,0
1400,9987,20369,7,6,1,3,2,3,3,1,0,1,0,0,0,0,0,0
1500,9992,20347,4,3,0,2,0,4,3,5,1,3,0,0,0,0,0,0
1600,9992,19418,7,1,0,2,0,2,1,4,0,1,0,0,0,0,0,0
1700,9993,16381,3,8,1,4,3,1,0,3,0,0,0,0,0,0,0,0
1800,9988,16181,4,4,0,1,2,2,4,2,2,1,0,0,0,0,0,0
1900,9992,16256,4,2,0,5,3,2,0,2,1,1,0,0,0,0,0,0
2000,9989,16350,4,2,2,3,0,2,5,5,0,2,0,0,0,0,0,0
2100,9988,16132,6,2,2,2,2,2,1,3,1,0,0,0,0,0,0,0
2200,9983,13128,7,11,2,4,4,3,3,6,1,0,0,0,0,0,0,0
2300,9991,13193,4,7,1,3,2,1,2,3,0,0,0,0,0,0,0,0
2400,9988,13028,4,13,4,1,0,0,4,3,0,1,0,0,0,0,0,0
2500,9987,12986,5,3,2,5,1,3,4,3,1,4,0,0,0,0,0,0
2600,9990,13011,4,3,2,2,1,2,3,4,0,0,0,0,0,0,0,0
2700,9986,11048,7,4,3,3,1,4,2,4,1,1,0,0,0,0,0,0
2800,9988,10682,4,8,3,0,0,0,3,4,2,0,0,0,0,0,0,0
2900,9987,10774,4,5,3,1,1,2,5,4,0,2,0,0,0,0,0,0
3000,9991,10568,7,6,0,0,0,1,1,2,1,1,0,0,0,0,0,0
3100,9976,10580,7,20,4,3,1,0,10,2,2,0,0,0,0,0,0,0
3200,9988,9650,5,15,1,3,2,3,3,2,1,1,0,0,0,0,0,0
3300,9977,8841,8,13,3,1,3,3,7,5,2,1,0,0,0,0,0,0
3400,9985,8812,6,14,1,2,4,1,1,2,3,1,0,0,0,0,0,0
3500,9980,8788,6,11,4,2,4,1,5,2,1,2,0,0,0,0,0,0
3600,9989,8937,4,10,3,1,3,0,1,4,0,0,0,0,0,0,0,0
3700,9987,8415,6,13,2,4,2,3,2,1,1,0,0,0,0,0,0,0
3800,9974,7469,9,9,2,1,10,3,2,2,2,1,1,0,0,0,0,0
3900,9980,7571,11,12,2,1,2,2,3,0,2,0,0,0,0,0,0,0
4000,9981,7689,10,5,2,0,6,0,1,5,0,0,0,0,0,0,0,0
4100,9979,7719,11,6,3,1,2,1,5,2,0,0,0,0,0,0,0,0
4200,9978,7710,13,7,2,3,2,0,5,0,0,2,0,0,0,0,0,0
4300,9983,6431,11,19,3,0,2,1,1,1,0,2,0,0,0,0,0,0
4400,9981,6444,10,9,3,1,3,2,1,2,2,0,0,0,0,0,0,0
4500,9978,6544,9,7,5,1,4,0,2,2,2,0,0,0,0,0,0,0
4600,9978,6577,11,11,3,0,3,2,4,0,1,0,0,0,0,0,0,0
4700,9974,6437,13,4,1,1,7,0,4,1,1,0,0,0,0,0,0,0
4800,9963,5811,18,17,5,1,4,3,9,3,1,0,0,0,0,0,0,0
4900,9964,5944,24,20,2,1,4,1,5,0,1,0,0,0,0,0,0,0
5000,9968,6177,25,15,1,1,3,1,2,2,1,3,0,0,0,0,0,0
5100,9968,6403,25,16,0,0,3,2,4,1,0,1,0,0,0,0,0,0
5200,9971,6768,21,18,1,4,4,1,2,2,1,3,0,0,0,0,0,0
5300,9963,6566,23,38,2,2,8,4,3,1,0,1,1,0,0,0,0,0
5400,9966,6699,23,25,1,1,3,6,6,3,0,2,1,0,0,0,0,0
5500,9967,6810,23,22,1,3,3,2,4,4,2,1,0,0,0,0,0,0
5600,9959,7264,28,26,2,2,6,11,3,3,2,0,0,0,0,0,0,0
5700,9959,7818,24,88,1,3,6,9,8,2,2,3,0,0,0,0,0,0
5800,9960,7283,25,30,2,11,6,13,5,5,2,5,0,0,0,0,0,0
5900,9954,7298,27,37,2,2,9,9,5,8,3,1,0,0,0,0,0,0
6000,9959,8203,24,76,2,4,9,11,5,6,1,0,0,0,0,0,0,0
6100,9954,9379,27,134,1,8,13,11,4,2,1,1,0,0,0,0,0,0
6200,9948,11220,26,162,3,4,12,8,8,1,3,0,0,0,0,0,0,0
6300,9951,12979,30,271,3,6,9,12,5,4,2,3,0,0,0,0,0,0
6400,9954,13581,36,210,1,2,5,6,2,2,2,2,0,0,0,0,0,0
6500,9943,14282,42,262,2,4,5,11,7,9,1,1,0,1,0,0,0,0
6600,9948,14887,40,206,5,7,1,2,5,7,1,2,0,0,0,0,0,0
6700,9948,14999,41,197,1,8,3,4,6,5,1,0,0,0,0,0,0,0
6800,9939,14881,49,202,0,8,6,3,5,4,1,1,0,0,0,0,0,0
6900,9936,13158,46,155,6,1,4,1,5,3,3,1,0,0,0,0,0,0
7000,9930,15285,56,189,5,6,5,4,4,2,0,2,0,0,0,0,0,0
7100,9936,15493,52,115,2,1,2,1,6,1,2,1,0,0,0,0,0,0
7200,9930,17015,54,104,5,3,4,2,5,2,2,0,0,0,0,0,0,0
7300,9934,16048,51,159,4,2,7,9,3,2,1,1,0,0,0,0,0,0
7400,9929,14411,59,163,3,5,3,11,4,2,2,2,0,0,0,0,0,0
7500,9927,15662,58,110,4,1,4,2,7,3,0,2,0,0,0,0,0,0
7600,9926,16101,58,252,4,2,4,5,7,2,1,0,0,0,0,0,0,0
7700,9933,16491,56,214,0,6,6,1,4,1,1,7,0,0,0,0,0,0
7800,9919,16587,62,174,7,0,3,2,7,2,2,2,0,0,0,0,0,0
7900,9937,16153,49,93,3,7,3,9,6,7,2,2,0,0,0,0,0,0
8000,9953,15293,37,124,1,4,4,26,4,8,1,2,0,0,0,0,0,0
8100,9961,16079,28,118,1,2,4,8,4,3,2,0,0,0,0,0,0,0
8200,9970,15330,19,140,5,3,3,11,3,4,0,3,0,0,0,0,0,0
8300,9963,17235,26,164,1,5,4,3,4,3,2,0,0,0,0,0,0,0
8400,9973,22996,18,163,2,4,3,6,4,2,0,5,0,0,0,0,0,0
8500,9966,28780,21,102,2,7,2,10,7,6,2,3,0,0,0,0,0,0
8600,9970,29981,22,121,0,1,2,6,4,8,2,3,0,0,0,0,0,0
8700,9959,28371,31,182,4,3,1,5,4,3,1,0,0,0,0,0,0,0
8800,9960,26842,28,87,5,2,2,12,5,2,0,1,0,0,0,0,0,0
8900,9968,26325,25,124,1,4,3,1,1,4,2,1,0,0,0,0,0,0
9000,9957,25625,35,131,1,9,3,0,4,10,0,1,0,0,0,0,0,0
9100,9956,25536,38,104,4,0,1,5,1,7,0,0,0,0,0,0,0,0
9200,9952,25000,35,137,6,8,2,0,3,2,2,0,0,0,0,0,0,0
9300,9957,23501,34,106,1,4,5,9,3,4,0,2,0,0,0,0,0,0
9400,9957,25218,35,87,2,3,2,15,3,8,1,0,0,0,0,0,0,0
9500,9946,23520,43,82,1,3,5,7,3,6,2,2,0,0,0,0,0,0
9600,9951,20872,40,94,2,6,2,2,3,4,2,0,0,0,0,0,0,0
9700,9945,21738,43,40,5,11,2,8,5,8,0,1,0,0,0,0,0,0
9800,9952,21270,41,15,2,8,1,7,2,5,2,2,0,0,0,0,0,0
9900,9966,19906,30,25,2,4,1,9,1,3,0,3,0,0,0,0,0,0
10000,9965,19860,29,84,3,2,1,1,1,2,1,0,0,0,0,0,0,0
10100,9960,20079,34,28,1,2,1,3,3,4,1,1,0,0,0,0,0,0
10200,9959,19996,35,24,1,1,0,0,1,9,3,3,1,0,0,0,0,0
10300,9962,18525,32,30,1,3,1,6,3,5,0,3,1,0,0,0,0,0
10400,9955,15905,37,43,1,4,1,4,4,8,2,0,0,0,0,0,0,0
10500,9955,16531,37,53,3,6,1,1,4,1,0,1,0,0,0,0,0,0
10600,9956,17158,29,23,4,2,1,1,6,2,4,1,0,0,0,0,0,0
10700,9969,17337,28,17,0,2,2,2,0,5,1,0,0,0,0,0,0,0
10800,9965,16582,26,10,6,2,1,1,0,5,2,0,0,0,0,0,0,0
10900,9955,16525,36,11,6,2,1,1,2,2,0,2,0,0,0,0,0,0
11000,9956,15855,32,30,5,7,3,9,2,2,2,1,0,0,0,0,0,0
11100,9961,15056,27,49,2,4,4,2,4,2,2,1,0,0,0,0,0,0
11200,9956,13955,32,89,2,3,4,1,4,4,2,1,0,0,0,0,0,0
11300,9952,14248,38,24,5,0,3,0,2,5,0,0,0,0,0,0,0,0
11400,9961,12849,25,15,3,2,3,1,6,0,2,1,0,0,0,0,0,0
11500,9959,14615,27,7,4,2,4,3,5,3,1,2,0,0,0,0,0,0
11600,9974,14088,18,17,4,3,2,1,2,6,0,2,0,0,0,0,0,0
11700,9950,13234,21,39,10,1,6,0,9,2,4,0,0,0,0,0,0,0
11800,9974,14071,18,15,1,3,1,2,3,0,3,1,0,0,0,0,0,0
11900,9968,13397,22,14,1,0,6,0,2,4,1,2,0,0,0,0,0,0
12000,9962,14178,27,7,5,1,3,2,1,0,2,2,0,0,0,0,0,0
12100,9955,13209,25,4,6,7,6,0,4,1,3,1,1,0,0,0,0,0
12200,9961,13664,27,12,3,3,5,5,4,0,0,0,0,0,0,0,0,0
12300,9962,12459,28,59,1,2,4,2,1,5,4,2,0,0,0,0,0,0
12400,9905,11613,27,15,4,0,60,3,3,2,1,0,0,0,0,0,0,0
12500,9896,10793,25,41,2,2,71,2,4,0,2,1,0,0,0,0,0,0
12600,9870,11442,57,7,0,1,70,5,1,2,2,1,0,0,0,0,0,0
12700,9851,11385,72,20,4,2,70,1,3,2,0,2,0,0,0,0,0,0
12800,9808,10682,113,27,1,0,72,2,5,2,1,0,0,0,0,0,0,0
12900,9802,10285,119,64,3,2,70,2,5,3,1,0,0,0,0,0,0,0
13000,9834,10186,91,16,1,2,69,1,4,1,1,0,0,1,0,0,0,0
13100,9851,10232,77,22,1,0,68,1,3,2,0,1,0,0,0,0,0,0
13200,9850,10528,72,8,4,0,71,2,2,2,1,2,0,0,0,0,0,0
13300,9849,10335,70,8,1,1,71,1,6,1,3,0,0,0,0,0,0,0
13400,9855,9585,64,34,2,5,77,0,1,1,1,0,0,0,0,0,0,0
13500,9857,9432,66,99,3,2,69,0,3,0,2,0,0,0,0,0,0,0
13600,9850,9536,66,5,5,1,75,2,3,2,1,0,0,0,0,0,0,0
13700,9840,9192,79,21,3,1,71,0,5,2,2,0,0,0,0,0,0,0
13800,9827,9495,93,18,1,1,71,0,5,1,2,0,0,0,0,0,1,0
13900,9825,9663,95,13,4,1,72,5,2,6,2,0,0,0,0,0,0,0
14000,9833,8774,92,16,3,2,67,1,3,7,2,0,0,0,0,0,0,0
14100,9827,8861,95,42,3,2,70,1,4,3,1,1,0,0,0,0,0,0
14200,9831,9231,93,0,3,1,68,1,4,2,1,0,0,0,0,0,0,0
14300,9827,8616,95,8,4,7,69,3,2,0,3,0,0,0,0,0,0,0
14400,9824,7687,92,2,4,1,73,3,4,0,2,0,1,0,0,0,0,0
14500,9836,7813,90,3,1,2,71,0,1,1,1,1,0,0,0,0,0,0
14600,9825,7570,92,2,2,1,75,1,3,3,3,3,0,0,0,0,0,0
14700,9830,6846,95,5,2,2,72,1,1,2,0,2,0,0,0,0,0,0
14800,9824,7872,92,12,4,1,71,1,8,3,1,1,0,0,0,0,0,0
14900,9828,6799,93,21,3,2,70,2,2,1,4,0,0,0,0,0,0,0
15000,9869,7892,53,17,2,1,71,0,4,4,1,1,0,0,0,0,0,0
15100,9866,7414,52,3,6,1,70,1,5,2,1,0,0,0,0,0,0,0
15200,9865,6838,57,9,3,1,71,1,2,0,2,0,0,0,0,0,0,0
15300,9872,7128,52,4,5,0,67,0,3,1,1,0,0,0,0,0,0,0
15400,9864,7117,56,10,4,1,70,0,5,3,1,0,0,0,0,0,0,0
15500,9870,5965,53,18,4,0,70,0,1,3,1,0,1,0,0,0,0,0
15600,9869,5869,54,5,1,0,71,2,1,1,4,0,0,0,0,0,0,0
15700,9866,7408,55,11,3,1,73,1,3,0,0,1,0,0,0,0,0,0
15800,9866,6621,55,15,3,11,72,0,3,7,1,3,0,0,0,0,0,0
15900,9893,6027,31,14,1,2,70,3,4,1,1,0,0,0,0,0,0,0
16000,9901,6541,23,6,1,2,73,2,2,0,0,0,0,0,0,0,0,0
16100,9900,5854,27,13,1,2,68,1,4,0,0,0,0,1,0,0,0,0
16200,9895,5700,23,2,4,2,71,1,5,1,2,2,0,0,0,0,0,0
16300,9910,5685,24,6,3,0,59,1,2,0,2,1,0,0,0,0,0,0
16400,9958,5505,29,1,3,0,5,1,4,2,1,1,0,0,0,0,0,0
16500,9963,6101,26,1,4,0,2,0,4,2,1,1,0,0,0,0,0,0
16600,9956,6026,31,3,3,0,4,1,6,1,0,1,0,0,0,0,0,0
16700,9961,5219,27,9,0,2,11,0,1,1,0,0,0,0,0,0,0,0
16800,9959,4698,24,20,4,1,10,1,3,3,0,0,0,0,0,0,0,0
16900,9959,4082,27,41,1,0,10,0,1,2,2,2,0,0,0,0,0,0
17000,9954,4987,27,96,5,2,10,1,3,4,1,0,0,0,0,0,0,0
17100,9954,4761,28,100,1,0,10,0,4,1,3,0,0,0,0,0,0,0
17200,9949,4231,31,144,1,1,12,3,6,1,1,0,0,0,0,0,0,0
17300,9959,4430,28,105,2,0,9,2,2,3,0,1,0,0,0,0,0,0
17400,9946,4661,26,93,6,2,20,2,1,1,1,1,0,0,0,0,0,0
17500,9942,4530,31,92,5,1,16,0,4,1,2,0,0,0,0,0,0,0
17600,9951,3932,27,96,4,5,17,1,0,3,1,0,0,0,0,0,0,0
17700,9955,3950,28,93,3,1,11,0,1,2,2,1,0,0,0,0,0,0
17800,9944,3601,33,98,3,0,20,0,0,2,0,0,0,0,0,0,0,0
17900,9934,3909,31,93,6,0,18,5,7,1,3,1,1,0,0,0,0,0
18000,9947,4650,30,95,4,8,14,1,2,1,3,1,0,0,0,0,0,0
18100,9953,5792,29,104,2,9,10,0,3,0,3,0,0,0,0,0,0,0
18200,9950,5644,30,96,1,2,13,0,5,0,1,0,0,0,0,0,0,0
18300,9947,5065,30,90,5,1,11,2,5,1,1,0,1,0,0,0,0,0
18400,9946,4462,30,104,4,2,12,6,7,2,1,0,0,0,0,0,0,0
18500,9950,4271,30,137,3,0,8,5,7,0,2,0,0,0,0,0,0,0
18600,9956,4383,30,148,3,0,8,4,2,3,1,1,0,0,0,0,0,0
18700,9954,4934,26,138,3,2,11,3,4,0,2,0,0,0,0,0,0,0
18800,9958,4828,27,133,1,2,11,3,3,0,0,0,0,0,0,0,0,0
18900,9961,4396,25,135,2,0,10,6,1,6,1,0,0,0,0,0,0,0
19000,9952,4387,27,140,4,1,9,4,5,2,3,0,0,0,0,0,0,0
19100,9947,5106,33,142,4,0,11,4,4,1,1,1,0,0,0,0,0,0
19200,9952,3854,29,148,3,0,10,5,5,0,1,0,0,0,0,0,0,0
19300,9956,4054,24,204,3,2,8,2,4,0,5,0,0,0,0,0,0,0
19400,9955,4400,29,138,1,1,9,8,3,3,3,0,0,0,0,0,0,0
19500,9955,4877,29,98,3,0,10,6,3,0,0,1,0,0,0,0,0,0
19600,9961,4534,21,51,5,0,8,3,3,0,2,1,0,0,0,0,0,0
19700,9974,4651,17,61,1,4,4,1,2,1,2,0,0,0,0,0,0,0
19800,9967,3885,23,51,5,3,1,1,4,1,0,0,0,0,0,0,0,0
19900,9967,3808,23,48,3,4,2,0,3,0,2,1,0,0,0,0,0,0
20000,9954,4474,30,111,4,2,8,2,2,1,2,0,0,0,0,0,0,0
20100,9966,3794,30,94,1,2,1,3,1,2,1,0,0,0,0,0,0,0
20200,9968,4297,18,115,2,2,6,1,2,0,4,3,0,0,0,0,0,0
20300,9959,4801,27,93,6,0,5,0,0,3,2,0,1,0,0,0,0,0
20400,9958,4674,32,100,1,1,1,8,4,1,4,0,0,0,0,0,0,0
20500,9967,5061,24,137,2,1,1,1,4,2,2,1,0,0,0,0,0,0
20600,9964,4746,28,113,2,2,1,1,4,0,1,0,0,0,0,0,0,0
20700,9971,4469,19,111,2,0,4,2,1,0,3,0,0,0,0,0,0,0
20800,9954,4138,29,135,4,0,9,1,3,0,1,0,0,0,0,0,0,0
20900,9961,4430,26,132,2,4,8,0,2,1,1,0,0,0,0,0,0,0
21000,9952,4044,32,107,3,0,8,0,4,2,1,0,0,0,0,0,0,0
21100,9960,3825,20,95,3,0,13,0,0,1,4,0,0,0,0,0,0,0
21200,9948,3622,30,91,7,1,9,1,6,0,0,1,0,0,0,0,0,0
21300,9957,4709,29,98,1,0,10,1,1,0,2,0,0,0,0,0,0,0
21400,9958,4421,24,95,3,0,9,1,3,0,3,0,0,0,0,0,0,0
21500,9966,4538,26,100,3,1,0,3,3,2,2,0,0,0,0,0,0,0
21600,9960,4714,28,134,4,2,1,0,6,0,1,0,0,0,0,0,0,0
21700,9958,4465,32,90,3,1,1,1,4,0,1,0,1,0,0,0,0,0
21800,9958,4019,29,99,5,0,1,0,4,0,3,1,0,0,0,0,0,0
21900,9962,4288,30,101,2,0,2,1,3,1,1,0,0,0,0,0,0,0
22000,9965,3751,25,96,1,0,3,0,3,1,3,1,0,0,0,0,0,0
22100,9966,3585,24,96,1,1,3,1,4,4,2,0,0,0,0,0,0,0
22200,9957,3965,27,163,4,1,3,0,7,0,2,0,0,0,0,0,0,0
22300,9957,4123,39,124,4,0,0,6,0,0,0,0,0,0,0,0,0,0
22400,9956,4011,31,135,2,0,4,33,5,3,2,0,0,0,0,0,0,0
22500,9964,4089,21,93,6,0,5,1,2,1,2,0,0,0,0,0,0,0
22600,9956,4216,34,114,3,1,2,1,4,0,1,0,0,0,0,0,0,0
22700,9968,4504,28,121,1,0,0,0,3,0,0,0,0,0,0,0,0,0
22800,9953,4155,32,118,2,0,3,3,8,2,2,0,0,0,0,0,0,0
22900,9958,4000,30,116,3,0,3,0,4,0,1,0,1,0,0,0,0,0
23000,9963,4759,29,134,2,3,2,0,4,1,0,0,0,0,0,0,0,0
23100,9965,4791,28,93,2,1,1,1,3,2,1,1,0,0,0,0,0,0
23200,9961,5139,28,94,3,0,3,2,5,0,0,1,0,0,0,0,0,0
23300,9963,5521,30,136,1,0,0,3,5,4,0,0,0,0,1,0,0,0
23400,9958,4801,26,130,3,1,4,1,8,2,1,1,0,0,0,0,0,0
23500,9964,4012,24,137,3,0,3,0,4,1,2,0,0,0,0,0,0,0
23600,9954,5032,31,132,3,0,5,0,5,2,2,0,0,0,0,0,0,0
23700,9964,4738,31,112,2,1,1,0,2,0,0,1,0,0,0,0,0,0
23800,9952,4327,35,48,4,2,3,2,5,3,1,0,0,0,0,0,0,0
23900,9962,4154,28,42,2,2,4,2,3,1,1,0,0,0,0,0,0,0
24000,9963,3417,27,47,3,1,1,0,5,2,1,1,0,0,0,0,0,0
24100,9956,3510,33,41,2,0,5,3,1,1,2,1,1,0,0,0,0,0
24200,9956,3777,28,42,3,0,7,0,5,2,1,2,0,0,0,0,0,0
24300,9956,4411,31,41,6,0,4,1,2,0,1,1,0,0,0,0,0,0
24400,9966,4491,26,43,1,2,0,4,5,1,2,0,0,0,0,0,0,0
24500,9954,5651,31,52,5,0,3,2,4,2,3,0,0,0,0,0,0,0
24600,9969,4919,24,52,2,1,2,8,1,1,2,1,0,0,0,0,0,0
24700,9959,3869,29,56,2,0,6,1,3,1,1,0,0,0,0,0,0,0
24800,9955,3971,30,56,4,0,4,0,5,3,2,0,0,0,0,0,0,0
24900,9956,4642,29,36,2,0,7,1,3,0,3,0,0,0,0,0,0,0
25000,9963,4619,29,26,1,4,4,1,2,0,1,0,0,0,0,0,0,0
25100,9967,4204,28,4,1,0,2,1,2,1,0,0,0,0,0,0,0,0
25200,9976,3784,17,6,3,0,3,4,1,1,0,0,0,0,0,0,0,0
25300,9966,4195,19,8,4,1,6,3,3,2,2,0,0,0,0,0,0,0
25400,9961,4112,23,7,5,3,7,1,2,3,2,0,0,0,0,0,0,0
25500,9974,4208,23,10,0,0,3,1,0,0,0,1,0,0,0,0,0,0
25600,9969,4421,24,8,0,1,2,0,1,1,1,2,3,0,0,0,0,0
25700,9961,3841,27,8,1,1,8,1,2,1,1,1,0,0,0,0,0,0
25800,9967,4468,25,5,0,1,2,0,5,0,1,0,0,0,0,0,0,0
25900,9966,4741,23,12,3,0,5,1,2,3,1,0,0,0,0,0,0,0
26000,9979,4601,14,59,1,0,3,0,3,0,0,0,0,0,0,0,0,0
26100,9975,4516,18,51,2,1,3,2,2,0,0,0,0,0,0,0,0,0
26200,9974,4981,14,30,7,2,3,1,2,1,0,0,0,0,0,0,0,0
26300,9988,5256,7,7,2,0,3,0,0,0,0,0,0,0,0,0,0,0
26400,9976,3336,10,7,2,1,5,7,5,0,1,0,1,0,0,0,0,0
26500,9980,3084,6,11,6,2,4,6,2,0,2,0,0,0,0,0,0,0
26600,9983,2918,5,9,3,3,1,3,6,1,2,2,0,0,0,0,0,0
26700,9984,3475,2,3,3,1,3,0,5,1,3,0,0,0,0,0,0,0
26800,9984,3603,8,5,1,0,2,1,3,0,2,0,0,0,0,0,0,0
26900,9985,3880,9,14,0,0,2,0,3,1,1,0,0,0,0,0,0,0
27000,9973,3509,12,19,4,0,3,1,6,0,2,0,0,0,0,0,0,0
27100,9976,3487,10,9,1,0,4,0,7,1,2,0,0,0,0,0,0,0
27200,9970,4592,13,8,4,2,5,1,7,0,1,0,0,0,0,0,0,0
27300,9976,4418,11,6,1,1,3,0,7,1,2,0,0,0,0,0,0,0
27400,9973,3984,13,60,7,0,5,3,1,0,1,0,0,0,0,0,0,0
27500,9980,3269,12,14,2,3,1,1,4,1,1,0,0,0,0,0,0,0
27600,9971,2169,12,8,2,1,7,0,7,0,1,0,0,0,0,0,0,0
27700,9970,1839,22,9,1,1,2,0,4,0,1,1,0,0,0,0,0,0
27800,9960,2918,24,16,6,2,2,0,4,0,4,0,0,0,0,0,0,0
27900,9969,3856,21,3,1,0,4,0,3,0,1,0,1,0,0,0,0,0
28000,9965,3694,20,8,2,3,5,1,8,1,0,1,0,0,0,0,0,0
28100,9973,4203,16,6,4,0,1,0,6,2,0,0,0,0,0,0,0,0
28200,9973,3839,14,5,5,0,2,0,4,0,2,0,0,0,0,0,0,0
28300,9973,3990,19,12,1,1,3,0,4,3,0,0,0,0,0,0,0,0
28400,9921,3755,73,16,2,0,1,0,1,1,2,0,0,0,0,0,0,0
28500,9860,3134,129,48,3,0,2,1,4,1,2,0,0,0,0,0,0,0
28600,9861,3303,130,64,1,0,1,0,4,1,3,1,0,0,0,0,0,0
28700,9846,4041,132,10,6,0,6,0,7,0,3,0,0,0,0,0,0,0
28800,9853,4103,129,7,5,0,6,1,6,0,1,0,0,0,0,0,0,0
28900,9860,4053,130,10,3,3,3,1,1,6,3,2,0,0,0,0,0,0
29000,9865,3665,122,12,2,1,7,0,3,0,1,0,0,0,0,0,0,0
29100,9839,3860,145,12,3,0,5,1,7,0,1,1,0,0,0,0,0,0
29200,9848,3515,136,11,4,0,9,0,3,1,0,0,0,0,0,0,0,0
29300,9863,3514,128,12,0,1,5,0,3,1,1,0,0,0,0,0,0,0
29400,9865,3244,125,13,2,0,3,2,4,0,1,1,0,0,0,0,0,0
29500,9869,2875,123,9,2,0,2,1,2,1,2,0,0,0,0,0,0,0
29600,9860,2611,129,7,2,1,2,1,5,1,2,0,0,0,0,0,0,0
29700,9875,3293,120,6,2,0,1,0,2,0,0,0,0,0,0,0,0,0
29800,9882,3252,112,14,1,1,2,2,2,0,1,0,0,0,0,0,0,0
29900,9879,3272,113,10,2,2,4,0,2,2,0,0,0,0,0,0,0,0
30000,9826,3222,170,25,1,2,2,1,0,0,1,0,0,0,0,0,0,0
30100,9824,3719,160,9,2,2,7,1,6,1,1,0,0,0,0,0,0,0
30200,9851,3736,141,5,1,1,1,0,4,0,2,0,0,0,0,0,0,0
30300,9850,3450,139,10,1,0,4,2,4,1,2,0,0,0,0,0,0,0
30400,9855,3233,138,10,2,0,0,0,2,0,3,0,0,0,0,0,0,0
30500,9855,3526,136,13,3,0,1,0,3,0,2,0,0,0,0,0,0,0
30600,9787,3934,203,16,2,1,3,1,4,0,1,0,0,0,0,0,0,0
30700,9784,3555,207,29,2,0,2,2,4,0,1,0,0,0,0,0,0,0
30800,9780,3291,211,28,3,1,2,0,3,0,1,0,0,0,0,0,0,0
30900,9767,2319,226,25,2,2,0,1,5,1,0,2,0,0,0,0,0,0
31000,9758,2444,233,24,4,2,2,1,2,0,1,1,0,0,0,0,0,0
31100,9824,3346,167,20,3,0,0,4,2,2,4,0,0,0,0,0,0,0
31200,9827,3168,165,116,2,0,0,3,4,0,2,0,0,0,0,0,0,0
31300,9825,3148,167,29,3,0,4,1,0,0,1,0,0,0,0,0,0,0
31400,9829,3755,164,15,2,1,2,0,3,0,0,0,0,0,0,0,0,0
31500,9767,3304,230,10,1,2,0,1,0,1,2,0,0,0,0,0,0,0
31600,9728,3363,261,15,2,0,4,0,4,1,1,0,0,0,0,0,0,0
31700,9724,3042,268,13,1,0,2,0,3,0,2,0,0,0,0,0,0,0
31800,9762,2726,233,19,2,0,0,2,2,1,0,0,1,0,0,0,0,0
31900,9821,3155,171,11,3,0,1,0,4,1,0,0,0,0,0,0,0,0
32000,9840,3701,150,17,1,1,4,0,3,0,2,1,0,0,0,0,0,0
32100,9840,3134,143,27,1,0,9,0,5,0,2,0,0,0,0,0,0,0
32200,9850,3162,146,19,2,1,1,0,1,1,0,0,0,0,0,0,0,0
32300,9852,2919,142,9,1,0,3,0,2,0,0,1,0,0,0,0,0,0
32400,9842,2880,147,16,3,1,6,0,2,0,0,0,0,0,0,0,0,0
32500,9844,2907,149,13,3,1,3,3,0,0,1,1,0,0,0,0,0,0
32600,9842,3165,152,18,1,1,2,1,2,1,1,0,0,0,0,0,0,0
32700,9835,3684,152,35,2,0,6,0,3,0,2,0,0,0,0,0,0,0
32800,9840,3746,154,20,0,1,1,1,3,0,2,0,0,0,0,0,0,0
32900,9841,3232,151,10,2,1,2,0,1,0,3,0,0,0,0,0,0,0
33000,9841,3738,145,7,3,0,3,1,6,1,2,0,0,0,0,0,0,0
33100,9834,3227,147,4,5,3,5,3,6,2,3,2,0,0,0,0,0,0
33200,9829,3045,146,3,3,7,12,0,8,1,2,1,0,0,0,0,0,0
33300,9843,3444,144,0,3,1,9,1,1,3,0,0,0,0,0,0,0,0
33400,9845,3439,143,5,1,0,8,2,2,0,1,0,0,0,0,0,0,0
33500,9839,3603,142,5,6,0,7,1,5,2,1,0,0,0,0,0,0,0
33600,9841,3914,146,6,1,1,8,1,2,2,2,0,0,0,0,0,0,0
33700,9788,3889,201,6,3,1,6,0,1,0,1,1,0,0,0,0,0,0
33800,9829,4654,157,19,1,1,5,0,7,0,1,0,0,0,0,0,0,0
33900,9846,4585,141,1,3,2,7,0,2,1,1,0,0,0,0,0,0,0
34000,9836,4105,139,3,1,1,17,0,5,0,2,0,0,0,0,0,0,0
34100,9841,3609,147,2,1,1,5,0,5,0,1,0,0,0,0,0,0,0
34200,9835,3863,145,11,2,1,14,0,3,0,1,0,0,0,0,0,0,0
34300,9834,4087,145,21,2,0,15,0,4,0,0,0,0,0,0,0,0,0
34400,9841,3765,143,3,1,1,12,2,2,2,1,1,0,0,0,0,0,0
34500,9833,3198,147,1,3,2,12,9,5,0,0,0,0,0,0,0,0,0
34600,9836,3289,143,1,2,0,14,7,5,3,0,0,0,0,0,0,0,0
34700,9815,3502,154,6,4,1,15,0,7,0,5,0,0,0,0,0,0,0
34800,9805,3197,178,2,1,0,11,1,3,1,2,0,0,0,0,0,0,0
34900,9812,3137,173,4,1,0,12,3,2,0,0,0,0,0,0,0,0,0
35000,9831,3019,150,9,4,3,11,3,4,0,0,1,0,0,0,0,0,0
35100,9834,2872,145,1,3,1,14,0,3,0,1,0,0,0,0,0,0,0
35200,9835,3690,148,0,1,0,10,1,4,0,2,0,0,0,0,0,0,0
35300,9818,3434,162,8,2,0,15,0,2,0,1,0,0,0,0,0,0,0
35400,9810,2914,170,0,5,0,13,0,1,0,1,0,0,0,0,0,0,0
35500,9781,3896,198,2,1,1,15,1,3,0,2,0,0,0,0,0,0,0
35600,9760,3934,227,0,0,0,7,0,3,1,3,0,0,0,0,0,0,0
35700,9748,3432,235,5,1,1,12,0,1,3,1,0,2,0,0,0,0,0
35800,9744,3370,231,23,5,2,15,0,2,0,3,1,0,0,0,0,0,0
35900,9772,2840,203,1,3,3,17,2,5,1,0,0,0,0,0,0,0,0
36000,9771,3146,214,18,3,2,9,1,3,1,0,3,0,0,0,0,0,0
36100,9751,3156,235,12,1,1,6,0,5,1,2,0,0,0,0,0,0,0
36200,9758,3024,223,6,6,0,8,1,4,4,1,1,0,0,0,0,0,0
36300,9765,3542,228,3,0,0,5,1,1,2,1,0,0,0,0,0,0,0
36400,9701,4512,288,4,4,4,7,1,0,1,0,0,0,0,0,0,0,0
36500,9745,4626,243,6,1,0,6,0,5,0,0,0,0,0,0,0,0,0
36600,9766,4056,220,2,1,0,8,0,2,2,3,3,0,0,0,0,0,0
36700,9836,3861,157,6,1,1,5,4,0,1,0,0,1,0,0,0,0,0
36800,9835,4485,152,48,3,0,7,0,1,3,2,0,0,0,0,0,0,0
36900,9829,4455,158,35,4,0,5,2,3,2,1,2,0,0,0,0,0,0
37000,9882,4884,113,1,0,0,2,0,1,1,2,0,0,0,0,0,0,0
37100,9902,4407,86,12,2,2,4,1,4,2,2,1,0,0,0,0,0,0
37200,9902,4196,87,15,4,0,7,0,0,1,0,0,0,0,0,0,0,0
37300,9835,4355,152,1,3,0,7,0,3,0,0,0,0,0,0,0,0,0
37400,9823,4633,163,0,0,0,11,0,2,0,1,0,0,0,0,0,0,0
37500,9831,4755,156,3,0,0,8,0,4,0,1,0,0,0,0,0,0,0
37600,9832,4524,153,3,1,0,9,2,4,1,1,0,0,0,0,0,0,0
37700,9839,4616,153,3,2,0,3,2,1,0,1,0,1,0,0,0,0,0
37800,9826,3636,162,0,2,0,6,0,2,0,2,0,0,1,0,0,0,0
37900,9843,3507,148,0,2,1,4,0,3,1,0,0,0,0,0,0,0,0
38000,9862,3432,126,0,1,0,6,2,3,1,2,1,0,0,0,0,0,0
38100,9918,3751,70,0,0,2,9,3,2,0,1,1,0,0,0,0,0,0
38200,9934,4305,54,2,3,0,8,0,1,1,0,0,0,0,0,0,0,0
38300,9923,4762,63,0,2,0,9,0,1,2,2,1,0,0,0,0,0,0
38400,9908,4704,81,0,3,0,5,2,1,0,2,0,0,0,0,0,0,0
38500,9958,4301,28,9,4,0,6,1,3,0,1,1,0,0,0,0,0,0
38600,9964,3875,23,11,3,1,5,0,4,0,0,0,1,0,0,0,0,0
38700,9957,3774,29,0,4,0,7,1,2,0,1,0,0,0,0,0,0,0
38800,9957,3352,28,2,5,4,6,0,2,1,2,1,0,0,0,0,0,0
38900,9974,3308,13,2,0,2,6,0,5,1,2,1,0,0,0,0,0,0
39000,9979,4449,10,4,4,1,5,0,0,1,2,0,0,0,0,0,0,0
39100,9982,4513,10,10,1,1,5,0,2,3,0,0,0,0,0,0,0,0
39200,9977,4689,14,1,4,0,2,1,2,0,1,0,0,0,0,0,0,0
39300,9978,4440,15,4,2,0,4,0,1,0,0,0,0,0,0,0,0,0
39400,9969,4387,11,4,4,1,11,0,5,0,0,0,0,0,0,0,0,0
39500,9978,4842,10,2,3,0,9,0,0,1,0,0,0,0,0,0,0,0
39600,9974,4925,14,20,1,4,7,0,4,0,0,0,0,0,0,0,0,0
39700,9978,5003,11,11,1,0,5,1,4,2,1,0,0,0,0,0,0,0
39800,9972,5089,13,5,4,1,7,0,1,0,3,0,0,0,0,0,0,0
39900,9968,5857,17,16,2,2,9,0,3,1,1,0,0,0,0,0,0,0
40000,9978,4542,14,8,1,2,4,0,3,1,0,0,0,0,0,0,0,0
40100,9978,4551,15,5,0,2,6,0,0,1,1,0,0,0,0,0,0,0
40200,9973,4591,19,11,0,0,5,1,2,1,1,0,0,0,0,0,0,0
40300,9979,4687,11,10,2,0,6,1,2,1,0,1,0,0,0,0,0,0
40400,9979,4127,10,4,4,1,5,0,2,0,0,0,0,0,0,0,0,0
40500,9983,4342,7,7,2,0,5,1,1,0,2,0,0,0,0,0,0,0
40600,9978,3927,10,3,1,1,9,0,0,0,2,0,0,0,0,0,0,0
40700,9976,4174,7,5,5,0,5,1,3,1,4,0,0,0,0,0,0,0
40800,9967,4596,12,2,4,1,5,1,8,0,4,0,0,0,0,0,0,0
40900,9969,4631,17,2,2,0,5,6,4,1,3,0,0,0,0,0,0,0
41000,9979,4233,13,3,1,1,4,1,2,2,1,1,0,0,0,0,0,0
41100,9983,4105,7,7,0,2,5,0,3,0,2,0,0,0,0,0,0,0
41200,9969,4242,11,16,5,0,7,0,6,0,2,0,0,0,0,0,0,0
41300,9972,3771,10,9,7,0,4,1,5,0,2,0,0,0,0,0,0,0
41400,9969,3595,11,7,3,0,13,0,2,4,2,0,0,0,0,0,0,0
41500,9990,3522,4,11,1,2,2,0,2,0,1,0,0,0,0,0,0,0
41600,9980,3795,8,24,2,0,5,1,4,5,1,0,0,0,0,0,0,0
41700,9983,3923,7,13,2,0,3,0,3,0,2,0,0,0,0,0,0,0
41800,9971,3072,18,2,3,0,3,2,4,4,1,0,0,0,0,0,0,0
41900,9958,3190,31,33,1,0,6,11,2,0,2,0,0,0,0,0,0,0
42000,9953,2557,36,17,1,0,3,17,4,0,3,1,0,0,0,0,0,0
42100,9951,2400,38,8,4,1,4,7,1,0,2,0,0,0,0,0,0,0
42200,9954,2752,35,7,1,0,7,4,1,1,2,0,0,0,0,0,0,0
42300,9942,2947,45,5,3,0,6,3,3,1,1,0,0,0,0,0,0,0
42400,9947,3151,43,4,1,1,5,1,3,2,1,0,0,0,0,0,0,0
42500,9925,3939,60,3,0,0,9,0,5,0,1,2,0,0,0,0,0,0
42600,9947,4086,37,5,2,0,10,1,2,1,2,0,0,0,0,0,0,0
42700,9953,3843,29,4,2,0,10,0,5,1,1,0,0,0,0,0,0,0
42800,9953,3678,26,5,5,1,14,0,0,0,2,0,0,0,0,0,0,0
42900,9945,4533,34,0,1,1,15,0,3,2,2,1,0,0,0,0,0,0
43000,9945,4404,40,2,2,0,10,0,3,2,0,0,0,0,0,0,0,0
43100,9933,3939,45,4,4,0,13,0,4,4,1,0,0,0,0,0,0,0
43200,9930,3619,45,0,2,0,16,0,4,0,3,0,0,0,0,0,0,0
43300,9945,3530,42,1,3,0,10,0,0,2,0,1,0,0,0,0,0,0
43400,9926,3322,48,3,2,0,17,0,3,1,4,1,0,0,0,0,0,0
43500,9938,3154,41,3,3,0,13,0,5,0,0,0,0,0,0,0,0,0
43600,9940,3431,40,2,3,0,10,0,5,2,2,0,0,0,0,0,0,0
43700,9950,3848,34,2,1,0,7,0,5,0,3,0,0,0,0,0,0,0
43800,9931,4629,51,5,1,0,11,0,3,0,3,0,0,0,0,0,0,0
43900,9935,4180,46,4,3,0,13,1,3,0,0,0,0,0,0,0,0,0
44000,9944,4509,35,16,4,1,14,2,3,0,0,0,0,0,0,0,0,0
44100,9928,4068,44,5,3,0,22,0,2,0,1,1,0,0,0,0,0,0
44200,9932,4201,42,3,5,1,19,1,2,1,0,0,0,0,0,0,0,0
44300,9937,3829,39,9,4,1,15,3,3,0,2,1,0,0,0,0,0,0
44400,9925,4263,41,9,5,5,22,1,6,0,1,1,0,0,0,0,0,0
44500,9944,4561,32,5,1,5,14,0,6,1,3,1,0,0,0,0,0,0
44600,9938,4755,37,5,0,0,19,1,6,2,0,0,0,0,0,0,0,0
44700,9933,4523,36,26,6,0,20,0,4,0,1,0,0,0,0,0,0,0
44800,9930,3916,41,11,4,1,17,2,6,1,2,0,0,0,0,0,0,0
44900,9932,4120,42,4,5,0,15,0,4,0,2,1,0,0,0,0,0,0
45000,9933,4642,37,3,3,1,23,3,2,0,2,0,0,0,0,0,0,0
45100,9945,5222,30,1,4,1,13,0,6,1,2,0,0,0,0,0,0,0
45200,9941,5078,31,10,3,0,20,0,4,0,1,0,0,0,0,0,0,0
45300,9945,4333,36,6,2,1,11,1,5,1,1,0,0,0,0,0,0,0
45400,9949,4751,33,6,0,0,12,1,4,0,2,0,0,0,0,0,0,0
45500,9955,4464,32,3,2,1,9,0,1,2,1,0,0,0,0,0,0,0
45600,9951,3780,26,4,5,0,8,1,8,1,2,0,0,0,0,0,0,0
45700,9960,3573,25,1,3,0,7,0,4,0,1,0,0,0,0,0,0,0
45800,9959,3456,23,0,2,1,12,0,4,0,0,0,0,0,0,0,0,0
45900,9954,3968,29,4,2,0,10,0,4,0,1,0,0,0,0,0,0,0
46000,9959,3931,24,5,3,0,11,1,3,0,0,1,0,0,0,0,0,0
46100,9954,3652,27,4,3,0,11,1,4,0,1,0,0,0,0,0,0,0
46200,9955,4166,20,11,5,1,14,1,5,0,1,0,0,0,0,0,0,0
46300,9980,4419,9,4,1,0,9,0,1,1,0,0,0,0,0,0,0,0
46400,9977,3886,12,11,0,1,9,1,1,1,1,1,0,0,0,0,0,0
46500,9973,3629,10,11,4,1,11,1,2,2,0,0,0,0,0,0,0,0
46600,9980,2989,8,15,3,0,3,2,5,0,1,0,0,0,0,0,0,0
46700,9980,2379,11,2,1,0,3,1,5,0,0,0,0,0,0,0,0,0
46800,9974,2805,13,7,1,1,5,0,5,1,2,0,0,0,0,0,0,0
46900,9975,3048,11,2,3,0,4,0,5,2,2,0,0,0,0,0,0,0
47000,9976,2965,14,8,2,0,4,0,3,5,1,0,0,0,0,0,0,0
47100,9974,3003,13,12,2,1,4,5,4,0,3,1,0,0,0,0,0,0
47200,9975,3420,13,4,2,1,4,0,5,0,1,0,0,0,0,0,0,0
47300,9964,3749,15,4,5,0,7,3,6,1,3,0,0,0,0,0,0,0
47400,9980,3958,13,1,3,1,1,1,1,0,2,1,0,0,0,0,0,0
47500,9981,4209,14,8,2,0,1,0,2,1,0,1,0,0,0,0,0,0
47600,9973,3791,12,7,5,1,4,2,6,2,0,3,0,0,0,0,0,0
47700,9976,4012,14,9,4,0,1,4,3,0,2,0,0,0,0,0,0,0
47800,9981,4332,10,0,2,0,3,0,4,0,0,0,0,0,0,0,0,0
47900,9967,4540,17,3,3,1,6,3,6,1,1,1,0,0,0,0,0,0
48000,9968,4723,15,1,4,1,3,0,7,0,3,0,0,0,0,0,0,0
48100,9982,4647,8,3,5,1,0,1,4,1,1,1,0,0,0,0,0,0
48200,9973,4494,13,2,1,1,8,1,2,0,3,1,0,0,0,0,0,0
48300,9995,4192,2,2,0,1,1,0,1,0,0,0,1,0,0,0,0,0
48400,9990,3923,7,7,0,0,1,0,2,0,0,0,0,0,0,0,0,0
48500,9973,3406,16,3,3,0,2,0,4,0,2,0,0,0,0,0,0,0
48600,9979,3589,15,60,2,1,3,0,1,0,0,0,0,0,0,0,0,0
48700,9985,4606,9,0,3,1,1,0,1,2,1,1,0,0,0,0,0,0
48800,9974,4483,16,15,5,1,0,0,4,0,1,0,0,0,0,0,0,0
48900,9977,4382,13,8,4,0,2,0,4,3,0,0,0,0,0,0,0,0
49000,9981,3599,11,11,1,0,6,1,1,1,0,0,0,0,0,0,0,0
49100,9982,2779,11,10,1,2,2,0,2,4,2,0,0,0,0,0,0,0
49200,9976,2879,17,27,4,0,2,1,1,1,0,0,0,0,0,0,0,0
49300,9983,3618,9,46,4,0,2,0,1,2,1,1,0,0,0,0,0,0
49400,9961,3538,23,1,7,2,5,3,3,1,1,1,0,0,0,0,0,0
49500,9943,3165,39,6,4,2,9,6,4,1,1,1,0,0,0,0,0,0
49600,9945,3799,33,7,0,1,17,2,2,3,2,0,1,0,0,0,0,0
49700,9947,3996,40,1,2,0,8,0,3,1,0,2,0,0,0,0,0,0
49800,9951,3817,34,4,4,2,9,0,1,1,1,0,0,0,0,0,0,0
49900,9959,3093,28,9,4,7,5,0,4,3,0,1,0,0,0,0,0,0
50000,9961,3269,29,3,3,2,6,0,0,0,1,0,0,0,0,0,0,0
50100,9981,3529,9,7,2,1,5,0,0,0,3,0,0,0,0,0,0,0
50200,9971,3129,14,5,1,0,10,0,4,1,0,1,0,0,0,0,0,0
50300,9984,2977,6,0,1,0,5,0,2,4,2,0,0,0,0,0,0,0
50400,9980,2946,9,4,0,1,6,0,4,2,1,0,0,0,0,0,0,0
50500,9974,3147,10,5,4,1,6,2,4,0,2,0,0,0,0,0,0,0
50600,9978,3415,11,5,2,0,7,0,2,0,0,1,0,0,0,0,0,0
50700,9968,3342,14,8,2,1,8,0,7,1,1,0,0,0,0,0,0,0
50800,9973,3063,16,10,2,0,6,1,3,1,0,0,0,0,0,0,0,0
50900,9973,2960,17,19,1,0,5,1,2,1,2,0,0,0,0,0,0,0
51000,9970,2397,16,23,4,1,8,0,1,0,1,0,0,0,0,0,0,0
51100,9979,2535,11,9,2,1,4,1,3,1,1,0,0,0,0,0,0,0
51200,9966,2820,10,8,1,0,15,0,7,0,1,1,0,0,0,0,0,0
51300,9980,3248,11,14,2,1,4,0,2,2,1,0,0,0,0,0,0,0
51400,9975,3162,10,4,3,0,5,0,5,0,2,1,0,0,0,0,0,0
51500,9979,3207,14,2,1,0,3,0,2,1,1,1,0,0,0,0,0,0
51600,9967,2840,18,20,1,1,7,1,2,1,4,1,1,0,0,0,0,0
51700,9971,3089,15,7,1,2,7,2,2,1,4,0,0,0,0,0,0,0
51800,9981,3340,11,8,4,2,2,1,1,1,1,0,0,0,0,0,0,0
51900,9975,2922,9,6,0,0,10,0,5,2,1,0,0,0,0,0,0,0
52000,9983,2750,10,3,0,0,5,5,2,3,0,0,0,0,0,0,0,0
52100,9977,3102,14,3,2,1,5,6,1,1,1,1,0,0,0,0,0,0
52200,9970,2881,13,4,6,1,7,2,3,0,1,0,0,0,0,0,0,0
52300,9987,3428,9,5,2,0,1,2,0,0,1,0,0,0,0,0,0,0
52400,9962,3097,23,7,0,1,7,0,7,0,1,2,0,0,0,0,0,0
52500,9949,3477,42,15,5,0,3,0,0,0,1,0,0,0,0,0,0,0
52600,9952,3113,43,8,2,0,1,0,2,0,0,0,0,0,0,0,0,0
52700,9946,3704,41,28,2,0,7,1,3,1,1,0,0,0,0,0,0,0
52800,9952,3738,43,13,1,0,0,0,3,1,1,0,0,0,0,0,0,0
52900,9941,3625,52,11,1,0,4,0,2,0,0,0,0,0,0,0,0,0
53000,9940,3567,46,5,4,0,1,0,6,0,3,0,0,0,0,0,0,0
53100,9951,3322,45,7,0,2,2,0,2,1,0,1,0,0,0,0,0,0
53200,9952,3986,45,4,2,1,1,2,0,0,0,1,0,0,0,0,0,0
53300,9949,3785,44,10,3,0,3,0,1,0,0,0,0,0,0,0,0,0
53400,9950,3516,42,14,1,1,2,1,4,0,1,0,0,0,0,0,0,0
53500,9946,3084,42,6,1,1,4,2,5,1,2,0,0,0,0,0,0,0
53600,9946,3036,45,28,2,2,3,1,4,1,0,0,0,0,0,0,0,0
53700,9942,3328,45,41,3,1,7,0,3,0,0,0,0,0,0,0,0,0
53800,9942,4021,47,41,4,2,1,1,6,3,0,2,0,0,0,0,0,0
53900,9948,3875,44,36,2,0,4,1,2,0,0,1,0,0,0,0,0,0
54000,9950,3918,43,47,1,0,0,0,5,0,1,0,0,0,0,0,0,0
54100,9964,3711,28,50,2,0,1,0,4,1,1,0,0,0,0,0,0,0
54200,9979,3868,16,40,2,1,2,0,1,2,0,0,0,0,0,0,0,0
54300,9980,3735,15,38,1,0,3,0,0,0,1,0,0,0,0,0,0,0
54400,9978,4295,15,23,2,6,3,0,1,1,1,0,0,0,0,0,0,0
54500,9970,4348,25,2,3,14,0,0,2,0,0,0,0,0,0,0,0,0
54600,9960,3449,30,4,1,0,2,1,5,4,2,0,0,0,0,0,0,0
54700,9922,3656,69,5,4,1,1,0,2,0,2,0,0,0,0,0,0,0
54800,9834,4401,156,3,2,0,3,0,3,0,2,0,0,0,0,0,0,0
54900,9762,5404,225,0,2,0,6,0,2,1,3,0,0,0,0,0,0,0
55000,9772,4489,226,1,2,0,0,0,0,1,0,0,0,0,0,0,0,0
55100,9767,4302,224,1,1,0,3,0,1,0,4,0,0,0,0,0,0,0
55200,9759,4544,227,6,2,0,5,0,6,1,1,1,0,0,0,0,0,0
55300,9738,4144,248,8,3,0,8,0,3,3,0,1,0,0,0,0,0,0
55400,9744,3907,249,3,2,0,1,0,4,0,0,1,0,0,0,0,0,0
55500,9731,4132,256,2,2,0,4,1,4,0,3,0,0,0,0,0,0,0
55600,9736,3555,256,0,2,0,1,0,1,0,4,0,0,0,0,0,0,0
55700,9729,3591,259,21,2,1,3,0,7,2,0,0,0,0,0,0,0,0
55800,9736,3336,257,15,1,2,3,0,2,0,1,0,0,0,0,0,0,0
55900,9760,3067,231,2,3,0,2,0,3,1,1,0,0,0,0,0,0,0
56000,9757,2393,229,89,3,0,2,6,8,3,1,0,0,0,0,0,0,0
56100,9757,2690,234,25,4,0,2,1,2,2,1,0,0,0,0,0,0,0
56200,9758,3838,234,10,2,1,5,1,0,2,1,0,0,0,0,0,0,0
56300,9746,3885,248,6,0,0,2,0,3,0,1,0,0,0,0,0,0,0
56400,9745,3208,251,2,1,1,0,1,2,0,1,0,0,0,0,0,0,0
56500,9793,3364,203,4,1,0,1,0,1,0,1,0,0,0,0,0,0,0
56600,9795,3568,200,8,2,1,1,0,1,0,1,0,0,0,0,0,0,0
56700,9792,3629,199,0,1,0,6,0,1,0,1,0,0,0,0,0,0,0
56800,9792,3206,199,1,2,0,1,1,6,0,0,0,0,0,0,0,0,0
56900,9785,3220,199,6,3,0,7,1,5,0,1,0,0,0,0,0,0,0
57000,9784,3514,202,9,2,0,6,1,5,1,1,0,0,0,0,0,0,0
57100,9791,4329,201,2,1,0,5,1,2,4,0,0,0,0,0,0,0,0
57200,9765,3723,230,4,3,0,0,0,1,0,1,0,0,0,0,0,0,0
57300,9723,3284,270,0,1,1,3,0,1,0,2,1,0,0,0,0,0,0
57400,9675,3296,320,4,0,1,0,1,3,0,2,0,0,0,0,0,0,0
57500,9672,3329,315,0,2,2,0,0,7,1,4,0,0,0,0,0,0,0
57600,9673,3190,318,3,2,0,1,0,5,1,1,0,0,0,0,0,0,0
57700,9671,3263,320,3,1,0,3,0,5,0,0,0,0,0,0,0,0,0
57800,9615,2964,374,1,4,8,0,1,7,3,0,0,0,0,0,0,0,0
57900,9594,3505,392,3,2,6,1,1,10,1,1,1,0,0,0,0,0,0
58000,9575,3768,404,24,6,1,4,2,11,0,0,1,0,0,0,0,0,0
58100,9579,3618,404,7,1,0,2,0,13,0,1,0,0,0,0,0,0,0
58200,9583,3005,403,56,1,1,5,3,8,0,0,0,0,0,0,0,0,0
58300,9571,3555,415,58,4,0,3,0,6,1,1,0,0,0,0,0,0,0
58400,9576,3980,414,32,1,1,4,0,5,0,0,2,0,0,0,0,0,0
58500,9606,4205,377,21,2,1,5,2,7,0,3,0,0,0,0,0,0,0
58600,9592,4048,398,33,0,3,4,0,5,3,1,2,0,0,0,0,0,0
58700,9582,4527,398,28,3,0,7,0,9,1,1,1,0,0,0,0,0,0
58800,9589,4981,397,5,4,2,4,1,4,2,2,0,0,0,0,0,0,0
58900,9586,4415,396,12,3,2,4,2,10,2,1,0,0,0,0,0,0,0
59000,9582,4536,399,15,1,2,7,1,6,0,5,1,0,0,0,0,0,0
59100,9596,3472,393,13,1,2,6,0,3,1,1,1,0,0,0,0,0,0
59200,9572,3540,408,6,4,3,11,1,5,0,0,0,0,0,0,0,0,0
59300,9588,3914,399,56,1,0,4,0,6,1,2,0,0,0,0,0,0,0
59400,9606,3692,382,15,2,2,2,6,7,2,1,0,0,0,0,0,0,0
59500,9635,3881,342,7,4,0,7,6,10,2,2,2,0,0,0,0,0,0
59600,9658,3369,322,3,6,4,9,1,2,2,3,1,0,0,0,0,0,0
59700,9709,3755,268,4,1,0,12,0,7,0,3,0,0,0,0,0,0,0
59800,9699,4579,275,5,3,0,10,0,12,0,0,1,1,0,0,0,0,0
59900,9637,4025,341,14,4,0,5,0,13,2,0,0,0,0,0,0,0,0
60000,9612,4193,374,3,1,2,7,1,6,2,0,0,0,0,0,0,0,0
60100,9629,3479,356,3,1,0,5,0,8,1,1,1,0,0,0,0,0,0
60200,9609,4111,375,6,5,3,6,1,3,0,2,0,0,0,0,0,0,0
60300,9577,3999,405,4,3,2,5,3,9,2,1,0,0,0,0,0,0,0
60400,9571,5182,411,2,1,1,7,3,8,0,2,0,0,0,0,0,0,0
60500,9540,4637,440,3,3,3,6,1,11,5,0,0,0,0,0,0,0,0
60600,9527,4606,459,10,2,2,5,0,4,0,3,0,0,0,0,0,0,0
60700,9527,5244,444,4,4,0,14,0,11,0,0,0,0,0,0,0,0,0
60800,9551,3942,431,0,2,0,5,0,11,1,0,0,0,0,0,0,0,0
60900,9592,4295,394,6,0,0,6,5,7,1,1,0,0,0,0,0,0,0
61000,9577,3939,405,8,1,1,5,1,11,1,1,1,0,0,0,0,0,0
61100,9561,4418,423,0,1,0,6,0,8,6,1,0,0,0,0,0,0,0
61200,9518,4763,469,38,1,2,5,0,5,1,2,0,0,0,0,0,0,0
61300,9523,4976,463,6,2,0,6,0,6,0,0,0,0,0,0,0,0,0
61400,9470,4335,510,0,4,2,5,0,9,0,2,0,0,0,0,0,0,0
61500,9391,4295,588,8,3,1,9,0,8,5,1,0,0,0,0,0,0,0
61600,9336,3850,645,10,1,1,7,0,10,0,1,1,0,0,0,0,0,0
61700,9338,3989,640,6,0,0,11,0,8,3,3,0,0,0,0,0,0,0
61800,9318,3724,663,47,3,0,9,0,7,0,0,0,0,0,0,0,0,0
61900,9234,4407,756,86,0,0,4,3,6,1,0,0,0,0,0,0,0,0
62000,9181,4420,806,21,2,0,3,1,6,0,2,0,0,0,0,0,0,0
62100,9196,3692,791,4,0,1,1,1,11,1,1,0,0,0,0,0,0,0
62200,9258,3842,728,3,1,1,8,0,4,2,1,0,0,0,0,0,0,0
62300,9311,4326,676,7,1,0,3,0,8,2,1,0,0,0,0,0,0,0
62400,9359,4060,619,20,1,0,6,1,14,1,1,0,0,0,0,0,0,0
62500,9393,3916,582,13,4,0,4,0,14,0,3,1,0,0,0,0,0,0
62600,9461,3175,528,0,2,4,2,1,5,0,2,1,0,0,0,0,0,0
62700,9456,3050,524,5,2,4,4,1,13,0,1,0,0,0,0,0,0,0
62800,9460,3316,520,5,2,1,6,3,8,1,4,0,0,0,0,0,0,0
62900,9465,3270,518,8,4,2,5,2,7,0,1,0,0,0,0,0,0,0
63000,9454,2900,522,18,6,2,8,2,9,2,1,0,0,0,0,0,0,0
63100,9517,2284,466,18,1,2,9,3,7,0,0,1,0,0,0,0,0,0
63200,9440,2775,545,17,3,0,3,1,5,3,4,1,0,0,0,0,0,0
63300,9397,2862,585,1,4,1,1,2,11,1,2,0,0,0,0,0,0,0
63400,9424,2891,561,4,3,0,5,0,5,1,2,0,0,0,0,0,0,0
63500,9466,3477,519,8,2,0,1,1,9,3,3,1,0,0,0,0,0,0
63600,9468,3593,523,8,0,0,1,1,7,1,1,0,0,0,0,0,0,0
63700,9464,2950,522,13,4,1,2,0,7,0,1,1,0,0,0,0,0,0
63800,9473,2772,516,13,2,1,4,0,4,0,1,0,0,0,0,0,0,0
63900,9468,3114,519,2,1,1,0,0,10,1,2,0,0,0,0,0,0,0
64000,9470,3705,522,3,1,2,1,1,6,1,0,1,0,0,0,0,0,0
64100,9529,3905,458,2,5,4,2,0,6,0,0,0,0,0,0,0,0,0
64200,9530,3729,454,5,2,2,2,0,12,1,0,0,0,0,0,0,0,0
64300,9520,3859,461,7,5,2,6,1,7,0,1,0,0,0,0,0,0,0
64400,9509,3898,473,14,4,0,3,0,11,1,0,0,0,0,0,0,0,0
64500,9460,3903,525,3,6,3,1,0,8,0,0,0,0,0,0,0,0,0
64600,9513,4517,474,12,0,0,2,2,9,0,2,0,0,0,0,0,0,0
64700,9507,4808,476,15,4,1,3,0,9,1,1,0,0,0,0,0,0,0
64800,9533,3748,452,13,3,1,4,1,6,0,2,0,0,0,0,0,0,0
64900,9509,3026,481,8,2,0,2,0,6,0,0,0,0,0,0,0,0,0
65000,9477,3573,509,8,5,0,1,0,7,0,1,0,0,0,0,0,0,0
65100,9455,3795,533,6,2,1,3,0,6,0,1,0,0,0,0,0,0,0
65200,9448,3374,538,42,2,1,4,0,6,0,2,0,0,0,0,0,0,0
65300,9445,3091,543,46,2,0,5,0,3,2,2,0,0,0,0,0,0,0
65400,9472,2934,520,28,1,1,1,0,4,1,2,0,0,0,0,0,0,0
65500,9464,3257,533,17,0,2,0,1,3,0,0,0,0,0,0,0,0,0
65600,9384,3315,608,20,3,0,1,0,3,0,1,0,0,0,0,0,0,0
65700,9384,3508,610,16,0,0,2,0,4,0,0,0,0,0,0,0,0,0
65800,9382,3922,616,40,0,0,0,3,2,3,0,0,0,0,0,0,0,0
65900,9381,3210,611,13,0,0,1,1,5,1,2,1,0,0,0,0,0,0
66000,9377,3067,614,2,3,1,2,2,2,0,2,1,0,0,0,0,0,0
66100,9528,2830,461,7,2,1,4,0,5,0,0,0,0,0,0,0,0,0
66200,9581,2454,411,10,2,3,1,0,3,3,2,0,0,0,0,0,0,0
66300,9565,2645,425,9,5,2,2,0,1,0,2,0,0,0,0,0,0,0
66400,9512,2878,476,6,2,0,2,1,6,2,2,0,0,0,0,0,0,0
66500,9509,2567,484,6,2,0,1,0,4,0,0,0,0,0,0,0,0,0
66600,9510,2223,481,11,2,0,3,1,3,0,1,0,0,0,0,0,0,0
66700,9505,2860,479,8,1,0,5,1,9,0,1,0,0,0,0,0,0,0
66800,9510,2924,480,4,5,1,3,1,2,1,0,0,0,0,0,0,0,0
66900,9513,3258,483,1,0,1,2,0,0,2,2,0,0,0,0,0,0,0
67000,9516,3101,479,3,0,2,1,2,4,2,0,0,0,0,0,0,0,0
67100,9509,3057,480,13,3,0,1,0,6,0,1,0,0,0,0,0,0,0
67200,9516,3544,481,30,2,0,1,0,0,0,0,0,0,0,0,0,0,0
67300,9510,4493,482,10,1,0,2,4,3,0,2,0,0,0,0,0,0,0
67400,9512,3708,479,3,3,1,4,1,2,0,0,0,0,0,0,0,0,0
67500,9508,3040,479,12,3,1,4,1,6,0,0,0,0,0,0,0,0,0
67600,9566,2800,429,8,1,0,0,1,2,0,2,0,0,0,0,0,0,0
67700,9574,2542,417,14,2,1,1,0,4,1,2,0,0,0,0,0,0,0
67800,9585,2830,410,15,0,2,1,1,4,0,0,1,0,0,0,0,0,0
67900,9583,3839,413,5,2,1,0,0,2,1,0,0,0,0,0,0,0,0
68000,9593,3820,399,28,2,1,1,1,3,0,2,1,0,0,0,0,0,0
68100,9633,3501,362,7,2,0,0,0,3,1,0,0,0,0,0,0,0,0
68200,9608,4185,383,3,2,0,3,0,3,0,1,1,0,0,0,0,0,0
68300,9603,3984,387,0,2,1,3,0,4,1,1,1,0,0,0,0,0,0
68400,9613,4263,383,3,1,1,2,0,1,0,0,1,0,0,0,0,0,0
68500,9639,3968,351,0,4,0,2,1,3,0,1,0,0,0,0,0,0,0
68600,9670,3455,321,1,2,1,3,1,3,0,1,0,0,0,0,0,0,0
68700,9672,2620,317,3,1,0,2,1,7,1,1,0,0,0,0,0,0,0
68800,9675,2199,318,6,1,0,3,1,1,0,2,0,0,0,0,0,0,0
68900,9672,1983,321,36,1,0,3,1,2,4,1,0,0,0,0,0,0,0
69000,9672,1935,317,109,3,0,3,0,5,0,0,0,0,0,0,0,0,0
69100,9673,2329,317,91,0,0,2,1,4,0,4,3,0,0,0,0,0,0
69200,9672,2617,318,1,3,1,1,2,4,3,2,0,0,0,0,0,0,0
69300,9675,2551,315,13,2,2,4,0,3,4,1,0,0,0,0,0,0,0
69400,9655,2769,332,71,7,0,4,0,2,2,0,0,0,0,0,0,0,0
69500,9713,2703,274,38,1,1,7,1,4,0,1,0,0,0,0,0,0,0
69600,9722,2825,269,15,1,1,4,1,4,0,0,1,0,0,0,0,0,0
69700,9701,2188,291,0,2,0,2,3,2,0,2,0,0,0,0,0,0,0
69800,9702,2579,287,38,5,1,5,0,0,1,1,0,0,0,0,0,0,0
69900,9714,3257,279,60,2,1,2,1,3,3,0,0,0,0,0,0,0,0
70000,9710,3637,279,59,2,3,1,2,7,0,1,0,0,0,0,0,0,0
70100,9713,3688,279,37,2,1,2,1,2,1,2,0,0,0,0,0,0,0
70200,9725,4289,269,2,1,1,1,2,3,0,1,1,0,0,0,0,0,0
70300,9740,4464,252,1,2,0,2,1,2,0,2,0,0,0,0,0,0,0
70400,9739,4601,250,3,3,1,3,1,3,0,2,0,0,0,0,0,0,0
70500,9732,4013,255,6,1,1,8,1,3,0,1,0,0,0,0,0,0,0
70600,9745,3899,243,1,1,2,8,1,3,0,0,0,0,0,0,0,0,0
70700,9740,4276,245,2,2,1,9,0,3,2,1,0,0,0,0,0,0,0
70800,9733,3720,251,2,3,1,7,1,4,1,2,0,0,0,0,0,0,0
70900,9738,3298,248,7,1,1,11,0,1,0,1,0,0,0,0,0,0,0
71000,9727,2721,259,34,3,1,7,0,2,0,2,0,0,0,0,0,0,0
71100,9741,3360,244,18,1,1,7,0,7,1,0,0,0,0,0,0,0,0
71200,9763,3676,228,35,3,0,3,1,1,1,2,0,0,1,0,0,0,0
71300,9780,4204,219,4,0,0,0,1,0,4,1,0,0,0,0,0,0,0
71400,9765,3138,229,26,0,2,3,0,2,1,1,0,0,0,0,0,0,0
71500,9744,3640,246,5,4,0,1,0,2,0,3,0,0,0,0,0,0,0
71600,9703,3372,289,0,3,0,4,2,1,2,0,0,0,0,0,0,0,0
71700,9703,3223,289,0,3,2,1,2,2,0,2,0,0,0,0,0,0,0
71800,9698,3190,293,0,4,1,2,0,2,1,1,2,0,0,0,0,0,0
71900,9705,3405,284,2,1,1,5,2,1,1,4,0,0,0,0,0,0,0
72000,9705,2957,287,2,1,0,4,6,1,0,2,0,0,0,0,0,0,0
72100,9704,2098,289,1,3,22,1,0,3,3,0,1,0,0,0,0,0,0
72200,9710,2967,283,9,1,9,3,2,2,0,1,0,0,0,0,0,0,0
72300,9712,3394,282,7,4,3,1,1,0,1,1,0,0,0,0,0,0,0
72400,9708,3377,284,2,2,0,1,1,4,1,1,1,0,0,0,0,0,0
72500,9711,3303,284,15,1,1,3,6,1,0,0,1,0,0,0,0,0,0
72600,9713,3712,280,16,2,0,1,6,3,0,1,0,0,0,0,0,0,0
72700,9712,3279,282,16,1,1,1,1,2,0,2,0,0,0,0,0,0,0
72800,9736,2647,257,3,0,0,1,0,4,0,2,1,0,0,0,0,0,0
72900,9733,2375,264,0,1,0,0,2,2,0,0,0,0,0,0,0,0,0
73000,9729,2623,269,24,0,2,1,1,1,2,0,1,0,0,0,0,0,0
73100,9713,2537,279,106,3,0,2,0,3,1,0,0,0,0,0,0,0,0
73200,9720,2593,268,61,1,1,4,0,3,0,4,0,0,0,0,0,0,0
73300,9711,2264,287,6,1,0,1,1,0,0,0,0,0,0,0,0,0,0
73400,9720,2624,273,12,1,1,3,0,2,0,1,0,0,0,0,0,0,0
73500,9725,2812,263,11,0,2,5,20,5,1,2,0,0,0,0,0,0,0
73600,9725,2540,264,9,2,0,7,2,2,1,0,0,0,0,0,0,0,0
73700,9722,2568,269,5,2,2,2,0,4,0,1,0,0,0,0,0,0,0
73800,9731,3287,261,16,0,0,4,1,1,0,3,0,0,0,0,0,0,0
73900,9759,3116,237,9,1,1,0,0,3,0,0,0,0,0,0,0,0,0
74000,9777,3294,218,6,1,1,3,1,0,2,1,0,0,0,0,0,0,0
74100,9759,3314,239,35,0,1,0,2,1,2,1,0,0,0,0,0,0,0
74200,9746,3389,247,94,0,1,3,0,1,2,3,0,0,0,0,0,0,0
74300,9736,3207,255,2,2,0,3,0,4,1,0,0,0,0,0,0,0,0
74400,9750,2833,242,1,3,2,2,0,3,1,0,0,0,0,0,0,0,0
74500,9756,2981,234,7,1,2,2,0,3,0,4,0,0,0,0,0,0,0
74600,9793,2638,200,14,4,7,0,2,2,0,1,0,0,0,0,0,0,0
74700,9861,2862,130,32,1,7,2,0,3,1,3,0,0,0,0,0,0,0
74800,9885,3297,103,2,2,4,5,6,4,0,1,0,0,0,0,0,0,0
74900,9883,3573,107,1,2,2,2,2,5,0,1,0,0,0,0,0,0,0
75000,9890,3310,103,4,1,1,2,0,3,0,1,0,0,0,0,0,0,0
75100,9882,2926,106,11,5,0,3,1,4,0,0,0,0,0,0,0,0,0
75200,9881,2903,104,11,2,2,6,0,5,0,2,0,0,0,0,0,0,0
75300,9892,3040,106,4,2,0,0,2,0,1,0,1,0,0,0,0,0,0
75400,9892,3727,100,22,2,1,1,0,4,0,1,0,0,0,0,0,0,0
75500,9924,3335,72,21,1,3,1,0,1,1,1,1,0,0,0,0,0,0
75600,9956,3069,37,5,1,1,2,0,2,0,2,0,0,0,0,0,0,0
75700,9936,2841,56,9,3,2,1,0,4,0,0,0,0,0,0,0,0,0
75800,9937,3027,59,1,2,2,0,0,2,1,0,0,0,0,0,0,0,0
75900,9926,3070,67,0,3,0,2,1,2,1,0,0,0,0,0,0,0,0
76000,9924,2871,67,1,3,1,0,1,2,2,4,0,0,0,0,0,0,0
76100,9932,2882,63,0,1,1,1,0,2,1,1,1,0,0,0,0,0,0
76200,9939,3527,56,2,3,2,0,2,1,1,1,0,0,0,0,0,0,0
76300,9937,3614,58,1,3,0,0,1,2,0,0,1,0,0,0,0,0,0
76400,9926,3741,63,3,3,1,2,1,2,2,4,0,0,0,0,0,0,0
76500,9917,3834,77,2,1,1,2,0,3,3,0,0,0,0,0,0,0,0
76600,9879,4231,117,3,3,0,0,0,1,0,0,0,0,0,0,0,0,0
76700,9855,4371,139,1,0,3,0,0,3,1,3,0,0,0,0,0,0,0
76800,9849,4671,139,9,3,1,4,0,2,0,3,1,0,0,0,0,0,0
76900,9806,3500,191,2,0,0,1,0,0,0,2,0,0,0,0,0,0,0
77000,9794,3402,197,0,1,0,3,0,4,1,1,0,0,0,0,0,0,0
77100,9808,3528,184,3,1,0,5,0,2,0,0,0,0,0,0,0,0,0
77200,9809,3520,174,2,2,0,13,2,2,0,0,0,0,0,0,0,0,0
77300,9835,4149,148,0,1,0,13,0,3,0,0,2,0,0,0,0,0,0
77400,9847,3580,127,7,1,0,23,2,2,1,0,0,0,0,0,0,0,0
77500,9849,3306,120,5,3,0,22,2,6,2,0,0,0,0,0,0,0,0
77600,9848,3055,122,2,4,3,24,0,2,1,0,0,0,0,0,0,0,0
77700,9860,3044,112,3,4,2,22,1,0,0,2,0,0,0,0,0,0,0
77800,9860,3034,114,10,0,0,22,1,4,0,0,0,0,0,0,0,0,0
77900,9866,3001,107,10,1,0,25,1,1,1,0,0,0,0,0,0,0,0
78000,9939,3881,34,12,1,0,21,0,5,1,0,0,0,0,0,0,0,0
78100,9946,3430,19,5,3,1,25,0,4,0,2,1,1,0,0,0,0,0
78200,9949,3434,18,4,3,0,26,0,3,2,1,0,0,0,0,0,0,0
78300,9948,3430,22,1,3,0,24,1,1,1,2,0,0,0,0,0,0,0
78400,9943,3210,30,10,0,1,21,0,6,0,0,0,0,0,0,0,0,0
78500,9941,3863,31,1,0,0,24,6,3,1,1,0,0,0,0,0,0,0
78600,9943,4258,30,7,0,1,20,1,4,4,3,0,0,0,0,0,0,0
78700,9942,4483,33,0,3,0,20,0,1,2,1,0,0,0,0,0,0,0
78800,9935,4725,37,4,0,0,21,1,4,0,3,0,0,0,0,0,0,0
78900,9952,4308,26,8,1,0,20,1,1,0,0,0,0,0,0,0,0,0
79000,9948,4219,27,4,2,0,21,0,2,0,0,0,0,0,0,0,0,0
79100,9948,4515,21,0,3,2,24,1,2,0,2,1,0,0,0,0,0,0
79200,9958,3811,18,5,3,1,20,0,1,3,0,1,0,0,0,0,0,0
79300,9914,3915,58,3,2,1,24,0,1,0,1,0,0,0,0,0,0,0
79400,9889,4507,86,3,5,2,16,0,4,2,0,1,0,0,0,0,0,0
79500,9892,4586,88,2,5,1,12,0,3,0,0,0,0,0,0,0,0,0
79600,9891,4380,91,0,3,1,10,0,4,2,1,0,0,0,0,0,0,0
79700,9896,3760,85,6,3,0,13,0,2,2,1,0,0,0,0,0,0,0
79800,9897,3852,85,5,0,0,11,1,5,0,2,0,0,0,0,0,0,0
79900,9849,3932,134,16,0,1,14,0,3,2,0,0,0,0,0,0,0,0
80000,9832,4182,152,7,4,2,10,0,2,2,0,0,0,0,0,0,0,0
80100,9816,4325,163,5,2,0,17,0,2,0,0,1,0,0,0,0,0,0
80200,9812,4450,166,6,1,4,17,0,4,0,0,1,0,0,0,0,0,0
80300,9812,4498,168,8,3,1,14,0,3,2,0,0,0,0,0,0,0,0
80400,9816,3891,172,10,0,0,12,0,0,1,0,0,0,0,0,0,0,0
80500,9810,4065,174,17,1,0,11,2,3,0,1,0,0,0,0,0,0,0
80600,9818,3654,165,17,3,0,10,0,3,1,1,0,0,0,0,0,0,0
80700,9810,3560,168,26,5,0,12,1,4,1,1,1,0,0,0,0,0,0
80800,9799,3941,188,34,1,1,10,0,1,0,1,1,0,0,0,0,0,0
80900,9798,3768,185,6,0,0,11,0,6,0,0,1,0,0,0,0,0,0
81000,9798,3578,188,1,3,0,11,1,0,5,0,1,0,0,0,0,0,0
81100,9805,3905,182,4,1,1,11,1,0,0,1,0,0,0,0,0,0,0
81200,9798,3364,183,1,5,2,12,1,1,3,1,0,0,0,0,0,0,0
81300,9768,4296,212,0,1,0,15,0,1,1,3,0,0,0,0,0,0,0
81400,9715,3486,274,5,0,1,10,0,1,0,0,2,0,0,0,0,0,0
81500,9708,2943,273,7,1,1,13,0,4,0,1,0,0,0,0,0,0,0
81600,9708,3623,272,7,2,3,10,1,7,1,1,0,0,0,0,0,0,0
81700,9709,3821,280,28,0,2,10,2,1,0,0,0,0,0,0,0,0,0
81800,9706,3489,279,16,2,0,13,0,0,1,0,0,0,0,0,0,0,0
81900,9708,3784,278,9,1,0,11,0,1,1,1,1,0,0,0,0,0,0
82000,9706,2808,278,40,2,0,13,1,1,0,0,1,0,0,0,0,0,0
82100,9719,3227,263,24,3,2,13,0,2,0,0,1,0,0,0,0,0,0
82200,9715,3129,267,2,0,1,17,1,0,1,1,0,0,0,0,0,0,0
82300,9713,3278,265,1,0,3,20,0,2,1,0,0,0,0,0,0,0,0
82400,9733,3440,249,8,3,2,14,1,1,3,0,0,0,0,0,0,0,0
82500,9734,2746,245,2,1,0,16,1,3,0,0,0,1,0,0,0,0,0
82600,9719,2554,263,1,2,0,14,0,2,1,0,0,0,0,0,0,0,0
82700,9742,3117,238,25,0,1,15,0,3,0,2,0,0,0,0,0,0,0
82800,9741,2922,241,6,0,0,17,1,0,0,1,1,0,0,0,0,0,0
82900,9796,3104,186,8,3,0,12,0,3,2,0,1,0,0,0,0,0,0
83000,9819,3526,163,2,3,0,12,0,3,0,0,0,0,0,0,0,0,0
83100,9870,3414,114,2,1,0,12,0,2,0,1,0,0,0,0,0,0,0
83200,9868,3586,113,0,1,0,15,0,3,0,0,0,0,0,0,0,0,0
83300,9873,3592,110,1,2,1,14,0,1,0,0,0,0,0,0,0,0,0
83400,9896,3764,83,7,2,2,15,0,4,0,0,0,0,0,0,0,0,0
83500,9901,3456,89,4,3,1,6,1,0,0,1,0,0,0,0,0,0,0
83600,9911,3745,82,12,3,0,0,3,4,2,0,1,0,0,0,0,0,0
83700,9909,3188,81,5,0,0,3,1,5,1,2,0,0,0,0,0,0,0
83800,9912,3726,76,3,1,0,5,0,4,1,2,1,0,0,0,0,0,0
83900,9916,4238,73,0,2,1,5,0,2,4,2,0,0,0,0,0,0,0
84000,9923,3788,73,3,2,1,1,0,1,1,0,0,0,0,0,0,0,0
84100,9918,3775,77,1,0,0,4,2,0,1,1,0,0,0,0,0,0,0
84200,9917,3671,76,2,2,0,4,0,1,1,0,0,0,0,0,0,0,0
84300,9917,3278,75,5,1,1,5,0,1,0,1,0,0,0,0,0,0,0
84400,9918,3098,77,9,0,1,5,0,0,0,0,0,0,0,0,0,0,0
84500,9922,2760,74,11,2,1,2,0,0,0,0,2,0,0,0,0,0,0
84600,9908,3350,73,0,3,0,14,0,1,0,1,1,0,0,0,0,0,0
84700,9909,3584,74,0,3,2,11,0,1,1,2,1,0,0,0,0,0,0
84800,9903,3344,74,0,1,0,16,0,6,2,0,0,0,0,0,0,0,0
84900,9899,3733,80,4,0,1,13,0,6,1,2,1,0,0,0,0,0,0
85000,9911,3568,74,3,3,1,12,0,0,0,0,0,0,0,0,0,0,0
85100,9909,3592,73,4,2,1,11,0,5,0,0,0,0,0,0,0,0,0
85200,9906,3492,77,2,2,0,12,0,2,0,1,0,0,0,0,0,0,0
85300,9906,3751,75,14,2,0,12,1,2,0,3,0,0,0,0,0,0,0
85400,9904,3598,73,3,3,1,13,0,5,0,2,0,0,0,0,0,0,0
85500,9905,3213,77,2,1,2,15,1,2,1,0,0,0,0,0,0,0,0
85600,9907,3293,73,7,4,1,14,0,2,0,0,0,0,0,0,0,0,0
85700,9909,3099,74,1,1,1,14,0,1,1,1,1,0,0,0,0,0,0
85800,9910,2732,75,0,2,0,13,0,0,0,0,1,0,0,0,0,0,0
85900,9899,3275,77,2,2,0,16,0,3,1,2,0,1,0,0,0,0,0
86000,9899,3125,75,0,4,2,16,0,5,0,1,0,0,0,0,0,0,0
86100,9906,3447,74,6,3,0,16,0,1,1,0,1,0,0,0,0,0,0
86200,9908,2853,76,4,2,0,8,2,5,0,1,1,0,0,0,0,0,0
86300,9917,2647,72,1,1,0,10,0,0,1,0,0,0,0,0,0,0,0
86400,9906,2270,79,0,1,0,8,1,3,0,3,0,0,0,0,0,0,0
86500,9911,2477,74,2,1,1,10,4,3,0,1,0,0,0,0,0,0,0
86600,9912,2610,76,6,2,0,8,2,1,0,1,0,0,0,0,0,0,0
86700,9912,2627,77,14,0,2,9,0,1,0,1,0,0,0,0,0,0,0
86800,9914,2632,76,3,1,0,8,0,1,1,0,0,0,0,0,0,0,0
86900,9915,2939,72,5,0,0,10,2,2,4,1,0,0,0,0,0,0,0
87000,9908,2975,77,26,1,0,11,0,1,1,2,0,0,0,0,0,0,0
87100,9913,2701,74,0,2,1,10,1,1,1,0,0,0,0,0,0,0,0
87200,9914,3458,75,0,1,0,10,0,0,1,0,0,0,0,0,0,0,0
87300,9910,3695,79,2,1,1,10,0,0,0,0,0,0,0,0,0,0,0
87400,9910,3438,78,0,1,1,8,0,3,1,0,2,0,0,0,0,0,0
87500,9910,3244,78,9,1,0,10,1,1,2,0,0,0,0,0,0,0,0
87600,9908,3640,76,46,2,1,11,2,3,2,0,0,0,0,0,0,0,0
87700,9905,3167,80,6,0,0,10,2,5,0,0,0,0,0,0,0,0,0
87800,9912,2762,76,23,1,0,8,3,3,0,0,0,0,0,0,0,0,0
87900,9908,2276,80,93,1,0,10,1,0,2,1,1,0,0,0,0,0,0
88000,9913,2252,73,84,2,0,12,0,0,0,0,0,0,0,0,0,0,0
88100,9911,2165,76,39,0,0,11,1,1,0,1,1,0,0,0,0,0,0
88200,9910,2047,75,32,5,0,10,0,0,1,0,0,0,0,0,0,0,0
88300,9911,2171,77,30,2,2,9,0,1,0,0,1,0,0,0,0,0,0
88400,9909,1943,79,31,1,1,9,0,1,0,1,0,0,0,0,0,0,0
88500,9903,1811,76,9,4,0,12,0,5,0,0,0,0,0,0,0,0,0
88600,9906,1386,77,9,1,0,11,0,4,0,1,0,0,0,0,0,0,0
88700,9907,1541,76,4,3,0,11,0,3,3,0,0,0,0,0,0,0,0
88800,9912,2147,77,1,0,0,8,0,1,0,2,2,0,0,0,0,0,0
88900,9908,2316,77,2,1,0,12,0,1,0,1,0,0,0,0,0,0,0
89000,9909,2488,77,3,2,1,8,0,3,1,1,0,0,0,0,0,0,0
89100,9910,2338,77,2,0,0,11,0,2,0,0,1,0,0,0,0,0,0
89200,9910,2441,78,2,2,0,9,0,0,0,1,0,0,0,0,0,0,0
89300,9914,2373,75,2,0,1,11,1,0,0,0,0,0,0,0,0,0,0
89400,9907,2007,81,0,0,0,9,0,3,1,0,0,0,1,0,0,0,0
89500,9908,2192,79,4,2,0,10,1,1,1,0,0,0,0,0,0,0,0
89600,9902,2338,80,2,2,0,13,1,2,0,0,0,1,0,0,0,0,0
89700,9905,2780,77,7,1,1,11,1,5,1,1,1,0,0,0,0,0,0
89800,9904,2961,78,8,1,0,14,0,3,1,0,0,0,0,0,0,0,0
89900,9906,3205,76,2,1,2,13,1,3,2,1,3,0,0,0,0,0,0
90000,9970,3526,22,3,2,1,5,0,1,1,0,0,0,0,0,0,0,0
90100,9969,3474,21,10,1,2,5,1,4,3,0,0,0,0,0,0,0,0
90200,9971,3446,20,18,0,2,8,0,1,1,0,1,0,0,0,0,0,0
90300,9991,3971,6,8,0,1,3,0,0,0,0,0,0,0,0,0,0,0
90400,9980,3771,12,5,1,1,4,1,2,0,1,0,0,0,0,0,0,0
90500,9950,3767,42,4,2,0,3,0,2,2,1,0,0,0,0,0,0,0
90600,9956,3710,35,4,0,1,7,2,1,0,1,0,0,0,0,0,0,0
90700,9960,2786,37,7,0,0,2,0,1,0,0,0,0,0,0,0,0,0
90800,9964,2558,28,5,2,1,6,0,0,2,0,1,0,0,0,0,0,0
90900,9960,3935,31,0,1,0,5,1,2,0,1,0,0,0,0,0,0,0
91000,9958,3861,33,3,1,1,4,1,3,1,1,0,0,0,0,0,0,0
91100,9952,3901,43,2,0,0,4,0,1,0,0,1,0,0,0,0,0,0
91200,9962,3721,33,2,1,0,2,0,1,0,1,0,0,0,0,0,0,0
91300,9951,3510,44,0,0,0,3,1,2,0,0,0,0,0,0,0,0,0
91400,9954,4747,42,3,1,0,1,3,2,0,0,1,0,0,0,0,0,0
91500,9949,4409,40,4,0,0,5,0,6,2,0,0,0,0,0,0,0,0
91600,9951,3909,39,8,2,0,4,0,4,0,0,0,0,0,0,0,0,0
91700,9945,3987,50,6,1,0,4,0,0,0,0,1,0,0,0,0,0,0
91800,9937,3729,59,4,0,0,2,0,2,0,0,0,0,0,0,0,0,0
91900,9925,3975,65,7,1,1,7,1,0,0,2,1,0,0,0,0,0,0
92000,9904,3089,87,25,2,0,4,1,1,0,2,0,0,0,0,0,0,0
92100,9902,2703,88,10,4,0,3,4,3,0,0,0,0,0,0,0,0,0
92200,9900,2481,93,22,2,6,4,0,1,1,0,0,0,0,0,0,0,0
92300,9905,2067,89,15,2,1,2,0,2,1,0,1,0,0,0,0,0,0
92400,9912,2817,82,15,1,3,1,0,4,0,0,0,0,0,0,0,0,0
92500,9906,3278,83,13,3,1,3,2,4,1,1,0,0,0,0,0,0,0
92600,9916,3029,77,1,4,1,3,1,0,0,0,0,0,0,0,0,0,0
92700,9921,3258,71,0,2,0,3,0,1,0,2,0,0,0,0,0,0,0
92800,9907,3670,82,1,2,0,4,3,4,0,1,0,0,0,0,0,0,0
92900,9904,3471,90,13,0,3,0,1,4,2,2,0,0,0,0,0,0,0
93000,9905,2766,86,30,3,0,4,1,1,0,1,0,0,0,0,0,0,0
93100,9898,2792,92,22,1,0,7,1,2,0,0,0,0,0,0,0,0,0
93200,9904,2948,84,4,2,1,4,3,4,1,2,0,0,0,0,0,0,0
93300,9905,3399,85,2,1,1,2,1,6,0,1,0,0,0,0,0,0,0
93400,9911,3211,82,0,2,1,2,0,3,0,0,0,0,0,0,0,0,0
93500,9912,2730,83,3,1,2,1,0,3,0,0,0,0,0,0,0,0,0
93600,9913,3405,83,5,1,1,3,1,0,0,0,0,0,0,0,0,0,0
93700,9919,3806,78,0,0,1,1,2,1,4,1,0,0,0,0,0,0,0
93800,9911,3601,83,3,2,0,1,0,3,0,0,1,0,0,0,0,0,0
93900,9915,3317,79,1,1,1,1,0,4,3,0,0,0,0,0,0,0,0
94000,9917,4283,77,3,3,0,2,0,0,2,1,0,0,0,0,0,0,0
94100,9919,4340,76,1,0,0,2,2,1,0,2,0,0,0,0,0,0,0
94200,9915,3297,84,1,1,0,0,0,0,0,0,0,0,0,0,0,0,0
94300,9898,3602,92,2,0,0,0,0,7,0,3,0,0,0,0,0,0,0
94400,9899,3766,93,1,2,0,1,0,4,1,1,0,0,0,0,0,0,0
94500,9900,2951,93,6,3,1,0,1,4,0,0,0,0,0,0,0,0,0
94600,9900,3234,94,15,2,0,1,0,0,2,3,0,0,0,0,0,0,0
94700,9901,3548,93,6,1,0,2,4,3,1,0,0,0,0,0,0,0,0
94800,9903,3534,91,13,4,0,0,2,2,0,0,0,0,0,0,0,0,0
94900,9906,3035,92,1,0,0,0,1,2,1,0,0,0,0,0,0,0,0
95000,9905,3946,90,0,3,0,0,0,2,0,0,0,0,0,0,0,0,0
95100,9899,3971,95,3,2,0,0,0,3,1,0,1,1,0,0,0,0,0
95200,9900,3124,93,1,1,1,5,1,1,2,0,1,0,0,0,0,0,0
95300,9898,3434,94,8,2,1,3,0,2,1,1,0,0,0,0,0,0,0
95400,9894,3556,94,9,2,1,2,0,8,0,0,0,0,0,0,0,0,0
95500,9900,3768,96,8,1,0,0,1,2,2,1,1,0,0,0,0,0,0
95600,9907,3942,85,3,3,0,2,0,1,1,2,0,0,0,0,0,0,0
95700,9910,4434,83,13,3,0,1,1,2,1,1,2,0,0,0,0,0,0
95800,9911,4072,84,21,1,1,1,0,2,1,1,0,0,0,0,0,0,0
95900,9914,4949,78,2,5,0,0,1,3,0,0,1,0,0,0,0,0,0
96000,9901,5258,91,3,4,0,0,4,2,0,1,1,1,0,0,0,0,0
96100,9901,4146,94,1,2,0,1,0,2,0,0,0,0,0,0,0,0,0
96200,9898,4890,98,1,1,1,0,1,1,1,2,1,0,0,0,0,0,0
96300,9893,4346,99,4,1,0,2,1,5,0,0,0,0,0,0,0,0,0
96400,9890,4147,105,5,1,1,2,0,0,1,2,0,0,0,0,0,0,0
96500,9896,4082,102,11,0,2,1,3,0,1,1,0,0,0,0,0,0,0
96600,9901,3794,92,10,1,3,2,2,3,0,1,0,0,0,0,0,0,0
96700,9906,3155,92,5,0,0,0,0,2,2,0,0,0,0,0,0,0,0
96800,9907,3456,88,6,2,0,2,0,1,0,0,0,0,0,0,0,0,0
96900,9899,3719,88,0,3,0,3,0,7,2,0,0,0,0,0,0,0,0
97000,9905,4148,87,82,1,0,3,1,2,0,2,0,0,1,0,0,0,0
97100,9906,4345,88,110,2,1,1,1,1,4,2,0,0,0,0,0,0,0
97200,9900,4457,93,34,0,0,1,0,3,1,3,1,0,0,0,0,0,0
97300,9902,4096,93,19,2,1,0,0,3,0,0,0,0,0,0,0,0,0
97400,9904,3849,90,22,1,1,0,0,3,2,2,0,0,0,0,0,0,0
97500,9895,4198,98,1,1,1,3,0,1,0,2,1,0,0,0,0,0,0
97600,9903,4791,92,0,0,0,1,0,3,0,1,0,0,0,0,0,0,0
97700,9902,3907,94,1,0,0,1,0,0,1,3,0,0,0,0,0,0,0
97800,9926,4042,68,2,2,2,0,1,3,2,1,0,0,0,0,0,0,0
97900,9931,3740,66,1,0,2,1,0,2,0,0,0,0,0,0,0,0,0
98000,9931,3606,63,7,1,1,1,0,4,0,0,0,0,0,0,0,0,0
98100,9928,3902,66,3,0,2,3,0,3,1,0,1,0,0,0,0,0,0
98200,9924,4348,67,3,3,2,2,1,2,0,2,0,0,0,0,0,0,0
98300,9922,4241,67,14,2,1,3,3,4,0,1,0,1,0,0,0,0,0
98400,9924,4552,67,7,0,0,3,0,5,1,1,0,0,0,0,0,0,0
98500,9926,3454,67,2,1,0,1,0,4,1,1,0,0,0,0,0,0,0
98600,9941,3783,49,4,3,0,2,0,4,1,1,0,0,0,0,0,0,0
98700,9989,4284,0,1,3,0,7,3,1,0,0,0,0,0,0,0,0,0
98800,9991,4485,0,3,2,0,0,2,5,0,2,1,0,0,0,0,0,0
98900,9994,4352,0,13,2,0,4,2,0,0,0,1,0,0,0,0,0,0
99000,9991,4293,3,2,0,3,2,2,2,1,2,1,0,0,0,0,0,0
99100,9988,3924,0,21,3,0,3,4,4,0,2,1,0,0,0,0,0,0
99200,9986,3275,3,3,2,0,2,4,3,2,4,0,0,0,0,0,0,0
99300,9991,2912,1,5,1,1,4,1,2,0,1,1,0,0,0,0,0,0
99400,9993,3147,0,3,3,0,1,0,3,1,0,0,0,0,0,0,0,0
99500,9996,3525,0,2,0,2,2,0,2,1,0,0,0,0,0,0,0,0
99600,9992,3429,0,1,0,1,4,1,3,0,1,0,0,0,0,0,0,0
99700,9991,3144,1,2,3,0,3,1,1,2,1,0,0,0,0,0,0,0
99800,9994,2026,1,24,2,0,1,0,2,4,0,2,0,0,0,0,0,0
99900,9995,2094,2,27,0,0,2,0,1,0,0,0,0,0,0,0,0,0
100000,9990,2933,4,27,1,0,3,0,1,1,0,0,0,0,0,0,1,0
