update,host_task_NOT,sym_task_NOT,host_task_NAND,sym_task_NAND,host_task_AND,sym_task_AND,host_task_ORN,sym_task_ORN,host_task_OR,sym_task_OR,host_task_ANDN,sym_task_ANDN,host_task_NOR,sym_task_NOR,host_task_XOR,sym_task_XOR,host_task_EQU,sym_task_EQU
0,0,0,0,0,0,0,0,0,0,0,0,0,0,0,0,0,0,0
100,10000,0,0,0,1,0,0,0,1,0,0,0,0,0,0,0,0,0
200,9995,0,0,0,2,0,0,0,3,0,0,0,0,0,0,0,0,0
300,9995,0,0,0,1,0,1,0,1,0,2,0,0,0,0,0,0,0
400,9994,0,0,0,3,0,1,0,2,0,0,0,0,0,0,0,0,0
500,9991,0,0,0,1,0,1,0,5,0,2,0,0,0,0,0,0,0
600,9993,0,0,0,4,0,0,0,1,0,2,0,0,0,0,0,0,0
700,9986,0,0,0,6,0,0,0,6,0,2,0,0,0,0,0,0,0
800,9991,0,0,0,0,0,3,0,6,0,0,0,0,0,0,0,0,0
900,9990,0,0,0,3,0,1,0,5,0,1,0,0,0,0,0,0,0
1000,9994,0,0,0,3,0,2,0,0,0,1,0,0,0,0,0,0,0
1100,9993,0,1,0,3,0,3,0,0,0,0,0,0,0,0,0,0,0
1200,9987,0,4,0,2,0,3,0,2,0,2,0,0,0,0,0,0,0
1300,9989,0,4,0,3,0,1,0,2,0,1,0,0,0,0,0,0,0
1400,9988,0,4,0,4,0,1,0,1,0,2,0,0,0,0,0,0,0
1500,9991,0,4,0,2,0,1,0,1,0,1,0,0,0,0,0,0,0
1600,9991,0,4,0,2,0,0,0,2,0,1,0,0,0,0,0,0,0
1700,9988,0,5,0,3,0,3,0,1,0,0,0,0,0,0,0,0,0
1800,9986,0,4,0,3,0,3,0,3,0,1,0,0,0,0,0,0,0
1900,9990,0,5,0,1,0,0,0,2,0,2,0,0,0,0,0,0,0
2000,9989,0,6,0,1,0,1,0,3,0,0,0,0,0,0,0,0,0
2100,9988,0,4,0,2,0,2,0,2,0,2,0,0,0,0,0,0,0
2200,9984,0,12,0,1,0,1,0,2,0,0,0,0,0,0,0,0,0
2300,9977,0,13,0,3,0,2,0,2,0,3,0,0,0,0,0,0,0
2400,9980,0,12,0,4,0,1,0,2,0,1,0,0,0,0,0,0,0
2500,9978,0,13,0,1,0,2,0,4,0,2,0,0,0,0,0,0,0
2600,9979,0,12,0,4,0,4,0,1,0,0,0,0,0,0,0,0,0
2700,9977,0,15,0,3,0,1,0,3,0,1,0,0,0,0,0,0,0
2800,9980,0,16,0,0,0,2,0,1,0,1,0,0,0,0,0,0,0
2900,9978,0,14,0,0,0,3,0,4,0,1,0,0,0,0,0,0,0
3000,9975,0,17,0,2,0,2,0,3,0,1,0,0,0,0,0,0,0
3100,9975,0,17,0,4,0,1,0,1,0,2,0,0,0,0,0,0,0
3200,9976,0,17,0,1,0,2,0,3,0,1,0,0,0,0,0,0,0
3300,9975,0,15,0,0,0,3,0,5,0,2,0,0,0,0,0,0,0
3400,9979,0,15,0,1,0,1,0,3,0,1,0,0,0,0,0,0,0
3500,9967,0,14,0,3,0,7,0,9,0,0,0,0,0,0,0,0,0
3600,9972,0,19,0,0,0,4,0,4,0,1,0,0,0,0,0,0,0
3700,9979,0,15,0,1,0,2,0,2,0,1,0,0,0,0,0,0,0
3800,9979,0,16,0,0,0,1,0,3,0,1,0,0,0,0,0,0,0
3900,9974,0,16,0,2,0,3,0,5,0,0,0,0,0,0,0,0,0
4000,9975,0,16,0,2,0,3,0,4,0,0,0,0,0,0,0,0,0
4100,9969,0,18,0,3,0,5,0,5,0,0,0,0,0,0,0,0,0
4200,9975,0,11,0,3,0,10,0,1,0,0,0,0,0,0,0,0,0
4300,9965,0,17,0,6,0,7,0,4,0,1,0,0,0,0,0,0,0
4400,9970,0,16,0,2,0,5,0,5,0,2,0,0,0,0,0,0,0
4500,9965,0,17,0,5,0,5,0,6,0,2,0,0,0,0,0,0,0
4600,9969,0,18,0,5,0,3,0,4,0,1,0,0,0,0,0,0,0
4700,9969,0,17,0,3,0,7,0,2,0,2,0,0,0,0,0,0,0
4800,9965,0,26,0,3,0,1,0,3,0,2,0,0,0,0,0,0,0
4900,9957,0,29,0,4,0,1,0,8,0,1,0,0,0,0,0,0,0
5000,9962,0,29,0,1,0,2,0,3,0,3,0,0,0,0,0,0,0
5100,9951,0,29,0,7,0,5,0,7,0,1,0,0,0,0,0,0,0
5200,9956,0,33,0,1,0,3,0,3,0,3,0,1,0,0,0,0,0
5300,9962,0,25,0,3,0,5,0,4,0,1,0,0,0,0,0,0,0
5400,9965,0,21,0,2,0,4,0,8,0,0,0,0,0,0,0,0,0
5500,9973,0,18,0,1,0,3,0,5,0,0,0,0,0,0,0,0,0
5600,9969,0,21,0,5,0,2,0,2,0,1,0,0,0,0,0,0,0
5700,9968,0,20,0,7,0,0,0,3,0,2,0,0,0,0,0,0,0
5800,9974,0,20,0,2,0,2,0,1,0,1,0,0,0,0,0,0,0
5900,9956,0,29,0,3,0,4,0,6,0,1,0,1,0,0,0,0,0
6000,9957,0,32,0,2,0,2,0,6,0,1,0,0,0,0,0,0,0
6100,9952,0,32,0,4,0,3,0,7,0,2,0,0,0,0,0,0,0
6200,9953,0,32,0,7,0,3,0,3,0,2,0,0,0,0,0,0,0
6300,9963,0,30,0,1,0,4,0,2,0,0,0,0,0,0,0,0,0
6400,9941,0,44,0,0,0,10,0,2,0,0,0,3,0,0,0,0,0
6500,9935,0,46,0,2,0,14,0,2,0,0,0,1,0,0,0,0,0
6600,9947,0,46,0,0,0,6,0,0,0,1,0,0,0,0,0,0,0
6700,9931,0,48,0,2,0,6,0,10,0,3,0,0,0,0,0,0,0
6800,9944,0,43,0,2,0,4,0,5,0,2,0,0,0,0,0,0,0
6900,9943,0,44,0,4,0,5,0,4,0,0,0,0,0,0,0,0,0
7000,9948,0,40,0,5,0,5,0,2,0,0,0,0,0,0,0,0,0
7100,9943,0,45,0,0,0,7,0,3,0,2,0,0,0,0,0,0,0
7200,9941,0,41,0,2,0,8,0,6,0,2,0,0,0,0,0,0,0
7300,9933,0,52,0,0,0,11,0,3,0,1,0,0,0,0,0,0,0
7400,9924,0,53,0,4,0,10,0,7,0,2,0,0,0,0,0,0,0
7500,9929,0,59,0,2,0,6,0,4,0,0,0,0,0,0,0,0,0
7600,9915,0,60,0,2,0,10,0,12,0,0,0,1,0,0,0,0,0
7700,9931,0,60,0,1,0,3,0,4,0,0,0,1,0,0,0,0,0
7800,9914,0,70,0,4,0,7,0,4,0,0,0,1,0,0,0,0,0
7900,9900,0,82,0,1,0,11,0,5,0,1,0,0,0,0,0,0,0
8000,9888,0,93,0,2,0,12,0,5,0,0,0,0,0,0,0,0,0
8100,9887,0,88,0,5,0,16,0,4,0,0,0,0,0,0,0,0,0
8200,9884,0,94,0,5,0,11,0,6,0,0,0,0,0,0,0,0,0
8300,9879,0,90,0,5,0,16,0,7,0,3,0,0,0,0,0,0,0
8400,9874,0,98,0,5,0,15,0,6,0,2,0,0,0,0,0,0,0
8500,9895,0,87,0,3,0,10,0,3,0,2,0,0,0,0,0,0,0
8600,9881,0,91,0,4,0,12,0,7,0,4,0,1,0,0,0,0,0
8700,9883,0,102,0,1,0,10,0,2,0,2,0,0,0,0,0,0,0
8800,9895,0,91,0,0,0,8,0,3,0,3,0,0,0,0,0,0,0
8900,9888,0,97,0,3,0,6,0,5,0,1,0,0,0,0,0,0,0
9000,9882,0,97,0,2,0,10,0,8,0,1,0,0,0,0,0,0,0
9100,9880,0,97,0,3,0,12,0,7,0,1,0,0,0,0,0,0,0
9200,9877,0,91,0,5,0,11,0,13,0,3,0,0,0,0,0,0,0
9300,9876,0,96,0,2,0,13,0,9,0,4,0,0,0,0,0,0,0
9400,9884,0,93,0,3,0,12,0,7,0,1,0,0,0,0,0,0,0
9500,9871,0,102,0,4,0,13,0,10,0,0,0,0,0,0,0,0,0
9600,9846,0,131,0,1,0,16,0,6,0,0,0,0,0,0,0,0,0
9700,9845,0,140,0,2,0,8,0,4,0,1,0,0,0,0,0,0,0
9800,9832,0,146,0,3,0,15,0,1,0,3,0,0,0,0,0,0,0
9900,9826,0,152,0,4,0,9,0,6,0,3,0,0,0,0,0,0,0
10000,9797,0,163,0,7,0,23,0,6,0,2,0,2,0,0,0,0,0
10100,9820,0,138,0,5,0,27,0,6,0,3,0,1,0,0,0,0,0
10200,9815,0,148,0,7,0,20,0,7,0,2,0,1,0,0,0,0,0
10300,9783,0,176,0,5,0,23,0,13,0,0,0,0,0,0,0,0,0
10400,9780,0,188,0,1,0,21,0,7,0,3,0,0,0,0,0,0,0
10500,9763,0,188,0,4,0,29,0,10,0,5,0,1,0,0,0,0,0
10600,9769,0,190,0,2,0,33,0,4,0,2,0,0,0,0,0,0,0
10700,9749,0,209,0,5,0,31,0,5,0,1,0,0,0,0,0,0,0
10800,9772,0,185,0,6,0,28,0,7,0,2,0,0,0,0,0,0,0
10900,9764,0,190,0,4,0,25,0,16,0,0,0,1,0,0,0,0,0
11000,9747,0,217,0,1,0,29,0,3,0,3,0,0,0,0,0,0,0
11100,9730,0,225,0,4,0,29,0,8,0,4,0,0,0,0,0,0,0
11200,9713,0,230,0,6,0,40,0,9,0,2,0,0,0,0,0,0,0
11300,9708,0,238,0,4,0,41,0,6,0,2,0,1,0,0,0,0,0
11400,9694,0,250,0,1,0,45,0,10,0,0,0,0,0,0,0,0,0
11500,9681,0,264,0,5,0,39,0,8,0,3,0,0,0,0,0,0,0
11600,9705,0,233,0,6,0,44,0,6,0,5,0,1,0,0,0,0,0
11700,9691,0,239,0,2,0,53,0,8,0,7,0,0,0,0,0,0,0
11800,9696,0,243,0,5,0,49,0,4,0,3,0,0,0,0,0,0,0
11900,9683,0,249,0,5,0,50,0,8,0,4,0,1,0,0,0,0,0
12000,9682,0,254,0,3,0,46,0,7,0,8,0,0,0,0,0,0,0
12100,9674,0,264,0,5,0,48,0,6,0,3,0,0,0,0,0,0,0
12200,9682,0,252,0,5,0,54,0,5,0,2,0,0,0,0,0,0,0
12300,9695,0,241,0,4,0,50,0,7,0,3,0,0,0,0,0,0,0
12400,9656,0,279,0,6,0,54,0,2,0,3,0,0,0,0,0,0,0
12500,9649,0,292,0,6,0,48,0,4,0,1,0,0,0,0,0,0,0
12600,9630,0,302,0,12,0,51,0,3,0,2,0,0,0,0,0,0,0
12700,9637,0,303,0,5,0,46,0,7,0,2,0,0,0,0,0,0,0
12800,9629,0,305,0,5,0,51,0,8,0,2,0,0,0,0,0,0,0
12900,9621,0,309,0,7,0,49,0,11,0,3,0,0,0,0,0,0,0
13000,9557,0,375,0,6,0,55,0,5,0,2,0,0,0,0,0,0,0
13100,9548,0,384,0,9,0,45,0,11,0,3,0,0,0,0,0,0,0
13200,9549,0,388,0,7,0,44,0,8,0,4,0,0,0,0,0,0,0
13300,9575,0,359,0,7,0,45,0,8,0,6,0,0,0,0,0,0,0
13400,9576,0,355,0,12,0,46,0,6,0,4,0,1,0,0,0,0,0
13500,9597,0,342,0,8,0,43,0,6,0,4,0,0,0,0,0,0,0
13600,9623,0,322,0,6,0,39,0,6,0,4,0,0,0,0,0,0,0
13700,9599,0,347,0,7,0,33,0,9,0,5,0,0,0,0,0,0,0
13800,9625,0,329,0,8,0,26,0,9,0,2,0,1,0,0,0,0,0
13900,9579,0,371,0,4,0,33,0,9,0,4,0,0,0,0,0,0,0
14000,9572,0,391,0,4,0,25,0,8,0,0,0,0,0,0,0,0,0
14100,9578,0,377,0,6,0,28,0,9,0,2,0,0,0,0,0,0,0
14200,9569,0,385,0,5,0,28,0,10,0,3,0,0,0,0,0,0,0
14300,9585,0,378,0,4,0,22,0,8,0,3,0,0,0,0,0,0,0
14400,9565,0,399,0,2,0,22,0,9,0,3,0,0,0,0,0,0,0
14500,9545,0,421,0,4,0,16,0,11,0,3,0,0,0,0,0,0,0
14600,9541,0,424,0,10,0,11,0,9,0,5,0,0,0,0,0,0,0
14700,9567,0,396,0,6,0,15,0,12,0,4,0,0,0,0,0,0,0
14800,9596,0,370,0,5,0,12,0,14,0,1,0,2,0,0,0,0,0
14900,9599,0,374,0,1,0,13,0,9,0,4,0,0,0,0,0,0,0
15000,9593,0,382,0,2,0,12,0,9,0,2,0,0,0,0,0,0,0
15100,9600,0,375,0,6,0,14,0,3,0,2,0,0,0,0,0,0,0
15200,9584,0,389,0,2,0,11,0,10,0,3,0,1,0,0,0,0,0
15300,9606,0,366,0,4,0,11,0,6,0,6,0,1,0,0,0,0,0
15400,9615,0,361,0,3,0,10,0,6,0,4,0,1,0,0,0,0,0
15500,9582,0,392,0,5,0,14,0,5,0,1,0,1,0,0,0,0,0
15600,9591,0,381,0,7,0,10,0,10,0,1,0,0,0,0,0,0,0
15700,9565,0,411,0,8,0,9,0,6,0,1,0,0,0,0,0,0,0
15800,9568,0,404,0,8,0,10,0,5,0,5,0,0,0,0,0,0,0
15900,9551,0,425,0,4,0,10,0,10,0,0,0,0,0,0,0,0,0
16000,9507,0,462,0,10,0,9,0,8,0,4,0,0,0,0,0,0,0
16100,9488,0,476,0,15,0,12,0,7,0,2,0,0,0,0,0,0,0
16200,9419,0,551,0,10,0,9,0,8,0,2,0,1,0,0,0,0,0
16300,9405,0,545,0,12,0,22,0,12,0,4,0,0,0,0,0,0,0
16400,9421,0,531,0,14,0,22,0,10,0,2,0,0,0,0,0,0,0
16500,9368,0,602,0,9,0,16,0,3,0,2,0,0,0,0,0,0,0
16600,9367,0,596,0,10,0,19,0,5,0,3,0,0,0,0,0,0,0
16700,9381,0,574,0,10,0,23,0,8,0,4,0,0,0,0,0,0,0
16800,9406,0,564,0,8,0,12,0,7,0,2,0,1,0,0,0,0,0
16900,9431,0,527,0,11,0,15,0,12,0,4,0,0,0,0,0,0,0
17000,9458,0,516,0,8,0,12,0,5,0,1,0,0,0,0,0,0,0
17100,9474,0,492,0,9,0,21,0,4,0,0,0,0,0,0,0,0,0
17200,9465,0,513,0,8,0,9,0,3,0,1,0,1,0,0,0,0,0
17300,9432,0,546,0,5,0,11,0,2,0,3,0,1,0,0,0,0,0
17400,9444,0,527,0,6,0,11,0,10,0,2,0,0,0,0,0,0,0
17500,9452,0,524,0,7,0,9,0,6,0,2,0,0,0,0,0,0,0
17600,9374,0,588,0,4,0,13,0,14,0,7,0,0,0,0,0,0,0
17700,9344,0,625,0,3,0,12,0,12,0,4,0,0,0,0,0,0,0
17800,9338,0,645,0,2,0,7,0,6,0,2,0,0,0,0,0,0,0
17900,9299,0,680,0,4,0,10,0,5,0,2,0,0,0,0,0,0,0
18000,9312,0,668,0,2,0,7,0,7,0,4,0,0,0,0,0,0,0
18100,9308,0,673,0,3,0,10,0,5,0,1,0,0,0,0,0,0,0
18200,9338,0,636,0,1,0,14,0,6,0,5,0,0,0,0,0,0,0
18300,9350,0,628,0,9,0,5,0,7,0,1,0,0,0,0,0,0,0
18400,9391,0,579,0,9,0,12,0,8,0,1,0,0,0,0,0,0,0
18500,9434,0,533,0,10,0,14,0,7,0,2,0,0,0,0,0,0,0
18600,9427,0,549,0,7,0,12,0,5,0,0,0,0,0,0,0,0,0
18700,9470,0,514,0,3,0,6,0,5,0,2,0,0,0,0,0,0,0
18800,9433,0,537,0,9,0,7,0,12,0,2,0,0,0,0,0,0,0
18900,9432,0,550,0,7,0,4,0,2,0,5,0,0,0,0,0,0,0
19000,9460,0,521,0,3,0,8,0,8,0,0,0,0,0,0,0,0,0
19100,9488,0,495,0,1,0,7,0,7,0,2,0,0,0,0,0,0,0
19200,9476,0,509,0,3,0,5,0,7,0,0,0,0,0,0,0,0,0
19300,9480,0,505,0,6,0,1,0,8,0,0,0,0,0,0,0,0,0
19400,9491,0,492,0,2,0,8,0,5,0,2,0,0,0,0,0,0,0
19500,9477,0,503,0,6,0,4,0,7,0,3,0,0,0,0,0,0,0
19600,9481,0,496,0,4,0,9,0,6,0,4,0,0,0,0,0,0,0
19700,9466,0,511,0,3,0,8,0,9,0,3,0,0,0,0,0,0,0
19800,9487,0,497,0,4,0,6,0,3,0,3,0,0,0,0,0,0,0
19900,9481,0,492,0,5,0,9,0,10,0,3,0,0,0,0,0,0,0
20000,9461,0,523,0,4,0,8,0,2,0,2,0,0,0,0,0,0,0
20100,9548,0,432,0,3,0,6,0,6,0,5,0,0,0,0,0,0,0
20200,9600,0,381,0,2,0,5,0,6,0,6,0,0,0,0,0,0,0
20300,9516,0,456,0,8,0,7,0,11,0,2,0,0,0,0,0,0,0
20400,9479,0,504,0,4,0,5,0,6,0,2,0,0,0,0,0,0,0
20500,9466,0,517,0,3,0,5,0,4,0,5,0,0,0,0,0,0,0
20600,9467,0,510,0,4,0,11,0,4,0,4,0,0,0,0,0,0,0
20700,9434,0,550,0,4,0,10,0,2,0,0,0,0,0,0,0,0,0
20800,9488,0,492,0,6,0,4,0,9,0,1,0,0,0,0,0,0,0
20900,9504,0,484,0,4,0,4,0,2,0,2,0,0,0,0,0,0,0
21000,9482,0,498,0,6,0,7,0,6,0,1,0,0,0,0,0,0,0
21100,9491,0,493,0,1,0,7,0,5,0,3,0,0,0,0,0,0,0
21200,9501,0,484,0,3,0,8,0,4,0,0,0,0,0,0,0,0,0
21300,9469,0,514,0,3,0,7,0,4,0,3,0,0,0,0,0,0,0
21400,9488,0,499,0,5,0,4,0,2,0,2,0,0,0,0,0,0,0
21500,9435,0,543,0,5,0,8,0,7,0,2,0,0,0,0,0,0,0
21600,9409,0,562,0,18,0,6,0,4,0,1,0,0,0,0,0,0,0
21700,9338,0,632,0,16,0,6,0,3,0,5,0,0,0,0,0,0,0
21800,9324,0,639,0,17,0,12,0,5,0,3,0,0,0,0,0,0,0
21900,9287,0,689,0,10,0,4,0,7,0,3,0,0,0,0,0,0,0
22000,9277,0,691,0,17,0,7,0,6,0,2,0,0,0,0,0,0,0
22100,9241,0,726,0,19,0,11,0,2,0,1,0,0,0,0,0,0,0
22200,9252,0,719,0,11,0,10,0,5,0,3,0,0,0,0,0,0,0
22300,9275,0,691,0,13,0,11,0,7,0,2,0,1,0,0,0,0,0
22400,9260,0,707,0,18,0,7,0,8,0,0,0,0,0,0,0,0,0
22500,9244,0,721,0,16,0,9,0,8,0,2,0,0,0,0,0,0,0
22600,9282,0,687,0,14,0,11,0,5,0,1,0,0,0,0,0,0,0
22700,9306,0,665,0,16,0,6,0,4,0,3,0,0,0,0,0,0,0
22800,9324,0,641,0,13,0,11,0,8,0,3,0,0,0,0,0,0,0
22900,9325,0,644,0,18,0,6,0,4,0,3,0,0,0,0,0,0,0
23000,9313,0,658,0,15,0,5,0,6,0,2,0,1,0,0,0,0,0
23100,9288,0,681,0,15,0,6,0,4,0,2,0,4,0,0,0,0,0
23200,9299,0,669,0,15,0,7,0,8,0,2,0,0,0,0,0,0,0
23300,9294,0,671,0,13,0,11,0,8,0,3,0,0,0,0,0,0,0
23400,9300,0,679,0,4,0,8,0,7,0,2,0,0,0,0,0,0,0
23500,9252,0,729,0,3,0,8,0,4,0,4,0,0,0,0,0,0,0
23600,9276,0,704,0,3,0,8,0,7,0,2,0,0,0,0,0,0,0
23700,9241,0,743,0,3,0,7,0,4,0,2,0,0,0,0,0,0,0
23800,9263,0,716,0,4,0,9,0,5,0,3,0,0,0,0,0,0,0
23900,9254,0,720,0,6,0,12,0,3,0,5,0,0,0,0,0,0,0
24000,9257,0,722,0,4,0,8,0,8,0,1,0,0,0,0,0,0,0
24100,9258,0,715,0,5,0,11,0,8,0,3,0,0,0,0,0,0,0
24200,9196,0,786,0,5,0,6,0,5,0,2,0,0,0,0,0,0,0
24300,9158,0,828,0,6,0,4,0,2,0,2,0,0,0,0,0,0,0
24400,9149,0,826,0,8,0,5,0,9,0,2,0,1,0,0,0,0,0
24500,9185,0,791,0,5,0,10,0,8,0,0,0,1,0,0,0,0,0
24600,9208,0,767,0,7,0,9,0,7,0,2,0,0,0,0,0,0,0
24700,9286,0,704,0,3,0,5,0,2,0,0,0,0,0,0,0,0,0
24800,9254,0,723,0,4,0,7,0,10,0,2,0,0,0,0,0,0,0
24900,9254,0,713,0,11,0,9,0,11,0,2,0,0,0,0,0,0,0
25000,9250,0,729,0,6,0,8,0,3,0,3,0,0,0,1,0,0,0
25100,9206,0,767,0,8,0,12,0,5,0,2,0,0,0,0,0,0,0
25200,9209,0,766,0,3,0,12,0,5,0,5,0,0,0,0,0,0,0
25300,9252,0,733,0,5,0,6,0,3,0,1,0,0,0,0,0,0,0
25400,9294,0,682,0,7,0,5,0,7,0,5,0,0,0,0,0,0,0
25500,9343,0,641,0,5,0,6,0,4,0,1,0,0,0,0,0,0,0
25600,9314,0,655,0,6,0,11,0,10,0,4,0,0,0,0,0,0,0
25700,9294,0,684,0,7,0,7,0,8,0,0,0,0,0,0,0,0,0
25800,9315,0,664,0,6,0,7,0,6,0,2,0,0,0,0,0,0,0
25900,9288,0,699,0,4,0,4,0,5,0,0,0,0,0,0,0,0,0
26000,9279,0,702,0,7,0,3,0,5,0,4,0,0,0,0,0,0,0
26100,9292,0,693,0,4,0,6,0,4,0,1,0,0,0,0,0,0,0
26200,9203,0,777,0,7,0,6,0,5,0,2,0,0,0,0,0,0,0
26300,9203,0,782,0,3,0,5,0,5,0,2,0,0,0,0,0,0,0
26400,9242,0,742,0,5,0,5,0,4,0,2,0,0,0,0,0,0,0
26500,9317,0,674,0,1,0,1,0,6,0,1,0,0,0,0,0,0,0
26600,9295,0,692,0,6,0,3,0,3,0,1,0,0,0,0,0,0,0
26700,9258,0,726,0,4,0,3,0,6,0,3,0,0,0,0,0,0,0
26800,9203,0,783,0,0,0,5,0,5,0,4,0,0,0,0,0,0,0
26900,9149,0,829,0,6,0,4,0,8,0,4,0,0,0,0,0,0,0
27000,9045,0,936,0,7,0,3,0,8,0,1,0,0,0,0,0,0,0
27100,9075,0,909,0,4,0,5,0,4,0,3,0,0,0,0,0,0,0
27200,8976,0,998,0,10,0,6,0,5,0,5,0,0,0,0,0,0,0
27300,8991,0,988,0,7,0,2,0,9,0,3,0,0,0,0,0,0,0
27400,8980,0,1009,0,5,0,0,0,5,0,1,0,0,0,0,0,0,0
27500,8964,0,1018,0,8,0,4,0,3,0,3,0,0,0,0,0,0,0
27600,8833,0,1149,0,6,0,3,0,6,0,3,0,0,0,0,0,0,0
27700,8917,0,1067,0,4,0,4,0,6,0,2,0,0,0,0,0,0,0
27800,8960,0,1025,0,7,0,3,0,3,0,2,0,0,0,0,0,0,0
27900,9002,0,980,0,3,0,7,0,5,0,3,0,0,0,0,0,0,0
28000,8954,0,1022,0,7,0,4,0,10,0,3,0,0,0,0,0,0,0
28100,8951,0,1021,0,9,0,6,0,13,0,0,0,0,0,0,0,0,0
28200,8974,0,1003,0,10,0,4,0,7,0,2,0,0,0,0,0,0,0
28300,8993,0,988,0,5,0,8,0,5,0,1,0,0,0,0,0,0,0
28400,8963,0,1022,0,4,0,3,0,6,0,2,0,0,0,0,0,0,0
28500,8976,0,1009,0,5,0,1,0,7,0,2,0,0,0,0,0,0,0
28600,8962,0,1013,0,6,0,7,0,9,0,2,0,1,0,0,0,0,0
28700,8965,0,1019,0,3,0,4,0,8,0,1,0,0,0,0,0,0,0
28800,8913,0,1058,0,16,0,2,0,7,0,3,0,1,0,0,0,0,0
28900,9008,0,973,0,13,0,3,0,3,0,0,0,0,0,0,0,0,0
29000,8959,0,1015,0,9,0,6,0,7,0,4,0,0,0,0,0,0,0
29100,9008,0,966,0,13,0,6,0,3,0,4,0,0,0,0,0,0,0
29200,9041,0,933,0,11,0,5,0,7,0,3,0,0,0,0,0,0,0
29300,9086,0,889,0,15,0,1,0,6,0,3,0,0,0,0,0,0,0
29400,9020,0,952,0,14,0,5,0,6,0,3,0,0,0,0,0,0,0
29500,8995,0,979,0,14,0,6,0,5,0,1,0,0,0,0,0,0,0
29600,9023,0,948,0,11,0,4,0,10,0,4,0,0,0,0,0,0,0
29700,9079,0,896,0,13,0,6,0,6,0,0,0,0,0,0,0,0,0
29800,9064,0,912,0,14,0,3,0,7,0,0,0,0,0,0,0,0,0
29900,9074,0,898,0,13,0,4,0,6,0,5,0,0,0,0,0,0,0
30000,9065,0,921,0,8,0,1,0,5,0,0,0,0,0,0,0,0,0
30100,8963,0,1012,0,13,0,5,0,3,0,3,0,1,0,0,0,0,0
30200,8956,0,1023,0,10,0,3,0,5,0,3,0,0,0,0,0,0,0
30300,8979,0,998,0,13,0,1,0,5,0,4,0,0,0,0,0,0,0
30400,9001,0,977,0,12,0,6,0,3,0,1,0,0,0,0,0,0,0
30500,8935,0,1043,0,12,0,4,0,4,0,2,0,0,0,0,0,0,0
30600,8958,0,1019,0,11,0,7,0,3,0,2,0,0,0,0,0,0,0
30700,8963,0,1018,0,11,0,1,0,2,0,5,0,0,0,0,0,0,0
30800,9038,0,933,0,15,0,4,0,9,0,0,0,1,0,0,0,0,0
30900,9083,0,894,0,12,0,2,0,8,0,1,0,0,0,0,0,0,0
31000,9156,0,813,0,22,0,4,0,4,0,0,0,1,0,0,0,0,0
31100,9194,0,783,0,11,0,6,0,5,0,1,0,0,0,0,0,0,0
31200,9197,0,780,0,10,0,1,0,8,0,3,0,1,0,0,0,0,0
31300,9175,0,796,0,10,0,6,0,10,0,3,0,0,0,0,0,0,0
31400,9108,0,864,0,14,0,5,0,4,0,5,0,0,0,0,0,0,0
31500,9181,0,792,0,11,0,9,0,7,0,0,0,0,0,0,0,0,0
31600,9270,0,704,0,12,0,5,0,5,0,4,0,0,0,0,0,0,0
31700,9320,0,650,0,15,0,7,0,5,0,3,0,0,0,0,0,0,0
31800,9326,0,655,0,12,0,4,0,2,0,1,0,0,0,0,0,0,0
31900,9296,0,683,0,14,0,2,0,5,0,0,0,0,0,0,0,0,0
32000,9256,0,723,0,9,0,6,0,5,0,1,0,0,0,0,0,0,0
32100,9243,0,729,0,6,0,10,0,6,0,6,0,0,0,0,0,0,0
32200,9225,0,761,0,5,0,4,0,5,0,0,0,0,0,0,0,0,0
32300,9242,0,749,0,4,0,1,0,3,0,1,0,0,0,0,0,0,0
32400,9227,0,760,0,5,0,3,0,5,0,0,0,0,0,0,0,0,0
32500,9211,0,777,0,3,0,4,0,5,0,0,0,0,0,0,0,0,0
32600,9226,0,765,0,4,0,1,0,3,0,1,0,0,0,0,0,0,0
32700,9232,0,756,0,2,0,5,0,4,0,1,0,0,0,0,0,0,0
32800,9249,0,739,0,2,0,3,0,5,0,2,0,0,0,0,0,0,0
32900,9223,0,764,0,7,0,3,0,3,0,0,0,0,0,0,0,0,0
33000,9222,0,771,0,1,0,3,0,3,0,0,0,0,0,0,0,0,0
33100,9241,0,748,0,2,0,1,0,6,0,2,0,0,0,0,0,0,0
33200,9220,0,769,0,5,0,2,0,3,0,1,0,0,0,0,0,0,0
33300,9213,0,778,0,4,0,1,0,3,0,1,0,0,0,0,0,0,0
33400,9162,0,826,0,4,0,3,0,5,0,0,0,0,0,0,0,0,0
33500,9183,0,801,0,5,0,1,0,6,0,4,0,0,0,0,0,0,0
33600,9166,0,820,0,8,0,2,0,2,0,2,0,0,0,0,0,0,0
33700,9176,0,804,0,9,0,2,0,5,0,4,0,0,0,0,0,0,0
33800,9155,0,833,0,4,0,0,0,3,0,5,0,0,0,0,0,0,0
33900,9145,0,834,0,4,0,4,0,7,0,6,0,0,0,0,0,0,0
34000,9194,0,792,0,1,0,3,0,7,0,3,0,0,0,0,0,0,0
34100,9257,0,733,0,5,0,2,0,2,0,1,0,0,0,0,0,0,0
34200,9226,0,759,0,4,0,5,0,6,0,0,0,0,0,0,0,0,0
34300,9198,0,791,0,4,0,1,0,4,0,2,0,0,0,0,0,0,0
34400,9210,0,777,0,5,0,3,0,3,0,2,0,0,0,0,0,0,0
34500,9199,0,778,0,10,0,3,0,8,0,2,0,0,0,0,0,0,0
34600,9262,0,725,0,3,0,5,0,2,0,3,0,0,0,0,0,0,0
34700,9274,0,716,0,3,0,2,0,1,0,4,0,0,0,0,0,0,0
34800,9263,0,721,0,2,0,5,0,6,0,3,0,0,0,0,0,0,0
34900,9222,0,764,0,4,0,4,0,2,0,4,0,0,0,0,0,0,0
35000,9203,0,781,0,6,0,3,0,6,0,1,0,0,0,0,0,0,0
35100,9199,0,791,0,3,0,4,0,1,0,2,0,0,0,0,0,0,0
35200,9195,0,785,0,4,0,6,0,5,0,5,0,0,0,0,0,0,0
35300,9213,0,775,0,6,0,1,0,3,0,2,0,0,0,0,0,0,0
35400,9252,0,725,0,9,0,2,0,5,0,7,0,0,0,0,0,0,0
35500,9279,0,707,0,4,0,1,0,8,0,1,0,0,0,0,0,0,0
35600,9331,0,652,0,5,0,1,0,9,0,2,0,0,0,0,0,0,0
35700,9329,0,656,0,4,0,3,0,7,0,1,0,0,0,0,0,0,0
35800,9349,0,634,0,5,0,5,0,5,0,2,0,0,0,0,0,0,0
35900,9353,0,629,0,1,0,7,0,7,0,3,0,0,0,0,0,0,0
36000,9389,0,596,0,5,0,5,0,4,0,1,0,0,0,0,0,0,0
36100,9397,0,591,0,5,0,1,0,4,0,2,0,0,0,0,0,0,0
36200,9388,0,603,0,3,0,2,0,3,0,0,0,1,0,0,0,0,0
36300,9403,0,585,0,5,0,4,0,3,0,0,0,0,0,0,0,0,0
36400,9441,0,540,0,7,0,4,0,7,0,1,0,0,0,0,0,0,0
36500,9458,0,525,0,7,0,1,0,7,0,2,0,0,0,0,0,0,0
36600,9453,0,532,0,3,0,2,0,6,0,4,0,0,0,0,0,0,0
36700,9515,0,475,0,2,0,1,0,4,0,3,0,0,0,0,0,0,0
36800,9566,0,418,0,3,0,4,0,7,0,2,0,0,0,0,0,0,0
36900,9559,0,425,0,1,0,6,0,6,0,3,0,0,0,0,0,0,0
37000,9614,0,371,0,3,0,4,0,7,0,1,0,0,0,0,0,0,0
37100,9560,0,431,0,4,0,1,0,1,0,3,0,0,0,0,0,0,0
37200,9612,0,373,0,3,0,4,0,7,0,1,0,0,0,0,0,0,0
37300,9624,0,357,0,7,0,4,0,7,0,1,0,0,0,0,0,0,0
37400,9641,0,348,0,4,0,1,0,3,0,3,0,0,0,0,0,0,0
37500,9660,0,324,0,10,0,1,0,4,0,1,0,0,0,0,0,0,0
37600,9649,0,344,0,0,0,2,0,2,0,3,0,0,0,0,0,0,0
37700,9631,0,356,0,3,0,6,0,3,0,1,0,0,0,0,0,0,0
37800,9641,0,346,0,3,0,1,0,5,0,4,0,0,0,0,0,0,0
37900,9621,0,364,0,7,0,4,0,4,0,0,0,0,0,0,0,0,0
38000,9609,0,379,0,3,0,1,0,6,0,2,0,0,0,0,0,0,0
38100,9641,0,349,0,3,0,2,0,4,0,1,0,0,0,0,0,0,0
38200,9647,0,337,0,3,0,3,0,6,0,4,0,0,0,0,0,0,0
38300,9643,0,341,0,4,0,4,0,3,0,5,0,0,0,0,0,0,0
38400,9660,0,331,0,2,0,4,0,2,0,1,0,0,0,0,0,0,0
38500,9643,0,347,0,2,0,0,0,5,0,3,0,0,0,0,0,0,0
38600,9650,0,332,0,5,0,7,0,5,0,1,0,0,0,0,0,0,0
38700,9674,0,318,0,2,0,1,0,3,0,2,0,0,0,0,0,0,0
38800,9667,0,318,0,5,0,1,0,7,0,2,0,0,0,0,0,0,0
38900,9700,0,283,0,3,0,2,0,7,0,5,0,0,0,0,0,0,0
39000,9805,0,188,0,1,0,2,0,3,0,1,0,0,0,0,0,0,0
39100,9820,0,171,0,2,0,1,0,4,0,2,0,0,0,0,0,0,0
39200,9809,0,171,0,2,0,6,0,10,0,2,0,0,0,0,0,0,0
39300,9828,0,158,0,6,0,1,0,5,0,2,0,0,0,0,0,0,0
39400,9838,0,147,0,10,0,0,0,2,0,3,0,0,0,0,0,0,0
39500,9839,0,151,0,3,0,1,0,5,0,1,0,0,0,0,0,0,0
39600,9836,0,150,0,2,0,4,0,4,0,4,0,0,0,0,0,0,0
39700,9809,0,184,0,3,0,3,0,1,0,0,0,0,0,0,0,0,0
39800,9773,0,208,0,8,0,6,0,5,0,0,0,0,0,0,0,0,0
39900,9834,0,148,0,7,0,2,0,8,0,1,0,0,0,0,0,0,0
40000,9860,0,116,0,10,0,3,0,10,0,1,0,0,0,0,0,0,0
40100,9891,0,93,0,9,0,3,0,4,0,0,0,0,0,0,0,0,0
40200,9902,0,85,0,5,0,3,0,2,0,1,0,2,0,0,0,0,0
40300,9899,0,88,0,5,0,4,0,3,0,1,0,0,0,0,0,0,0
40400,9903,0,88,0,0,0,3,0,5,0,1,0,0,0,0,0,0,0
40500,9902,0,88,0,4,0,1,0,3,0,2,0,0,0,0,0,0,0
40600,9934,0,60,0,1,0,0,0,2,0,3,0,0,0,0,0,0,0
40700,9950,0,42,0,2,0,2,0,4,0,0,0,0,0,0,0,0,0
40800,9957,0,34,0,2,0,3,0,4,0,0,0,0,0,0,0,0,0
40900,9945,0,48,0,2,0,3,0,2,0,0,0,0,0,0,0,0,0
41000,9954,0,38,0,4,0,1,0,3,0,0,0,0,0,0,0,0,0
41100,9948,0,40,0,2,0,3,0,6,0,1,0,0,0,0,0,0,0
41200,9956,0,38,0,2,0,2,0,2,0,0,0,0,0,0,0,0,0
41300,9937,0,56,0,1,0,1,0,2,0,3,0,0,0,0,0,0,0
41400,9947,0,44,0,3,0,3,0,1,0,2,0,0,0,0,0,0,0
41500,9944,0,46,0,3,0,3,0,3,0,1,0,0,0,0,0,0,0
41600,9947,0,41,0,3,0,2,0,6,0,1,0,0,0,0,0,0,0
41700,9954,0,36,0,3,0,2,0,4,0,1,0,0,0,0,0,0,0
41800,9970,0,15,0,4,0,5,0,5,0,1,0,0,0,0,0,0,0
41900,9972,0,18,0,2,0,3,0,5,0,0,0,0,0,0,0,0,0
42000,9977,0,10,0,2,0,5,0,5,0,1,0,0,0,0,0,0,0
42100,9970,0,23,0,1,0,2,0,3,0,1,0,0,0,0,0,0,0
42200,9972,0,18,0,2,0,0,0,5,0,2,0,1,0,0,0,0,0
42300,9974,0,17,0,1,0,1,0,6,0,1,0,0,0,0,0,0,0
42400,9964,0,20,0,2,0,6,0,5,0,3,0,0,0,0,0,0,0
42500,9972,0,19,0,5,0,1,0,1,0,2,0,0,0,0,0,0,0
42600,9967,0,24,0,1,0,5,0,2,0,1,0,0,0,0,0,0,0
42700,9974,0,16,0,1,0,1,0,6,0,2,0,0,0,0,0,0,0
42800,9974,0,14,0,2,0,4,0,3,0,3,0,0,0,0,0,0,0
42900,9965,0,21,0,3,0,4,0,5,0,2,0,0,0,0,0,0,0
43000,9954,0,30,0,5,0,2,0,5,0,4,0,0,0,0,0,0,0
43100,9967,0,29,0,1,0,1,0,1,0,1,0,0,0,0,0,0,0
43200,9956,0,30,0,4,0,0,0,10,0,0,0,0,0,0,0,0,0
43300,9960,0,32,0,4,0,0,0,3,0,1,0,0,0,0,0,0,0
43400,9963,0,32,0,2,0,1,0,1,0,1,0,0,0,0,0,0,0
43500,9965,0,27,0,3,0,2,0,3,0,0,0,0,0,0,0,0,0
43600,9961,0,31,0,2,0,4,0,2,0,0,0,0,0,0,0,0,0
43700,9960,0,30,0,3,0,1,0,3,0,3,0,0,0,0,0,0,0
43800,9957,0,31,0,5,0,1,0,6,0,0,0,0,0,0,0,0,0
43900,9959,0,28,0,8,0,1,0,3,0,1,0,0,0,0,0,0,0
44000,9951,0,31,0,1,0,7,0,9,0,1,0,0,0,0,0,0,0
44100,9955,0,28,0,4,0,4,0,7,0,2,0,0,0,0,0,0,0
44200,9960,0,31,0,3,0,2,0,3,0,1,0,0,0,0,0,0,0
44300,9959,0,30,0,2,0,1,0,7,0,1,0,0,0,0,0,0,0
44400,9968,0,25,0,3,0,0,0,3,0,1,0,0,0,0,0,0,0
44500,9969,0,25,0,2,0,0,0,3,0,1,0,0,0,0,0,0,0
44600,9967,0,25,0,1,0,2,0,4,0,1,0,0,0,0,0,0,0
44700,9966,0,30,0,2,0,1,0,1,0,0,0,0,0,0,0,0,0
44800,9956,0,27,0,4,0,4,0,6,0,3,0,0,0,0,0,0,0
44900,9958,0,26,0,5,0,4,0,4,0,3,0,0,0,0,0,0,0
45000,9964,0,25,0,3,0,2,0,4,0,2,0,0,0,0,0,0,0
45100,9960,0,32,0,3,0,2,0,0,0,3,0,0,0,0,0,0,0
45200,9965,0,25,0,2,0,5,0,3,0,0,0,0,0,0,0,0,0
45300,9959,0,26,0,4,0,5,0,6,0,0,0,0,0,0,0,0,0
45400,9966,0,26,0,1,0,6,0,1,0,0,0,0,0,0,0,0,0
45500,9959,0,29,0,4,0,2,0,5,0,1,0,0,0,0,0,0,0
45600,9953,0,31,0,1,0,9,0,3,0,3,0,0,0,0,0,0,0
45700,9958,0,31,0,1,0,4,0,4,0,2,0,0,0,0,0,0,0
45800,9957,0,27,0,4,0,11,0,0,0,1,0,0,0,0,0,0,0
45900,9950,0,26,0,3,0,11,0,8,0,2,0,0,0,0,0,0,0
46000,9965,0,25,0,1,0,7,0,1,0,1,0,0,0,0,0,0,0
46100,9952,0,28,0,6,0,6,0,6,0,2,0,0,0,0,0,0,0
46200,9970,0,19,0,2,0,6,0,2,0,1,0,0,0,0,0,0,0
46300,9948,0,41,0,1,0,2,0,5,0,3,0,0,0,0,0,0,0
46400,9925,0,61,0,4,0,5,0,4,0,1,0,0,0,0,0,0,0
46500,9932,0,58,0,3,0,4,0,3,0,0,0,0,0,0,0,0,0
46600,9938,0,54,0,2,0,3,0,1,0,2,0,0,0,0,0,0,0
46700,9924,0,59,0,3,0,9,0,5,0,0,0,0,0,0,0,0,0
46800,9932,0,57,0,0,0,8,0,2,0,1,0,0,0,0,0,0,0
46900,9943,0,41,0,0,0,8,0,7,0,1,0,0,0,0,0,0,0
47000,9960,0,25,0,2,0,9,0,4,0,0,0,0,0,0,0,0,0
47100,9954,0,35,0,2,0,2,0,4,0,3,0,0,0,0,0,0,0
47200,9935,0,53,0,3,0,7,0,2,0,0,0,0,0,0,0,0,0
47300,9937,0,48,0,2,0,5,0,2,0,5,0,1,0,0,0,0,0
47400,9935,0,54,0,1,0,7,0,2,0,1,0,0,0,0,0,0,0
47500,9939,0,51,0,1,0,6,0,3,0,0,0,0,0,0,0,0,0
47600,9934,0,56,0,3,0,4,0,2,0,1,0,0,0,0,0,0,0
47700,9942,0,53,0,1,0,3,0,1,0,0,0,0,0,0,0,0,0
47800,9939,0,53,0,3,0,2,0,0,0,3,0,0,0,0,0,0,0
47900,9943,0,53,0,0,0,1,0,1,0,2,0,0,0,0,0,0,0
48000,9948,0,43,0,2,0,2,0,4,0,1,0,0,0,0,0,0,0
48100,9960,0,37,0,0,0,0,0,1,0,2,0,0,0,0,0,0,0
48200,9956,0,34,0,1,0,1,0,8,0,0,0,0,0,0,0,0,0
48300,9960,0,33,0,2,0,2,0,3,0,0,0,0,0,0,0,0,0
48400,9961,0,32,0,2,0,4,0,1,0,0,0,0,0,0,0,0,0
48500,9960,0,33,0,1,0,2,0,3,0,1,0,0,0,0,0,0,0
48600,9955,0,37,0,1,0,4,0,3,0,0,0,0,0,0,0,0,0
48700,9961,0,36,0,2,0,1,0,0,0,0,0,0,0,0,0,0,0
48800,9955,0,38,0,3,0,1,0,3,0,0,0,0,0,0,0,0,0
48900,9956,0,36,0,3,0,0,0,5,0,0,0,0,0,0,0,0,0
49000,9963,0,34,0,2,0,0,0,0,0,1,0,0,0,0,0,0,0
49100,9971,0,24,0,1,0,2,0,1,0,1,0,0,0,0,0,0,0
49200,9978,0,11,0,1,0,5,0,3,0,2,0,0,0,0,0,0,0
49300,9989,0,2,0,4,0,2,0,1,0,2,0,0,0,0,0,0,0
49400,9987,0,4,0,1,0,2,0,6,0,0,0,0,0,0,0,0,0
49500,9990,0,5,0,1,0,1,0,3,0,0,0,0,0,0,0,0,0
49600,9987,0,4,0,2,0,3,0,2,0,2,0,0,0,0,0,0,0
49700,9990,0,8,0,1,0,0,0,1,0,0,0,0,0,0,0,0,0
49800,9982,0,12,0,3,0,1,0,1,0,0,0,1,0,0,0,0,0
49900,9989,0,6,0,2,0,0,0,2,0,1,0,0,0,0,0,0,0
50000,9983,0,8,0,1,0,4,0,4,0,0,0,0,0,0,0,0,0
50100,9983,0,8,0,1,0,2,0,6,0,0,0,0,0,0,0,0,0
50200,9985,0,7,0,1,0,1,0,5,0,1,0,0,0,0,0,0,0
50300,9990,0,5,0,2,0,2,0,1,0,0,0,0,0,0,0,0,0
50400,9989,0,4,0,2,0,2,0,2,0,1,0,0,0,0,0,0,0
50500,9986,0,6,0,1,0,4,0,3,0,0,0,0,0,0,0,0,0
50600,9992,0,3,0,1,0,1,0,2,0,1,0,0,0,0,0,0,0
50700,9988,0,6,0,1,0,2,0,0,0,2,0,1,0,0,0,0,0
50800,9991,0,2,0,1,0,2,0,3,0,1,0,0,0,0,0,0,0
50900,9986,0,3,0,3,0,2,0,0,0,6,0,0,0,0,0,0,0
51000,9987,0,7,0,1,0,3,0,2,0,0,0,0,0,0,0,0,0
51100,9985,0,1,0,4,0,5,0,3,0,2,0,0,0,0,0,0,0
51200,9987,0,5,0,0,0,2,0,4,0,2,0,0,0,0,0,0,0
51300,9987,0,3,0,4,0,1,0,3,0,2,0,0,0,0,0,0,0
51400,9995,0,2,0,1,0,1,0,1,0,0,0,0,0,0,0,0,0
51500,9993,0,1,0,1,0,2,0,2,0,1,0,0,0,0,0,0,0
51600,9992,0,4,0,3,0,0,0,1,0,0,0,0,0,0,0,0,0
51700,9986,0,5,0,1,0,5,0,2,0,1,0,0,0,0,0,0,0
51800,9988,0,7,0,1,0,1,0,2,0,1,0,0,0,0,0,0,0
51900,9978,0,10,0,4,0,4,0,3,0,1,0,0,0,0,0,0,0
52000,9991,0,3,0,2,0,3,0,1,0,0,0,0,0,0,0,0,0
52100,9989,0,4,0,0,0,2,0,3,0,2,0,0,0,0,0,0,0
52200,9987,0,7,0,3,0,2,0,1,0,0,0,0,0,0,0,0,0
52300,9989,0,5,0,2,0,2,0,1,0,1,0,0,0,0,0,0,0
52400,9985,0,8,0,1,0,1,0,4,0,1,0,0,0,0,0,0,0
52500,9984,0,5,0,3,0,5,0,2,0,1,0,0,0,0,0,0,0
52600,9993,0,3,0,2,0,1,0,1,0,0,0,0,0,0,0,0,0
52700,9991,0,4,0,0,0,1,0,2,0,2,0,0,0,0,0,0,0
52800,9987,0,6,0,3,0,1,0,2,0,1,0,0,0,0,0,0,0
52900,9986,0,5,0,4,0,1,0,3,0,1,0,0,0,0,0,0,0
53000,9987,0,5,0,2,0,3,0,2,0,1,0,0,0,0,0,0,0
53100,9989,0,4,0,0,0,2,0,3,0,2,0,0,0,0,0,0,0
53200,9984,0,8,0,2,0,1,0,4,0,1,0,0,0,0,0,0,0
53300,9981,0,9,0,3,0,2,0,1,0,4,0,0,0,0,0,0,0
53400,9989,0,9,0,0,0,2,0,0,0,0,0,0,0,0,0,0,0
53500,9983,0,9,0,1,0,2,0,3,0,2,0,0,0,0,0,0,0
53600,9983,0,6,0,1,0,8,0,1,0,1,0,0,0,0,0,0,0
53700,9973,0,7,0,3,0,16,0,1,0,0,0,0,0,0,0,0,0
53800,9973,0,7,0,0,0,18,0,0,0,2,0,0,0,0,0,0,0
53900,9976,0,0,0,5,0,16,0,2,0,1,0,0,0,0,0,0,0
54000,9974,0,3,0,2,0,18,0,3,0,0,0,0,0,0,0,0,0
54100,9970,0,6,0,3,0,16,0,4,0,1,0,0,0,0,0,0,0
54200,9963,0,1,0,5,0,20,0,8,0,3,0,0,0,0,0,0,0
54300,9977,0,3,0,2,0,16,0,2,0,0,0,0,0,0,0,0,0
54400,9970,0,3,0,0,0,20,0,5,0,2,0,0,0,0,0,0,0
54500,9972,0,2,0,3,0,20,0,2,0,1,0,0,0,0,0,0,0
54600,9979,0,1,0,0,0,15,0,5,0,0,0,0,0,0,0,0,0
54700,9974,0,0,0,3,0,18,0,5,0,0,0,0,0,0,0,0,0
54800,9962,0,8,0,2,0,18,0,10,0,0,0,0,0,0,0,0,0
54900,9968,0,0,0,3,0,22,0,6,0,1,0,0,0,0,0,0,0
55000,9983,0,1,0,0,0,12,0,1,0,3,0,0,0,0,0,0,0
55100,9985,0,2,0,4,0,2,0,7,0,0,0,0,0,0,0,0,0
55200,9991,0,4,0,2,0,2,0,1,0,0,0,0,0,0,0,0,0
55300,9988,0,4,0,1,0,4,0,2,0,1,0,0,0,0,0,0,0
55400,9993,0,2,0,1,0,2,0,2,0,0,0,0,0,0,0,0,0
55500,9995,0,2,0,0,0,1,0,2,0,0,0,0,0,0,0,0,0
55600,9990,0,0,0,1,0,6,0,2,0,1,0,0,0,0,0,0,0
55700,9997,0,0,0,0,0,1,0,1,0,1,0,0,0,0,0,0,0
55800,9995,0,0,0,2,0,1,0,2,0,0,0,0,0,0,0,0,0
55900,9988,0,0,0,0,0,9,0,1,0,2,0,0,0,0,0,0,0
56000,9998,0,2,0,0,0,0,0,0,0,0,0,0,0,0,0,0,0
56100,9997,0,0,0,2,0,0,0,0,0,1,0,0,0,0,0,0,0
56200,9989,0,5,0,3,0,0,0,3,0,0,0,0,0,0,0,0,0
56300,9998,0,0,0,0,0,1,0,1,0,0,0,0,0,0,0,0,0
56400,9991,0,1,0,1,0,2,0,4,0,1,0,0,0,0,0,0,0
56500,9994,0,3,0,1,0,1,0,1,0,0,0,0,0,0,0,0,0
56600,9994,0,2,0,2,0,1,0,1,0,0,0,0,0,0,0,0,0
56700,9996,0,2,0,1,0,1,0,0,0,0,0,0,0,0,0,0,0
56800,9989,0,1,0,1,0,1,0,8,0,0,0,0,0,0,0,0,0
56900,9988,0,7,0,2,0,1,0,1,0,1,0,0,0,0,0,0,0
57000,9986,0,6,0,3,0,1,0,3,0,1,0,0,0,0,0,0,0
57100,9989,0,8,0,3,0,0,0,0,0,0,0,0,0,0,0,0,0
57200,9986,0,7,0,2,0,0,0,2,0,3,0,0,0,0,0,0,0
57300,9985,0,7,0,1,0,5,0,2,0,0,0,0,0,0,0,0,0
57400,9986,0,6,0,2,0,0,0,5,0,1,0,0,0,0,0,0,0
57500,9986,0,11,0,0,0,0,0,0,0,3,0,0,0,0,0,0,0
57600,9981,0,7,0,4,0,3,0,2,0,3,0,0,0,0,0,0,0
57700,9985,0,9,0,2,0,2,0,2,0,0,0,0,0,0,0,0,0
57800,9985,0,7,0,4,0,2,0,1,0,1,0,0,0,0,0,0,0
57900,9986,0,7,0,1,0,2,0,4,0,0,0,0,0,0,0,0,0
58000,9988,0,6,0,2,0,3,0,0,0,1,0,0,0,0,0,0,0
58100,9987,0,5,0,3,0,0,0,4,0,1,0,0,0,0,0,0,0
58200,9983,0,9,0,1,0,0,0,5,0,2,0,0,0,0,0,0,0
58300,9986,0,6,0,2,0,3,0,1,0,2,0,0,0,0,0,0,0
58400,9987,0,8,0,0,0,0,0,4,0,1,0,0,0,0,0,0,0
58500,9990,0,6,0,1,0,1,0,1,0,1,0,0,0,0,0,0,0
58600,9986,0,9,0,2,0,1,0,2,0,0,0,0,0,0,0,0,0
58700,9985,0,6,0,1,0,4,0,3,0,1,0,0,0,0,0,0,0
58800,9984,0,6,0,2,0,0,0,6,0,2,0,0,0,0,0,0,0
58900,9988,0,7,0,0,0,0,0,4,0,1,0,0,0,0,0,0,0
59000,9984,0,14,0,1,0,0,0,1,0,0,0,0,0,0,0,0,0
59100,9973,0,19,0,2,0,0,0,6,0,0,0,0,0,0,0,0,0
59200,9978,0,15,0,4,0,2,0,0,0,1,0,0,0,0,0,0,0
59300,9977,0,13,0,2,0,1,0,7,0,0,0,0,0,0,0,0,0
59400,9976,0,11,0,4,0,4,0,4,0,1,0,0,0,0,0,0,0
59500,9990,0,6,0,1,0,1,0,2,0,0,0,0,0,0,0,0,0
59600,9986,0,6,0,4,0,1,0,3,0,0,0,0,0,0,0,0,0
59700,9985,0,4,0,1,0,2,0,6,0,2,0,0,0,0,0,0,0
59800,9987,0,10,0,2,0,0,0,1,0,0,0,0,0,0,0,0,0
59900,9988,0,8,0,2,0,0,0,2,0,0,0,0,0,0,0,0,0
60000,9980,0,14,0,0,0,3,0,1,0,2,0,0,0,0,0,0,0
60100,9988,0,4,0,2,0,3,0,2,0,1,0,0,0,0,0,0,0
60200,9989,0,5,0,2,0,3,0,0,0,1,0,0,0,0,0,0,0
60300,9996,0,3,0,0,0,0,0,0,0,1,0,0,0,0,0,0,0
60400,9990,0,5,0,3,0,0,0,1,0,1,0,0,0,0,0,0,0
60500,9993,0,2,0,0,0,1,0,3,0,1,0,0,0,0,0,0,0
60600,9993,0,4,0,1,0,1,0,0,0,1,0,0,0,0,0,0,0
60700,9994,0,0,0,2,0,0,0,3,0,1,0,0,0,0,0,0,0
60800,9993,0,3,0,0,0,2,0,1,0,1,0,0,0,0,0,0,0
60900,9988,0,2,0,1,0,7,0,1,0,1,0,0,0,0,0,0,0
61000,9994,0,2,0,2,0,0,0,1,0,1,0,0,0,0,0,0,0
61100,9992,0,7,0,1,0,0,0,0,0,0,0,0,0,0,0,0,0
61200,9993,0,1,0,2,0,1,0,2,0,1,0,0,0,0,0,0,0
61300,9989,0,6,0,0,0,2,0,1,0,2,0,0,0,0,0,0,0
61400,9993,0,4,0,1,0,2,0,0,0,0,0,0,0,0,0,0,0
61500,9990,0,6,0,1,0,0,0,3,0,0,0,0,0,0,0,0,0
61600,9990,0,4,0,1,0,1,0,3,0,0,0,1,0,0,0,0,0
61700,9990,0,2,0,3,0,0,0,1,0,4,0,0,0,0,0,0,0
61800,9984,0,5,0,6,0,2,0,3,0,0,0,0,0,0,0,0,0
61900,9985,0,6,0,1,0,4,0,4,0,0,0,0,0,0,0,0,0
62000,9996,0,0,0,1,0,1,0,2,0,0,0,0,0,0,0,0,0
62100,9990,0,4,0,2,0,0,0,3,0,1,0,0,0,0,0,0,0
62200,9990,0,2,0,1,0,4,0,3,0,0,0,0,0,0,0,0,0
62300,9993,0,1,0,2,0,1,0,3,0,0,0,0,0,0,0,0,0
62400,9991,0,1,0,1,0,2,0,3,0,2,0,0,0,0,0,0,0
62500,9993,0,0,0,3,0,1,0,2,0,1,0,0,0,0,0,0,0
62600,9997,0,0,0,0,0,3,0,0,0,0,0,0,0,0,0,0,0
62700,9992,0,1,0,4,0,1,0,1,0,1,0,0,0,0,0,0,0
62800,9986,0,1,0,3,0,0,0,6,0,3,0,1,0,0,0,0,0
62900,9990,0,1,0,5,0,2,0,2,0,0,0,0,0,0,0,0,0
63000,9998,0,1,0,0,0,0,0,1,0,0,0,0,0,0,0,0,0
63100,9992,0,2,0,3,0,0,0,1,0,2,0,0,0,0,0,0,0
63200,9981,0,8,0,2,0,1,0,6,0,2,0,0,0,0,0,0,0
63300,9985,0,7,0,2,0,3,0,3,0,0,0,0,0,0,0,0,0
63400,9986,0,6,0,1,0,3,0,1,0,3,0,0,0,0,0,0,0
63500,9988,0,4,0,0,0,1,0,6,0,1,0,0,0,0,0,0,0
63600,9990,0,5,0,2,0,1,0,1,0,1,0,0,0,0,0,0,0
63700,9973,0,23,0,0,0,2,0,1,0,1,0,0,0,0,0,0,0
63800,9972,0,23,0,0,0,2,0,2,0,1,0,0,0,0,0,0,0
63900,9969,0,21,0,4,0,3,0,3,0,0,0,0,0,0,0,0,0
64000,9966,0,20,0,6,0,3,0,4,0,1,0,0,0,0,0,0,0
64100,9971,0,22,0,1,0,5,0,0,0,1,0,0,0,0,0,0,0
64200,9970,0,21,0,1,0,3,0,2,0,3,0,0,0,0,0,0,0
64300,9975,0,22,0,0,0,0,0,3,0,0,0,0,0,0,0,0,0
64400,9973,0,22,0,1,0,3,0,1,0,0,0,0,0,0,0,0,0
64500,9975,0,21,0,1,0,0,0,2,0,1,0,0,0,0,0,0,0
64600,9970,0,25,0,4,0,0,0,1,0,0,0,0,0,0,0,0,0
64700,9969,0,21,0,2,0,3,0,3,0,2,0,0,0,0,0,0,0
64800,9976,0,18,0,2,0,2,0,2,0,0,0,0,0,0,0,0,0
64900,9974,0,23,0,1,0,0,0,2,0,0,0,0,0,0,0,0,0
65000,9972,0,21,0,0,0,5,0,1,0,1,0,0,0,0,0,0,0
65100,9968,0,23,0,3,0,0,0,5,0,1,0,0,0,0,0,0,0
65200,9971,0,21,0,1,0,0,0,4,0,3,0,0,0,0,0,0,0
65300,9971,0,24,0,0,0,2,0,2,0,1,0,0,0,0,0,0,0
65400,9976,0,17,0,0,0,1,0,3,0,3,0,0,0,0,0,0,0
65500,9972,0,18,0,5,0,0,0,3,0,2,0,0,0,0,0,0,0
65600,9969,0,24,0,1,0,3,0,3,0,0,0,0,0,0,0,0,0
65700,9985,0,12,0,1,0,1,0,0,0,1,0,0,0,0,0,0,0
65800,9981,0,8,0,3,0,0,0,7,0,1,0,0,0,0,0,0,0
65900,9987,0,6,0,2,0,3,0,2,0,0,0,0,0,0,0,0,0
66000,9993,0,2,0,1,0,1,0,2,0,1,0,0,0,0,0,0,0
66100,9987,0,3,0,2,0,1,0,6,0,1,0,0,0,0,0,0,0
66200,9997,0,2,0,1,0,0,0,0,0,0,0,0,0,0,0,0,0
66300,9989,0,3,0,1,0,4,0,3,0,0,0,0,0,0,0,0,0
66400,9984,0,5,0,3,0,3,0,3,0,1,0,0,0,1,0,0,0
66500,9987,0,6,0,2,0,3,0,0,0,1,0,1,0,0,0,0,0
66600,9986,0,10,0,2,0,2,0,0,0,0,0,0,0,0,0,0,0
66700,9976,0,20,0,1,0,1,0,1,0,1,0,0,0,0,0,0,0
66800,9986,0,10,0,0,0,1,0,3,0,0,0,0,0,0,0,0,0
66900,9983,0,12,0,0,0,1,0,3,0,1,0,0,0,0,0,0,0
67000,9980,0,15,0,2,0,0,0,2,0,1,0,0,0,0,0,0,0
67100,9974,0,19,0,2,0,0,0,2,0,3,0,0,0,0,0,0,0
67200,9975,0,17,0,1,0,5,0,0,0,2,0,0,0,0,0,0,0
67300,9976,0,17,0,4,0,1,0,2,0,0,0,0,0,0,0,0,0
67400,9973,0,20,0,0,0,3,0,4,0,0,0,0,0,0,0,0,0
67500,9975,0,17,0,0,0,4,0,3,0,1,0,0,0,0,0,0,0
67600,9981,0,15,0,1,0,1,0,0,0,2,0,0,0,0,0,0,0
67700,9970,0,19,0,4,0,1,0,6,0,0,0,0,0,0,0,0,0
67800,9969,0,23,0,3,0,1,0,4,0,0,0,0,0,0,0,0,0
67900,9968,0,27,0,3,0,0,0,2,0,0,0,0,0,0,0,0,0
68000,9974,0,26,0,0,0,0,0,0,0,0,0,0,0,0,0,0,0
68100,9964,0,28,0,0,0,1,0,7,0,0,0,0,0,0,0,0,0
68200,9972,0,23,0,1,0,1,0,2,0,1,0,0,0,0,0,0,0
68300,9974,0,22,0,2,0,1,0,0,0,1,0,0,0,0,0,0,0
68400,9963,0,31,0,1,0,0,0,5,0,0,0,0,0,0,0,0,0
68500,9974,0,24,0,1,0,0,0,1,0,0,0,0,0,0,0,0,0
68600,9966,0,24,0,3,0,1,0,5,0,1,0,0,0,0,0,0,0
68700,9975,0,22,0,0,0,1,0,2,0,0,0,0,0,0,0,0,0
68800,9975,0,24,0,1,0,0,0,0,0,0,0,0,0,0,0,0,0
68900,9971,0,25,0,1,0,1,0,1,0,1,0,0,0,0,0,0,0
69000,9962,0,32,0,3,0,0,0,2,0,1,0,0,0,0,0,0,0
69100,9962,0,33,0,0,0,0,0,3,0,2,0,0,0,0,0,0,0
69200,9958,0,33,0,3,0,2,0,4,0,0,0,0,0,0,0,0,0
69300,9963,0,32,0,1,0,1,0,1,0,2,0,0,0,0,0,0,0
69400,9958,0,36,0,3,0,1,0,1,0,1,0,0,0,0,0,0,0
69500,9963,0,34,0,0,0,2,0,0,0,1,0,0,0,0,0,0,0
69600,9966,0,30,0,1,0,1,0,2,0,0,0,0,0,0,0,0,0
69700,9963,0,31,0,2,0,1,0,3,0,0,0,0,0,0,0,0,0
69800,9957,0,32,0,1,0,2,0,8,0,0,0,0,0,0,0,0,0
69900,9967,0,31,0,1,0,1,0,0,0,0,0,0,0,0,0,0,0
70000,9939,0,44,0,3,0,10,0,0,0,3,0,1,0,0,0,0,0
70100,9950,0,41,0,3,0,2,0,3,0,1,0,0,0,0,0,0,0
70200,9954,0,39,0,3,0,1,0,2,0,1,0,0,0,0,0,0,0
70300,9958,0,39,0,1,0,0,0,2,0,0,0,0,0,0,0,0,0
70400,9953,0,42,0,1,0,2,0,2,0,0,0,0,0,0,0,0,0
70500,9957,0,39,0,2,0,1,0,0,0,1,0,0,0,0,0,0,0
70600,9953,0,37,0,0,0,4,0,6,0,0,0,0,0,0,0,0,0
70700,9961,0,27,0,3,0,3,0,4,0,2,0,0,0,0,0,0,0
70800,9965,0,30,0,2,0,0,0,2,0,1,0,0,0,0,0,0,0
70900,9964,0,26,0,1,0,1,0,6,0,2,0,0,0,0,0,0,0
71000,9972,0,26,0,0,0,0,0,0,0,2,0,0,0,0,0,0,0
71100,9967,0,27,0,2,0,2,0,2,0,0,0,0,0,0,0,0,0
71200,9968,0,29,0,0,0,1,0,2,0,0,0,0,0,0,0,0,0
71300,9978,0,18,0,3,0,0,0,1,0,0,0,0,0,0,0,0,0
71400,9979,0,20,0,0,0,0,0,0,0,1,0,0,0,0,0,0,0
71500,9973,0,19,0,1,0,3,0,4,0,0,0,0,0,0,0,0,0
71600,9965,0,19,0,4,0,5,0,5,0,2,0,0,0,0,0,0,0
71700,9978,0,18,0,1,0,0,0,2,0,1,0,0,0,0,0,0,0
71800,9981,0,18,0,0,0,0,0,1,0,0,0,0,0,0,0,0,0
71900,9980,0,18,0,0,0,1,0,1,0,0,0,0,0,0,0,0,0
72000,9973,0,18,0,3,0,2,0,3,0,1,0,0,0,0,0,0,0
72100,9977,0,17,0,2,0,0,0,4,0,0,0,0,0,0,0,0,0
72200,9977,0,19,0,1,0,1,0,0,0,2,0,0,0,0,0,0,0
72300,9974,0,19,0,1,0,3,0,1,0,2,0,0,0,0,0,0,0
72400,9976,0,19,0,1,0,2,0,1,0,1,0,0,0,0,0,0,0
72500,9976,0,18,0,3,0,0,0,3,0,0,0,0,0,0,0,0,0
72600,9973,0,18,0,3,0,2,0,2,0,2,0,0,0,0,0,0,0
72700,9980,0,18,0,0,0,1,0,0,0,1,0,0,0,0,0,0,0
72800,9977,0,17,0,1,0,1,0,3,0,1,0,0,0,0,0,0,0
72900,9981,0,12,0,2,0,2,0,2,0,1,0,0,0,0,0,0,0
73000,9983,0,11,0,3,0,0,0,1,0,2,0,0,0,0,0,0,0
73100,9985,0,9,0,2,0,3,0,1,0,0,0,0,0,0,0,0,0
73200,9986,0,10,0,2,0,1,0,1,0,0,0,0,0,0,0,0,0
73300,9984,0,9,0,0,0,4,0,2,0,1,0,0,0,0,0,0,0
73400,9982,0,9,0,2,0,1,0,5,0,1,0,0,0,0,0,0,0
73500,9983,0,12,0,2,0,1,0,1,0,1,0,0,0,0,0,0,0
73600,9984,0,8,0,1,0,3,0,2,0,2,0,0,0,0,0,0,0
73700,9987,0,9,0,0,0,0,0,0,0,4,0,0,0,0,0,0,0
73800,9987,0,10,0,3,0,0,0,0,0,0,0,0,0,0,0,0,0
73900,9987,0,9,0,2,0,0,0,2,0,0,0,0,0,0,0,0,0
74000,9989,0,9,0,1,0,1,0,0,0,0,0,0,0,0,0,0,0
74100,9988,0,9,0,1,0,1,0,0,0,1,0,0,0,0,0,0,0
74200,9989,0,9,0,0,0,2,0,0,0,0,0,0,0,0,0,0,0
74300,9983,0,10,0,1,0,2,0,1,0,3,0,0,0,0,0,0,0
74400,9987,0,9,0,2,0,1,0,1,0,0,0,0,0,0,0,0,0
74500,9987,0,9,0,0,0,1,0,1,0,2,0,0,0,0,0,0,0
74600,9981,0,8,0,4,0,2,0,4,0,1,0,0,0,0,0,0,0
74700,9985,0,9,0,1,0,1,0,2,0,2,0,0,0,0,0,0,0
74800,9986,0,9,0,1,0,3,0,0,0,1,0,0,0,0,0,0,0
74900,9984,0,11,0,1,0,0,0,2,0,2,0,0,0,0,0,0,0
75000,9979,0,11,0,3,0,4,0,3,0,0,0,0,0,0,0,0,0
75100,9977,0,9,0,2,0,6,0,3,0,3,0,0,0,0,0,0,0
75200,9986,0,8,0,1,0,4,0,0,0,1,0,0,0,0,0,0,0
75300,9983,0,13,0,0,0,3,0,1,0,0,0,0,0,0,0,0,0
75400,9980,0,12,0,2,0,2,0,3,0,1,0,0,0,0,0,0,0
75500,9978,0,14,0,2,0,1,0,4,0,1,0,0,0,0,0,0,0
75600,9986,0,10,0,2,0,1,0,1,0,0,0,0,0,0,0,0,0
75700,9984,0,11,0,0,0,0,0,5,0,0,0,0,0,0,0,0,0
75800,9984,0,10,0,1,0,1,0,2,0,2,0,0,0,0,0,0,0
75900,9980,0,10,0,3,0,1,0,6,0,0,0,0,0,0,0,0,0
76000,9981,0,9,0,3,0,0,0,5,0,2,0,0,0,0,0,0,0
76100,9982,0,10,0,0,0,2,0,5,0,1,0,0,0,0,0,0,0
76200,9981,0,8,0,2,0,1,0,8,0,0,0,0,0,0,0,0,0
76300,9984,0,10,0,3,0,0,0,1,0,2,0,0,0,0,0,0,0
76400,9986,0,10,0,0,0,1,0,3,0,0,0,0,0,0,0,0,0
76500,9986,0,11,0,1,0,0,0,2,0,0,0,0,0,0,0,0,0
76600,9975,0,9,0,4,0,4,0,6,0,2,0,0,0,0,0,0,0
76700,9969,0,18,0,2,0,1,0,9,0,1,0,0,0,0,0,0,0
76800,9973,0,18,0,3,0,2,0,2,0,2,0,0,0,0,0,0,0
76900,9976,0,17,0,2,0,2,0,2,0,1,0,0,0,0,0,0,0
77000,9968,0,26,0,2,0,0,0,3,0,1,0,0,0,0,0,0,0
77100,9941,0,55,0,1,0,1,0,2,0,0,0,0,0,0,0,0,0
77200,9933,0,57,0,1,0,3,0,4,0,2,0,0,0,0,0,0,0
77300,9970,0,25,0,3,0,1,0,1,0,0,0,0,0,0,0,0,0
77400,9968,0,20,0,3,0,3,0,5,0,1,0,0,0,0,0,0,0
77500,9974,0,22,0,0,0,2,0,2,0,0,0,0,0,0,0,0,0
77600,9973,0,12,0,5,0,4,0,3,0,3,0,0,0,0,0,0,0
77700,9994,0,2,0,3,0,0,0,0,0,0,0,1,0,0,0,0,0
77800,9991,0,3,0,2,0,3,0,0,0,1,0,0,0,0,0,0,0
77900,9990,0,7,0,0,0,3,0,0,0,0,0,0,0,0,0,0,0
78000,9978,0,6,0,2,0,8,0,6,0,0,0,0,0,0,0,0,0
78100,9992,0,2,0,0,0,2,0,4,0,0,0,0,0,0,0,0,0
78200,9984,0,2,0,3,0,6,0,3,0,2,0,0,0,0,0,0,0
78300,9993,0,3,0,0,0,1,0,2,0,1,0,0,0,0,0,0,0
78400,9994,0,2,0,1,0,2,0,1,0,0,0,0,0,0,0,0,0
78500,9986,0,2,0,4,0,4,0,4,0,0,0,0,0,0,0,0,0
78600,9990,0,2,0,0,0,2,0,4,0,2,0,0,0,0,0,0,0
78700,9993,0,0,0,2,0,3,0,2,0,0,0,0,0,0,0,0,0
78800,9994,0,4,0,1,0,1,0,0,0,0,0,0,0,0,0,0,0
78900,9986,0,1,0,3,0,4,0,5,0,1,0,0,0,0,0,0,0
79000,9995,0,1,0,1,0,1,0,0,0,2,0,0,0,0,0,0,0
79100,9988,0,0,0,3,0,2,0,5,0,2,0,0,0,0,0,0,0
79200,9987,0,0,0,3,0,4,0,4,0,2,0,0,0,0,0,0,0
79300,9991,0,0,0,1,0,4,0,4,0,0,0,0,0,0,0,0,0
79400,9988,0,0,0,4,0,6,0,2,0,0,0,0,0,0,0,0,0
79500,9993,0,3,0,1,0,2,0,0,0,1,0,0,0,0,0,0,0
79600,9991,0,3,0,1,0,2,0,2,0,1,0,0,0,0,0,0,0
79700,9993,0,0,0,2,0,4,0,0,0,1,0,0,0,0,0,0,0
79800,9993,0,0,0,1,0,4,0,1,0,1,0,0,0,0,0,0,0
79900,9990,0,0,0,1,0,6,0,2,0,1,0,0,0,0,0,0,0
80000,9993,0,0,0,1,0,2,0,3,0,1,0,0,0,0,0,0,0
80100,9987,0,1,0,2,0,4,0,3,0,3,0,0,0,0,0,0,0
80200,9986,0,4,0,2,0,4,0,2,0,2,0,0,0,0,0,0,0
80300,9988,0,7,0,1,0,1,0,1,0,2,0,0,0,0,0,0,0
80400,9988,0,4,0,4,0,2,0,2,0,0,0,0,0,0,0,0,0
80500,9989,0,7,0,0,0,3,0,1,0,0,0,0,0,0,0,0,0
80600,9990,0,4,0,2,0,3,0,1,0,0,0,0,0,0,0,0,0
80700,9975,0,12,0,6,0,6,0,1,0,0,0,0,0,0,0,0,0
80800,9980,0,9,0,3,0,3,0,1,0,4,0,0,0,0,0,0,0
80900,9982,0,10,0,3,0,1,0,2,0,2,0,0,0,0,0,0,0
81000,9977,0,15,0,2,0,2,0,2,0,2,0,0,0,0,0,0,0
81100,9974,0,16,0,3,0,2,0,2,0,3,0,0,0,0,0,0,0
81200,9976,0,20,0,0,0,2,0,1,0,1,0,0,0,0,0,0,0
81300,9974,0,19,0,3,0,2,0,1,0,1,0,0,0,0,0,0,0
81400,9972,0,20,0,2,0,2,0,2,0,2,0,0,0,0,0,0,0
81500,9962,0,32,0,0,0,2,0,2,0,2,0,0,0,0,0,0,0
81600,9954,0,42,0,2,0,2,0,0,0,0,0,0,0,0,0,0,0
81700,9961,0,32,0,2,0,3,0,1,0,1,0,0,0,0,0,0,0
81800,9958,0,34,0,2,0,3,0,2,0,1,0,0,0,0,0,0,0
81900,9968,0,27,0,0,0,2,0,1,0,2,0,0,0,0,0,0,0
82000,9978,0,15,0,1,0,2,0,4,0,0,0,0,0,0,0,0,0
82100,9968,0,28,0,1,0,0,0,2,0,1,0,0,0,0,0,0,0
82200,9966,0,27,0,1,0,3,0,2,0,1,0,0,0,0,0,0,0
82300,9943,0,51,0,1,0,3,0,2,0,0,0,0,0,0,0,0,0
82400,9928,0,61,0,0,0,7,0,4,0,0,0,0,0,0,0,0,0
82500,9973,0,22,0,1,0,1,0,3,0,0,0,0,0,0,0,0,0
82600,9962,0,26,0,2,0,3,0,6,0,1,0,0,0,0,0,0,0
82700,9965,0,25,0,1,0,2,0,6,0,1,0,0,0,0,0,0,0
82800,9977,0,18,0,0,0,1,0,3,0,1,0,0,0,0,0,0,0
82900,9966,0,28,0,1,0,1,0,3,0,1,0,0,0,0,0,0,0
83000,9971,0,23,0,2,0,1,0,3,0,0,0,0,0,0,0,0,0
83100,9960,0,27,0,4,0,4,0,3,0,2,0,0,0,0,0,0,0
83200,9971,0,21,0,1,0,3,0,3,0,1,0,0,0,0,0,0,0
83300,9989,0,4,0,1,0,2,0,2,0,2,0,0,0,0,0,0,0
83400,9991,0,1,0,3,0,1,0,3,0,1,0,0,0,0,0,0,0
83500,9996,0,3,0,0,0,0,0,1,0,0,0,0,0,0,0,0,0
83600,9989,0,4,0,1,0,4,0,1,0,1,0,0,0,0,0,0,0
83700,9991,0,1,0,5,0,0,0,2,0,1,0,0,0,0,0,0,0
83800,9996,0,0,0,1,0,0,0,2,0,1,0,0,0,0,0,0,0
83900,9990,0,3,0,0,0,3,0,0,0,4,0,0,0,0,0,0,0
84000,9987,0,3,0,2,0,1,0,7,0,0,0,0,0,0,0,0,0
84100,9988,0,5,0,1,0,2,0,3,0,1,0,0,0,0,0,0,0
84200,9979,0,6,0,8,0,5,0,1,0,1,0,0,0,0,0,0,0
84300,9984,0,4,0,7,0,3,0,0,0,2,0,0,0,0,0,0,0
84400,9976,0,6,0,7,0,3,0,1,0,7,0,0,0,0,0,0,0
84500,9984,0,4,0,8,0,1,0,2,0,1,0,0,0,0,0,0,0
84600,9982,0,5,0,8,0,3,0,1,0,1,0,0,0,0,0,0,0
84700,9982,0,6,0,6,0,2,0,4,0,0,0,0,0,0,0,0,0
84800,9977,0,4,0,11,0,2,0,5,0,1,0,0,0,0,0,0,0
84900,9948,0,37,0,8,0,4,0,3,0,0,0,0,0,0,0,0,0
85000,9902,0,84,0,7,0,6,0,1,0,0,0,0,0,0,0,0,0
85100,9902,0,85,0,7,0,2,0,4,0,0,0,0,0,0,0,0,0
85200,9901,0,84,0,7,0,7,0,0,0,1,0,0,0,0,0,0,0
85300,9895,0,89,0,8,0,2,0,3,0,3,0,0,0,0,0,0,0
85400,9958,0,25,0,7,0,6,0,3,0,1,0,0,0,0,0,0,0
85500,9985,0,4,0,9,0,1,0,0,0,1,0,0,0,0,0,0,0
85600,9984,0,4,0,7,0,2,0,3,0,0,0,0,0,0,0,0,0
85700,9982,0,5,0,8,0,1,0,4,0,0,0,0,0,0,0,0,0
85800,9985,0,4,0,6,0,1,0,4,0,0,0,0,0,0,0,0,0
85900,9983,0,5,0,8,0,3,0,1,0,0,0,0,0,0,0,0,0
86000,9985,0,4,0,7,0,2,0,2,0,0,0,0,0,0,0,0,0
86100,9984,0,2,0,7,0,6,0,1,0,0,0,0,0,0,0,0,0
86200,9966,0,12,0,9,0,3,0,6,0,4,0,0,0,0,0,0,0
86300,9975,0,12,0,8,0,2,0,3,0,0,0,0,0,0,0,0,0
86400,9978,0,12,0,6,0,1,0,2,0,1,0,0,0,0,0,0,0
86500,9975,0,14,0,9,0,1,0,1,0,0,0,0,0,0,0,0,0
86600,9975,0,15,0,8,0,2,0,0,0,0,0,0,0,0,0,0,0
86700,9975,0,13,0,7,0,0,0,4,0,1,0,0,0,0,0,0,0
86800,9971,0,15,0,10,0,2,0,1,0,1,0,0,0,0,0,0,0
86900,9955,0,26,0,7,0,3,0,8,0,1,0,0,0,0,0,0,0
87000,9919,0,67,0,8,0,2,0,4,0,0,0,0,0,0,0,0,0
87100,9935,0,53,0,8,0,1,0,1,0,2,0,0,0,0,0,0,0
87200,9923,0,61,0,8,0,6,0,1,0,1,0,0,0,0,0,0,0
87300,9893,0,92,0,8,0,4,0,2,0,1,0,0,0,0,0,0,0
87400,9892,0,98,0,7,0,1,0,2,0,0,0,0,0,0,0,0,0
87500,9915,0,72,0,11,0,1,0,1,0,0,0,0,0,0,0,0,0
87600,9938,0,46,0,11,0,1,0,3,0,1,0,0,0,0,0,0,0
87700,9945,0,40,0,8,0,4,0,2,0,1,0,0,0,0,0,0,0
87800,9953,0,34,0,7,0,2,0,1,0,2,0,1,0,0,0,0,0
87900,9939,0,46,0,8,0,2,0,2,0,3,0,0,0,0,0,0,0
88000,9942,0,50,0,7,0,0,0,0,0,1,0,0,0,0,0,0,0
88100,9946,0,47,0,6,0,1,0,0,0,0,0,0,0,0,0,0,0
88200,9938,0,48,0,7,0,3,0,4,0,0,0,0,0,0,0,0,0
88300,9983,0,6,0,7,0,0,0,1,0,3,0,0,0,0,0,0,0
88400,9985,0,3,0,8,0,1,0,3,0,0,0,0,0,0,0,0,0
88500,9985,0,1,0,9,0,2,0,3,0,0,0,0,0,0,0,0,0
88600,9981,0,1,0,14,0,0,0,4,0,0,0,0,0,0,0,0,0
88700,9986,0,1,0,7,0,3,0,0,0,3,0,0,0,0,0,0,0
88800,9985,0,3,0,7,0,1,0,2,0,2,0,0,0,0,0,0,0
88900,9985,0,3,0,8,0,1,0,3,0,0,0,0,0,0,0,0,0
89000,9988,0,1,0,7,0,2,0,2,0,0,0,0,0,0,0,0,0
89100,9980,0,6,0,10,0,2,0,2,0,0,0,0,0,0,0,0,0
89200,9987,0,1,0,7,0,3,0,2,0,0,0,0,0,0,0,0,0
89300,9979,0,7,0,12,0,0,0,2,0,0,0,0,0,0,0,0,0
89400,9989,0,3,0,7,0,0,0,0,0,1,0,0,0,0,0,0,0
89500,9980,0,2,0,11,0,3,0,4,0,0,0,0,0,0,0,0,0
89600,9985,0,4,0,10,0,1,0,0,0,0,0,0,0,0,0,0,0
89700,9977,0,15,0,8,0,0,0,0,0,0,0,0,0,0,0,0,0
89800,9929,0,59,0,6,0,0,0,5,0,1,0,0,0,0,0,0,0
89900,9928,0,59,0,7,0,1,0,4,0,1,0,0,0,0,0,0,0
90000,9930,0,60,0,8,0,0,0,2,0,0,0,0,0,0,0,0,0
90100,9985,0,7,0,7,0,0,0,0,0,1,0,0,0,0,0,0,0
90200,9983,0,6,0,8,0,0,0,3,0,0,0,0,0,0,0,0,0
90300,9979,0,10,0,8,0,1,0,1,0,1,0,0,0,0,0,0,0
90400,9984,0,8,0,6,0,2,0,0,0,0,0,0,0,0,0,0,0
90500,9979,0,9,0,8,0,0,0,4,0,0,0,0,0,0,0,0,0
90600,9980,0,8,0,8,0,0,0,3,0,1,0,0,0,0,0,0,0
90700,9982,0,5,0,8,0,3,0,1,0,1,0,0,0,0,0,0,0
90800,9984,0,6,0,8,0,0,0,2,0,0,0,0,0,0,0,0,0
90900,9977,0,11,0,7,0,0,0,4,0,1,0,0,0,0,0,0,0
91000,9981,0,10,0,2,0,0,0,5,0,2,0,0,0,0,0,0,0
91100,9984,0,12,0,0,0,1,0,2,0,1,0,0,0,0,0,0,0
91200,9978,0,12,0,1,0,2,0,4,0,3,0,0,0,0,0,0,0
91300,9986,0,10,0,1,0,0,0,2,0,1,0,0,0,0,0,0,0
91400,9985,0,13,0,1,0,0,0,1,0,0,0,0,0,0,0,0,0
91500,9984,0,4,0,6,0,2,0,1,0,3,0,0,0,0,0,0,0
91600,9988,0,6,0,3,0,1,0,2,0,0,0,0,0,0,0,0,0
91700,9982,0,6,0,5,0,1,0,5,0,1,0,0,0,0,0,0,0
91800,9989,0,7,0,2,0,1,0,1,0,0,0,0,0,0,0,0,0
91900,9984,0,9,0,1,0,4,0,2,0,0,0,0,0,0,0,0,0
92000,9981,0,13,0,2,0,2,0,2,0,0,0,0,0,0,0,0,0
92100,9990,0,6,0,3,0,0,0,1,0,0,0,0,0,0,0,0,0
92200,9984,0,5,0,2,0,2,0,4,0,3,0,0,0,0,0,0,0
92300,9988,0,3,0,4,0,1,0,1,0,3,0,0,0,0,0,0,0
92400,9986,0,5,0,3,0,3,0,3,0,0,0,0,0,0,0,0,0
92500,9984,0,2,0,3,0,5,0,4,0,2,0,0,0,0,0,0,0
92600,9989,0,1,0,2,0,4,0,4,0,0,0,0,0,0,0,0,0
92700,9993,0,2,0,1,0,0,0,4,0,0,0,0,0,0,0,0,0
92800,9995,0,1,0,1,0,0,0,2,0,1,0,0,0,0,0,0,0
92900,9987,0,7,0,0,0,4,0,1,0,1,0,0,0,0,0,0,0
93000,9992,0,5,0,0,0,0,0,3,0,0,0,0,0,0,0,0,0
93100,9987,0,7,0,3,0,2,0,0,0,1,0,0,0,0,0,0,0
93200,9987,0,5,0,1,0,2,0,4,0,1,0,0,0,0,0,0,0
93300,9985,0,5,0,4,0,6,0,0,0,0,0,0,0,0,0,0,0
93400,9983,0,8,0,1,0,5,0,3,0,0,0,0,0,0,0,0,0
93500,9986,0,7,0,2,0,1,0,2,0,2,0,0,0,0,0,0,0
93600,9986,0,3,0,3,0,5,0,2,0,1,0,0,0,0,0,0,0
93700,9994,0,5,0,1,0,0,0,0,0,0,0,0,0,0,0,0,0
93800,9995,0,2,0,1,0,0,0,2,0,0,0,0,0,0,0,0,0
93900,9984,0,10,0,3,0,2,0,1,0,0,0,0,0,0,0,0,0
94000,9960,0,29,0,2,0,0,0,6,0,3,0,0,0,0,0,0,0
94100,9967,0,31,0,0,0,0,0,2,0,0,0,0,0,0,0,0,0
94200,9963,0,31,0,0,0,2,0,4,0,0,0,0,0,0,0,0,0
94300,9960,0,31,0,2,0,1,0,6,0,0,0,0,0,0,0,0,0
94400,9948,0,37,0,2,0,3,0,9,0,1,0,0,0,0,0,0,0
94500,9960,0,29,0,2,0,0,0,8,0,1,0,0,0,0,0,0,0
94600,9952,0,38,0,3,0,4,0,3,0,0,0,0,0,0,0,0,0
94700,9963,0,33,0,1,0,2,0,0,0,1,0,0,0,0,0,0,0
94800,9964,0,28,0,4,0,1,0,2,0,1,0,0,0,0,0,0,0
94900,9958,0,39,0,1,0,0,0,2,0,0,0,0,0,0,0,0,0
95000,9956,0,34,0,2,0,0,0,7,0,1,0,0,0,0,0,0,0
95100,9962,0,32,0,2,0,1,0,3,0,0,0,0,0,0,0,0,0
95200,9954,0,37,0,3,0,4,0,2,0,0,0,0,0,0,0,0,0
95300,9964,0,31,0,1,0,2,0,2,0,0,0,0,0,0,0,0,0
95400,9958,0,35,0,2,0,0,0,5,0,0,0,0,0,0,0,0,0
95500,9961,0,30,0,2,0,1,0,5,0,1,0,0,0,0,0,0,0
95600,9964,0,31,0,1,0,2,0,2,0,0,0,0,0,0,0,0,0
95700,9964,0,31,0,2,0,0,0,3,0,0,0,0,0,0,0,0,0
95800,9962,0,34,0,4,0,0,0,0,0,0,0,0,0,0,0,0,0
95900,9957,0,37,0,3,0,2,0,1,0,0,0,0,0,0,0,0,0
96000,9965,0,27,0,1,0,3,0,2,0,2,0,0,0,0,0,0,0
96100,9960,0,36,0,1,0,0,0,3,0,0,0,0,0,0,0,0,0
96200,9950,0,40,0,2,0,2,0,5,0,1,0,0,0,0,0,0,0
96300,9957,0,35,0,2,0,0,0,5,0,1,0,0,0,0,0,0,0
96400,9959,0,35,0,2,0,1,0,1,0,2,0,0,0,0,0,0,0
96500,9961,0,31,0,5,0,1,0,0,0,2,0,0,0,0,0,0,0
96600,9951,0,43,0,3,0,1,0,1,0,1,0,0,0,0,0,0,0
96700,9950,0,41,0,4,0,0,0,2,0,3,0,0,0,0,0,0,0
96800,9958,0,36,0,2,0,1,0,3,0,0,0,0,0,0,0,0,0
96900,9955,0,38,0,1,0,2,0,2,0,2,0,0,0,0,0,0,0
97000,9957,0,37,0,1,0,2,0,1,0,2,0,0,0,0,0,0,0
97100,9954,0,40,0,0,0,3,0,2,0,1,0,0,0,0,0,0,0
97200,9961,0,35,0,2,0,1,0,1,0,0,0,0,0,0,0,0,0
97300,9961,0,34,0,1,0,1,0,3,0,0,0,0,0,0,0,0,0
97400,9959,0,35,0,2,0,1,0,3,0,0,0,0,0,0,0,0,0
97500,9962,0,33,0,4,0,0,0,1,0,0,0,0,0,0,0,0,0
97600,9952,0,40,0,2,0,2,0,2,0,2,0,0,0,0,0,0,0
97700,9955,0,37,0,4,0,3,0,0,0,1,0,0,0,0,0,0,0
97800,9959,0,33,0,3,0,1,0,1,0,3,0,0,0,0,0,0,0
97900,9961,0,35,0,0,0,1,0,2,0,1,0,0,0,0,0,0,0
98000,9961,0,34,0,2,0,0,0,2,0,1,0,0,0,0,0,0,0
98100,9961,0,36,0,1,0,0,0,2,0,0,0,0,0,0,0,0,0
98200,9965,0,29,0,1,0,2,0,2,0,1,0,0,0,0,0,0,0
98300,9958,0,33,0,3,0,1,0,3,0,2,0,0,0,0,0,0,0
98400,9962,0,35,0,0,0,0,0,2,0,1,0,0,0,0,0,0,0
98500,9955,0,40,0,2,0,0,0,3,0,0,0,0,0,0,0,0,0
98600,9959,0,35,0,2,0,1,0,2,0,1,0,0,0,0,0,0,0
98700,9948,0,44,0,2,0,2,0,2,0,2,0,0,0,0,0,0,0
98800,9943,0,52,0,0,0,1,0,3,0,1,0,0,0,0,0,0,0
98900,9943,0,53,0,1,0,1,0,0,0,2,0,0,0,0,0,0,0
99000,9957,0,31,0,5,0,2,0,1,0,4,0,0,0,0,0,0,0
99100,9971,0,20,0,5,0,1,0,2,0,1,0,0,0,0,0,0,0
99200,9978,0,10,0,5,0,3,0,4,0,0,0,0,0,0,0,0,0
99300,9981,0,11,0,4,0,1,0,3,0,0,0,0,0,0,0,0,0
99400,9988,0,4,0,3,0,1,0,3,0,1,0,0,0,0,0,0,0
99500,9989,0,3,0,4,0,1,0,2,0,1,0,0,0,0,0,0,0
99600,9981,0,3,0,4,0,4,0,4,0,4,0,0,0,0,0,0,0
99700,9975,0,6,0,7,0,3,0,7,0,2,0,0,0,0,0,0,0
99800,9981,0,6,0,6,0,3,0,2,0,2,0,0,0,0,0,0,0
99900,9987,0,6,0,6,0,0,0,1,0,0,0,0,0,0,0,0,0
100000,9985,0,6,0,5,0,1,0,3,0,0,0,0,0,0,0,0,0
