update,host_task_NOT,sym_task_NOT,host_task_NAND,sym_task_NAND,host_task_AND,sym_task_AND,host_task_ORN,sym_task_ORN,host_task_OR,sym_task_OR,host_task_ANDN,sym_task_ANDN,host_task_NOR,sym_task_NOR,host_task_XOR,sym_task_XOR,host_task_EQU,sym_task_EQU
0,0,0,0,0,0,0,0,0,0,0,0,0,0,0,0,0,0,0
100,9999,0,0,0,1,0,0,0,2,0,0,0,0,0,0,0,0,0
200,9994,0,0,0,2,0,0,0,4,0,0,0,0,0,0,0,0,0
300,9995,0,0,0,2,0,0,0,3,0,0,0,0,0,0,0,0,0
400,9996,0,0,0,1,0,0,0,2,0,1,0,0,0,0,0,0,0
500,9997,0,0,0,1,0,1,0,0,0,1,0,0,0,0,0,0,0
600,9991,0,3,0,3,0,0,0,2,0,1,0,0,0,0,0,0,0
700,9989,0,4,0,2,0,1,0,3,0,1,0,0,0,0,0,0,0
800,9987,0,4,0,7,0,1,0,0,0,1,0,0,0,0,0,0,0
900,9984,0,4,0,2,0,0,0,8,0,2,0,0,0,0,0,0,0
1000,9991,0,4,0,1,0,1,0,3,0,0,0,0,0,0,0,0,0
1100,9990,0,3,0,3,0,0,0,1,0,3,0,0,0,0,0,0,0
1200,9991,0,2,0,3,0,1,0,2,0,1,0,0,0,0,0,0,0
1300,9989,0,1,0,3,0,4,0,3,0,0,0,0,0,0,0,0,0
1400,9992,0,2,0,2,0,2,0,2,0,0,0,0,0,0,0,0,0
1500,9994,0,1,0,1,0,0,0,2,0,2,0,0,0,0,0,0,0
1600,9989,0,4,0,4,0,0,0,3,0,0,0,0,0,0,0,0,0
1700,9990,0,1,0,0,0,4,0,2,0,3,0,0,0,0,0,0,0
1800,9985,0,6,0,2,0,2,0,5,0,0,0,0,0,0,0,0,0
1900,9985,0,7,0,0,0,0,0,7,0,1,0,0,0,0,0,0,0
2000,9983,0,6,0,2,0,4,0,4,0,1,0,0,0,0,0,0,0
2100,9989,0,6,0,1,0,1,0,2,0,1,0,0,0,0,0,0,0
2200,9990,0,3,0,1,0,1,0,4,0,1,0,0,0,0,0,0,0
2300,9987,0,6,0,2,0,2,0,2,0,1,0,0,0,0,0,0,0
2400,9989,0,4,0,0,0,1,0,4,0,2,0,0,0,0,0,0,0
2500,9977,0,7,0,3,0,6,0,5,0,2,0,0,0,0,0,0,0
2600,9986,0,6,0,2,0,1,0,3,0,2,0,0,0,0,0,0,0
2700,9978,0,10,0,3,0,4,0,3,0,2,0,0,0,0,0,0,0
2800,9981,0,10,0,1,0,5,0,2,0,1,0,0,0,0,0,0,0
2900,9983,0,11,0,0,0,1,0,4,0,1,0,0,0,0,0,0,0
3000,9976,0,7,0,3,0,4,0,6,0,3,0,1,0,0,0,0,0
3100,9975,0,13,0,3,0,1,0,6,0,2,0,0,0,0,0,0,0
3200,9982,0,6,0,4,0,7,0,0,0,1,0,0,0,0,0,0,0
3300,9981,0,11,0,0,0,0,0,5,0,3,0,0,0,0,0,0,0
3400,9980,0,11,0,4,0,1,0,4,0,0,0,0,0,0,0,0,0
3500,9976,0,10,0,3,0,2,0,8,0,1,0,0,0,0,0,0,0
3600,9982,0,9,0,2,0,1,0,5,0,1,0,0,0,0,0,0,0
3700,9977,0,14,0,1,0,3,0,3,0,2,0,0,0,0,0,0,0
3800,9983,0,6,0,2,0,2,0,5,0,2,0,0,0,0,0,0,0
3900,9977,0,12,0,3,0,2,0,6,0,0,0,0,0,0,0,0,0
4000,9979,0,10,0,1,0,3,0,6,0,1,0,0,0,0,0,0,0
4100,9977,0,13,0,4,0,4,0,2,0,0,0,0,0,0,0,0,0
4200,9977,0,13,0,1,0,3,0,5,0,1,0,0,0,0,0,0,0
4300,9976,0,15,0,4,0,1,0,4,0,0,0,0,0,0,0,0,0
4400,9972,0,14,0,8,0,3,0,3,0,0,0,0,0,0,0,0,0
4500,9972,0,16,0,2,0,4,0,4,0,2,0,0,0,0,0,0,0
4600,9971,0,18,0,2,0,5,0,3,0,1,0,0,0,0,0,0,0
4700,9967,0,18,0,4,0,4,0,7,0,0,0,0,0,0,0,0,0
4800,9970,0,19,0,0,0,6,0,3,0,2,0,0,0,0,0,0,0
4900,9971,0,19,0,1,0,5,0,2,0,2,0,0,0,0,0,0,0
5000,9975,0,18,0,2,0,1,0,2,0,2,0,0,0,0,0,0,0
5100,9969,0,14,0,1,0,7,0,7,0,2,0,0,0,0,0,0,0
5200,9971,0,14,0,2,0,4,0,7,0,2,0,0,0,0,0,0,0
5300,9966,0,16,0,1,0,10,0,5,0,2,0,0,0,0,0,0,0
5400,9961,0,23,0,3,0,4,0,7,0,2,0,0,0,0,0,0,0
5500,9971,0,21,0,1,0,3,0,2,0,2,0,0,0,0,0,0,0
5600,9968,0,20,0,2,0,4,0,2,0,3,0,1,0,0,0,0,0
5700,9965,0,24,0,2,0,7,0,2,0,0,0,0,0,0,0,0,0
5800,9961,0,30,0,1,0,3,0,4,0,1,0,0,0,0,0,0,0
5900,9947,0,45,0,1,0,2,0,4,0,1,0,0,0,0,0,0,0
6000,9936,0,53,0,2,0,5,0,0,0,3,0,1,0,0,0,0,0
6100,9925,0,63,0,0,0,4,0,4,0,4,0,0,0,0,0,0,0
6200,9926,0,67,0,2,0,3,0,2,0,0,0,0,0,0,0,0,0
6300,9919,0,71,0,2,0,3,0,4,0,1,0,0,0,0,0,0,0
6400,9925,0,64,0,3,0,6,0,1,0,1,0,0,0,0,0,0,0
6500,9925,0,63,0,2,0,4,0,4,0,2,0,0,0,0,0,0,0
6600,9916,0,70,0,4,0,3,0,6,0,1,0,0,0,0,0,0,0
6700,9916,0,76,0,1,0,3,0,1,0,3,0,0,0,0,0,0,0
6800,9880,0,100,0,3,0,6,0,9,0,2,0,0,0,0,0,0,0
6900,9889,0,98,0,3,0,4,0,4,0,1,0,1,0,0,0,0,0
7000,9874,0,108,0,2,0,7,0,8,0,1,0,0,0,0,0,0,0
7100,9831,0,153,0,1,0,7,0,5,0,3,0,0,0,0,0,0,0
7200,9793,0,190,0,4,0,6,0,7,0,0,0,0,0,0,0,0,0
7300,9783,0,194,0,4,0,11,0,7,0,1,0,0,0,0,0,0,0
7400,9769,0,218,0,5,0,1,0,5,0,2,0,0,0,0,0,0,0
7500,9710,0,276,0,2,0,6,0,4,0,2,0,0,0,0,0,0,0
7600,9692,0,295,0,6,0,6,0,1,0,0,0,0,0,0,0,0,0
7700,9629,0,336,0,21,0,6,0,7,0,1,0,0,0,0,0,0,0
7800,9601,0,361,0,22,0,8,0,6,0,1,0,1,0,0,0,0,0
7900,9601,0,363,0,25,0,5,0,2,0,4,0,0,0,0,0,0,0
8000,9526,0,399,0,50,0,19,0,4,0,1,0,1,0,0,0,0,0
8100,9475,0,456,0,41,0,24,0,3,0,1,0,0,0,0,0,0,0
8200,9480,0,472,0,28,0,14,0,5,0,1,0,0,0,0,0,0,0
8300,9422,0,513,0,32,0,27,0,3,0,3,0,0,0,0,0,0,0
8400,9395,0,532,0,30,0,32,0,4,0,7,0,0,0,0,0,0,0
8500,9452,0,497,0,10,0,26,0,12,0,3,0,0,0,0,0,0,0
8600,9477,0,485,0,6,0,24,0,4,0,4,0,0,0,0,0,0,0
8700,9472,0,448,0,14,0,57,0,7,0,2,0,0,0,0,0,0,0
8800,9522,0,411,0,7,0,55,0,4,0,1,0,0,0,0,0,0,0
8900,9549,0,376,0,9,0,58,0,6,0,2,0,0,0,0,0,0,0
9000,9544,0,388,0,6,0,53,0,5,0,4,0,0,0,0,0,0,0
9100,9568,0,356,0,5,0,63,0,5,0,3,0,0,0,0,0,0,0
9200,9588,0,343,0,5,0,51,0,8,0,5,0,0,0,0,0,0,0
9300,9597,0,327,0,4,0,61,0,7,0,4,0,0,0,0,0,0,0
9400,9636,0,303,0,2,0,56,0,2,0,1,0,0,0,0,0,0,0
9500,9623,0,301,0,6,0,59,0,10,0,1,0,0,0,0,0,0,0
9600,9595,0,338,0,5,0,48,0,12,0,2,0,0,0,0,0,0,0
9700,9608,0,335,0,2,0,43,0,9,0,3,0,0,0,0,0,0,0
9800,9561,0,383,0,4,0,40,0,8,0,4,0,0,0,0,0,0,0
9900,9586,0,363,0,3,0,39,0,6,0,3,0,0,0,0,0,0,0
10000,9591,0,361,0,4,0,41,0,3,0,0,0,0,0,0,0,0,0
10100,9602,0,338,0,8,0,37,0,10,0,5,0,0,0,0,0,0,0
10200,9611,0,336,0,4,0,39,0,6,0,3,0,1,0,0,0,0,0
10300,9570,0,383,0,3,0,35,0,7,0,2,0,0,0,0,0,0,0
10400,9591,0,357,0,5,0,32,0,12,0,3,0,0,0,0,0,0,0
10500,9600,0,355,0,6,0,33,0,6,0,0,0,0,0,0,0,0,0
10600,9638,0,315,0,4,0,39,0,4,0,0,0,0,0,0,0,0,0
10700,9664,0,294,0,6,0,29,0,5,0,2,0,0,0,0,0,0,0
10800,9623,0,325,0,5,0,37,0,7,0,3,0,0,0,0,0,0,0
10900,9617,0,340,0,4,0,32,0,5,0,2,0,0,0,0,0,0,0
11000,9614,0,343,0,4,0,27,0,10,0,2,0,0,0,0,0,0,0
11100,9565,0,382,0,7,0,39,0,4,0,3,0,0,0,0,0,0,0
11200,9597,0,366,0,1,0,28,0,7,0,1,0,0,0,0,0,0,0
11300,9601,0,367,0,5,0,20,0,5,0,2,0,0,0,0,0,0,0
11400,9625,0,348,0,6,0,6,0,14,0,1,0,0,0,0,0,0,0
11500,9664,0,319,0,6,0,8,0,3,0,0,0,0,0,0,0,0,0
11600,9608,0,371,0,2,0,5,0,9,0,5,0,0,0,0,0,0,0
11700,9596,0,388,0,2,0,4,0,9,0,1,0,0,0,0,0,0,0
11800,9599,0,383,0,4,0,4,0,7,0,2,0,1,0,0,0,0,0
11900,9599,0,390,0,2,0,3,0,1,0,5,0,0,0,0,0,0,0
12000,9598,0,381,0,4,0,2,0,12,0,3,0,0,0,0,0,0,0
12100,9597,0,381,0,5,0,8,0,2,0,6,0,1,0,0,0,0,0
12200,9570,0,412,0,10,0,3,0,4,0,1,0,0,0,0,0,0,0
12300,9546,0,426,0,7,0,11,0,6,0,4,0,0,0,0,0,0,0
12400,9522,0,466,0,4,0,6,0,1,0,1,0,0,0,0,0,0,0
12500,9512,0,460,0,7,0,7,0,11,0,3,0,0,0,0,0,0,0
12600,9522,0,463,0,1,0,8,0,6,0,0,0,0,0,0,0,0,0
12700,9506,0,479,0,5,0,2,0,6,0,2,0,0,0,0,0,0,0
12800,9469,0,515,0,2,0,4,0,5,0,5,0,0,0,0,0,0,0
12900,9429,0,559,0,1,0,4,0,5,0,2,0,0,0,0,0,0,0
13000,9398,0,585,0,5,0,5,0,4,0,3,0,0,0,0,0,0,0
13100,9404,0,579,0,5,0,5,0,4,0,3,0,0,0,0,0,0,0
13200,9385,0,598,0,2,0,3,0,10,0,2,0,0,0,0,0,0,0
13300,9416,0,567,0,3,0,7,0,4,0,3,0,0,0,0,0,0,0
13400,9467,0,520,0,4,0,4,0,4,0,0,0,1,0,0,0,0,0
13500,9463,0,520,0,2,0,4,0,5,0,5,0,1,0,0,0,0,0
13600,9516,0,463,0,7,0,5,0,7,0,2,0,0,0,0,0,0,0
13700,9572,0,412,0,8,0,0,0,5,0,3,0,0,0,0,0,0,0
13800,9569,0,416,0,2,0,2,0,8,0,3,0,0,0,0,0,0,0
13900,9523,0,460,0,5,0,3,0,9,0,0,0,0,0,0,0,0,0
14000,9501,0,483,0,3,0,6,0,5,0,2,0,0,0,0,0,0,0
14100,9451,0,531,0,9,0,3,0,2,0,4,0,0,0,0,0,0,0
14200,9433,0,547,0,4,0,5,0,9,0,2,0,0,0,0,0,0,0
14300,9386,0,589,0,6,0,4,0,5,0,10,0,0,0,0,0,0,0
14400,9398,0,577,0,6,0,8,0,9,0,1,0,1,0,0,0,0,0
14500,9413,0,566,0,5,0,4,0,7,0,5,0,0,0,0,0,0,0
14600,9408,0,579,0,4,0,1,0,4,0,4,0,0,0,0,0,0,0
14700,9443,0,545,0,2,0,4,0,4,0,2,0,0,0,0,0,0,0
14800,9447,0,528,0,10,0,3,0,9,0,3,0,0,0,0,0,0,0
14900,9457,0,522,0,4,0,7,0,7,0,2,0,1,0,0,0,0,0
15000,9450,0,522,0,5,0,10,0,8,0,4,0,1,0,0,0,0,0
15100,9444,0,539,0,2,0,5,0,9,0,1,0,0,0,0,0,0,0
15200,9459,0,524,0,4,0,5,0,6,0,2,0,0,0,0,0,0,0
15300,9471,0,506,0,6,0,8,0,7,0,2,0,0,0,0,0,0,0
15400,9493,0,488,0,4,0,6,0,8,0,1,0,0,0,0,0,0,0
15500,9524,0,455,0,6,0,7,0,4,0,3,0,1,0,0,0,0,0
15600,9555,0,432,0,3,0,3,0,6,0,1,0,0,0,0,0,0,0
15700,9535,0,419,0,5,0,29,0,9,0,3,0,0,0,0,0,0,0
15800,9512,0,429,0,5,0,42,0,11,0,1,0,0,0,0,0,0,0
15900,9556,0,386,0,4,0,41,0,12,0,1,0,0,0,0,0,0,0
16000,9524,0,415,0,3,0,42,0,11,0,5,0,0,0,0,0,0,0
16100,9543,0,402,0,5,0,42,0,8,0,0,0,0,0,0,0,0,0
16200,9518,0,421,0,3,0,43,0,12,0,3,0,0,0,0,0,0,0
16300,9542,0,410,0,1,0,38,0,9,0,0,0,0,0,0,0,0,0
16400,9506,0,429,0,4,0,39,0,19,0,3,0,0,0,0,0,0,0
16500,9493,0,437,0,7,0,41,0,17,0,5,0,0,0,0,0,0,0
16600,9448,0,494,0,5,0,35,0,14,0,4,0,0,0,0,0,0,0
16700,9427,0,514,0,1,0,43,0,15,0,0,0,0,0,0,0,0,0
16800,9380,0,582,0,6,0,18,0,14,0,0,0,0,0,0,0,0,0
16900,9373,0,606,0,2,0,5,0,10,0,3,0,1,0,0,0,0,0
17000,9372,0,610,0,4,0,8,0,5,0,1,0,0,0,0,0,0,0
17100,9376,0,605,0,4,0,1,0,10,0,3,0,1,0,0,0,0,0
17200,9324,0,648,0,2,0,16,0,4,0,5,0,1,0,0,0,0,0
17300,9333,0,607,0,3,0,47,0,5,0,5,0,0,0,0,0,0,0
17400,9413,0,528,0,5,0,46,0,4,0,4,0,0,0,0,0,0,0
17500,9402,0,542,0,6,0,44,0,5,0,1,0,0,0,0,0,0,0
17600,9386,0,543,0,6,0,51,0,11,0,1,0,2,0,0,0,0,0
17700,9378,0,561,0,5,0,50,0,5,0,1,0,0,0,0,0,0,0
17800,9368,0,563,0,8,0,57,0,3,0,1,0,0,0,0,0,0,0
17900,9318,0,600,0,10,0,65,0,7,0,0,0,0,0,0,0,0,0
18000,9307,0,603,0,6,0,80,0,3,0,1,0,0,0,0,0,0,0
18100,9304,0,597,0,8,0,81,0,8,0,2,0,0,0,0,0,0,0
18200,9330,0,562,0,11,0,89,0,5,0,3,0,0,0,0,0,0,0
18300,9377,0,531,0,11,0,72,0,8,0,1,0,0,0,0,0,0,0
18400,9427,0,513,0,11,0,46,0,3,0,0,0,0,0,0,0,0,0
18500,9403,0,532,0,8,0,46,0,8,0,2,0,1,0,0,0,0,0
18600,9360,0,567,0,12,0,50,0,5,0,6,0,0,0,0,0,0,0
18700,9319,0,608,0,16,0,48,0,5,0,4,0,0,0,0,0,0,0
18800,9411,0,530,0,11,0,44,0,3,0,1,0,0,0,0,0,0,0
18900,9493,0,450,0,7,0,45,0,4,0,1,0,0,0,0,0,0,0
19000,9520,0,440,0,5,0,30,0,4,0,1,0,0,0,0,0,0,0
19100,9523,0,426,0,9,0,34,0,8,0,0,0,0,0,0,0,0,0
19200,9522,0,437,0,9,0,24,0,7,0,1,0,0,0,0,0,0,0
19300,9505,0,451,0,8,0,29,0,5,0,2,0,0,0,0,0,0,0
19400,9522,0,439,0,8,0,25,0,6,0,0,0,0,0,0,0,0,0
19500,9461,0,495,0,10,0,27,0,4,0,3,0,0,0,0,0,0,0
19600,9482,0,476,0,9,0,25,0,5,0,3,0,0,0,0,0,0,0
19700,9467,0,501,0,12,0,6,0,8,0,4,0,2,0,0,0,0,0
19800,9478,0,504,0,7,0,1,0,6,0,3,0,1,0,0,0,0,0
19900,9510,0,468,0,14,0,2,0,2,0,4,0,0,0,0,0,0,0
20000,9537,0,416,0,8,0,36,0,1,0,2,0,0,0,0,0,0,0
20100,9485,0,466,0,7,0,37,0,5,0,0,0,0,0,0,0,0,0
20200,9451,0,494,0,7,0,42,0,4,0,2,0,0,0,0,0,0,0
20300,9423,0,525,0,7,0,40,0,5,0,0,0,0,0,0,0,0,0
20400,9435,0,512,0,5,0,38,0,6,0,4,0,0,0,0,0,0,0
20500,9441,0,500,0,8,0,39,0,11,0,1,0,0,0,0,0,0,0
20600,9489,0,479,0,10,0,13,0,8,0,1,0,0,0,0,0,0,0
20700,9498,0,482,0,8,0,4,0,5,0,3,0,0,0,0,0,0,0
20800,9490,0,485,0,10,0,2,0,9,0,4,0,0,0,0,0,0,0
20900,9487,0,489,0,14,0,3,0,5,0,2,0,0,0,0,0,0,0
21000,9447,0,504,0,41,0,2,0,5,0,1,0,0,0,0,0,0,0
21100,9463,0,487,0,38,0,4,0,6,0,2,0,0,0,0,0,0,0
21200,9481,0,460,0,38,0,12,0,5,0,4,0,0,0,0,0,0,0
21300,9457,0,480,0,43,0,15,0,3,0,2,0,0,0,0,0,0,0
21400,9439,0,496,0,38,0,18,0,8,0,1,0,0,0,0,0,0,0
21500,9405,0,522,0,42,0,17,0,8,0,6,0,0,0,0,0,0,0
21600,9438,0,505,0,40,0,13,0,3,0,1,0,0,0,0,0,0,0
21700,9418,0,525,0,37,0,13,0,5,0,2,0,0,0,0,0,0,0
21800,9471,0,468,0,41,0,13,0,6,0,1,0,0,0,0,0,0,0
21900,9554,0,386,0,41,0,11,0,6,0,2,0,0,0,0,0,0,0
22000,9577,0,358,0,41,0,16,0,6,0,2,0,0,0,0,0,0,0
22100,9591,0,341,0,37,0,21,0,7,0,3,0,0,0,0,0,0,0
22200,9600,0,342,0,39,0,13,0,4,0,2,0,0,0,0,0,0,0
22300,9555,0,368,0,44,0,18,0,12,0,3,0,0,0,0,0,0,0
22400,9588,0,343,0,42,0,13,0,8,0,6,0,0,0,0,0,0,0
22500,9619,0,313,0,42,0,19,0,5,0,2,0,0,0,0,0,0,0
22600,9636,0,307,0,39,0,9,0,4,0,5,0,0,0,0,0,0,0
22700,9608,0,318,0,41,0,24,0,5,0,4,0,0,0,0,0,0,0
22800,9599,0,325,0,42,0,23,0,10,0,1,0,0,0,0,0,0,0
22900,9573,0,356,0,39,0,26,0,4,0,1,0,0,0,0,0,1,0
23000,9598,0,334,0,38,0,23,0,4,0,3,0,0,0,0,0,0,0
23100,9577,0,352,0,37,0,27,0,5,0,2,0,0,0,0,0,0,0
23200,9573,0,358,0,40,0,26,0,3,0,0,0,0,0,0,0,0,0
23300,9571,0,357,0,43,0,21,0,6,0,2,0,0,0,0,0,0,0
23400,9523,0,414,0,31,0,27,0,5,0,0,0,0,0,0,0,0,0
23500,9530,0,422,0,5,0,37,0,4,0,2,0,0,0,0,0,0,0
23600,9549,0,422,0,4,0,22,0,1,0,2,0,0,0,0,0,0,0
23700,9566,0,398,0,3,0,26,0,2,0,5,0,0,0,0,0,0,0
23800,9586,0,372,0,10,0,27,0,2,0,3,0,0,0,0,0,0,0
23900,9598,0,354,0,7,0,30,0,8,0,3,0,0,0,0,0,0,0
24000,9604,0,360,0,3,0,24,0,4,0,5,0,0,0,0,0,0,0
24100,9594,0,374,0,7,0,19,0,3,0,3,0,0,0,0,0,0,0
24200,9574,0,389,0,4,0,26,0,5,0,2,0,0,0,0,0,0,0
24300,9607,0,347,0,5,0,27,0,12,0,2,0,0,0,0,0,0,0
24400,9658,0,304,0,6,0,23,0,7,0,1,0,1,0,0,0,0,0
24500,9691,0,285,0,2,0,15,0,5,0,2,0,0,0,0,0,0,0
24600,9687,0,276,0,4,0,24,0,9,0,0,0,0,0,0,0,0,0
24700,9668,0,294,0,4,0,26,0,4,0,4,0,0,0,0,0,0,0
24800,9654,0,317,0,3,0,18,0,6,0,2,0,0,0,0,0,0,0
24900,9662,0,304,0,3,0,26,0,5,0,0,0,0,0,0,0,0,0
25000,9645,0,332,0,2,0,14,0,6,0,1,0,0,0,0,0,0,0
25100,9613,0,356,0,5,0,16,0,7,0,3,0,0,0,0,0,0,0
25200,9613,0,357,0,7,0,14,0,6,0,3,0,0,0,0,0,0,0
25300,9619,0,359,0,1,0,15,0,5,0,1,0,0,0,0,0,0,0
25400,9674,0,306,0,2,0,13,0,3,0,2,0,0,0,0,0,0,0
25500,9676,0,300,0,1,0,16,0,5,0,2,0,0,0,0,0,0,0
25600,9675,0,297,0,2,0,17,0,8,0,0,0,0,0,1,0,0,0
25700,9717,0,246,0,20,0,8,0,7,0,1,0,0,0,0,0,1,0
25800,9694,0,266,0,20,0,12,0,6,0,2,0,0,0,0,0,0,0
25900,9711,0,259,0,20,0,4,0,4,0,2,0,0,0,0,0,0,0
26000,9695,0,259,0,24,0,12,0,8,0,2,0,0,0,0,0,0,0
26100,9665,0,293,0,23,0,11,0,6,0,1,0,1,0,0,0,0,0
26200,9664,0,299,0,21,0,9,0,5,0,2,0,0,0,0,0,0,0
26300,9630,0,333,0,20,0,9,0,4,0,4,0,0,0,0,0,0,0
26400,9628,0,328,0,22,0,12,0,4,0,6,0,0,0,0,0,0,0
26500,9623,0,343,0,19,0,9,0,5,0,1,0,0,0,0,0,0,0
26600,9587,0,387,0,6,0,6,0,10,0,4,0,0,0,0,0,0,0
26700,9618,0,366,0,1,0,9,0,5,0,1,0,0,0,0,0,0,0
26800,9675,0,313,0,1,0,5,0,1,0,5,0,0,0,0,0,0,0
26900,9729,0,245,0,4,0,11,0,7,0,4,0,0,0,0,0,0,0
27000,9741,0,237,0,4,0,12,0,3,0,3,0,0,0,0,0,0,0
27100,9734,0,242,0,8,0,13,0,2,0,1,0,0,0,0,0,0,0
27200,9736,0,240,0,5,0,10,0,6,0,3,0,0,0,0,0,0,0
27300,9741,0,238,0,4,0,10,0,4,0,1,0,2,0,0,0,0,0
27400,9707,0,279,0,5,0,6,0,2,0,1,0,0,0,0,0,0,0
27500,9646,0,340,0,3,0,6,0,4,0,1,0,0,0,0,0,0,0
27600,9671,0,310,0,2,0,9,0,6,0,2,0,0,0,0,0,0,0
27700,9676,0,310,0,1,0,8,0,2,0,2,0,1,0,0,0,0,0
27800,9690,0,283,0,3,0,14,0,7,0,3,0,0,0,0,0,0,0
27900,9709,0,260,0,3,0,15,0,9,0,3,0,1,0,0,0,0,0
28000,9668,0,299,0,5,0,18,0,6,0,4,0,0,0,0,0,0,0
28100,9643,0,335,0,2,0,13,0,5,0,2,0,0,0,0,0,0,0
28200,9639,0,333,0,3,0,17,0,5,0,3,0,0,0,0,0,0,0
28300,9615,0,354,0,4,0,18,0,8,0,1,0,0,0,0,0,0,0
28400,9571,0,386,0,5,0,27,0,6,0,5,0,0,0,0,0,0,0
28500,9598,0,377,0,2,0,20,0,3,0,0,0,0,0,0,0,0,0
28600,9549,0,426,0,5,0,15,0,3,0,2,0,0,0,0,0,0,0
28700,9570,0,404,0,4,0,12,0,9,0,1,0,0,0,0,0,0,0
28800,9576,0,400,0,4,0,11,0,7,0,2,0,0,0,0,0,0,0
28900,9581,0,396,0,1,0,15,0,4,0,3,0,0,0,0,0,0,0
29000,9608,0,371,0,3,0,11,0,1,0,6,0,0,0,0,0,0,0
29100,9602,0,366,0,5,0,15,0,10,0,2,0,0,0,0,0,0,0
29200,9619,0,363,0,1,0,9,0,5,0,3,0,0,0,0,0,0,0
29300,9641,0,347,0,1,0,8,0,1,0,2,0,0,0,0,0,0,0
29400,9652,0,330,0,4,0,9,0,3,0,2,0,0,0,0,0,0,0
29500,9702,0,284,0,1,0,11,0,2,0,0,0,0,0,0,0,0,0
29600,9703,0,276,0,4,0,9,0,4,0,4,0,0,0,0,0,0,0
29700,9702,0,278,0,1,0,16,0,3,0,0,0,0,0,0,0,0,0
29800,9718,0,262,0,3,0,12,0,2,0,3,0,0,0,0,0,0,0
29900,9735,0,250,0,2,0,8,0,5,0,0,0,0,0,0,0,0,0
30000,9719,0,260,0,3,0,15,0,2,0,1,0,0,0,0,0,0,0
30100,9726,0,255,0,2,0,14,0,3,0,0,0,0,0,0,0,0,0
30200,9720,0,256,0,4,0,14,0,5,0,1,0,0,0,0,0,0,0
30300,9725,0,256,0,6,0,10,0,2,0,1,0,0,0,0,0,0,0
30400,9737,0,249,0,3,0,9,0,2,0,0,0,0,0,0,0,0,0
30500,9705,0,278,0,3,0,10,0,4,0,0,0,0,0,0,0,0,0
30600,9691,0,290,0,4,0,10,0,3,0,2,0,0,0,0,0,0,0
30700,9707,0,280,0,3,0,6,0,4,0,0,0,0,0,0,0,0,0
30800,9698,0,286,0,2,0,8,0,6,0,0,0,0,0,0,0,0,0
30900,9708,0,278,0,3,0,6,0,3,0,2,0,0,0,0,0,0,0
31000,9697,0,282,0,6,0,7,0,6,0,2,0,0,0,0,0,0,0
31100,9711,0,274,0,1,0,8,0,3,0,3,0,0,0,0,0,0,0
31200,9704,0,279,0,2,0,8,0,6,0,1,0,0,0,0,0,0,0
31300,9712,0,277,0,2,0,6,0,2,0,1,0,0,0,0,0,0,0
31400,9691,0,300,0,0,0,7,0,2,0,0,0,0,0,0,0,0,0
31500,9653,0,334,0,1,0,7,0,5,0,0,0,0,0,0,0,0,0
31600,9660,0,323,0,3,0,9,0,4,0,1,0,0,0,0,0,0,0
31700,9663,0,325,0,2,0,6,0,1,0,3,0,0,0,0,0,0,0
31800,9655,0,331,0,0,0,5,0,6,0,3,0,0,0,0,0,0,0
31900,9633,0,345,0,6,0,9,0,5,0,2,0,0,0,0,0,0,0
32000,9648,0,338,0,3,0,4,0,6,0,1,0,0,0,0,0,0,0
32100,9716,0,274,0,3,0,3,0,3,0,1,0,0,0,0,0,0,0
32200,9766,0,214,0,5,0,4,0,10,0,1,0,0,0,0,0,0,0
32300,9784,0,209,0,2,0,1,0,4,0,0,0,0,0,0,0,0,0
32400,9773,0,218,0,2,0,1,0,3,0,3,0,0,0,0,0,0,0
32500,9758,0,235,0,2,0,0,0,2,0,3,0,0,0,0,0,0,0
32600,9696,0,288,0,4,0,5,0,4,0,3,0,0,0,0,0,0,0
32700,9638,0,351,0,5,0,3,0,2,0,1,0,0,0,0,0,0,0
32800,9653,0,332,0,4,0,3,0,2,0,6,0,0,0,0,0,0,0
32900,9658,0,312,0,3,0,24,0,3,0,0,0,0,0,0,0,0,0
33000,9639,0,313,0,3,0,39,0,5,0,1,0,0,0,0,0,0,0
33100,9633,0,322,0,1,0,39,0,3,0,2,0,0,0,0,0,0,0
33200,9636,0,318,0,3,0,36,0,5,0,2,0,0,0,0,0,0,0
33300,9636,0,313,0,4,0,38,0,7,0,2,0,0,0,0,0,0,0
33400,9652,0,302,0,3,0,36,0,5,0,2,0,0,0,0,0,0,0
33500,9679,0,283,0,2,0,35,0,0,0,1,0,0,0,0,0,0,0
33600,9716,0,239,0,2,0,37,0,6,0,0,0,0,0,0,0,0,0
33700,9726,0,233,0,3,0,35,0,3,0,0,0,0,0,0,0,0,0
33800,9718,0,238,0,5,0,36,0,0,0,3,0,0,0,0,0,0,0
33900,9714,0,234,0,4,0,40,0,6,0,2,0,0,0,0,0,0,0
34000,9766,0,221,0,3,0,8,0,2,0,0,0,0,0,0,0,0,0
34100,9812,0,178,0,1,0,1,0,7,0,1,0,0,0,0,0,0,0
34200,9719,0,264,0,4,0,6,0,6,0,1,0,0,0,0,0,0,0
34300,9711,0,275,0,1,0,4,0,5,0,4,0,0,0,0,0,0,0
34400,9760,0,229,0,4,0,1,0,3,0,3,0,0,0,0,0,0,0
34500,9754,0,234,0,1,0,3,0,4,0,4,0,0,0,0,0,0,0
34600,9783,0,199,0,4,0,3,0,6,0,5,0,0,0,0,0,0,0
34700,9814,0,173,0,4,0,2,0,4,0,3,0,0,0,0,0,0,0
34800,9817,0,172,0,1,0,6,0,3,0,1,0,0,0,0,0,0,0
34900,9818,0,171,0,3,0,0,0,3,0,5,0,0,0,0,0,0,0
35000,9818,0,173,0,2,0,2,0,2,0,3,0,0,0,0,0,0,0
35100,9814,0,171,0,1,0,6,0,5,0,3,0,0,0,0,0,0,0
35200,9826,0,169,0,0,0,0,0,2,0,3,0,0,0,0,0,0,0
35300,9809,0,181,0,2,0,0,0,4,0,4,0,0,0,0,0,0,0
35400,9813,0,175,0,2,0,2,0,4,0,3,0,1,0,0,0,0,0
35500,9872,0,121,0,3,0,1,0,2,0,1,0,0,0,0,0,0,0
35600,9871,0,121,0,3,0,2,0,2,0,1,0,0,0,0,0,0,0
35700,9870,0,119,0,1,0,5,0,1,0,4,0,0,0,0,0,0,0
35800,9885,0,108,0,3,0,2,0,0,0,2,0,0,0,0,0,0,0
35900,9889,0,103,0,1,0,3,0,3,0,1,0,0,0,0,0,0,0
36000,9882,0,109,0,5,0,1,0,2,0,1,0,0,0,0,0,0,0
36100,9879,0,113,0,3,0,2,0,1,0,2,0,0,0,0,0,0,0
36200,9869,0,120,0,1,0,4,0,4,0,2,0,0,0,0,0,0,0
36300,9873,0,113,0,4,0,3,0,5,0,2,0,0,0,0,0,0,0
36400,9877,0,110,0,2,0,3,0,3,0,5,0,0,0,0,0,0,0
36500,9866,0,126,0,1,0,4,0,2,0,1,0,0,0,0,0,0,0
36600,9872,0,120,0,2,0,1,0,3,0,2,0,0,0,0,0,0,0
36700,9863,0,122,0,4,0,3,0,4,0,4,0,0,0,0,0,0,0
36800,9871,0,123,0,2,0,2,0,0,0,2,0,0,0,0,0,0,0
36900,9871,0,122,0,0,0,2,0,1,0,4,0,0,0,0,0,0,0
37000,9867,0,122,0,4,0,2,0,1,0,3,0,1,0,0,0,0,0
37100,9875,0,121,0,1,0,2,0,0,0,1,0,0,0,0,0,0,0
37200,9880,0,109,0,2,0,4,0,4,0,1,0,0,0,0,0,0,0
37300,9887,0,103,0,0,0,3,0,4,0,3,0,0,0,0,0,0,0
37400,9879,0,106,0,2,0,5,0,5,0,3,0,0,0,0,0,0,0
37500,9883,0,97,0,2,0,9,0,5,0,4,0,0,0,0,0,0,0
37600,9947,0,44,0,1,0,5,0,1,0,2,0,0,0,0,0,0,0
37700,9950,0,41,0,1,0,2,0,3,0,2,0,1,0,0,0,0,0
37800,9968,0,25,0,2,0,2,0,2,0,1,0,0,0,0,0,0,0
37900,9948,0,31,0,7,0,4,0,7,0,3,0,0,0,0,0,0,0
38000,9954,0,31,0,4,0,2,0,8,0,1,0,0,0,0,0,0,0
38100,9956,0,31,0,3,0,3,0,5,0,2,0,0,0,0,0,0,0
38200,9954,0,37,0,1,0,1,0,5,0,2,0,0,0,0,0,0,0
38300,9965,0,25,0,1,0,4,0,5,0,0,0,0,0,0,0,0,0
38400,9970,0,20,0,4,0,2,0,4,0,0,0,0,0,0,0,0,0
38500,9967,0,22,0,2,0,5,0,4,0,0,0,0,0,0,0,0,0
38600,9971,0,17,0,2,0,8,0,2,0,0,0,0,0,0,0,0,0
38700,9971,0,23,0,3,0,1,0,1,0,1,0,0,0,0,0,0,0
38800,9975,0,21,0,0,0,3,0,1,0,0,0,0,0,0,0,0,0
38900,9959,0,26,0,4,0,5,0,4,0,2,0,0,0,0,0,0,0
39000,9969,0,23,0,3,0,3,0,2,0,0,0,0,0,0,0,0,0
39100,9967,0,27,0,0,0,2,0,0,0,1,0,3,0,0,0,0,0
39200,9938,0,51,0,3,0,6,0,0,0,2,0,0,0,0,0,0,0
39300,9885,0,103,0,0,0,6,0,6,0,0,0,0,0,0,0,0,0
39400,9890,0,101,0,3,0,2,0,2,0,2,0,0,0,0,0,0,0
39500,9888,0,102,0,0,0,5,0,3,0,2,0,0,0,0,0,0,0
39600,9891,0,99,0,1,0,7,0,2,0,0,0,0,0,0,0,0,0
39700,9888,0,98,0,6,0,3,0,4,0,1,0,0,0,0,0,0,0
39800,9892,0,97,0,4,0,2,0,2,0,3,0,0,0,0,0,0,0
39900,9890,0,95,0,1,0,10,0,3,0,1,0,0,0,0,0,0,0
40000,9879,0,98,0,2,0,19,0,2,0,0,0,0,0,0,0,0,0
40100,9874,0,94,0,1,0,25,0,5,0,1,0,0,0,0,0,0,0
40200,9869,0,96,0,1,0,28,0,5,0,1,0,0,0,0,0,0,0
40300,9843,0,123,0,0,0,31,0,3,0,0,0,0,0,0,0,0,0
40400,9842,0,128,0,0,0,25,0,4,0,1,0,0,0,0,0,0,0
40500,9835,0,134,0,3,0,24,0,3,0,1,0,0,0,0,0,0,0
40600,9856,0,118,0,2,0,20,0,3,0,1,0,0,0,0,0,0,0
40700,9845,0,116,0,5,0,28,0,3,0,3,0,0,0,0,0,0,0
40800,9861,0,119,0,2,0,16,0,0,0,2,0,0,0,0,0,0,0
40900,9860,0,120,0,0,0,18,0,1,0,1,0,0,0,0,0,0,0
41000,9857,0,120,0,1,0,18,0,4,0,0,0,0,0,0,0,0,0
41100,9851,0,117,0,1,0,27,0,2,0,2,0,0,0,0,0,0,0
41200,9861,0,117,0,0,0,21,0,0,0,1,0,0,0,0,0,0,0
41300,9854,0,117,0,1,0,24,0,3,0,1,0,0,0,0,0,0,0
41400,9841,0,126,0,3,0,19,0,8,0,3,0,0,0,0,0,0,0
41500,9850,0,127,0,0,0,18,0,3,0,2,0,0,0,0,0,0,0
41600,9846,0,129,0,2,0,21,0,1,0,1,0,0,0,0,0,0,0
41700,9841,0,129,0,2,0,24,0,3,0,1,0,0,0,0,0,0,0
41800,9849,0,120,0,1,0,26,0,4,0,0,0,0,0,0,0,0,0
41900,9842,0,121,0,3,0,27,0,4,0,3,0,0,0,0,0,0,0
42000,9837,0,127,0,2,0,25,0,7,0,2,0,0,0,0,0,0,0
42100,9850,0,128,0,2,0,18,0,0,0,2,0,0,0,0,0,0,0
42200,9849,0,122,0,1,0,25,0,3,0,0,0,0,0,0,0,0,0
42300,9840,0,130,0,3,0,23,0,1,0,3,0,0,0,0,0,0,0
42400,9847,0,122,0,6,0,20,0,4,0,1,0,0,0,0,0,0,0
42500,9854,0,127,0,4,0,12,0,3,0,0,0,0,0,0,0,0,0
42600,9841,0,124,0,5,0,22,0,8,0,0,0,0,0,0,0,0,0
42700,9841,0,125,0,2,0,28,0,2,0,2,0,0,0,0,0,0,0
42800,9845,0,126,0,2,0,22,0,4,0,1,0,0,0,0,0,0,0
42900,9847,0,125,0,5,0,21,0,2,0,0,0,0,0,0,0,0,0
43000,9838,0,131,0,3,0,21,0,6,0,1,0,0,0,0,0,0,0
43100,9853,0,125,0,1,0,19,0,1,0,1,0,0,0,0,0,0,0
43200,9858,0,122,0,0,0,15,0,4,0,1,0,0,0,0,0,0,0
43300,9853,0,123,0,2,0,18,0,2,0,2,0,0,0,0,0,0,0
43400,9854,0,118,0,2,0,21,0,5,0,0,0,0,0,0,0,0,0
43500,9852,0,123,0,1,0,21,0,3,0,0,0,0,0,0,0,0,0
43600,9864,0,127,0,0,0,5,0,3,0,1,0,0,0,0,0,0,0
43700,9862,0,123,0,2,0,8,0,3,0,2,0,0,0,0,0,0,0
43800,9861,0,122,0,4,0,9,0,1,0,3,0,0,0,0,0,0,0
43900,9870,0,120,0,0,0,7,0,1,0,2,0,0,0,0,0,0,0
44000,9871,0,115,0,2,0,12,0,0,0,0,0,0,0,0,0,0,0
44100,9872,0,117,0,1,0,6,0,4,0,0,0,0,0,0,0,0,0
44200,9876,0,113,0,1,0,7,0,1,0,2,0,0,0,0,0,0,0
44300,9879,0,114,0,0,0,6,0,1,0,0,0,0,0,0,0,0,0
44400,9872,0,116,0,1,0,8,0,2,0,1,0,0,0,0,0,0,0
44500,9870,0,115,0,2,0,9,0,2,0,2,0,0,0,0,0,0,0
44600,9872,0,117,0,1,0,8,0,0,0,2,0,0,0,0,0,0,0
44700,9874,0,116,0,1,0,6,0,1,0,2,0,0,0,0,0,0,0
44800,9877,0,116,0,0,0,6,0,1,0,0,0,0,0,0,0,0,0
44900,9873,0,113,0,2,0,9,0,2,0,1,0,0,0,0,0,0,0
45000,9872,0,115,0,2,0,8,0,3,0,0,0,0,0,0,0,0,0
45100,9873,0,113,0,3,0,7,0,4,0,0,0,0,0,0,0,0,0
45200,9889,0,102,0,2,0,5,0,2,0,0,0,0,0,0,0,0,0
45300,9903,0,82,0,3,0,8,0,4,0,0,0,0,0,0,0,0,0
45400,9909,0,82,0,0,0,8,0,1,0,0,0,0,0,0,0,0,0
45500,9907,0,82,0,2,0,5,0,3,0,1,0,0,0,0,0,0,0
45600,9907,0,81,0,3,0,8,0,1,0,0,0,0,0,0,0,0,0
45700,9902,0,81,0,4,0,9,0,3,0,1,0,0,0,0,0,0,0
45800,9906,0,83,0,1,0,6,0,1,0,2,0,1,0,0,0,0,0
45900,9904,0,80,0,2,0,11,0,3,0,0,0,0,0,0,0,0,0
46000,9899,0,92,0,0,0,7,0,1,0,1,0,0,0,0,0,0,0
46100,9892,0,94,0,0,0,10,0,3,0,1,0,0,0,0,0,0,0
46200,9894,0,95,0,1,0,9,0,1,0,0,0,0,0,0,0,0,0
46300,9890,0,95,0,1,0,13,0,1,0,0,0,0,0,0,0,0,0
46400,9894,0,99,0,1,0,5,0,1,0,0,0,0,0,0,0,0,0
46500,9885,0,105,0,0,0,7,0,2,0,1,0,0,0,0,0,0,0
46600,9900,0,89,0,1,0,5,0,4,0,1,0,0,0,0,0,0,0
46700,9905,0,85,0,1,0,6,0,1,0,2,0,0,0,0,0,0,0
46800,9896,0,91,0,2,0,10,0,1,0,0,0,0,0,0,0,0,0
46900,9894,0,94,0,1,0,8,0,2,0,1,0,0,0,0,0,0,0
47000,9891,0,98,0,2,0,4,0,3,0,2,0,0,0,0,0,0,0
47100,9884,0,97,0,2,0,15,0,1,0,1,0,0,0,0,0,0,0
47200,9885,0,101,0,0,0,9,0,2,0,3,0,0,0,0,0,0,0
47300,9827,0,158,0,2,0,12,0,0,0,1,0,0,0,0,0,0,0
47400,9839,0,143,0,3,0,13,0,2,0,0,0,0,0,0,0,0,0
47500,9870,0,116,0,0,0,11,0,2,0,1,0,0,0,0,0,0,0
47600,9882,0,109,0,1,0,6,0,1,0,1,0,0,0,0,0,0,0
47700,9886,0,98,0,1,0,12,0,1,0,2,0,0,0,0,0,0,0
47800,9879,0,104,0,5,0,7,0,3,0,2,0,0,0,0,0,0,0
47900,9893,0,95,0,1,0,6,0,4,0,1,0,0,0,0,0,0,0
48000,9887,0,97,0,3,0,7,0,5,0,1,0,0,0,0,0,0,0
48100,9918,0,77,0,2,0,2,0,1,0,0,0,0,0,0,0,0,0
48200,9914,0,77,0,0,0,7,0,2,0,0,0,0,0,0,0,0,0
48300,9903,0,83,0,2,0,11,0,1,0,0,0,0,0,0,0,0,0
48400,9905,0,80,0,2,0,11,0,2,0,0,0,0,0,0,0,0,0
48500,9903,0,81,0,2,0,9,0,5,0,0,0,0,0,0,0,0,0
48600,9907,0,81,0,2,0,7,0,2,0,1,0,0,0,0,0,0,0
48700,9912,0,80,0,1,0,6,0,1,0,0,0,0,0,0,0,0,0
48800,9942,0,42,0,1,0,13,0,1,0,1,0,0,0,0,0,0,0
48900,9986,0,0,0,1,0,8,0,5,0,0,0,0,0,0,0,0,0
49000,9985,0,2,0,0,0,10,0,2,0,1,0,0,0,0,0,0,0
49100,9988,0,1,0,1,0,9,0,1,0,0,0,0,0,0,0,0,0
49200,9989,0,2,0,1,0,7,0,1,0,0,0,0,0,0,0,0,0
49300,9981,0,1,0,1,0,12,0,3,0,2,0,0,0,0,0,0,0
49400,9986,0,0,0,0,0,12,0,2,0,0,0,0,0,0,0,0,0
49500,9984,0,0,0,0,0,14,0,2,0,0,0,0,0,0,0,0,0
49600,9985,0,1,0,2,0,12,0,0,0,0,0,0,0,0,0,0,0
49700,9991,0,2,0,0,0,2,0,5,0,0,0,0,0,0,0,0,0
49800,9985,0,5,0,2,0,3,0,5,0,0,0,0,0,0,0,0,0
49900,9998,0,0,0,0,0,1,0,0,0,1,0,0,0,0,0,0,0
50000,9993,0,1,0,0,0,1,0,4,0,1,0,0,0,0,0,0,0
50100,9994,0,1,0,1,0,0,0,4,0,0,0,0,0,0,0,0,0
50200,9988,0,2,0,1,0,0,0,9,0,0,0,0,0,0,0,0,0
50300,10000,0,0,0,0,0,0,0,0,0,0,0,0,0,0,0,0,0
50400,9991,0,4,0,2,0,0,0,3,0,0,0,0,0,0,0,0,0
50500,9997,0,0,0,2,0,1,0,0,0,0,0,0,0,0,0,0,0
50600,9989,0,0,0,0,0,4,0,3,0,4,0,0,0,0,0,0,0
50700,9992,0,3,0,0,0,1,0,3,0,1,0,0,0,0,0,0,0
50800,9993,0,1,0,0,0,4,0,2,0,0,0,0,0,0,0,0,0
50900,9995,0,2,0,0,0,1,0,2,0,0,0,0,0,0,0,0,0
51000,9997,0,0,0,0,0,0,0,2,0,1,0,0,0,0,0,0,0
51100,9997,0,0,0,0,0,1,0,1,0,1,0,0,0,0,0,0,0
51200,9991,0,2,0,3,0,0,0,4,0,0,0,0,0,0,0,0,0
51300,9988,0,4,0,3,0,0,0,3,0,2,0,0,0,0,0,0,0
51400,9991,0,3,0,0,0,2,0,4,0,0,0,0,0,0,0,0,0
51500,9992,0,2,0,1,0,3,0,1,0,1,0,0,0,0,0,0,0
51600,9994,0,3,0,1,0,0,0,2,0,0,0,0,0,0,0,0,0
51700,9994,0,3,0,1,0,1,0,1,0,0,0,0,0,0,0,0,0
51800,9991,0,4,0,1,0,1,0,2,0,1,0,0,0,0,0,0,0
51900,9990,0,5,0,1,0,3,0,1,0,0,0,0,0,0,0,0,0
52000,9988,0,2,0,1,0,5,0,4,0,0,0,0,0,0,0,0,0
52100,9985,0,9,0,3,0,0,0,2,0,1,0,0,0,0,0,0,0
52200,9984,0,13,0,1,0,0,0,2,0,0,0,0,0,0,0,0,0
52300,9990,0,5,0,2,0,0,0,2,0,1,0,0,0,0,0,0,0
52400,9985,0,4,0,3,0,1,0,7,0,0,0,0,0,0,0,0,0
52500,9992,0,0,0,0,0,1,0,4,0,3,0,0,0,0,0,0,0
52600,9992,0,3,0,1,0,0,0,4,0,0,0,0,0,0,0,0,0
52700,9992,0,0,0,2,0,4,0,1,0,1,0,0,0,0,0,0,0
52800,9992,0,1,0,0,0,1,0,5,0,1,0,0,0,0,0,0,0
52900,9994,0,1,0,0,0,0,0,5,0,0,0,0,0,0,0,0,0
53000,9990,0,0,0,1,0,5,0,3,0,1,0,0,0,0,0,0,0
53100,9994,0,0,0,0,0,1,0,4,0,1,0,0,0,0,0,0,0
53200,9991,0,0,0,2,0,5,0,1,0,1,0,0,0,0,0,0,0
53300,9994,0,0,0,0,0,1,0,3,0,2,0,0,0,0,0,0,0
53400,9994,0,0,0,0,0,1,0,5,0,0,0,0,0,0,0,0,0
53500,9989,0,1,0,2,0,4,0,4,0,0,0,0,0,0,0,0,0
53600,9993,0,1,0,4,0,2,0,0,0,0,0,0,0,0,0,0,0
53700,9994,0,0,0,1,0,3,0,2,0,0,0,0,0,0,0,0,0
53800,9993,0,2,0,1,0,0,0,3,0,1,0,0,0,0,0,0,0
53900,9997,0,0,0,1,0,1,0,1,0,0,0,0,0,0,0,0,0
54000,9999,0,0,0,1,0,0,0,0,0,0,0,0,0,0,0,0,0
54100,9994,0,0,0,0,0,0,0,6,0,0,0,0,0,0,0,0,0
54200,9993,0,3,0,0,0,2,0,2,0,0,0,0,0,0,0,0,0
54300,9988,0,1,0,2,0,3,0,5,0,1,0,0,0,0,0,0,0
54400,9999,0,0,0,0,0,0,0,0,0,1,0,0,0,0,0,0,0
54500,9991,0,0,0,4,0,3,0,2,0,0,0,0,0,0,0,0,0
54600,9992,0,0,0,2,0,3,0,3,0,0,0,0,0,0,0,0,0
54700,9997,0,2,0,0,0,1,0,0,0,0,0,0,0,0,0,0,0
54800,9993,0,0,0,2,0,2,0,1,0,2,0,0,0,0,0,0,0
54900,9996,0,1,0,1,0,1,0,1,0,0,0,0,0,0,0,0,0
55000,9991,0,3,0,0,0,2,0,2,0,2,0,0,0,0,0,0,0
55100,9995,0,0,0,3,0,2,0,0,0,0,0,0,0,0,0,0,0
55200,9998,0,0,0,0,0,1,0,1,0,0,0,0,0,0,0,0,0
55300,9990,0,2,0,1,0,3,0,3,0,1,0,0,0,0,0,0,0
55400,9994,0,0,0,1,0,5,0,0,0,0,0,0,0,0,0,0,0
55500,9990,0,0,0,2,0,4,0,3,0,1,0,0,0,0,0,0,0
55600,9988,0,0,0,2,0,8,0,2,0,0,0,0,0,0,0,0,0
55700,9982,0,8,0,1,0,7,0,1,0,1,0,0,0,0,0,0,0
55800,9963,0,30,0,1,0,4,0,2,0,0,0,0,0,0,0,0,0
55900,9974,0,25,0,1,0,0,0,0,0,0,0,0,0,0,0,0,0
56000,9969,0,23,0,1,0,3,0,3,0,1,0,0,0,0,0,0,0
56100,9965,0,26,0,2,0,1,0,5,0,1,0,0,0,0,0,0,0
56200,9968,0,24,0,2,0,3,0,3,0,0,0,0,0,0,0,0,0
56300,9970,0,24,0,1,0,2,0,3,0,0,0,0,0,0,0,0,0
56400,9965,0,26,0,1,0,4,0,4,0,0,0,0,0,0,0,0,0
56500,9967,0,28,0,0,0,1,0,2,0,2,0,0,0,0,0,0,0
56600,9965,0,24,0,1,0,1,0,8,0,1,0,0,0,0,0,0,0
56700,9970,0,24,0,0,0,3,0,2,0,1,0,0,0,0,0,0,0
56800,9974,0,23,0,0,0,2,0,1,0,0,0,0,0,0,0,0,0
56900,9968,0,24,0,2,0,6,0,0,0,0,0,0,0,0,0,0,0
57000,9970,0,26,0,0,0,1,0,1,0,2,0,0,0,0,0,0,0
57100,9973,0,23,0,1,0,1,0,1,0,1,0,0,0,0,0,0,0
57200,9970,0,24,0,2,0,1,0,2,0,1,0,0,0,0,0,0,0
57300,9967,0,26,0,2,0,4,0,1,0,0,0,0,0,0,0,0,0
57400,9970,0,24,0,2,0,3,0,0,0,1,0,0,0,0,0,0,0
57500,9971,0,24,0,1,0,3,0,1,0,0,0,0,0,0,0,0,0
57600,9970,0,25,0,0,0,4,0,1,0,0,0,0,0,0,0,0,0
57700,9968,0,23,0,2,0,5,0,1,0,1,0,0,0,0,0,0,0
57800,9970,0,24,0,1,0,1,0,4,0,0,0,0,0,0,0,0,0
57900,9968,0,25,0,2,0,4,0,0,0,1,0,0,0,0,0,0,0
58000,9970,0,26,0,2,0,1,0,1,0,0,0,0,0,0,0,0,0
58100,9968,0,24,0,0,0,5,0,1,0,2,0,0,0,0,0,0,0
58200,9971,0,25,0,0,0,2,0,1,0,1,0,0,0,0,0,0,0
58300,9982,0,11,0,1,0,2,0,3,0,1,0,0,0,0,0,0,0
58400,9987,0,0,0,0,0,3,0,9,0,1,0,0,0,0,0,0,0
58500,9996,0,1,0,0,0,3,0,0,0,0,0,0,0,0,0,0,0
58600,9996,0,0,0,0,0,3,0,1,0,0,0,0,0,0,0,0,0
58700,9992,0,1,0,1,0,4,0,1,0,1,0,0,0,0,0,0,0
58800,9985,0,4,0,2,0,4,0,3,0,2,0,0,0,0,0,0,0
58900,9990,0,0,0,1,0,5,0,4,0,0,0,0,0,0,0,0,0
59000,9989,0,0,0,3,0,5,0,2,0,1,0,0,0,0,0,0,0
59100,9996,0,0,0,2,0,2,0,0,0,0,0,0,0,0,0,0,0
59200,9997,0,0,0,0,0,2,0,1,0,0,0,0,0,0,0,0,0
59300,9994,0,0,0,1,0,5,0,0,0,0,0,0,0,0,0,0,0
59400,9989,0,2,0,1,0,7,0,1,0,0,0,0,0,0,0,0,0
59500,9980,0,0,0,1,0,16,0,2,0,1,0,0,0,0,0,0,0
59600,9975,0,3,0,1,0,14,0,5,0,2,0,0,0,0,0,0,0
59700,9994,0,0,0,0,0,4,0,1,0,1,0,0,0,0,0,0,0
59800,9985,0,2,0,0,0,7,0,4,0,2,0,0,0,0,0,0,0
59900,9990,0,0,0,1,0,5,0,2,0,2,0,0,0,0,0,0,0
60000,9989,0,0,0,2,0,5,0,3,0,1,0,0,0,0,0,0,0
60100,9998,0,1,0,0,0,0,0,1,0,0,0,0,0,0,0,0,0
60200,9994,0,1,0,1,0,3,0,0,0,1,0,0,0,0,0,0,0
60300,9988,0,0,0,1,0,6,0,4,0,1,0,0,0,0,0,0,0
60400,9991,0,1,0,0,0,5,0,2,0,1,0,0,0,0,0,0,0
60500,9997,0,0,0,1,0,1,0,1,0,0,0,0,0,0,0,0,0
60600,9985,0,2,0,2,0,9,0,1,0,1,0,0,0,0,0,0,0
60700,9986,0,1,0,1,0,3,0,6,0,3,0,0,0,0,0,0,0
60800,9988,0,3,0,2,0,5,0,1,0,1,0,0,0,0,0,0,0
60900,9991,0,1,0,1,0,6,0,1,0,0,0,0,0,0,0,0,0
61000,9995,0,2,0,0,0,2,0,0,0,1,0,0,0,0,0,0,0
61100,9989,0,2,0,2,0,5,0,1,0,1,0,0,0,0,0,0,0
61200,9989,0,1,0,1,0,4,0,3,0,2,0,0,0,0,0,0,0
61300,9993,0,1,0,0,0,2,0,2,0,2,0,0,0,0,0,0,0
61400,9993,0,1,0,1,0,3,0,2,0,0,0,0,0,0,0,0,0
61500,9988,0,3,0,3,0,4,0,2,0,0,0,0,0,0,0,0,0
61600,9991,0,0,0,1,0,4,0,3,0,1,0,0,0,0,0,0,0
61700,9993,0,0,0,0,0,5,0,2,0,0,0,0,0,0,0,0,0
61800,9988,0,0,0,1,0,5,0,5,0,1,0,0,0,0,0,0,0
61900,9994,0,0,0,0,0,3,0,2,0,1,0,0,0,0,0,0,0
62000,9996,0,1,0,1,0,2,0,0,0,0,0,0,0,0,0,0,0
62100,9990,0,1,0,2,0,6,0,0,0,1,0,0,0,0,0,0,0
62200,9985,0,4,0,0,0,8,0,3,0,0,0,0,0,0,0,0,0
62300,9991,0,0,0,0,0,5,0,1,0,3,0,0,0,0,0,0,0
62400,9993,0,0,0,1,0,4,0,2,0,0,0,0,0,0,0,0,0
62500,9993,0,0,0,0,0,4,0,2,0,1,0,0,0,0,0,0,0
62600,9986,0,4,0,1,0,6,0,3,0,0,0,0,0,0,0,0,0
62700,9991,0,0,0,0,0,7,0,1,0,1,0,0,0,0,0,0,0
62800,9992,0,0,0,1,0,2,0,3,0,2,0,0,0,0,0,0,0
62900,9993,0,0,0,3,0,3,0,1,0,0,0,0,0,0,0,0,0
63000,9991,0,0,0,2,0,4,0,1,0,2,0,0,0,0,0,0,0
63100,9989,0,1,0,1,0,4,0,4,0,1,0,0,0,0,0,0,0
63200,9984,0,0,0,2,0,9,0,4,0,1,0,0,0,0,0,0,0
63300,9991,0,0,0,1,0,8,0,0,0,0,0,0,0,0,0,0,0
63400,9984,0,3,0,3,0,9,0,1,0,0,0,0,0,0,0,0,0
63500,9975,0,12,0,2,0,11,0,0,0,0,0,0,0,0,0,0,0
63600,9977,0,8,0,2,0,11,0,1,0,1,0,0,0,0,0,0,0
63700,9983,0,5,0,2,0,8,0,2,0,0,0,0,0,0,0,0,0
63800,9977,0,8,0,1,0,11,0,0,0,3,0,0,0,0,0,0,0
63900,9986,0,3,0,1,0,8,0,1,0,1,0,0,0,0,0,0,0
64000,9977,0,10,0,1,0,11,0,1,0,0,0,0,0,0,0,0,0
64100,9981,0,5,0,3,0,10,0,1,0,0,0,0,0,0,0,0,0
64200,9982,0,7,0,0,0,10,0,1,0,0,0,0,0,0,0,0,0
64300,9978,0,5,0,2,0,14,0,1,0,0,0,0,0,0,0,0,0
64400,9979,0,5,0,5,0,8,0,2,0,1,0,0,0,0,0,0,0
64500,9985,0,4,0,2,0,8,0,1,0,0,0,0,0,0,0,0,0
64600,9982,0,5,0,2,0,7,0,4,0,0,0,0,0,0,0,0,0
64700,9989,0,0,0,1,0,8,0,1,0,1,0,0,0,0,0,0,0
64800,9983,0,4,0,1,0,8,0,1,0,3,0,0,0,0,0,0,0
64900,9995,0,1,0,1,0,0,0,2,0,1,0,0,0,0,0,0,0
65000,9995,0,1,0,1,0,1,0,1,0,1,0,0,0,0,0,0,0
65100,9964,0,33,0,0,0,1,0,1,0,1,0,0,0,0,0,0,0
65200,9864,0,130,0,2,0,0,0,3,0,1,0,0,0,0,0,0,0
65300,9848,0,144,0,0,0,1,0,5,0,2,0,0,0,0,0,0,0
65400,9848,0,145,0,3,0,1,0,3,0,0,0,0,0,0,0,0,0
65500,9845,0,150,0,1,0,2,0,2,0,0,0,0,0,0,0,0,0
65600,9851,0,146,0,2,0,0,0,1,0,0,0,0,0,0,0,0,0
65700,9850,0,144,0,2,0,0,0,2,0,2,0,0,0,0,0,0,0
65800,9847,0,145,0,2,0,2,0,4,0,0,0,0,0,0,0,0,0
65900,9851,0,145,0,1,0,1,0,2,0,0,0,0,0,0,0,0,0
66000,9843,0,149,0,2,0,1,0,4,0,1,0,0,0,0,0,0,0
66100,9852,0,144,0,3,0,0,0,1,0,0,0,0,0,0,0,0,0
66200,9854,0,144,0,1,0,1,0,0,0,0,0,0,0,0,0,0,0
66300,9854,0,145,0,0,0,0,0,0,0,1,0,0,0,0,0,0,0
66400,9850,0,145,0,0,0,1,0,2,0,2,0,0,0,0,0,0,0
66500,9850,0,146,0,2,0,0,0,2,0,0,0,0,0,0,0,0,0
66600,9852,0,144,0,1,0,0,0,3,0,0,0,0,0,0,0,0,0
66700,9843,0,149,0,1,0,3,0,4,0,0,0,0,0,0,0,0,0
66800,9848,0,148,0,1,0,1,0,2,0,0,0,0,0,0,0,0,0
66900,9852,0,145,0,2,0,0,0,1,0,0,0,0,0,0,0,0,0
67000,9851,0,144,0,1,0,1,0,0,0,3,0,0,0,0,0,0,0
67100,9853,0,144,0,0,0,2,0,0,0,1,0,0,0,0,0,0,0
67200,9851,0,145,0,2,0,0,0,1,0,1,0,0,0,0,0,0,0
67300,9853,0,144,0,0,0,1,0,2,0,0,0,0,0,0,0,0,0
67400,9850,0,145,0,0,0,0,0,3,0,2,0,0,0,0,0,0,0
67500,9851,0,144,0,2,0,2,0,1,0,0,0,0,0,0,0,0,0
67600,9849,0,147,0,0,0,1,0,0,0,3,0,0,0,0,0,0,0
67700,9850,0,146,0,2,0,1,0,0,0,1,0,0,0,0,0,0,0
67800,9851,0,145,0,1,0,1,0,2,0,0,0,0,0,0,0,0,0
67900,9841,0,147,0,3,0,4,0,2,0,3,0,0,0,0,0,0,0
68000,9843,0,147,0,1,0,6,0,2,0,1,0,0,0,0,0,0,0
68100,9847,0,146,0,2,0,2,0,3,0,0,0,0,0,0,0,0,0
68200,9846,0,144,0,5,0,3,0,2,0,0,0,0,0,0,0,0,0
68300,9919,0,71,0,1,0,7,0,2,0,0,0,0,0,0,0,0,0
68400,9991,0,5,0,1,0,0,0,2,0,1,0,0,0,0,0,0,0
68500,9986,0,12,0,1,0,0,0,0,0,1,0,0,0,0,0,0,0
68600,9985,0,6,0,1,0,4,0,4,0,0,0,0,0,0,0,0,0
68700,9993,0,3,0,1,0,1,0,1,0,1,0,0,0,0,0,0,0
68800,9997,0,0,0,2,0,0,0,1,0,0,0,0,0,0,0,0,0
68900,9993,0,0,0,4,0,1,0,0,0,2,0,0,0,0,0,0,0
69000,9994,0,1,0,0,0,0,0,4,0,1,0,0,0,0,0,0,0
69100,9995,0,1,0,1,0,0,0,1,0,2,0,0,0,0,0,0,0
69200,9994,0,0,0,2,0,0,0,3,0,1,0,0,0,0,0,0,0
69300,9992,0,0,0,1,0,2,0,4,0,1,0,0,0,0,0,0,0
69400,9999,0,0,0,0,0,0,0,0,0,1,0,0,0,0,0,0,0
69500,9996,0,0,0,0,0,2,0,1,0,1,0,0,0,0,0,0,0
69600,9992,0,0,0,1,0,6,0,0,0,1,0,0,0,0,0,0,0
69700,9990,0,0,0,2,0,6,0,2,0,0,0,0,0,0,0,0,0
69800,9988,0,0,0,0,0,8,0,3,0,1,0,0,0,0,0,0,0
69900,9989,0,2,0,3,0,6,0,0,0,0,0,0,0,0,0,0,0
70000,9987,0,0,0,3,0,10,0,0,0,0,0,0,0,0,0,0,0
70100,9990,0,0,0,2,0,8,0,0,0,0,0,0,0,0,0,0,0
70200,9990,0,0,0,1,0,6,0,2,0,1,0,0,0,0,0,0,0
70300,9990,0,0,0,2,0,5,0,2,0,1,0,0,0,0,0,0,0
70400,9987,0,0,0,2,0,7,0,3,0,1,0,0,0,0,0,0,0
70500,9997,0,0,0,2,0,1,0,0,0,0,0,0,0,0,0,0,0
70600,9987,0,4,0,1,0,6,0,2,0,0,0,0,0,0,0,0,0
70700,9985,0,1,0,2,0,6,0,3,0,3,0,0,0,0,0,0,0
70800,9992,0,0,0,1,0,4,0,2,0,1,0,0,0,0,0,0,0
70900,9991,0,0,0,0,0,6,0,3,0,0,0,0,0,0,0,0,0
71000,9995,0,0,0,2,0,3,0,0,0,0,0,0,0,0,0,0,0
71100,9989,0,3,0,2,0,6,0,0,0,0,0,0,0,0,0,0,0
71200,9992,0,0,0,2,0,5,0,0,0,1,0,0,0,0,0,0,0
71300,9992,0,0,0,3,0,4,0,1,0,0,0,0,0,0,0,0,0
71400,9989,0,1,0,1,0,8,0,1,0,0,0,0,0,0,0,0,0
71500,9989,0,0,0,3,0,7,0,1,0,0,0,0,0,0,0,0,0
71600,9992,0,0,0,3,0,2,0,1,0,2,0,0,0,0,0,0,0
71700,9989,0,0,0,1,0,8,0,1,0,1,0,0,0,0,0,0,0
71800,9990,0,0,0,2,0,6,0,1,0,1,0,0,0,0,0,0,0
71900,9989,0,1,0,2,0,7,0,1,0,0,0,0,0,0,0,0,0
72000,9987,0,0,0,1,0,5,0,4,0,3,0,0,0,0,0,0,0
72100,9992,0,2,0,0,0,6,0,0,0,0,0,0,0,0,0,0,0
72200,9984,0,1,0,3,0,8,0,3,0,1,0,0,0,0,0,0,0
72300,9988,0,3,0,2,0,4,0,0,0,3,0,0,0,0,0,0,0
72400,9990,0,2,0,2,0,3,0,3,0,0,0,0,0,0,0,0,0
72500,9979,0,2,0,5,0,8,0,6,0,0,0,0,0,0,0,0,0
72600,9992,0,3,0,1,0,3,0,0,0,1,0,0,0,0,0,0,0
72700,9988,0,3,0,2,0,6,0,1,0,0,0,0,0,0,0,0,0
72800,9989,0,0,0,3,0,3,0,4,0,1,0,0,0,0,0,0,0
72900,9996,0,0,0,2,0,2,0,0,0,0,0,0,0,0,0,0,0
73000,9986,0,2,0,3,0,1,0,8,0,0,0,0,0,0,0,0,0
73100,9993,0,1,0,0,0,3,0,1,0,2,0,0,0,0,0,0,0
73200,9987,0,3,0,9,0,0,0,1,0,0,0,0,0,0,0,0,0
73300,9984,0,3,0,11,0,1,0,0,0,1,0,0,0,0,0,0,0
73400,9980,0,1,0,9,0,5,0,2,0,3,0,0,0,0,0,0,0
73500,9985,0,1,0,10,0,1,0,2,0,1,0,0,0,0,0,0,0
73600,9984,0,1,0,9,0,4,0,2,0,0,0,0,0,0,0,0,0
73700,9986,0,1,0,11,0,0,0,1,0,1,0,0,0,0,0,0,0
73800,9984,0,0,0,11,0,1,0,4,0,0,0,0,0,0,0,0,0
73900,9983,0,2,0,11,0,1,0,2,0,1,0,0,0,0,0,0,0
74000,9985,0,1,0,10,0,3,0,1,0,0,0,0,0,0,0,0,0
74100,9988,0,1,0,9,0,0,0,2,0,0,0,0,0,0,0,0,0
74200,9984,0,1,0,9,0,2,0,3,0,1,0,0,0,0,0,0,0
74300,9981,0,3,0,11,0,2,0,1,0,2,0,0,0,0,0,0,0
74400,9985,0,1,0,11,0,0,0,1,0,2,0,0,0,0,0,0,0
74500,9988,0,0,0,9,0,2,0,0,0,1,0,0,0,0,0,0,0
74600,9983,0,2,0,11,0,2,0,2,0,0,0,0,0,0,0,0,0
74700,9987,0,0,0,10,0,0,0,3,0,0,0,0,0,0,0,0,0
74800,9983,0,1,0,12,0,0,0,4,0,0,0,0,0,0,0,0,0
74900,9987,0,1,0,10,0,0,0,0,0,2,0,0,0,0,0,0,0
75000,9986,0,1,0,10,0,2,0,1,0,0,0,0,0,0,0,0,0
75100,9982,0,0,0,11,0,2,0,3,0,2,0,0,0,0,0,0,0
75200,9979,0,0,0,11,0,3,0,7,0,0,0,0,0,0,0,0,0
75300,9983,0,0,0,11,0,0,0,3,0,3,0,0,0,0,0,0,0
75400,9983,0,0,0,10,0,2,0,3,0,2,0,0,0,0,0,0,0
75500,9979,0,0,0,11,0,4,0,5,0,1,0,0,0,0,0,0,0
75600,9988,0,3,0,9,0,0,0,0,0,0,0,0,0,0,0,0,0
75700,9985,0,3,0,10,0,2,0,0,0,0,0,0,0,0,0,0,0
75800,9988,0,1,0,7,0,3,0,1,0,0,0,0,0,0,0,0,0
75900,9990,0,1,0,1,0,3,0,4,0,1,0,0,0,0,0,0,0
76000,9998,0,0,0,1,0,0,0,0,0,1,0,0,0,0,0,0,0
76100,9995,0,1,0,1,0,0,0,1,0,2,0,0,0,0,0,0,0
76200,9995,0,3,0,1,0,1,0,0,0,0,0,0,0,0,0,0,0
76300,9993,0,3,0,0,0,0,0,4,0,0,0,0,0,0,0,0,0
76400,9992,0,4,0,0,0,2,0,1,0,1,0,0,0,0,0,0,0
76500,9996,0,2,0,0,0,0,0,1,0,1,0,0,0,0,0,0,0
76600,9990,0,1,0,1,0,3,0,2,0,2,0,1,0,0,0,0,0
76700,9987,0,8,0,2,0,2,0,1,0,0,0,0,0,0,0,0,0
76800,9986,0,11,0,0,0,1,0,1,0,1,0,0,0,0,0,0,0
76900,9981,0,10,0,2,0,2,0,5,0,0,0,0,0,0,0,0,0
77000,9985,0,13,0,1,0,0,0,0,0,1,0,0,0,0,0,0,0
77100,9990,0,10,0,0,0,0,0,0,0,0,0,0,0,0,0,0,0
77200,9963,0,31,0,1,0,1,0,2,0,2,0,0,0,0,0,0,0
77300,9935,0,63,0,0,0,0,0,2,0,0,0,0,0,0,0,0,0
77400,9939,0,60,0,0,0,0,0,0,0,1,0,0,0,0,0,0,0
77500,9938,0,58,0,2,0,0,0,2,0,0,0,0,0,0,0,0,0
77600,9941,0,57,0,0,0,0,0,2,0,0,0,0,0,0,0,0,0
77700,9935,0,58,0,3,0,1,0,2,0,1,0,0,0,0,0,0,0
77800,9936,0,58,0,2,0,0,0,4,0,0,0,0,0,0,0,0,0
77900,9937,0,60,0,2,0,1,0,0,0,0,0,0,0,0,0,0,0
78000,9938,0,58,0,1,0,0,0,1,0,2,0,0,0,0,0,0,0
78100,9937,0,58,0,0,0,2,0,3,0,0,0,0,0,0,0,0,0
78200,9936,0,57,0,1,0,2,0,1,0,3,0,0,0,0,0,0,0
78300,9939,0,58,0,0,0,1,0,2,0,0,0,0,0,0,0,0,0
78400,9941,0,58,0,1,0,0,0,0,0,0,0,0,0,0,0,0,0
78500,9937,0,58,0,3,0,0,0,1,0,1,0,0,0,0,0,0,0
78600,9938,0,58,0,1,0,0,0,2,0,1,0,0,0,0,0,0,0
78700,9937,0,59,0,1,0,2,0,0,0,1,0,0,0,0,0,0,0
78800,9943,0,48,0,3,0,2,0,3,0,1,0,0,0,0,0,0,0
78900,9985,0,7,0,3,0,0,0,5,0,0,0,0,0,0,0,0,0
79000,9985,0,10,0,1,0,4,0,0,0,0,0,0,0,0,0,0,0
79100,9983,0,8,0,1,0,4,0,2,0,2,0,0,0,0,0,0,0
79200,9987,0,8,0,4,0,0,0,1,0,0,0,0,0,0,0,0,0
79300,9982,0,8,0,1,0,1,0,7,0,1,0,0,0,0,0,0,0
79400,9984,0,10,0,2,0,1,0,1,0,2,0,0,0,0,0,0,0
79500,9989,0,7,0,1,0,1,0,2,0,0,0,0,0,0,0,0,0
79600,9991,0,8,0,0,0,0,0,0,0,1,0,0,0,0,0,0,0
79700,9988,0,8,0,1,0,1,0,2,0,0,0,0,0,0,0,0,0
79800,9985,0,8,0,1,0,2,0,3,0,1,0,0,0,0,0,0,0
79900,9988,0,10,0,0,0,2,0,0,0,0,0,0,0,0,0,0,0
80000,9981,0,9,0,1,0,3,0,3,0,3,0,0,0,0,0,0,0
80100,9989,0,8,0,0,0,2,0,0,0,1,0,0,0,0,0,0,0
80200,9988,0,10,0,0,0,0,0,2,0,0,0,0,0,0,0,0,0
80300,9979,0,10,0,4,0,3,0,3,0,1,0,0,0,0,0,0,0
80400,9985,0,9,0,1,0,3,0,2,0,0,0,0,0,0,0,0,0
80500,9984,0,8,0,3,0,2,0,3,0,0,0,0,0,0,0,0,0
80600,9982,0,11,0,2,0,2,0,0,0,3,0,0,0,0,0,0,0
80700,9987,0,6,0,0,0,0,0,5,0,2,0,0,0,0,0,0,0
80800,9990,0,2,0,3,0,2,0,2,0,1,0,0,0,0,0,0,0
80900,9997,0,1,0,0,0,0,0,2,0,0,0,0,0,0,0,0,0
81000,9989,0,5,0,0,0,3,0,2,0,1,0,0,0,0,0,0,0
81100,9995,0,0,0,1,0,1,0,2,0,1,0,0,0,0,0,0,0
81200,9994,0,2,0,0,0,1,0,3,0,0,0,0,0,0,0,0,0
81300,9991,0,1,0,2,0,2,0,3,0,1,0,0,0,0,0,0,0
81400,9994,0,1,0,0,0,1,0,1,0,3,0,0,0,0,0,0,0
81500,9990,0,1,0,2,0,4,0,2,0,1,0,0,0,0,0,0,0
81600,9988,0,2,0,3,0,5,0,2,0,0,0,0,0,0,0,0,0
81700,9992,0,3,0,0,0,3,0,1,0,1,0,0,0,0,0,0,0
81800,9993,0,2,0,4,0,1,0,0,0,0,0,0,0,0,0,0,0
81900,9995,0,0,0,0,0,2,0,3,0,0,0,0,0,0,0,0,0
82000,9996,0,0,0,1,0,3,0,0,0,0,0,0,0,0,0,0,0
82100,9993,0,0,0,1,0,2,0,3,0,1,0,0,0,0,0,0,0
82200,9987,0,3,0,3,0,6,0,0,0,1,0,0,0,0,0,0,0
82300,9981,0,11,0,2,0,3,0,3,0,0,0,0,0,0,0,0,0
82400,9979,0,11,0,4,0,2,0,4,0,0,0,0,0,0,0,0,0
82500,9979,0,11,0,3,0,4,0,3,0,0,0,0,0,0,0,0,0
82600,9971,0,11,0,3,0,10,0,2,0,3,0,0,0,0,0,0,0
82700,9983,0,10,0,1,0,6,0,0,0,0,0,0,0,0,0,0,0
82800,9978,0,11,0,0,0,8,0,2,0,1,0,0,0,0,0,0,0
82900,9954,0,31,0,1,0,9,0,4,0,1,0,0,0,0,0,0,0
83000,9969,0,21,0,1,0,7,0,1,0,1,0,0,0,0,0,0,0
83100,9980,0,11,0,2,0,7,0,0,0,0,0,0,0,0,0,0,0
83200,9975,0,10,0,3,0,8,0,2,0,2,0,0,0,0,0,0,0
83300,9982,0,4,0,2,0,7,0,4,0,1,0,0,0,0,0,0,0
83400,9986,0,4,0,3,0,4,0,1,0,2,0,0,0,0,0,0,0
83500,9990,0,0,0,2,0,5,0,3,0,0,0,0,0,0,0,0,0
83600,9990,0,0,0,1,0,9,0,0,0,0,0,0,0,0,0,0,0
83700,9982,0,0,0,1,0,14,0,2,0,1,0,0,0,0,0,0,0
83800,9978,0,0,0,2,0,18,0,1,0,1,0,0,0,0,0,0,0
83900,9988,0,0,0,1,0,10,0,1,0,0,0,0,0,0,0,0,0
84000,9987,0,1,0,3,0,9,0,0,0,0,0,0,0,0,0,0,0
84100,9983,0,0,0,4,0,9,0,3,0,1,0,0,0,0,0,0,0
84200,9986,0,1,0,1,0,9,0,3,0,0,0,0,0,0,0,0,0
84300,9983,0,1,0,2,0,10,0,2,0,2,0,0,0,0,0,0,0
84400,9986,0,0,0,2,0,11,0,0,0,1,0,0,0,0,0,0,0
84500,9989,0,0,0,3,0,5,0,3,0,0,0,0,0,0,0,0,0
84600,9990,0,0,0,0,0,8,0,2,0,0,0,0,0,0,0,0,0
84700,9976,0,6,0,0,0,13,0,4,0,1,0,0,0,0,0,0,0
84800,9975,0,14,0,1,0,8,0,2,0,0,0,0,0,0,0,0,0
84900,9948,0,29,0,2,0,12,0,6,0,3,0,0,0,0,0,0,0
85000,9962,0,24,0,1,0,12,0,1,0,0,0,0,0,0,0,0,0
85100,9969,0,22,0,0,0,9,0,0,0,0,0,0,0,0,0,0,0
85200,9970,0,20,0,0,0,6,0,4,0,0,0,0,0,0,0,0,0
85300,9961,0,22,0,4,0,13,0,0,0,0,0,0,0,0,0,0,0
85400,9974,0,20,0,0,0,6,0,0,0,0,0,0,0,0,0,0,0
85500,9973,0,22,0,3,0,1,0,1,0,0,0,0,0,0,0,0,0
85600,9973,0,19,0,1,0,5,0,2,0,0,0,0,0,0,0,0,0
85700,9969,0,20,0,0,0,8,0,2,0,1,0,0,0,0,0,0,0
85800,9979,0,7,0,1,0,9,0,3,0,1,0,0,0,0,0,0,0
85900,9993,0,1,0,2,0,2,0,2,0,0,0,0,0,0,0,0,0
86000,9991,0,1,0,1,0,4,0,1,0,2,0,0,0,0,0,0,0
86100,9993,0,0,0,2,0,2,0,3,0,0,0,0,0,0,0,0,0
86200,9998,0,1,0,0,0,0,0,1,0,0,0,0,0,0,0,0,0
86300,9991,0,0,0,2,0,7,0,0,0,0,0,0,0,0,0,0,0
86400,9989,0,4,0,1,0,4,0,1,0,1,0,0,0,0,0,0,0
86500,9992,0,0,0,2,0,4,0,2,0,0,0,0,0,0,0,0,0
86600,9995,0,2,0,1,0,2,0,0,0,0,0,0,0,0,0,0,0
86700,9992,0,2,0,1,0,2,0,3,0,0,0,0,0,0,0,0,0
86800,9989,0,3,0,1,0,1,0,4,0,2,0,0,0,0,0,0,0
86900,9996,0,0,0,1,0,1,0,2,0,0,0,0,0,0,0,0,0
87000,9987,0,2,0,1,0,4,0,6,0,0,0,0,0,0,0,0,0
87100,9992,0,0,0,2,0,3,0,2,0,1,0,0,0,0,0,0,0
87200,9990,0,3,0,2,0,3,0,2,0,0,0,0,0,0,0,0,0
87300,9994,0,0,0,1,0,4,0,1,0,0,0,0,0,0,0,0,0
87400,9998,0,0,0,1,0,1,0,0,0,0,0,0,0,0,0,0,0
87500,9995,0,1,0,1,0,0,0,3,0,0,0,0,0,0,0,0,0
87600,9989,0,8,0,1,0,1,0,1,0,0,0,0,0,0,0,0,0
87700,9988,0,8,0,1,0,2,0,1,0,0,0,0,0,0,0,0,0
87800,9986,0,9,0,2,0,0,0,1,0,2,0,0,0,0,0,0,0
87900,9986,0,9,0,2,0,2,0,0,0,1,0,0,0,0,0,0,0
88000,9983,0,9,0,0,0,5,0,1,0,2,0,0,0,0,0,0,0
88100,9988,0,10,0,0,0,1,0,1,0,0,0,0,0,0,0,0,0
88200,9985,0,9,0,3,0,3,0,0,0,0,0,0,0,0,0,0,0
88300,9985,0,10,0,0,0,2,0,2,0,1,0,0,0,0,0,0,0
88400,9984,0,10,0,2,0,0,0,3,0,1,0,0,0,0,0,0,0
88500,9989,0,9,0,1,0,1,0,0,0,0,0,0,0,0,0,0,0
88600,9984,0,12,0,2,0,1,0,1,0,0,0,0,0,0,0,0,0
88700,9990,0,9,0,1,0,0,0,0,0,0,0,0,0,0,0,0,0
88800,9985,0,12,0,1,0,1,0,1,0,0,0,0,0,0,0,0,0
88900,9982,0,10,0,2,0,0,0,4,0,2,0,0,0,0,0,0,0
89000,9986,0,10,0,2,0,1,0,1,0,0,0,0,0,0,0,0,0
89100,9981,0,10,0,0,0,3,0,5,0,1,0,0,0,0,0,0,0
89200,9985,0,9,0,3,0,2,0,0,0,1,0,0,0,0,0,0,0
89300,9984,0,9,0,1,0,5,0,0,0,1,0,0,0,0,0,0,0
89400,9989,0,9,0,0,0,1,0,0,0,1,0,0,0,0,0,0,0
89500,9986,0,8,0,2,0,3,0,1,0,0,0,0,0,0,0,0,0
89600,9986,0,9,0,2,0,0,0,3,0,0,0,0,0,0,0,0,0
89700,9985,0,9,0,1,0,4,0,1,0,0,0,0,0,0,0,0,0
89800,9987,0,9,0,1,0,2,0,1,0,0,0,0,0,0,0,0,0
89900,9982,0,10,0,2,0,1,0,3,0,2,0,0,0,0,0,0,0
90000,9986,0,9,0,1,0,2,0,2,0,0,0,0,0,0,0,0,0
90100,9984,0,12,0,3,0,0,0,1,0,0,0,0,0,0,0,0,0
90200,9985,0,10,0,1,0,2,0,1,0,1,0,0,0,0,0,0,0
90300,9988,0,9,0,0,0,1,0,1,0,1,0,0,0,0,0,0,0
90400,9989,0,8,0,1,0,1,0,0,0,1,0,0,0,0,0,0,0
90500,9981,0,15,0,3,0,0,0,1,0,0,0,0,0,0,0,0,0
90600,9978,0,14,0,1,0,1,0,4,0,2,0,0,0,0,0,0,0
90700,9982,0,14,0,0,0,1,0,2,0,1,0,0,0,0,0,0,0
90800,9978,0,14,0,2,0,1,0,4,0,1,0,0,0,0,0,0,0
90900,9980,0,13,0,0,0,1,0,6,0,0,0,0,0,0,0,0,0
91000,9975,0,14,0,4,0,4,0,1,0,2,0,0,0,0,0,0,0
91100,9982,0,13,0,1,0,1,0,2,0,1,0,0,0,0,0,0,0
91200,9977,0,15,0,1,0,3,0,3,0,1,0,0,0,0,0,0,0
91300,9985,0,11,0,1,0,1,0,2,0,0,0,0,0,0,0,0,0
91400,9976,0,16,0,1,0,4,0,3,0,0,0,0,0,0,0,0,0
91500,9974,0,19,0,2,0,2,0,2,0,1,0,0,0,0,0,0,0
91600,9969,0,19,0,4,0,5,0,3,0,0,0,0,0,0,0,0,0
91700,9972,0,18,0,3,0,1,0,4,0,2,0,0,0,0,0,0,0
91800,9978,0,19,0,0,0,0,0,2,0,1,0,0,0,0,0,0,0
91900,9970,0,24,0,1,0,2,0,0,0,3,0,0,0,0,0,0,0
92000,9977,0,19,0,0,0,2,0,1,0,1,0,0,0,0,0,0,0
92100,9962,0,32,0,1,0,3,0,2,0,0,0,0,0,0,0,0,0
92200,9957,0,41,0,0,0,0,0,1,0,1,0,0,0,0,0,0,0
92300,9953,0,42,0,1,0,1,0,0,0,3,0,0,0,0,0,0,0
92400,9950,0,42,0,3,0,3,0,2,0,0,0,0,0,0,0,0,0
92500,9953,0,41,0,2,0,3,0,1,0,0,0,0,0,0,0,0,0
92600,9954,0,43,0,2,0,1,0,0,0,0,0,0,0,0,0,0,0
92700,9949,0,41,0,4,0,1,0,5,0,0,0,0,0,0,0,0,0
92800,9952,0,40,0,2,0,3,0,3,0,0,0,0,0,0,0,0,0
92900,9953,0,41,0,1,0,1,0,3,0,1,0,0,0,0,0,0,0
93000,9953,0,43,0,1,0,1,0,2,0,0,0,0,0,0,0,0,0
93100,9952,0,41,0,2,0,1,0,4,0,0,0,0,0,0,0,0,0
93200,9954,0,43,0,1,0,1,0,1,0,0,0,0,0,0,0,0,0
93300,9959,0,38,0,1,0,0,0,2,0,0,0,0,0,0,0,0,0
93400,9956,0,40,0,2,0,0,0,2,0,0,0,0,0,0,0,0,0
93500,9943,0,50,0,2,0,3,0,1,0,1,0,0,0,0,0,0,0
93600,9942,0,43,0,0,0,4,0,10,0,1,0,0,0,0,0,0,0
93700,9932,0,64,0,0,0,3,0,1,0,0,0,0,0,0,0,0,0
93800,9935,0,60,0,4,0,0,0,1,0,0,0,0,0,0,0,0,0
93900,9935,0,63,0,1,0,0,0,1,0,0,0,0,0,0,0,0,0
94000,9930,0,65,0,0,0,1,0,3,0,1,0,0,0,0,0,0,0
94100,9928,0,64,0,1,0,4,0,3,0,0,0,0,0,0,0,0,0
94200,9932,0,64,0,0,0,2,0,2,0,0,0,0,0,0,0,0,0
94300,9928,0,66,0,0,0,0,0,6,0,0,0,0,0,0,0,0,0
94400,9928,0,65,0,2,0,3,0,2,0,0,0,0,0,0,0,0,0
94500,9930,0,65,0,2,0,1,0,2,0,0,0,0,0,0,0,0,0
94600,9928,0,66,0,1,0,4,0,1,0,0,0,0,0,0,0,0,0
94700,9925,0,65,0,3,0,0,0,4,0,3,0,0,0,0,0,0,0
94800,9929,0,67,0,0,0,2,0,0,0,2,0,0,0,0,0,0,0
94900,9926,0,68,0,1,0,2,0,1,0,1,0,1,0,0,0,0,0
95000,9946,0,50,0,2,0,2,0,0,0,0,0,0,0,0,0,0,0
95100,9941,0,50,0,3,0,0,0,4,0,2,0,0,0,0,0,0,0
95200,9945,0,52,0,0,0,0,0,1,0,2,0,0,0,0,0,0,0
95300,9939,0,52,0,4,0,1,0,3,0,1,0,0,0,0,0,0,0
95400,9941,0,53,0,2,0,4,0,0,0,0,0,0,0,0,0,0,0
95500,9931,0,51,0,1,0,6,0,11,0,0,0,0,0,0,0,0,0
95600,9938,0,55,0,4,0,0,0,2,0,1,0,0,0,0,0,0,0
95700,9941,0,55,0,1,0,0,0,2,0,1,0,0,0,0,0,0,0
95800,9939,0,56,0,1,0,3,0,1,0,0,0,0,0,0,0,0,0
95900,9953,0,46,0,0,0,0,0,0,0,1,0,0,0,0,0,0,0
96000,9945,0,44,0,2,0,1,0,6,0,2,0,0,0,0,0,0,0
96100,9945,0,45,0,1,0,6,0,2,0,1,0,0,0,0,0,0,0
96200,9962,0,38,0,0,0,0,0,0,0,0,0,0,0,0,0,0,0
96300,9961,0,36,0,1,0,0,0,1,0,1,0,0,0,0,0,0,0
96400,9947,0,49,0,0,0,1,0,2,0,1,0,0,0,0,0,0,0
96500,9951,0,44,0,0,0,3,0,0,0,2,0,0,0,0,0,0,0
96600,9950,0,42,0,0,0,5,0,1,0,2,0,0,0,0,0,0,0
96700,9953,0,42,0,4,0,0,0,1,0,0,0,0,0,0,0,0,0
96800,9954,0,40,0,3,0,0,0,3,0,0,0,0,0,0,0,0,0
96900,9943,0,48,0,2,0,4,0,3,0,0,0,0,0,0,0,0,0
97000,9939,0,50,0,3,0,4,0,3,0,1,0,0,0,0,0,0,0
97100,9939,0,51,0,2,0,5,0,2,0,1,0,0,0,0,0,0,0
97200,9941,0,52,0,2,0,3,0,2,0,0,0,0,0,0,0,0,0
97300,9942,0,54,0,0,0,0,0,3,0,1,0,0,0,0,0,0,0
97400,9917,0,70,0,4,0,2,0,4,0,3,0,0,0,0,0,0,0
97500,9927,0,63,0,5,0,2,0,3,0,0,0,0,0,0,0,0,0
97600,9918,0,76,0,0,0,5,0,0,0,1,0,0,0,0,0,0,0
97700,9883,0,114,0,0,0,0,0,2,0,1,0,0,0,0,0,0,0
97800,9886,0,113,0,0,0,0,0,0,0,1,0,0,0,0,0,0,0
97900,9887,0,101,0,0,0,8,0,4,0,0,0,0,0,0,0,0,0
98000,9927,0,66,0,2,0,1,0,4,0,0,0,0,0,0,0,0,0
98100,9918,0,79,0,2,0,0,0,1,0,0,0,0,0,0,0,0,0
98200,9928,0,65,0,1,0,5,0,0,0,1,0,0,0,0,0,0,0
98300,9923,0,69,0,4,0,0,0,3,0,1,0,0,0,0,0,0,0
98400,9932,0,64,0,1,0,0,0,3,0,0,0,0,0,0,0,0,0
98500,9929,0,67,0,1,0,2,0,1,0,0,0,0,0,0,0,0,0
98600,9922,0,64,0,7,0,1,0,5,0,1,0,0,0,0,0,0,0
98700,9927,0,63,0,3,0,4,0,3,0,0,0,0,0,0,0,0,0
98800,9929,0,64,0,3,0,1,0,3,0,0,0,0,0,0,0,0,0
98900,9928,0,66,0,2,0,0,0,4,0,0,0,0,0,0,0,0,0
99000,9932,0,62,0,0,0,1,0,4,0,1,0,0,0,0,0,0,0
99100,9931,0,63,0,0,0,1,0,4,0,1,0,0,0,0,0,0,0
99200,9931,0,61,0,2,0,3,0,3,0,0,0,0,0,0,0,0,0
99300,9929,0,61,0,0,0,1,0,9,0,0,0,0,0,0,0,0,0
99400,9931,0,63,0,2,0,0,0,4,0,0,0,0,0,0,0,0,0
99500,9936,0,60,0,1,0,3,0,0,0,0,0,0,0,0,0,0,0
99600,9931,0,66,0,1,0,1,0,1,0,0,0,0,0,0,0,0,0
99700,9928,0,66,0,2,0,0,0,4,0,0,0,0,0,0,0,0,0
99800,9930,0,65,0,1,0,1,0,2,0,1,0,0,0,0,0,0,0
99900,9926,0,67,0,2,0,3,0,1,0,1,0,0,0,0,0,0,0
100000,9928,0,67,0,2,0,1,0,2,0,0,0,0,0,0,0,0,0
