update,host_task_NOT,sym_task_NOT,host_task_NAND,sym_task_NAND,host_task_AND,sym_task_AND,host_task_ORN,sym_task_ORN,host_task_OR,sym_task_OR,host_task_ANDN,sym_task_ANDN,host_task_NOR,sym_task_NOR,host_task_XOR,sym_task_XOR,host_task_EQU,sym_task_EQU
0,0,0,0,0,0,0,0,0,0,0,0,0,0,0,0,0,0,0
100,10001,38314,0,0,0,2,0,3,1,4,0,2,0,0,0,0,0,0
200,9992,33229,0,2,2,4,2,5,2,10,2,2,0,0,0,0,0,0
300,9996,33179,0,6,1,8,1,3,2,5,0,1,0,0,0,0,0,0
400,9996,33186,0,6,1,7,1,1,2,5,0,2,0,0,0,0,0,0
500,9990,33176,0,4,4,7,2,5,4,8,0,4,0,0,0,0,0,0
600,9991,28123,0,7,4,0,0,6,4,8,1,0,0,0,0,0,0,0
700,9998,25995,0,5,0,2,1,3,1,5,0,1,0,0,0,0,0,0
800,9994,25944,0,7,1,3,2,1,3,6,0,3,0,0,0,0,0,0
900,9994,26033,0,3,1,5,0,3,4,6,1,5,0,0,0,0,0,0
1000,9993,25948,0,5,4,6,0,2,2,6,1,3,0,0,0,0,0,0
1100,9995,23255,1,2,0,3,0,3,4,5,0,6,0,0,0,0,0,0
1200,9989,20495,0,9,4,4,2,1,4,3,1,3,0,0,0,0,0,0
1300,9995,20541,0,10,1,2,2,1,2,4,0,1,0,0,0,0,0,0
1400,9990,20578,0,3,2,2,4,1,4,4,0,2,0,0,0,0,0,0
1500,9991,20472,0,4,4,3,2,2,3,5,0,1,0,0,0,0,0,0
1600,9995,19431,0,3,1,5,0,3,4,1,0,3,0,0,0,0,0,0
1700,9993,16388,0,7,2,2,1,4,4,3,0,0,0,0,0,0,0,0
1800,9992,16198,2,6,2,2,2,2,1,6,1,2,0,0,0,0,0,0
1900,9988,16285,2,5,2,2,3,1,4,2,1,0,0,0,0,0,0,0
2000,9989,16302,0,6,3,1,2,4,3,0,3,1,0,0,0,0,0,0
2100,9986,16415,2,7,1,0,3,4,7,1,1,2,0,0,0,0,0,0
2200,9976,13383,16,4,2,1,0,1,4,6,2,3,0,0,0,0,0,0
2300,9978,13202,18,7,2,2,1,3,0,1,1,1,0,0,0,0,0,0
2400,9976,13204,17,4,2,6,0,2,3,4,2,1,0,0,0,0,0,0
2500,9977,13285,17,9,1,2,0,2,4,3,1,2,0,0,0,0,0,0
2600,9972,13275,16,9,2,3,3,2,3,3,4,1,0,0,0,0,0,0
2700,9975,11293,20,3,0,1,2,0,3,0,0,0,0,0,0,0,0,0
2800,9969,10589,23,6,1,1,3,5,3,2,0,3,1,0,0,0,0,0
2900,9973,10694,20,2,2,0,1,2,2,0,2,2,0,0,0,0,0,0
3000,9968,10813,22,1,2,0,1,0,7,2,0,1,0,0,0,0,0,0
3100,9973,10945,21,4,2,1,0,1,4,0,0,1,0,0,0,0,0,0
3200,9968,9797,19,10,1,2,1,3,8,0,3,0,0,0,0,0,0,0
3300,9970,8809,20,6,1,2,1,1,6,1,2,0,0,0,0,0,0,0
3400,9967,8868,16,4,4,3,7,1,3,3,3,1,0,0,0,0,0,0
3500,9975,8730,17,1,1,0,2,2,4,1,1,2,0,0,0,0,0,0
3600,9969,8735,18,1,6,2,3,1,3,4,1,2,0,0,0,0,0,0
3700,9970,8221,16,2,3,2,4,1,5,1,2,0,0,0,0,0,0,0
3800,9977,7310,7,4,5,1,4,5,6,0,1,0,0,0,0,0,0,0
3900,9984,7557,8,7,0,2,0,2,6,2,2,1,0,0,0,0,0,0
4000,9980,7635,8,0,2,1,1,4,8,1,1,1,0,0,0,0,0,0
4100,9975,7577,12,2,0,4,7,7,5,0,1,0,0,0,0,0,0,0
4200,9965,7570,22,11,3,0,1,4,9,0,0,1,0,0,0,0,0,0
4300,9947,6296,36,16,6,1,4,3,5,2,2,0,0,0,0,0,0,0
4400,9966,6441,26,13,3,1,2,0,2,2,1,1,0,0,0,0,0,0
4500,9963,6659,27,11,1,1,3,1,3,1,3,0,0,0,0,0,0,0
4600,9954,6683,32,10,2,1,4,3,4,3,1,1,3,0,0,0,0,0
4700,9960,6755,28,16,1,0,5,0,4,2,2,0,0,0,0,0,0,0
4800,9960,5976,33,16,2,2,1,0,4,0,0,0,0,0,0,0,0,0
4900,9942,5623,51,4,0,2,3,6,4,1,0,1,0,0,0,0,0,0
5000,9942,5823,48,10,2,2,5,4,2,1,1,1,0,0,0,0,0,0
5100,9953,6015,39,13,4,0,1,0,2,0,1,0,0,0,0,0,0,0
5200,9935,5970,49,4,4,1,9,3,2,2,1,2,0,0,0,0,0,0
5300,9953,5412,38,6,2,1,2,0,4,2,1,0,0,0,0,0,0,0
5400,9939,5005,43,4,0,0,10,0,8,3,0,2,0,0,0,0,0,0
5500,9949,5128,39,5,2,0,5,1,4,5,0,0,1,0,0,0,0,0
5600,9940,5175,51,6,1,1,6,2,1,1,1,1,0,0,0,0,0,0
5700,9939,5293,49,13,2,0,5,3,5,1,0,1,0,0,0,0,0,0
5800,9943,5214,43,11,2,1,1,1,5,1,5,0,1,0,0,0,0,0
5900,9931,4776,61,16,0,1,5,2,2,0,1,0,0,1,0,0,0,0
6000,9928,5048,56,19,3,3,6,0,5,2,2,0,0,0,0,0,0,0
6100,9917,5052,70,26,2,1,6,2,4,2,1,0,0,0,0,0,0,0
6200,9920,5114,65,24,3,1,5,1,5,3,1,2,1,0,0,0,0,0
6300,9917,5194,65,54,6,11,4,11,6,1,1,0,1,1,0,0,0,0
6400,9914,4819,64,53,5,1,6,17,9,2,2,1,0,0,0,0,0,0
6500,9913,5312,61,46,2,3,15,19,6,2,3,1,0,0,0,0,0,0
6600,9895,5744,64,23,4,0,29,11,6,3,2,1,0,0,0,0,0,0
6700,9904,6246,63,26,1,2,25,3,4,4,3,1,0,0,0,0,0,0
6800,9882,6633,82,64,5,2,24,13,5,2,2,1,0,0,0,0,0,0
6900,9835,7303,122,101,3,5,35,15,5,3,0,0,0,1,0,0,0,0
7000,9816,8894,120,60,6,5,47,19,8,4,3,3,0,0,0,0,0,0
7100,9829,10745,119,103,2,5,46,18,2,4,2,1,0,0,0,0,0,0
7200,9794,13832,147,127,3,2,46,10,8,5,2,4,0,0,0,0,0,0
7300,9774,16592,164,138,3,3,53,5,4,5,2,2,0,1,0,0,0,0
7400,9776,17459,161,131,3,4,51,7,6,3,3,4,0,0,0,0,0,0
7500,9777,18703,162,150,3,6,53,12,4,9,1,2,0,0,0,0,0,0
7600,9757,21311,178,153,5,4,48,6,9,9,2,1,1,0,0,0,0,0
7700,9744,22979,188,146,8,8,53,5,7,3,0,3,0,0,0,0,0,0
7800,9761,24928,177,138,5,6,51,4,6,7,0,1,0,0,0,0,0,0
7900,9765,25364,169,105,8,7,52,4,2,6,3,0,0,0,1,0,0,0
8000,9777,23388,153,111,2,3,57,10,7,2,4,2,0,0,0,0,0,0
8100,9735,25961,184,135,4,4,65,6,6,8,6,2,0,0,0,0,0,0
8200,9753,27899,172,104,4,7,57,16,9,6,5,2,0,0,0,0,0,0
8300,9769,30566,164,162,4,1,58,34,5,5,0,4,0,0,0,0,0,0
8400,9781,29297,144,186,6,11,60,7,8,4,1,0,0,0,0,0,0,0
8500,9746,29764,171,195,7,3,57,15,16,4,3,0,0,0,0,0,0,0
8600,9726,30825,197,156,4,2,62,9,10,0,1,0,0,0,0,0,0,0
8700,9713,29686,230,166,2,4,42,18,10,3,3,0,0,0,0,0,0,0
8800,9724,28224,231,188,2,3,30,10,8,6,5,2,0,0,0,0,0,0
8900,9744,28016,206,205,5,5,35,4,9,5,1,0,0,0,0,0,0,0
9000,9738,26462,207,214,7,4,38,6,8,8,2,2,0,0,0,0,0,0
9100,9681,25632,261,154,5,6,42,9,7,7,4,1,0,1,0,0,0,0
9200,9638,25377,315,131,6,3,36,9,3,10,2,1,0,0,0,0,0,0
9300,9594,24302,357,130,7,9,36,10,5,5,1,1,0,0,0,0,0,0
9400,9551,23478,396,139,3,6,33,3,10,2,6,4,1,0,0,0,0,0
9500,9590,26313,365,88,4,3,36,8,4,5,1,1,0,0,0,0,0,0
9600,9587,25051,386,60,4,2,17,5,4,4,2,3,0,0,0,0,0,0
9700,9553,25604,414,132,4,5,18,22,8,4,3,3,0,0,0,0,0,0
9800,9555,27336,409,79,4,2,22,9,6,7,3,2,1,0,0,0,0,0
9900,9555,27799,413,82,3,2,25,10,1,5,3,3,0,0,0,0,0,0
10000,9559,26780,405,146,7,2,23,15,4,8,0,0,2,0,0,0,0,0
10100,9528,26691,439,64,6,0,20,5,5,7,2,2,0,0,0,0,0,0
10200,9565,26503,412,71,0,4,16,9,2,4,5,4,0,0,0,0,0,0
10300,9589,28211,390,42,3,0,12,6,3,0,2,1,1,0,0,0,0,0
10400,9559,28342,407,25,5,6,22,6,5,3,2,3,0,0,0,0,0,0
10500,9591,26825,384,37,2,3,16,5,6,11,1,2,0,0,0,0,0,0
10600,9506,24218,473,80,8,4,12,2,1,6,0,0,0,0,0,0,0,0
10700,9486,22728,481,47,8,25,16,10,6,6,3,0,0,0,0,0,0,0
10800,9442,23877,530,44,3,3,17,8,6,2,2,3,0,0,0,0,0,0
10900,9420,22474,548,81,7,3,19,6,5,2,1,2,0,0,0,0,0,0
11000,9406,22663,556,74,14,3,15,6,6,6,3,0,0,0,0,0,0,0
11100,9398,23037,556,181,18,3,22,1,3,4,3,0,0,0,0,0,0,0
11200,9449,22429,516,56,18,2,7,12,7,10,3,1,0,0,0,0,0,0
11300,9473,20824,490,31,20,2,14,5,1,1,2,2,0,0,0,0,0,0
11400,9492,19473,476,28,17,2,8,13,5,3,2,1,0,0,0,0,0,0
11500,9496,21588,451,44,20,2,18,2,12,3,3,1,0,1,0,0,0,0
11600,9499,18888,431,45,39,1,29,4,2,1,0,0,0,0,0,0,0,0
11700,9511,18772,420,53,34,2,26,2,7,3,1,1,1,0,0,0,0,0
11800,9537,19826,405,109,33,1,15,9,4,3,6,0,0,0,0,0,0,0
11900,9496,20171,433,48,37,4,29,6,2,0,2,1,0,0,1,0,0,0
12000,9493,18999,455,49,34,4,11,2,5,3,2,0,0,0,0,0,0,0
12100,9482,18271,450,51,37,2,18,11,11,1,2,1,0,0,0,0,0,0
12200,9486,17777,448,55,35,5,18,7,9,2,4,0,0,1,0,0,0,0
12300,9487,16524,446,57,34,0,23,1,8,3,2,0,0,0,0,0,0,0
12400,9412,17227,508,65,51,3,21,3,5,2,2,2,1,0,0,0,0,0
12500,9393,15959,528,94,56,1,14,9,7,4,2,0,0,0,0,0,0,0
12600,9349,17538,567,37,56,0,17,5,6,4,5,1,0,0,0,0,0,0
12700,9345,18144,576,27,57,0,17,7,4,3,1,0,0,0,0,0,0,0
12800,9422,17311,497,33,59,6,12,4,6,6,4,1,0,0,0,0,0,0
12900,9463,16478,456,101,56,6,17,4,6,3,2,0,0,0,0,0,0,0
13000,9482,17793,429,77,55,3,26,2,4,7,4,1,0,0,0,0,0,0
13100,9503,17235,416,90,57,2,18,9,3,2,3,0,0,0,0,0,0,0
13200,9504,16695,408,57,58,0,23,0,5,1,1,0,1,0,0,0,0,0
13300,9546,16645,375,54,56,1,14,5,6,1,3,0,0,0,0,0,0,0
13400,9562,15497,359,22,56,1,14,2,4,2,4,1,1,0,0,0,0,0
13500,9596,15461,338,26,37,1,25,0,3,1,1,1,0,0,0,0,0,0
13600,9600,14622,342,25,31,1,22,4,4,2,1,1,0,0,0,0,0,0
13700,9620,16322,321,33,35,2,17,1,5,1,2,2,0,0,0,0,0,0
13800,9612,15373,327,13,32,3,19,6,6,2,4,1,0,0,0,0,0,0
13900,9607,14158,333,16,35,3,18,4,4,2,3,2,0,0,0,0,0,0
14000,9653,13808,289,21,34,1,18,1,5,3,1,3,0,0,0,0,0,0
14100,9679,13408,261,32,32,3,17,0,5,2,6,1,0,0,0,0,0,0
14200,9647,12924,294,43,31,1,20,1,4,1,3,1,1,0,0,0,0,0
14300,9648,11987,295,13,33,0,21,2,2,3,1,1,0,0,0,0,0,0
14400,9635,12285,303,40,32,2,22,1,4,3,4,0,0,0,0,0,0,0
14500,9646,12836,296,26,32,3,19,2,5,27,2,1,0,0,0,0,0,0
14600,9658,14554,284,42,32,0,19,6,7,7,0,0,0,0,0,0,0,0
14700,9656,13610,283,19,32,3,23,1,4,2,2,0,0,0,0,0,0,0
14800,9649,13657,296,14,32,2,18,1,4,4,1,0,0,0,0,0,0,0
14900,9651,11839,279,18,33,5,26,2,8,1,3,1,0,0,0,0,0,0
15000,9693,12923,256,73,21,1,21,2,5,2,4,1,0,0,0,0,0,0
15100,9716,10748,252,14,14,1,13,9,5,6,0,2,0,0,0,0,0,0
15200,9709,13041,248,19,24,0,9,2,7,3,3,0,0,0,0,0,0,0
15300,9710,12382,258,25,16,3,13,0,3,1,0,0,0,0,0,0,0,0
15400,9688,12183,269,148,21,0,16,2,4,1,2,0,0,0,0,0,0,0
15500,9674,11602,281,45,22,0,18,0,2,2,3,3,0,0,0,0,0,0
15600,9696,11183,264,31,14,2,19,2,3,3,4,0,0,0,0,0,0,0
15700,9702,10088,252,8,15,0,24,0,5,1,2,2,0,0,0,0,0,0
15800,9722,10471,234,8,18,1,17,0,7,3,2,0,0,0,0,0,0,0
15900,9717,10944,236,30,16,0,25,2,3,4,3,1,0,0,0,0,0,0
16000,9729,11572,227,21,16,2,19,1,8,0,1,1,0,0,0,0,0,0
16100,9739,12340,221,8,15,2,19,6,4,0,2,0,0,0,0,0,0,0
16200,9723,10765,240,4,14,2,15,4,4,1,4,0,0,1,0,0,0,0
16300,9685,10236,267,7,19,1,20,4,6,3,2,0,1,0,0,0,0,0
16400,9685,11790,277,7,16,0,10,1,9,5,3,0,0,0,0,0,0,0
16500,9672,10335,302,11,17,1,6,1,2,2,1,0,0,0,0,0,0,0
16600,9689,10511,290,2,14,0,4,0,1,1,2,1,0,0,0,0,0,0
16700,9693,9835,279,11,16,1,7,1,4,0,1,0,0,0,0,0,0,0
16800,9697,11786,273,29,14,1,8,2,7,5,1,0,0,0,0,0,0,0
16900,9700,10346,263,7,16,2,9,5,9,1,3,0,0,0,0,0,0,0
17000,9711,9809,255,12,16,1,7,5,10,1,1,0,0,0,0,0,0,0
17100,9741,10362,237,0,15,0,6,4,0,1,1,0,0,0,0,0,0,0
17200,9731,9315,241,9,13,1,8,6,7,0,0,1,0,0,0,0,0,0
17300,9710,9148,254,8,18,4,10,2,6,2,2,2,0,0,0,0,0,0
17400,9695,9553,277,11,15,0,6,2,7,1,0,0,0,0,0,0,0,0
17500,9698,9452,267,5,18,0,11,4,5,1,1,0,0,0,0,0,0,0
17600,9734,7776,232,2,17,1,9,0,6,2,2,1,0,0,0,0,0,0
17700,9706,7463,263,6,15,1,11,1,3,2,1,1,1,0,0,0,0,0
17800,9673,7105,295,20,18,2,9,5,3,0,2,0,0,0,0,0,0,0
17900,9668,8027,293,9,17,2,19,7,3,0,0,5,0,0,0,0,0,0
18000,9683,7312,284,7,17,2,7,2,6,3,3,0,0,0,0,0,0,0
18100,9682,6196,286,7,20,1,7,1,3,3,2,0,0,0,0,0,0,0
18200,9670,6354,297,4,15,0,9,0,7,1,2,1,0,0,0,0,0,0
18300,9659,6948,303,8,17,2,12,1,9,0,0,0,0,0,0,0,0,0
18400,9673,7443,294,12,14,2,9,0,9,0,1,1,0,0,0,0,0,0
18500,9656,8121,303,14,16,3,10,0,14,1,1,1,0,0,0,0,0,0
18600,9664,7228,303,35,15,1,9,0,7,0,2,1,0,0,0,0,0,0
18700,9664,7335,305,9,16,2,7,3,7,0,1,0,0,0,0,0,0,0
18800,9657,7709,309,8,20,1,1,4,8,1,5,0,0,0,0,0,0,0
18900,9647,7911,316,21,18,4,4,0,10,1,5,0,0,0,0,0,0,0
19000,9624,8340,348,46,16,2,4,3,7,3,1,0,0,0,0,0,0,0
19100,9678,8223,293,40,18,1,0,0,8,4,3,1,0,0,0,0,0,0
19200,9679,7598,300,8,6,1,4,3,8,0,2,1,0,0,0,0,1,0
19300,9675,7691,309,4,7,0,1,2,5,3,3,1,0,0,0,0,0,0
19400,9656,8293,323,14,7,1,5,0,8,1,1,0,0,0,0,0,0,0
19500,9667,9282,314,6,6,0,5,3,8,0,0,0,0,0,0,0,0,0
19600,9719,9080,251,3,9,4,4,1,13,1,4,1,0,0,0,0,0,0
19700,9752,7569,237,0,4,1,3,1,3,2,1,0,0,0,0,0,0,0
19800,9736,8693,244,6,3,4,5,2,8,0,4,0,0,0,0,0,0,0
19900,9743,8298,247,3,3,2,3,0,2,0,2,2,0,0,0,0,0,0
20000,9747,7629,241,21,2,0,4,0,5,2,1,2,0,0,0,0,0,0
20100,9778,5989,210,5,3,1,4,1,2,4,3,0,0,0,0,0,0,0
20200,9770,6391,214,14,6,2,2,1,6,3,2,0,0,0,0,0,0,0
20300,9788,6524,196,12,2,2,4,0,8,0,2,1,0,0,0,0,0,0
20400,9786,7314,203,12,5,0,1,0,5,2,0,0,0,0,0,0,0,0
20500,9776,6916,209,24,0,0,5,1,8,2,2,1,0,0,0,0,0,0
20600,9721,6069,270,35,2,4,2,0,5,3,0,0,0,0,0,0,0,0
20700,9674,5850,308,30,3,2,4,1,11,1,0,1,0,0,0,0,0,0
20800,9662,6211,317,10,5,1,3,0,10,1,3,0,0,0,0,0,0,0
20900,9675,7138,313,27,4,0,0,1,6,0,2,0,0,0,0,0,0,0
21000,9665,7172,320,18,2,0,2,1,9,2,2,0,0,0,0,0,0,0
21100,9702,7242,287,3,1,0,2,1,7,1,1,1,0,0,0,0,0,0
21200,9713,7263,277,2,3,2,1,2,4,0,2,0,0,0,0,0,0,0
21300,9710,7472,279,4,5,0,5,0,1,0,0,0,0,0,0,0,0,0
21400,9697,6797,283,0,3,0,7,3,7,3,3,0,0,0,0,0,0,0
21500,9694,7151,293,21,5,0,5,3,1,1,2,0,0,0,0,0,0,0
21600,9694,6672,289,4,1,0,5,4,6,0,5,1,0,0,0,0,0,0
21700,9724,6363,262,11,4,1,5,4,5,1,0,0,0,0,0,0,0,0
21800,9786,7157,198,12,1,0,10,2,2,0,3,1,0,0,0,0,0,0
21900,9794,7459,193,11,3,1,5,1,4,0,1,1,0,0,0,0,0,0
22000,9802,7931,183,6,3,0,4,0,6,4,2,0,0,0,0,0,0,0
22100,9815,6780,172,4,6,0,1,4,4,0,2,0,0,0,0,0,0,0
22200,9828,6545,163,2,1,1,2,1,2,3,4,0,0,0,0,0,0,0
22300,9813,7120,166,4,5,0,4,3,12,1,0,1,0,0,0,0,0,0
22400,9863,7070,128,2,2,2,5,5,2,1,0,0,0,0,0,0,0,0
22500,9861,6644,130,12,3,0,2,4,4,5,0,1,0,0,0,0,0,0
22600,9863,6606,118,17,2,1,4,15,10,0,2,0,1,0,0,0,0,0
22700,9858,6718,124,2,8,0,4,7,6,0,0,0,0,0,0,0,0,0
22800,9867,6510,123,10,2,0,1,0,4,0,2,0,1,0,0,0,0,0
22900,9859,6779,131,5,3,2,0,5,5,2,1,0,1,0,0,0,0,0
23000,9853,6096,136,11,4,0,1,1,5,1,1,0,0,0,0,0,0,0
23100,9818,6237,173,15,2,2,2,0,5,0,0,1,0,0,0,0,0,0
23200,9800,5458,192,14,3,1,1,2,3,1,1,1,0,0,0,0,0,0
23300,9810,6477,176,6,6,4,5,1,0,0,3,0,0,0,0,0,0,0
23400,9785,7533,203,9,3,2,4,1,3,0,2,1,0,0,0,0,0,0
23500,9773,6835,208,14,6,1,6,7,6,3,1,0,0,0,0,0,0,0
23600,9778,7046,207,12,5,1,5,3,3,1,1,2,0,0,1,0,0,0
23700,9785,6020,204,4,3,1,3,3,2,0,3,0,0,0,0,0,0,0
23800,9796,6385,197,12,1,1,3,2,3,1,0,1,0,0,0,0,0,0
23900,9803,5751,190,5,2,0,2,2,2,2,1,0,0,0,0,0,0,0
24000,9807,5435,176,3,6,1,3,3,7,1,1,1,0,0,0,0,0,0
24100,9794,6424,195,5,3,1,2,0,1,0,5,0,0,0,0,0,0,0
24200,9788,6295,196,23,5,1,4,4,7,2,0,0,0,0,0,0,0,0
24300,9808,5639,183,22,4,1,2,0,3,1,0,1,0,0,0,0,0,0
24400,9803,5257,180,7,4,1,3,1,9,0,1,1,0,0,0,0,0,0
24500,9787,5648,185,12,3,1,3,5,20,0,2,0,0,0,0,0,0,0
24600,9764,5721,212,6,1,2,3,0,19,1,1,1,0,0,0,0,0,0
24700,9746,4855,231,6,2,1,2,2,19,3,0,1,0,0,0,0,0,0
24800,9756,4717,214,8,5,3,4,1,21,6,0,10,0,0,0,0,0,0
24900,9807,4623,164,17,2,0,5,1,21,2,1,0,0,0,0,0,0,0
25000,9804,4757,167,19,3,1,1,7,22,3,3,1,0,0,0,0,0,0
25100,9811,5629,162,7,3,2,3,7,20,1,1,0,0,0,0,0,0,0
25200,9812,4512,163,13,3,0,4,4,17,1,1,0,0,0,0,0,0,0
25300,9860,4266,118,17,1,1,2,11,18,0,1,1,0,0,0,0,0,0
25400,9845,4782,114,18,1,2,2,12,37,1,1,2,0,0,0,0,0,0
25500,9842,4682,116,31,0,1,2,13,38,0,2,1,0,0,0,0,0,0
25600,9832,4393,115,31,6,0,2,18,41,0,4,1,0,0,0,0,0,0
25700,9809,4673,121,26,27,2,3,19,40,0,0,0,0,0,0,0,0,0
25800,9787,5147,140,22,27,0,2,16,39,0,2,0,3,0,0,0,0,0
25900,9781,4582,147,24,27,1,2,16,40,1,3,0,0,0,0,0,0,0
26000,9760,4272,160,66,27,2,3,15,47,0,3,1,0,0,0,0,0,0
26100,9770,4314,157,21,29,0,5,12,38,2,0,0,1,0,0,0,0,0
26200,9775,4082,151,22,29,1,3,10,42,0,0,0,0,0,0,0,0,0
26300,9796,3116,141,24,24,1,0,14,39,1,0,0,0,0,0,0,0,0
26400,9762,3546,171,23,23,2,3,14,40,1,1,0,0,0,0,0,0,0
26500,9791,3890,165,25,3,1,0,18,39,0,2,1,0,0,0,0,0,0
26600,9797,4233,156,24,3,1,2,9,41,1,1,0,0,0,0,0,0,0
26700,9800,4690,161,28,1,0,4,11,32,0,2,1,0,0,0,0,0,0
26800,9806,4860,165,23,2,1,3,11,23,3,1,1,0,0,0,0,0,0
26900,9834,4338,142,42,1,0,4,7,19,2,0,0,0,0,0,0,0,0
27000,9840,4208,128,30,4,2,6,9,22,1,0,0,0,0,0,0,0,0
27100,9851,3952,123,34,4,3,2,7,18,4,2,0,0,0,0,0,0,0
27200,9847,4372,130,25,2,1,2,5,17,1,2,0,0,0,0,0,0,0
27300,9836,4543,137,28,4,0,3,4,18,0,2,0,0,0,0,0,0,0
27400,9827,5099,146,23,1,1,5,8,20,0,1,1,0,0,0,0,0,0
27500,9776,5095,196,31,5,0,3,7,20,2,0,1,0,0,0,0,0,0
27600,9729,4482,247,21,3,0,0,7,18,1,3,0,0,0,0,0,0,0
27700,9742,4597,230,20,4,1,6,5,17,2,1,0,0,0,0,0,0,0
27800,9758,4635,217,21,2,2,2,5,19,2,2,1,0,0,0,0,0,0
27900,9746,3882,229,10,3,0,2,5,18,6,2,0,0,0,0,0,0,0
28000,9724,4847,250,3,2,0,4,5,19,0,1,0,0,0,0,0,0,0
28100,9736,5354,232,22,2,0,3,9,23,0,4,1,0,0,0,0,0,0
28200,9732,4807,242,30,6,0,0,6,20,0,0,1,0,0,0,0,0,0
28300,9739,4548,233,11,2,2,4,7,20,1,2,0,0,0,0,0,0,0
28400,9742,4299,231,5,1,1,2,6,21,1,3,1,0,0,0,0,0,0
28500,9763,4356,216,12,3,1,1,0,16,0,1,0,0,0,0,0,0,0
28600,9771,5049,204,0,1,0,3,6,18,1,3,1,0,0,0,0,0,0
28700,9754,5546,213,1,6,0,5,0,19,1,3,1,0,0,0,0,0,0
28800,9766,5058,203,37,3,1,3,0,20,1,5,0,0,0,0,0,0,0
28900,9779,5776,186,61,8,1,5,2,20,1,2,1,0,0,0,0,0,0
29000,9781,5021,187,9,5,1,2,1,22,2,3,0,0,0,0,0,0,0
29100,9776,4420,189,69,3,1,8,6,21,0,3,0,0,0,0,0,0,0
29200,9808,4330,169,30,1,0,1,0,19,0,2,1,0,0,0,0,0,0
29300,9811,4129,161,9,6,1,1,0,21,1,0,2,0,0,0,0,0,0
29400,9819,4266,156,6,2,1,3,0,19,3,1,0,0,0,0,0,0,0
29500,9840,5082,139,23,0,1,3,1,17,1,1,1,0,0,0,0,0,0
29600,9872,5370,98,10,4,0,4,4,19,0,3,0,0,0,0,0,0,0
29700,9894,4797,78,3,5,0,5,0,18,3,0,1,0,0,0,0,0,0
29800,9885,4528,92,35,2,1,2,0,19,0,0,1,0,0,0,0,0,0
29900,9905,3908,69,50,3,0,4,0,17,0,2,0,0,0,0,0,0,0
30000,9881,4186,86,24,4,2,4,0,23,3,2,0,0,0,0,0,0,0
30100,9892,4267,81,22,4,0,1,0,19,4,3,2,0,0,0,0,0,0
30200,9863,4140,66,19,42,0,4,10,23,2,2,0,0,0,0,0,0,0
30300,9852,4093,84,10,40,2,3,0,17,0,4,1,0,0,0,0,0,0
30400,9865,4458,77,23,34,1,2,1,22,0,0,0,0,0,0,0,0,0
30500,9837,4934,88,18,48,2,5,3,20,2,2,0,0,0,0,0,0,0
30600,9836,4650,86,4,49,0,3,0,26,0,0,0,0,0,0,0,0,0
30700,9833,4029,84,11,55,1,2,0,21,1,5,0,0,0,0,0,0,0
30800,9855,4019,75,14,45,0,3,0,21,1,1,1,0,0,0,0,0,0
30900,9910,4167,50,5,20,1,1,0,19,4,0,0,0,0,0,0,0,0
31000,9916,3911,49,20,13,0,0,0,20,0,2,1,0,0,0,0,0,0
31100,9908,4212,47,65,17,0,4,1,21,2,3,1,0,0,0,0,0,0
31200,9917,4326,49,8,14,1,1,2,17,0,2,0,0,0,0,0,0,0
31300,9928,4882,31,6,13,0,4,1,24,1,0,0,0,0,0,0,0,0
31400,9926,5374,36,10,15,0,4,2,18,1,1,1,0,0,0,0,0,0
31500,9929,5714,32,3,19,0,1,4,19,0,0,2,0,0,0,0,0,0
31600,9934,5443,41,25,4,1,0,0,19,0,2,0,0,0,0,0,0,0
31700,9938,5234,41,9,1,0,1,3,19,0,0,1,0,0,0,0,0,0
31800,9934,5044,41,10,2,0,3,0,17,1,3,2,0,0,0,0,0,0
31900,9934,4967,42,6,2,0,4,1,17,0,1,2,0,0,0,0,0,0
32000,9934,4447,40,23,5,2,1,0,19,2,1,1,0,0,0,0,0,0
32100,9935,4209,41,16,1,0,2,0,20,0,1,0,0,0,0,0,0,0
32200,9938,5593,48,5,2,0,2,1,10,0,0,0,0,0,0,0,0,0
32300,9943,4430,47,4,1,2,2,0,7,0,0,0,0,0,0,0,0,0
32400,9940,3910,51,0,2,0,2,0,3,2,2,0,0,0,0,0,0,0
32500,9941,3623,48,4,4,0,5,4,2,0,0,1,0,0,0,0,0,0
32600,9945,4116,40,7,4,1,5,1,5,1,1,0,0,0,0,0,0,0
32700,9948,3772,43,1,0,4,0,1,7,0,2,0,0,0,0,0,0,0
32800,9956,3890,36,8,4,3,1,0,2,0,1,0,0,0,0,0,0,0
32900,9949,4371,35,7,1,0,8,0,6,0,1,0,0,0,0,0,0,0
33000,9959,4105,32,2,2,0,4,1,2,0,1,0,0,0,0,0,0,0
33100,9967,5391,27,46,3,1,2,1,1,0,0,0,0,0,0,0,0,0
33200,9968,5583,26,39,0,2,1,1,2,0,3,0,0,0,0,0,0,0
33300,9951,5308,42,6,2,1,2,4,1,5,2,0,0,0,0,0,0,0
33400,9949,4998,41,13,2,0,4,1,3,2,1,0,0,0,0,0,0,0
33500,9947,3998,41,108,6,2,3,0,3,2,0,1,0,0,0,0,0,0
33600,9957,4852,37,15,2,0,0,0,3,0,1,0,0,0,0,0,0,0
33700,9948,5006,35,7,5,1,2,1,9,0,1,0,0,0,0,0,0,0
33800,9953,4710,40,1,0,2,0,0,6,2,1,0,0,0,0,0,0,0
33900,9953,3952,37,6,6,1,2,1,1,2,1,1,0,0,0,0,0,0
34000,9956,4285,38,50,0,0,3,1,2,2,1,1,0,0,0,0,0,0
34100,9951,4051,40,17,2,0,2,7,4,0,1,1,0,0,0,0,0,0
34200,9955,4426,39,0,3,0,1,0,0,1,2,0,0,0,0,0,0,0
34300,9957,4765,34,0,3,1,2,2,1,2,3,0,0,0,0,0,0,0
34400,9963,4144,25,0,3,1,4,1,3,1,2,1,0,0,0,0,0,0
34500,9979,4261,17,0,0,1,3,0,1,1,0,0,0,0,0,0,0,0
34600,9972,4268,17,2,2,1,4,2,5,1,0,0,0,0,0,0,0,0
34700,9976,4296,17,8,2,0,2,0,3,1,0,3,0,0,0,0,0,0
34800,9972,4515,26,3,0,0,1,0,1,0,0,0,0,0,0,0,0,0
34900,9975,4259,21,1,2,1,1,0,0,0,1,2,0,0,0,0,0,0
35000,9969,4189,23,19,2,0,4,0,2,1,0,0,0,0,0,0,0,0
35100,9962,4540,23,8,4,0,5,4,4,0,2,0,0,0,0,0,0,0
35200,9950,4736,40,11,1,2,3,6,5,0,1,0,0,0,0,0,0,0
35300,9953,3880,40,65,2,0,1,0,1,0,3,1,0,0,0,0,0,0
35400,9962,3171,31,9,0,1,4,4,3,3,0,0,0,0,0,0,0,0
35500,9956,2789,34,8,3,1,2,1,4,1,1,0,0,0,0,0,0,0
35600,9966,3313,22,4,3,0,5,2,3,3,1,0,0,0,0,0,0,0
35700,9946,3882,39,3,2,1,6,0,7,0,0,0,0,0,0,0,0,0
35800,9961,4288,34,4,2,1,0,5,2,3,1,1,0,0,0,0,0,0
35900,9964,4741,27,2,4,0,1,0,4,2,0,0,0,0,0,0,0,0
36000,9959,4473,33,0,2,0,2,3,2,2,2,0,0,0,0,0,0,0
36100,9948,4807,37,4,2,1,2,3,9,0,2,0,0,0,0,0,0,0
36200,9956,4447,38,0,0,0,0,1,3,0,3,0,0,0,0,0,0,0
36300,9956,4141,39,0,1,1,1,0,2,0,0,0,1,0,0,0,0,0
36400,9952,4357,41,2,1,0,2,0,4,1,0,0,0,0,0,0,0,0
36500,9942,3980,48,8,2,1,2,0,4,0,2,0,0,0,0,0,0,0
36600,9932,3975,57,27,3,1,2,1,6,0,0,0,0,0,0,0,0,0
36700,9870,3706,104,9,4,0,19,0,2,1,1,0,0,0,0,0,0,0
36800,9890,3365,97,6,1,1,9,0,2,0,1,0,0,0,0,0,0,0
36900,9878,3875,106,4,1,1,6,1,9,0,0,0,0,0,0,0,0,0
37000,9884,3990,105,2,1,1,1,1,4,0,5,0,0,0,0,0,0,0
37100,9888,3434,104,0,1,1,1,0,4,0,2,0,0,0,0,0,0,0
37200,9896,3795,95,3,1,0,3,0,3,0,2,1,0,0,0,0,0,0
37300,9889,4275,101,2,3,1,1,1,2,3,4,0,0,0,0,0,0,0
37400,9898,4140,92,2,2,0,3,1,3,0,2,0,0,0,0,0,0,0
37500,9901,4178,96,2,0,0,2,1,0,0,1,2,0,0,0,0,0,0
37600,9822,3984,162,0,5,2,7,3,3,0,1,0,0,0,0,0,0,0
37700,9825,4543,163,0,3,2,4,1,5,0,0,0,0,0,0,0,0,0
37800,9828,4459,165,1,2,3,0,1,3,1,2,0,0,0,0,0,0,0
37900,9822,4241,173,0,0,1,0,0,3,5,1,1,1,0,0,0,0,0
38000,9822,4017,169,0,1,0,2,0,5,1,1,1,0,0,0,0,0,0
38100,9818,5062,175,5,2,0,2,0,3,0,0,0,0,0,0,0,0,0
38200,9879,5166,115,0,1,1,2,1,3,0,0,0,0,0,0,0,0,0
38300,9870,4836,119,12,2,2,2,4,5,0,2,1,0,0,0,0,0,0
38400,9857,5128,135,17,1,1,2,1,2,0,3,0,0,0,0,0,0,0
38500,9868,4976,122,13,1,3,1,1,6,0,2,0,0,0,0,0,0,0
38600,9883,4780,109,0,2,0,2,1,4,0,0,0,0,0,0,0,0,0
38700,9877,5040,108,0,3,1,7,14,5,0,0,0,0,0,0,0,0,0
38800,9879,4675,110,6,2,0,5,0,3,1,1,1,0,0,0,0,0,0
38900,9852,4345,138,2,3,0,4,2,1,1,2,0,0,0,0,0,0,0
39000,9854,3080,136,0,2,0,2,4,5,0,1,0,0,0,0,0,0,0
39100,9853,3073,133,1,5,0,3,0,5,0,1,0,0,0,0,0,0,0
39200,9803,3610,183,1,3,0,7,3,2,4,2,0,0,0,0,0,0,0
39300,9783,3892,207,0,2,1,2,1,4,0,2,0,0,0,0,0,0,0
39400,9779,4322,204,3,7,0,2,3,6,3,2,0,0,0,0,0,0,0
39500,9787,4883,199,24,6,0,5,3,2,1,1,0,0,0,0,0,0,0
39600,9805,4651,185,20,2,0,3,5,4,1,1,0,0,0,0,0,0,0
39700,9820,5495,175,0,2,0,0,2,3,0,0,0,0,0,0,0,0,0
39800,9821,4322,169,0,4,1,2,3,3,1,1,0,0,0,0,0,0,0
39900,9818,4670,169,37,6,0,6,1,1,1,0,0,0,0,0,0,0,0
40000,9831,4739,161,16,4,0,1,0,3,1,0,1,0,0,0,0,0,0
40100,9829,4170,169,36,1,0,0,1,1,0,0,0,0,0,0,0,0,0
40200,9829,3528,159,14,3,0,3,2,6,1,0,0,0,0,0,0,0,0
40300,9837,4753,153,5,1,0,3,2,4,2,2,1,0,0,0,0,0,0
40400,9834,5117,156,2,1,0,3,0,2,2,4,0,0,0,0,0,0,0
40500,9835,4520,159,0,1,1,1,0,2,0,2,0,0,0,0,0,0,0
40600,9833,4463,157,5,3,4,2,2,4,0,1,1,0,0,0,0,0,0
40700,9839,4156,154,0,2,0,1,4,3,0,1,0,0,0,0,0,0,0
40800,9838,4740,155,2,2,1,1,1,2,1,2,0,0,0,0,0,0,0
40900,9841,4423,148,3,3,1,2,1,5,1,1,0,0,0,0,0,0,0
41000,9916,4374,74,0,6,1,0,0,4,2,0,0,0,0,0,0,0,0
41100,9918,4017,72,3,4,1,2,4,3,0,1,0,0,0,0,0,0,0
41200,9847,4192,140,5,0,2,6,1,5,2,2,0,0,0,0,0,0,0
41300,9855,3948,138,4,2,1,2,0,2,1,1,1,0,0,0,0,0,0
41400,9851,4371,140,4,0,0,4,0,4,0,1,1,0,0,0,0,0,0
41500,9847,5009,140,5,2,0,3,0,8,2,0,2,0,0,0,0,0,0
41600,9839,4977,144,0,4,0,8,0,5,1,0,0,0,0,0,0,0,0
41700,9852,4424,140,1,2,0,0,1,3,2,3,0,0,0,0,0,0,0
41800,9837,3605,147,2,3,0,3,3,8,2,2,0,0,0,0,0,0,0
41900,9786,4034,207,2,2,0,4,1,0,1,1,2,0,0,0,0,0,0
42000,9805,4987,188,6,2,0,2,4,3,0,0,0,0,0,0,0,0,0
42100,9851,4082,141,8,2,0,1,0,4,2,1,0,0,0,0,0,0,0
42200,9845,4485,142,17,3,0,1,1,6,2,3,0,0,0,0,0,0,0
42300,9846,4160,142,1,1,0,4,0,7,0,0,0,0,0,0,0,0,0
42400,9860,3835,132,15,0,0,5,1,1,0,2,0,0,0,0,0,0,0
42500,9909,3721,81,8,3,1,2,1,4,0,1,1,0,0,0,0,0,0
42600,9912,4818,84,5,2,1,1,0,1,0,0,0,0,0,0,0,0,0
42700,9894,4833,100,0,1,1,1,0,3,0,1,0,0,0,0,0,0,0
42800,9891,4352,97,1,4,1,3,2,3,2,2,1,0,0,0,0,0,0
42900,9894,3635,102,1,2,2,0,0,2,0,0,2,0,0,0,0,0,0
43000,9899,3916,96,0,2,1,2,0,1,0,0,0,0,0,0,0,0,0
43100,9902,3745,89,0,4,2,2,0,3,0,0,0,0,0,0,0,0,0
43200,9892,4004,93,2,5,1,5,3,5,0,0,0,0,0,0,0,0,0
43300,9891,4025,102,0,4,0,0,1,2,0,1,0,0,0,0,0,0,0
43400,9889,4523,102,1,2,0,4,8,0,0,3,1,0,0,0,0,0,0
43500,9898,4709,92,2,3,1,5,0,2,0,0,0,0,0,0,0,0,0
43600,9899,4772,92,37,2,1,3,1,3,0,1,1,0,0,0,0,0,0
43700,9893,4803,94,103,2,0,3,0,6,0,2,0,0,0,0,0,0,0
43800,9889,5336,98,103,1,1,5,1,3,3,4,0,0,0,0,0,0,0
43900,9900,4463,94,47,1,0,2,5,2,3,1,0,0,1,0,0,0,0
44000,9900,3990,92,3,2,0,3,0,3,3,0,1,0,1,0,0,0,0
44100,9889,4031,98,2,5,0,2,0,4,0,2,0,0,0,0,0,0,0
44200,9901,4500,91,2,1,0,2,0,5,0,0,0,0,0,0,0,0,0
44300,9902,6034,88,8,1,2,2,1,3,0,4,0,0,0,0,0,0,0
44400,9905,5386,87,5,2,0,2,1,3,1,1,0,0,0,0,0,0,0
44500,9898,4564,92,18,3,1,2,1,4,1,1,0,0,0,0,0,0,0
44600,9897,3786,93,4,4,1,1,1,4,0,1,0,0,0,0,0,0,0
44700,9902,2857,84,2,5,1,2,1,4,3,3,0,0,0,0,0,0,0
44800,9872,2216,120,5,2,0,3,0,2,0,1,0,0,0,0,0,0,0
44900,9875,2565,121,5,1,0,1,3,1,1,1,0,0,0,0,0,0,0
45000,9876,3344,117,5,2,0,2,4,0,0,3,0,0,0,0,0,0,0
45100,9874,3390,118,16,3,1,1,0,3,1,1,0,0,0,0,0,0,0
45200,9863,4081,125,5,3,0,2,0,4,0,3,0,0,0,0,0,0,0
45300,9864,4696,123,5,3,1,4,0,4,1,2,0,0,0,0,0,0,0
45400,9859,4842,126,1,5,1,4,0,4,0,1,0,1,0,0,0,0,0
45500,9860,4474,125,3,2,1,6,1,6,6,1,0,0,0,0,0,0,0
45600,9870,4740,121,1,3,0,1,0,2,2,2,0,1,0,0,0,0,0
45700,9886,4578,108,1,3,0,2,1,1,1,0,0,0,0,0,0,0,0
45800,9892,4526,95,1,6,1,1,0,6,2,0,0,0,0,0,0,0,0
45900,9869,4944,115,2,3,0,6,0,4,0,3,0,0,0,0,0,0,0
46000,9844,4151,151,3,2,2,1,2,0,0,2,0,0,0,0,0,0,0
46100,9842,4528,146,0,3,1,3,2,4,0,2,0,0,0,0,0,0,0
46200,9844,3639,143,1,3,1,2,5,6,2,2,0,0,0,0,0,0,0
46300,9854,3664,134,2,4,1,4,6,4,1,0,1,0,0,0,0,0,0
46400,9857,4187,132,5,4,1,1,6,3,0,3,1,0,0,0,0,0,0
46500,9842,4404,143,1,3,0,3,2,8,0,1,1,0,0,0,0,0,0
46600,9850,4631,139,1,4,1,2,0,4,1,1,0,0,0,0,0,0,0
46700,9796,4029,196,0,2,0,2,2,3,0,1,0,0,0,0,0,0,0
46800,9770,3451,217,4,4,0,2,3,3,0,4,0,0,0,0,0,0,0
46900,9747,4290,241,31,2,0,2,3,5,5,3,1,0,0,0,0,0,0
47000,9713,5211,274,14,3,0,3,5,6,0,1,0,0,0,0,0,0,0
47100,9726,4351,265,32,1,1,3,2,3,1,2,0,0,0,0,0,0,0
47200,9731,4728,256,1,1,2,5,0,5,2,2,0,0,0,0,0,0,0
47300,9736,3888,240,0,7,1,7,3,7,5,3,0,0,1,0,0,0,0
47400,9818,3264,169,3,2,1,3,2,6,0,2,1,0,0,0,0,0,0
47500,9888,3946,105,0,5,0,0,0,2,3,0,0,0,0,0,0,0,0
47600,9884,4673,107,4,4,1,1,0,1,1,3,0,0,0,0,0,0,0
47700,9883,5882,108,4,0,1,2,1,6,2,1,0,0,0,0,0,0,0
47800,9886,5091,105,8,2,0,1,3,4,0,2,1,0,0,0,0,0,0
47900,9894,3796,101,5,0,0,2,2,2,0,1,0,0,0,0,0,0,0
48000,9892,3663,96,3,2,1,5,3,4,2,1,0,0,0,0,0,0,0
48100,9889,3112,93,8,4,2,5,5,4,1,4,0,1,0,0,0,0,0
48200,9914,3870,73,5,3,2,3,2,6,0,1,1,0,0,0,0,0,0
48300,9930,4432,62,4,3,0,0,3,2,0,3,0,0,0,0,0,0,0
48400,9929,5401,55,2,4,0,6,0,6,0,0,0,0,0,0,0,0,0
48500,9884,4994,99,3,5,0,6,2,6,1,0,2,0,0,0,0,0,0
48600,9852,3814,135,2,9,1,0,0,4,3,0,1,0,0,0,0,0,0
48700,9863,4235,128,0,3,0,1,10,4,0,1,0,0,0,0,0,0,0
48800,9860,4009,130,13,2,0,2,3,4,1,2,0,0,0,0,0,0,0
48900,9858,5054,126,22,6,0,5,1,4,1,1,0,0,0,0,0,0,0
49000,9881,4771,109,8,1,5,4,1,5,0,0,1,0,0,0,0,0,0
49100,9893,3655,96,10,2,0,0,0,6,4,3,2,0,0,0,0,0,0
49200,9882,4050,112,9,1,1,0,1,2,2,3,0,0,0,0,0,0,0
49300,9884,4414,108,55,0,0,2,0,6,1,0,1,0,0,0,0,0,0
49400,9865,3660,123,9,4,2,2,2,5,4,1,1,0,0,0,0,0,0
49500,9863,3140,116,5,8,1,4,2,9,0,0,0,0,0,0,0,0,0
49600,9881,2771,110,8,1,0,3,0,5,4,0,0,0,0,0,0,0,0
49700,9883,3166,105,7,4,1,6,0,0,0,2,0,0,0,0,0,0,0
49800,9901,3979,91,12,1,2,3,1,3,0,1,1,0,0,0,0,0,0
49900,9954,3865,38,19,2,1,4,3,2,4,0,0,0,0,0,0,0,0
50000,9939,3750,45,6,5,1,2,3,7,0,2,0,0,0,0,0,0,0
50100,9931,3758,64,2,1,0,0,0,3,0,1,0,0,0,0,0,0,0
50200,9934,4106,62,0,3,2,1,0,0,1,0,0,0,0,0,0,0,0
50300,9958,4805,31,2,4,0,4,0,2,0,1,0,0,0,0,0,0,0
50400,9958,5029,28,2,4,2,6,5,2,1,2,0,0,0,0,0,0,0
50500,9959,4618,27,3,4,0,5,0,4,0,1,1,0,0,0,0,0,0
50600,9960,4511,30,15,2,1,3,0,4,3,1,1,0,0,0,0,0,0
50700,9955,5066,28,9,2,2,3,0,7,2,5,1,0,0,0,0,0,0
50800,9968,4638,26,3,2,3,2,1,1,0,1,0,0,0,0,0,0,0
50900,9956,4518,29,1,6,1,4,4,5,0,0,0,0,0,0,0,0,0
51000,9962,4379,28,6,5,0,0,2,3,1,2,0,0,0,0,0,0,0
51100,9950,3442,37,9,1,0,6,0,5,2,1,0,0,0,0,0,0,0
51200,9893,3154,97,12,1,0,4,2,2,0,3,0,0,0,0,0,0,0
51300,9890,2994,96,4,4,0,0,1,8,1,2,0,0,0,0,0,0,0
51400,9884,3920,108,3,3,2,1,4,4,2,0,0,0,0,0,0,0,0
51500,9886,3928,110,0,1,2,0,0,1,0,2,0,0,0,0,0,0,0
51600,9872,3826,110,3,2,0,8,2,7,0,1,0,0,0,0,0,0,0
51700,9877,4343,107,4,5,0,3,0,6,3,2,0,0,0,0,0,0,0
51800,9885,3880,107,0,1,0,1,1,4,0,2,0,0,0,0,0,0,0
51900,9875,3526,111,11,3,1,3,0,4,0,4,0,0,0,0,0,0,0
52000,9881,3394,110,6,4,3,1,4,3,1,1,0,0,0,0,0,0,0
52100,9833,4184,148,6,7,0,6,2,5,0,1,0,0,0,0,0,0,0
52200,9803,3825,181,7,8,0,2,0,4,1,2,0,0,0,0,0,0,0
52300,9806,2993,178,7,4,3,3,1,6,1,3,0,0,0,0,0,0,0
52400,9806,2800,176,5,4,1,2,5,10,0,2,0,0,0,0,0,0,0
52500,9810,3062,177,21,4,1,3,1,5,3,1,0,0,0,0,0,0,0
52600,9805,3722,177,5,7,0,3,0,4,1,3,0,1,0,0,0,0,0
52700,9815,3780,171,1,5,2,4,3,4,1,1,0,0,0,0,0,0,0
52800,9767,3300,217,2,5,0,5,0,5,1,1,0,0,0,0,0,0,0
52900,9706,2957,281,4,3,0,4,4,4,0,2,0,0,0,0,0,0,0
53000,9699,3845,289,2,1,0,5,3,6,3,0,1,0,0,0,0,0,0
53100,9691,4064,295,78,5,1,4,2,4,0,1,0,0,0,0,0,0,0
53200,9638,4630,342,0,8,0,4,3,6,0,2,0,0,0,0,0,0,0
53300,9677,4529,309,32,6,2,5,1,0,1,3,0,0,0,0,0,0,0
53400,9694,3743,300,9,0,1,2,0,3,3,1,0,0,0,0,0,0,0
53500,9695,3865,291,3,5,3,6,0,2,1,1,0,0,0,0,0,0,0
53600,9695,3561,294,1,3,0,3,3,4,0,1,0,0,0,0,0,0,0
53700,9715,2972,272,3,4,1,5,1,3,0,1,0,0,0,0,0,0,0
53800,9748,3158,239,0,4,0,4,0,2,1,3,0,0,0,0,0,0,0
53900,9731,3317,257,3,6,0,4,0,2,1,0,0,0,0,0,0,0,0
54000,9738,3646,250,5,3,0,6,1,0,0,3,1,0,0,0,0,0,0
54100,9788,4033,194,7,7,1,6,0,4,0,1,0,0,1,0,0,0,0
54200,9801,4840,187,0,5,0,2,0,5,4,0,0,0,0,0,0,0,0
54300,9814,5389,179,0,3,0,0,1,3,1,1,0,0,0,0,0,0,0
54400,9816,5473,174,1,1,0,2,0,6,0,1,0,0,0,0,0,0,0
54500,9815,5275,171,2,11,0,1,0,1,1,1,0,0,0,0,0,0,0
54600,9823,4628,169,2,3,1,2,1,2,1,1,0,0,0,0,0,0,0
54700,9830,4313,159,0,1,0,1,3,5,0,4,0,0,0,0,0,0,0
54800,9835,4597,156,1,4,0,1,4,3,1,1,0,0,0,0,0,0,0
54900,9830,4940,156,2,6,1,1,0,4,0,3,0,0,0,0,0,0,0
55000,9841,5036,154,4,2,1,1,0,2,0,0,0,0,0,0,0,0,0
55100,9833,5020,151,3,6,1,3,0,5,0,2,1,0,0,0,0,0,0
55200,9814,4224,173,0,4,1,1,0,7,0,1,0,0,0,0,0,0,0
55300,9874,3741,111,4,4,0,3,2,5,0,3,1,0,0,0,0,0,0
55400,9880,3898,108,0,7,0,1,1,3,1,1,0,0,0,0,0,0,0
55500,9879,4230,109,6,3,0,1,0,5,0,3,1,0,0,0,0,0,0
55600,9884,4666,105,36,6,1,2,0,3,1,0,1,0,0,0,0,0,0
55700,9885,5257,107,2,3,0,2,0,3,1,0,1,0,0,0,0,0,0
55800,9871,4825,119,0,6,0,1,0,3,1,0,0,0,0,0,0,0,0
55900,9870,4404,120,8,3,1,3,0,2,0,2,0,0,0,0,0,0,0
56000,9864,4643,116,0,8,0,4,1,8,1,0,0,0,0,0,0,0,0
56100,9869,3762,120,0,5,0,1,1,4,1,1,0,0,0,0,0,0,0
56200,9866,4010,121,0,5,1,3,1,4,2,1,0,0,0,0,0,0,0
56300,9867,4140,127,3,3,0,2,1,1,0,0,0,0,0,0,0,0,0
56400,9849,4243,136,7,10,0,3,0,2,0,0,0,0,0,0,0,0,0
56500,9858,3850,130,2,6,0,1,0,4,0,1,0,0,0,0,0,0,0
56600,9839,3261,142,1,6,0,5,3,3,0,4,0,1,0,0,0,0,0
56700,9856,3532,132,8,7,0,3,0,2,0,0,0,0,0,0,0,0,0
56800,9852,2932,136,6,7,0,1,3,2,0,1,0,1,0,0,0,0,0
56900,9856,3204,135,5,4,0,1,5,2,0,2,1,0,0,0,0,0,0
57000,9856,3007,134,20,3,1,2,1,4,3,1,0,0,0,0,0,0,0
57100,9859,2707,131,5,4,0,2,1,3,1,1,1,0,0,0,0,0,0
57200,9857,2443,131,8,4,0,4,1,2,1,2,1,0,0,0,0,0,0
57300,9855,3225,135,2,3,0,3,0,4,0,0,0,0,0,0,0,0,0
57400,9868,2944,120,3,7,0,3,0,2,0,0,0,0,0,0,0,0,0
57500,9851,2814,133,0,4,0,2,3,7,2,3,1,0,0,0,0,0,0
57600,9862,3214,129,5,5,0,1,1,2,1,1,0,0,0,0,0,0,0
57700,9879,3390,110,45,6,0,0,0,1,0,4,0,0,0,0,0,0,0
57800,9961,3034,30,3,5,1,1,0,2,0,1,1,0,0,0,0,0,0
57900,9983,2884,10,0,4,0,1,0,2,7,0,0,0,0,0,0,0,0
58000,9968,4090,14,5,5,0,4,0,9,4,0,1,0,0,0,0,0,0
58100,9974,3633,17,2,7,0,1,1,1,0,0,0,0,0,0,0,0,0
58200,9966,4253,20,3,6,1,2,0,6,0,0,1,0,0,0,0,0,0
58300,9973,4303,14,2,7,0,4,11,2,2,0,0,0,0,0,0,0,0
58400,9975,4300,12,3,2,0,4,17,5,0,2,0,0,0,0,0,0,0
58500,9983,4230,6,3,2,0,2,8,4,1,3,0,0,0,0,0,0,0
58600,9969,4424,16,6,10,0,2,3,2,4,1,1,0,0,0,0,0,0
58700,9980,4196,11,4,5,0,2,0,1,2,1,0,0,0,0,0,0,0
58800,9973,3890,18,8,2,1,0,2,5,1,2,0,0,0,0,0,0,0
58900,9965,4084,27,19,5,0,2,1,1,0,0,0,0,0,0,0,0,0
59000,9967,4233,23,13,2,2,4,2,3,2,1,0,0,0,0,0,0,0
59100,9961,4640,30,1,5,0,0,2,2,0,2,0,0,0,0,0,0,0
59200,9954,4237,39,12,5,0,1,0,0,0,1,2,0,0,0,0,0,0
59300,9931,4727,52,23,4,1,4,0,7,1,2,0,0,0,0,0,0,0
59400,9944,4651,46,2,4,1,1,0,3,0,2,0,0,0,0,0,0,0
59500,9942,4183,50,9,6,1,0,0,2,1,0,1,0,0,0,0,0,0
59600,9946,4355,44,12,7,1,1,1,2,0,0,0,0,0,0,0,0,0
59700,9952,3759,35,4,6,0,3,3,1,0,3,0,0,0,0,0,0,0
59800,9950,4234,40,0,3,1,1,0,5,0,1,0,0,0,0,0,0,0
59900,9957,4699,37,4,4,0,1,2,0,1,1,1,0,0,0,0,0,0
60000,9950,4561,38,5,3,0,4,0,4,1,1,0,0,0,0,0,0,0
60100,9950,4068,34,3,6,0,3,0,6,0,1,0,0,0,0,0,0,0
60200,9948,3972,36,2,7,0,2,0,5,0,2,0,0,0,0,0,0,0
60300,9963,4430,32,1,3,1,1,4,1,0,0,0,0,0,0,0,0,0
60400,9951,3452,39,3,6,0,2,1,1,0,1,0,0,0,0,0,0,0
60500,9954,3073,36,50,6,1,2,0,2,0,0,0,0,0,0,0,0,0
60600,9957,3736,34,21,6,2,1,4,2,0,0,0,0,0,0,0,0,0
60700,9953,3833,40,1,4,0,2,0,1,4,0,0,0,0,0,0,0,0
60800,9937,3899,50,7,5,0,0,1,6,0,2,0,0,0,0,0,0,0
60900,9933,4134,52,7,8,1,1,0,4,0,2,0,0,0,0,0,0,0
61000,9957,3898,38,7,1,3,2,0,2,0,0,0,0,0,0,0,0,0
61100,9954,3672,37,4,3,1,0,2,3,2,3,0,0,0,0,0,0,0
61200,9959,4070,33,2,3,0,0,0,5,0,0,0,0,0,0,0,0,0
61300,9958,4574,34,5,3,3,3,0,2,0,0,0,0,0,0,0,0,0
61400,9951,4157,42,4,3,4,1,0,2,3,1,3,0,0,0,0,0,0
61500,9950,3348,41,11,6,1,0,1,3,0,0,0,0,0,0,0,0,0
61600,9921,4133,66,3,6,1,0,0,2,0,5,1,0,0,0,0,0,0
61700,9919,4395,70,37,3,0,2,0,4,0,2,0,0,0,0,0,0,0
61800,9916,3726,76,21,4,0,3,0,1,1,0,0,0,0,0,0,0,0
61900,9930,4155,64,0,1,0,2,4,2,0,1,0,0,0,0,0,0,0
62000,9933,3709,61,0,3,0,0,0,3,0,0,0,0,0,0,0,0,0
62100,9914,3879,77,5,2,0,1,0,4,0,2,2,0,0,0,0,0,0
62200,9911,3516,79,2,5,1,2,1,3,1,0,0,0,0,0,0,0,0
62300,9916,4111,76,0,5,2,2,0,0,1,1,0,0,0,0,0,0,0
62400,9917,4363,79,3,3,0,0,1,0,2,1,0,0,0,0,0,0,0
62500,9909,3661,76,0,4,0,7,1,4,1,0,1,0,0,0,0,0,0
62600,9922,3952,72,0,2,1,4,1,0,0,0,0,0,0,0,0,0,0
62700,9911,4264,77,4,5,2,4,0,3,2,0,2,0,0,0,0,0,0
62800,9915,5155,81,2,2,0,1,1,0,0,1,0,0,0,0,0,0,0
62900,9878,4564,111,5,2,0,4,2,4,0,1,0,0,0,0,0,0,0
63000,9889,3494,109,1,1,0,0,0,1,2,0,0,0,0,0,0,0,0
63100,9856,3326,135,0,0,0,4,1,4,2,1,0,0,0,0,0,0,0
63200,9856,2815,139,4,2,0,0,0,2,0,1,0,0,0,0,0,0,0
63300,9852,3103,140,1,2,1,2,0,3,1,1,0,0,0,0,0,0,0
63400,9861,3345,132,2,0,0,0,0,5,0,2,0,0,0,0,0,0,0
63500,9864,3372,132,5,2,0,0,4,1,0,1,0,0,0,0,0,0,0
63600,9862,3385,130,2,2,1,2,1,3,3,1,0,0,0,0,0,0,0
63700,9859,3511,134,5,1,0,3,0,2,1,1,0,0,0,0,0,0,0
63800,9872,3165,121,5,2,1,2,0,1,1,2,0,0,0,0,0,0,0
63900,9872,3193,121,7,4,0,2,1,1,1,0,0,0,0,0,0,0,0
64000,9863,3588,131,10,1,0,2,4,2,4,1,0,0,0,0,0,0,0
64100,9860,3779,130,4,3,0,1,1,2,0,1,1,3,0,0,0,0,0
64200,9859,4034,134,9,2,1,1,10,2,1,2,0,0,0,0,0,0,0
64300,9857,3795,134,17,1,1,3,0,5,2,0,0,0,0,0,0,0,0
64400,9867,4565,126,20,1,0,2,0,1,0,3,1,0,0,0,0,0,0
64500,9874,4831,118,30,3,1,0,1,5,1,0,1,0,0,0,0,0,0
64600,9869,4253,122,6,1,1,2,0,5,1,1,0,0,0,0,0,0,0
64700,9854,4265,137,11,2,0,2,1,3,1,2,0,0,0,0,0,0,0
64800,9861,4244,129,5,0,0,8,0,2,2,0,0,0,0,0,0,0,0
64900,9878,3565,106,0,3,1,7,1,5,0,1,0,0,0,0,0,0,0
65000,9906,2914,83,2,1,1,8,0,1,1,1,2,0,0,0,0,0,0
65100,9908,3139,87,6,0,0,3,1,2,0,0,0,0,0,0,0,0,0
65200,9890,4105,90,17,4,0,12,1,4,0,0,0,0,0,0,0,0,0
65300,9904,3361,89,0,2,0,1,0,3,0,1,0,0,0,0,0,0,0
65400,9918,2887,78,4,3,0,0,0,1,0,0,0,0,0,0,0,0,0
65500,9908,3130,83,8,3,1,1,1,4,0,1,0,0,0,0,0,0,0
65600,9918,3137,77,14,0,2,1,0,2,0,1,1,1,1,0,0,0,0
65700,9922,3006,74,2,2,0,1,1,1,1,0,0,0,0,0,0,0,0
65800,9916,3093,74,4,0,0,1,1,8,2,1,0,0,0,0,0,0,0
65900,9919,3247,73,2,3,1,4,2,1,3,0,2,0,0,0,0,0,0
66000,9925,3829,69,5,2,1,1,0,3,0,0,0,0,0,0,0,0,0
66100,9919,3555,70,20,4,0,3,1,2,0,2,0,0,0,0,0,0,0
66200,9915,3028,74,17,1,0,9,0,1,1,0,0,0,0,0,0,0,0
66300,9920,2913,70,1,0,0,6,10,3,1,1,0,0,0,0,0,0,0
66400,9918,3469,72,8,0,0,7,0,3,0,0,0,0,0,0,0,0,0
66500,9916,3617,69,6,3,1,8,1,3,4,1,0,0,4,0,0,0,0
66600,9918,3740,75,3,0,0,7,0,0,0,0,1,0,0,0,0,0,0
66700,9916,3664,73,3,2,0,6,1,0,0,3,0,0,0,0,0,0,0
66800,9932,3404,58,5,0,1,7,0,2,0,1,3,0,0,0,0,0,0
66900,9939,3480,44,31,2,1,9,0,3,0,3,0,0,0,0,0,0,0
67000,9945,3480,39,34,2,0,10,0,4,0,0,0,0,0,0,0,0,0
67100,9941,3564,45,6,1,0,7,0,4,1,2,0,0,0,0,0,0,0
67200,9931,3330,48,11,4,0,10,1,5,2,2,0,0,0,0,0,0,0
67300,9942,3379,47,13,1,0,7,0,3,1,0,0,0,0,0,0,0,0
67400,9943,4288,42,18,3,0,6,0,6,2,0,0,0,0,0,0,0,0
67500,9947,3802,43,38,0,0,8,0,0,3,2,1,0,0,0,0,0,0
67600,9969,3215,25,13,2,0,4,0,0,0,0,0,0,0,0,0,0,0
67700,9992,3282,4,27,1,0,0,1,3,2,0,0,0,0,0,0,0,0
67800,9988,2991,6,38,2,0,1,0,3,0,0,0,0,0,0,0,0,0
67900,9989,3380,4,68,2,1,3,0,1,0,1,0,0,0,0,0,0,0
68000,9987,3626,5,45,6,1,0,1,0,0,2,1,0,0,0,0,0,0
68100,9978,3631,13,18,5,0,1,0,2,0,1,0,0,0,0,0,0,0
68200,9951,3897,40,22,4,0,2,1,3,0,0,0,0,0,0,0,0,0
68300,9928,3227,59,22,6,0,4,0,2,0,1,0,0,0,0,0,0,0
68400,9928,2684,61,23,4,3,2,2,3,0,2,0,0,0,0,0,0,0
68500,9935,3252,59,16,1,0,4,0,0,1,1,0,0,0,0,0,0,0
68600,9929,3589,67,17,3,1,0,0,1,0,0,0,0,0,0,0,0,0
68700,9929,4044,65,5,2,0,0,3,3,0,1,0,0,0,0,0,0,0
68800,9923,4570,64,15,2,1,5,0,5,0,1,0,0,0,0,0,0,0
68900,9927,4109,65,6,2,0,2,0,3,0,1,1,0,0,0,0,0,0
69000,9925,3953,64,5,5,1,1,1,5,3,0,0,0,0,0,0,0,0
69100,9924,4211,66,5,1,1,4,0,4,1,1,0,0,0,0,0,0,0
69200,9926,4232,65,4,2,2,3,0,4,0,0,0,0,0,0,0,0,0
69300,9964,3812,29,0,1,1,2,0,3,1,1,0,0,0,0,0,0,0
69400,9968,4300,28,0,0,0,2,3,1,0,1,0,0,0,0,0,0,0
69500,9967,5409,26,2,0,2,1,0,5,4,1,0,0,0,0,0,0,0
69600,9952,5405,28,2,4,0,7,2,8,0,1,0,0,0,0,0,0,0
69700,9941,4918,50,2,2,0,2,1,3,2,2,1,0,0,0,0,0,0
69800,9944,3711,52,4,1,0,2,1,1,2,0,0,0,0,0,0,0,0
69900,9941,4192,53,21,2,0,1,0,2,1,1,0,0,0,0,0,0,0
70000,9945,3638,49,3,1,1,1,0,1,1,3,0,0,0,0,0,0,0
70100,9935,3825,51,2,4,0,5,2,2,1,3,0,0,0,0,0,0,0
70200,9945,4039,49,1,2,0,2,0,1,1,1,0,0,0,0,0,0,0
70300,9942,4238,52,2,3,0,2,0,0,2,1,0,0,0,0,0,0,0
70400,9944,4096,51,2,0,0,2,2,1,2,2,0,0,0,0,0,0,0
70500,9937,4013,51,1,1,3,8,2,2,0,1,1,0,0,0,0,0,0
70600,9938,4684,53,3,2,1,4,0,1,0,2,1,0,0,0,0,0,0
70700,9938,5066,49,2,6,0,1,1,4,1,2,0,0,0,0,0,0,0
70800,9940,4279,48,10,2,3,6,4,4,0,0,1,0,0,0,0,0,0
70900,9941,4325,46,2,4,1,4,0,5,2,0,1,0,0,0,0,0,0
71000,9943,4414,49,3,4,0,2,0,0,3,2,0,0,0,0,0,0,0
71100,9938,4142,48,2,3,2,5,1,5,0,1,2,0,0,0,0,0,0
71200,9930,5713,50,3,3,3,6,1,6,0,5,1,0,0,0,0,0,0
71300,9937,5023,49,19,1,1,10,3,2,0,1,0,0,0,0,0,0,0
71400,9941,5318,50,14,1,2,4,1,2,1,2,0,0,0,0,0,0,0
71500,9944,4665,51,4,2,1,2,0,1,3,0,1,0,0,0,0,0,0
71600,9934,4629,55,4,0,0,6,0,3,1,2,0,0,0,0,0,0,0
71700,9941,4596,49,6,1,2,4,0,3,3,2,0,0,0,0,0,0,0
71800,9945,4322,50,1,2,1,0,1,2,0,1,0,0,0,0,0,0,0
71900,9941,4423,49,3,1,0,6,3,3,3,0,0,0,0,0,0,0,0
72000,9939,4694,52,2,0,1,6,1,2,1,1,0,0,0,0,0,0,0
72100,9937,4920,54,7,2,0,4,0,2,0,1,0,0,0,0,0,0,0
72200,9942,3924,51,3,1,0,4,1,2,1,0,0,0,0,0,0,0,0
72300,9933,3921,59,0,3,0,2,0,2,0,1,2,0,0,0,0,0,0
72400,9934,4200,59,12,0,1,4,0,3,2,0,0,0,0,0,0,0,0
72500,9933,4731,58,3,1,0,6,1,1,0,1,0,0,0,0,0,0,0
72600,9932,4306,58,0,1,1,5,1,2,1,2,0,0,0,0,0,0,0
72700,9927,4452,62,1,2,0,7,1,0,0,2,0,0,0,0,0,0,0
72800,9929,4149,57,0,3,0,6,0,4,0,1,0,0,0,0,0,0,0
72900,9936,4082,59,2,1,1,2,0,2,1,0,0,0,0,0,0,0,0
73000,9927,3649,59,0,2,0,8,0,4,0,0,0,0,0,0,0,0,0
73100,9929,3228,59,13,4,0,4,1,4,5,0,0,0,0,0,0,0,0
73200,9942,3690,52,2,0,2,2,0,3,1,1,0,0,0,0,0,0,0
73300,9939,4177,54,0,0,1,5,3,1,2,1,0,0,0,0,0,0,0
73400,9940,3801,54,0,2,1,3,0,1,1,0,0,0,0,0,0,0,0
73500,9943,3499,52,4,2,0,0,2,3,2,0,0,0,0,0,0,0,0
73600,9941,4307,50,0,3,0,1,1,5,1,0,0,0,0,0,0,0,0
73700,9942,4374,53,0,0,1,2,5,3,1,0,1,0,0,0,0,0,0
73800,9940,3932,54,0,1,1,1,0,2,1,2,0,0,0,0,0,0,0
73900,9943,3022,46,27,2,1,3,1,4,2,2,2,0,0,0,0,0,0
74000,9954,3099,38,28,2,0,3,0,1,2,2,2,0,0,0,0,0,0
74100,9956,3383,34,0,0,2,5,4,5,0,0,0,0,0,0,0,0,0
74200,9947,3558,33,2,4,1,10,0,5,1,1,1,0,0,0,0,0,0
74300,9960,3977,34,0,2,0,2,1,1,1,1,0,0,0,0,0,0,0
74400,9975,3730,15,1,1,0,5,2,4,0,0,0,0,0,0,0,0,0
74500,9983,3539,13,2,0,2,2,1,2,1,0,0,0,0,0,0,0,0
74600,9981,4190,15,2,1,1,2,0,1,1,0,0,0,0,0,0,0,0
74700,9976,4200,12,0,0,2,4,0,6,1,2,0,0,0,0,0,0,0
74800,9981,4199,15,0,2,0,1,2,0,0,1,0,0,0,0,0,0,0
74900,9988,3766,1,8,4,1,2,0,5,0,0,2,0,0,0,0,0,0
75000,9993,3563,3,8,0,0,0,0,1,0,3,0,0,0,0,0,0,0
75100,9991,4055,2,7,2,4,3,0,1,2,1,0,0,0,0,0,0,0
75200,9991,3576,1,4,2,0,3,1,3,2,0,0,0,0,0,0,0,0
75300,9988,4160,1,3,3,1,1,0,6,2,1,0,0,0,0,0,0,0
75400,9981,4293,3,9,1,0,8,0,4,0,3,0,0,0,0,0,0,0
75500,9993,4258,1,4,0,0,3,3,2,3,1,0,0,0,0,0,0,0
75600,9988,4574,4,2,3,0,1,1,3,1,1,0,0,0,0,0,0,0
75700,9989,4532,2,1,3,2,2,1,3,1,1,0,0,0,0,0,0,0
75800,9981,5053,10,5,0,0,5,2,2,1,2,0,0,0,0,0,0,0
75900,9989,4201,4,0,2,0,1,5,2,2,2,0,0,0,0,0,0,0
76000,9989,4362,4,0,4,1,0,1,3,4,0,1,0,0,0,0,0,0
76100,9984,4954,4,1,3,0,4,0,5,0,0,0,0,0,0,0,0,0
76200,9990,4398,4,8,2,1,1,1,3,1,0,0,0,0,0,0,0,0
76300,9990,4157,6,11,0,1,1,0,2,0,1,0,0,0,0,0,0,0
76400,9979,4471,11,54,3,1,1,0,5,4,1,0,0,0,0,0,0,0
76500,9976,3378,10,34,5,1,1,0,4,0,4,0,0,0,0,0,0,0
76600,9980,3268,5,18,1,1,2,1,8,1,4,0,0,0,0,0,0,0
76700,9982,3994,12,4,3,0,1,0,1,2,1,0,0,0,0,0,0,0
76800,9986,3929,7,16,2,0,1,0,3,1,1,0,0,0,0,0,0,0
76900,9987,3997,5,2,4,1,2,0,1,3,1,3,0,0,0,0,0,0
77000,9988,4304,7,10,2,0,1,1,2,1,0,1,0,0,0,0,0,0
77100,9990,3516,5,3,0,0,1,1,2,6,2,1,0,0,0,0,0,0
77200,9983,4197,7,3,3,1,2,0,3,3,2,0,0,0,0,0,0,0
77300,9990,3513,6,5,1,1,2,0,1,0,0,0,0,0,0,0,0,0
77400,9983,4199,9,3,3,1,4,3,1,1,0,0,0,0,0,0,0,0
77500,9981,3860,7,9,4,0,2,2,6,0,0,1,0,0,0,0,0,0
77600,9984,3718,10,0,0,2,3,0,1,0,2,0,0,0,0,0,0,0
77700,9992,4599,2,6,4,0,1,0,0,2,1,0,0,0,0,0,0,0
77800,9991,3882,6,5,1,1,0,2,1,3,1,0,0,0,0,0,0,0
77900,9978,3316,14,5,3,1,1,0,3,2,1,0,0,0,0,0,0,0
78000,9982,2456,6,0,1,0,4,0,6,0,1,0,0,0,0,0,0,0
78100,9989,2755,7,4,1,2,0,1,1,0,2,1,0,0,0,0,0,0
78200,9983,2862,10,3,1,0,3,0,3,0,0,0,0,0,0,0,0,0
78300,9990,3599,5,5,2,0,0,2,1,0,2,0,0,0,0,0,0,0
78400,9981,3617,9,7,3,1,3,1,2,2,2,0,0,0,0,0,0,0
78500,9988,3746,4,7,4,0,3,0,1,2,0,0,0,0,0,0,0,0
78600,9979,4553,2,15,5,1,3,2,9,0,2,0,0,0,0,0,0,0
78700,9987,4043,6,16,2,0,2,0,2,0,1,1,0,0,0,0,0,0
78800,9979,4049,10,16,4,0,4,1,2,1,1,2,0,0,0,0,0,0
78900,9978,3498,5,29,1,0,5,2,7,1,3,0,1,0,0,0,0,0
79000,9988,2574,1,28,1,2,6,1,4,0,0,0,0,0,0,0,0,0
79100,9984,3160,0,25,2,1,12,1,2,0,0,0,0,0,0,0,0,0
79200,9994,3700,0,4,0,1,4,1,0,0,2,1,0,0,0,0,0,0
79300,9980,3403,0,9,4,0,9,7,5,0,2,0,0,0,0,0,0,0
79400,9988,2723,5,10,1,0,5,20,0,0,1,0,0,0,0,0,0,0
79500,9991,3520,3,15,1,0,4,8,1,1,0,0,0,0,0,0,0,0
79600,9979,4159,3,15,4,1,6,1,5,1,3,0,0,0,0,0,0,0
79700,9988,4432,0,0,1,0,4,1,5,1,2,0,0,0,0,0,0,0
79800,9987,4055,4,3,2,0,4,0,2,3,1,0,0,0,0,0,0,0
79900,9978,3892,6,4,4,1,8,3,4,2,0,0,0,0,0,0,0,0
80000,9986,3068,7,3,2,1,4,0,1,2,0,0,0,1,0,0,0,0
80100,9985,2768,6,3,1,1,4,0,4,1,0,0,0,1,0,0,0,0
80200,9981,2548,7,1,4,0,4,3,1,1,3,0,0,0,0,0,0,0
80300,9973,3385,17,5,5,0,3,1,0,0,2,0,0,0,0,0,0,0
80400,9973,3983,12,0,5,0,1,1,4,0,4,0,1,0,0,0,0,0
80500,9980,3487,9,2,3,1,6,4,2,0,0,0,0,0,0,0,0,0
80600,9979,3202,9,4,3,1,3,2,4,1,2,1,0,0,0,0,0,0
80700,9983,3332,6,14,5,0,3,0,3,1,0,0,0,0,0,0,0,0
80800,9983,2942,7,1,1,1,7,0,2,0,0,1,0,0,0,0,0,0
80900,9978,2695,11,7,3,0,3,0,5,1,0,0,0,0,0,0,0,0
81000,9977,2008,10,14,3,2,3,0,5,1,2,0,0,0,0,0,0,0
81100,9988,2362,7,11,0,1,2,0,1,2,2,1,0,0,0,0,0,0
81200,9981,2878,6,6,1,1,8,1,4,0,0,0,0,0,0,0,0,0
81300,9977,3231,8,3,5,0,5,0,2,1,3,0,0,0,0,0,0,0
81400,9991,3682,5,5,0,2,2,0,2,0,0,1,0,0,0,0,0,0
81500,9984,3557,7,3,1,0,0,1,4,0,4,0,0,0,0,0,0,0
81600,9990,2906,5,0,1,1,2,0,1,1,1,0,0,0,0,0,0,0
81700,9983,3119,7,1,4,0,2,0,2,2,2,0,0,0,0,0,0,0
81800,9980,3613,8,1,0,0,3,1,6,1,3,0,0,0,0,0,0,0
81900,9988,3044,8,0,1,0,2,1,1,0,0,0,0,0,0,0,0,0
82000,9981,3208,6,6,3,0,2,2,7,1,1,0,0,0,0,0,0,0
82100,9984,3234,8,2,3,0,1,1,4,0,0,0,0,0,0,0,0,0
82200,9982,4174,10,7,2,0,2,1,4,3,0,0,0,0,0,0,0,0
82300,9976,4491,8,9,4,0,6,0,2,1,4,0,0,0,0,0,0,0
82400,9980,3870,12,26,2,0,1,0,3,0,2,0,0,0,0,0,0,0
82500,9981,3683,6,3,4,0,1,0,8,0,0,0,0,0,0,0,0,0
82600,9981,3714,10,6,1,0,1,1,5,0,2,3,0,0,0,0,0,0
82700,9987,3562,6,8,0,0,4,0,3,0,0,0,0,0,0,0,0,0
82800,9985,3664,7,3,3,0,0,0,4,0,1,0,0,0,0,0,0,0
82900,9984,3824,6,4,1,0,5,1,4,1,0,0,0,0,0,0,0,0
83000,9977,3110,10,9,2,0,6,0,5,1,0,0,0,0,0,0,0,0
83100,9970,3283,15,3,4,0,3,0,4,0,4,1,0,0,0,0,0,0
83200,9976,3267,10,2,4,0,3,1,5,1,2,0,0,0,0,0,0,0
83300,9981,3892,8,0,0,2,2,0,7,2,2,0,0,1,0,0,0,0
83400,9977,4152,11,2,1,1,0,1,10,0,1,1,0,0,0,0,0,0
83500,9970,4022,15,3,3,1,4,0,5,0,3,0,0,0,0,0,0,0
83600,9930,3938,60,3,2,0,5,0,2,1,1,0,0,0,0,0,0,0
83700,9900,2940,79,0,8,1,6,1,5,1,2,1,0,0,0,0,0,0
83800,9911,3240,78,0,0,2,6,0,4,0,1,0,0,0,0,0,0,0
83900,9910,2689,82,0,2,2,1,1,3,0,2,0,0,0,0,0,0,0
84000,9914,2062,82,1,1,0,1,4,0,0,2,0,0,0,0,0,0,0
84100,9976,2018,19,1,1,0,0,0,4,4,0,0,0,0,0,0,0,0
84200,9982,2252,8,3,3,0,3,0,3,0,1,0,0,0,0,0,0,0
84300,9983,2621,7,0,4,0,0,0,5,0,1,1,0,0,0,0,0,0
84400,9983,2564,6,8,3,0,4,0,1,1,3,0,0,0,0,0,0,0
84500,9986,2473,7,1,1,1,3,0,2,2,1,0,0,0,0,0,0,0
84600,9985,2616,5,11,3,2,0,0,7,1,0,0,0,0,0,0,0,0
84700,9981,2713,8,22,1,0,3,0,4,0,3,0,0,0,0,0,0,0
84800,9982,2583,6,0,6,0,0,0,6,0,0,0,0,0,0,0,0,0
84900,9987,2789,5,7,3,1,2,0,3,0,0,0,0,0,0,0,0,0
85000,9988,3304,5,0,2,0,3,2,1,0,1,0,0,0,0,0,0,0
85100,9990,3378,6,5,1,0,2,3,0,1,1,0,0,0,0,0,0,0
85200,9988,2440,5,2,2,0,1,4,4,1,0,0,0,0,0,0,0,0
85300,9986,2228,5,2,4,0,2,1,3,0,0,0,0,0,0,0,0,0
85400,9990,2550,7,3,2,1,1,0,0,0,0,0,0,0,0,0,0,0
85500,9991,2944,6,2,1,1,0,3,0,0,2,1,0,0,0,0,0,0
85600,9988,2486,5,7,2,0,0,0,2,1,3,0,0,0,0,0,0,0
85700,9968,2936,18,11,5,1,4,3,3,1,2,1,0,0,0,0,0,0
85800,9990,3052,6,0,2,1,0,1,2,1,0,1,0,0,0,0,0,0
85900,9980,4273,8,4,2,0,4,5,2,0,4,0,0,0,0,0,0,0
86000,9988,4155,6,3,2,1,1,1,2,0,1,0,0,0,0,0,0,0
86100,9991,3552,6,17,1,1,2,0,0,1,0,0,0,0,0,0,0,0
86200,9988,3434,7,1,3,0,1,0,0,0,1,0,0,0,0,0,0,0
86300,9982,3411,10,3,0,0,2,1,4,1,2,0,0,0,0,0,0,0
86400,9988,4159,5,4,2,0,1,1,3,2,1,1,0,0,0,0,0,0
86500,9986,4032,5,2,3,0,0,0,4,1,2,0,0,0,0,0,0,0
86600,9986,3676,6,8,1,1,5,1,2,1,0,1,0,0,0,0,0,0
86700,9982,3334,8,0,2,1,2,0,4,1,2,1,0,0,0,0,0,0
86800,9982,3001,10,0,2,1,1,0,4,0,1,1,0,0,0,0,0,0
86900,9984,3018,8,0,1,0,1,1,5,0,1,0,0,0,0,0,0,0
87000,9983,3689,7,6,3,1,1,0,5,0,1,1,0,0,0,0,0,0
87100,9980,3648,10,0,1,1,4,5,3,0,1,0,1,0,0,0,0,0
87200,9976,3732,12,1,6,0,0,0,3,0,3,0,0,0,0,0,0,0
87300,9980,3883,9,0,2,3,2,1,5,2,2,0,0,0,0,0,0,0
87400,9984,3605,10,0,1,5,0,1,4,1,1,0,0,0,0,0,0,0
87500,9963,3325,31,0,2,4,1,3,1,1,2,0,0,0,0,0,0,0
87600,9967,3807,16,1,4,2,1,4,5,1,7,0,0,0,0,0,0,0
87700,9978,3653,10,16,2,1,2,3,6,1,2,0,0,0,0,0,0,0
87800,9974,3767,13,7,4,0,2,0,7,4,0,1,0,0,0,0,0,0
87900,9955,3472,34,1,3,1,1,1,7,0,0,0,0,0,0,0,0,0
88000,9949,3682,40,0,2,1,3,1,5,1,1,0,0,0,0,0,0,0
88100,9965,3142,25,2,0,1,3,0,6,1,1,0,0,0,0,0,0,0
88200,9970,2274,20,0,1,1,1,0,7,2,1,0,0,0,0,0,0,0
88300,9968,3108,22,2,3,0,1,1,6,1,0,0,0,0,0,0,0,0
88400,9954,3551,34,2,2,0,5,2,4,0,1,1,0,0,0,0,0,0
88500,9957,3695,29,13,6,0,2,0,4,0,2,0,0,0,0,0,0,0
88600,9971,3262,16,3,5,1,0,0,7,1,1,1,0,0,0,0,0,0
88700,9955,2181,31,0,4,1,5,0,5,2,0,0,0,0,0,0,0,0
88800,9963,1968,27,2,2,0,1,0,4,0,3,0,0,0,0,0,0,0
88900,9963,1948,29,11,1,3,1,0,3,2,3,0,0,1,0,0,0,0
89000,9973,2376,13,7,3,1,1,2,9,1,1,0,0,0,0,0,0,0
89100,9967,3340,22,6,3,0,2,1,6,0,0,0,0,0,0,0,0,0
89200,9980,3446,13,11,1,0,0,0,3,0,3,1,0,0,0,0,0,0
89300,9957,4046,38,49,2,0,1,0,2,0,0,0,0,0,0,0,0,0
89400,9918,4137,73,112,2,0,1,0,6,0,0,0,0,0,0,0,0,0
89500,9914,4047,76,102,0,1,3,1,5,3,2,1,0,0,0,0,0,0
89600,9918,3798,75,105,2,2,1,0,1,1,2,1,1,0,0,0,0,0
89700,9863,4386,120,101,6,1,3,3,7,3,1,0,0,0,0,0,0,0
89800,9839,4032,144,101,2,0,5,1,6,0,4,0,0,0,0,0,0,0
89900,9826,4270,170,107,0,0,1,1,2,1,1,2,0,0,0,0,0,0
90000,9819,3706,174,104,1,0,3,2,3,0,0,1,0,0,0,0,0,0
90100,9819,3258,170,106,4,0,1,5,6,6,0,0,0,0,0,0,0,0
90200,9815,2688,167,103,0,0,8,2,8,1,2,0,0,0,0,0,0,0
90300,9836,3298,156,105,1,1,2,5,5,1,0,0,0,0,0,0,0,0
90400,9842,3203,150,100,4,0,1,1,3,1,0,0,0,0,0,0,0,0
90500,9848,3792,146,100,4,2,0,3,1,3,1,0,0,0,0,0,0,0
90600,9844,3451,153,101,1,0,1,0,1,1,0,1,0,0,0,0,0,0
90700,9836,3596,155,101,4,1,2,1,3,7,0,0,0,0,0,0,0,0
90800,9908,3565,84,110,2,0,0,0,6,0,0,0,0,0,0,0,0,0
90900,9913,4196,73,109,3,0,2,0,8,0,1,0,0,0,0,0,0,0
91000,9923,3553,71,102,0,1,1,0,5,0,0,0,0,0,0,0,0,0
91100,9923,3238,71,100,2,0,1,0,3,0,0,0,0,0,0,0,0,0
91200,9918,3472,72,102,1,0,4,0,5,0,0,0,0,0,0,0,0,0
91300,9923,3644,71,101,1,0,1,2,3,1,1,0,0,0,0,0,0,0
91400,9923,3627,73,103,1,0,1,3,1,0,1,1,0,0,0,0,0,0
91500,9918,3615,72,100,5,1,1,1,3,0,0,0,1,0,0,0,0,0
91600,9922,3791,71,105,2,2,2,1,1,1,2,1,0,0,0,0,0,0
91700,9922,3365,72,106,1,0,0,0,4,0,1,0,0,0,0,0,0,0
91800,9918,2866,74,110,1,0,3,0,3,0,1,0,0,0,0,0,0,0
91900,9916,3694,71,116,2,1,5,1,4,2,2,0,0,0,0,0,0,0
92000,9917,4189,73,102,2,0,4,0,3,0,1,0,0,0,0,0,0,0
92100,9920,3653,72,106,1,1,3,1,3,1,1,1,0,0,0,0,0,0
92200,9918,3391,71,87,2,2,2,1,5,1,2,0,0,0,0,0,0,0
92300,9914,3655,75,72,3,0,5,0,2,0,1,0,0,0,0,0,0,0
92400,9918,3533,71,49,4,1,2,1,3,1,1,0,1,0,0,0,0,0
92500,9921,4175,72,27,1,0,0,3,3,0,2,0,1,0,0,0,0,0
92600,9861,4300,128,33,3,1,1,0,7,2,0,0,0,0,0,0,0,0
92700,9859,3575,138,0,1,1,0,0,2,2,0,0,0,0,0,0,0,0
92800,9854,4161,137,1,0,0,4,0,5,1,0,0,0,0,0,0,0,0
92900,9850,3681,140,1,2,0,3,0,4,1,1,0,0,0,0,0,0,0
93000,9850,3246,138,13,4,0,5,0,2,0,1,0,0,0,0,0,0,0
93100,9850,3400,139,10,4,1,5,0,2,0,0,1,0,0,0,0,0,0
93200,9851,2937,139,19,6,0,1,1,2,0,1,2,0,0,0,0,0,0
93300,9849,3335,140,1,4,1,1,1,3,0,3,0,0,0,0,0,0,0
93400,9859,3595,137,0,1,0,1,0,1,1,1,0,0,0,0,0,0,0
93500,9859,3159,138,9,0,0,1,1,2,1,0,0,0,0,0,0,0,0
93600,9859,3087,136,15,1,0,2,0,2,5,0,0,0,0,0,0,0,0
93700,9857,2687,138,4,1,1,1,0,2,0,1,0,0,0,0,0,0,0
93800,9859,2720,140,6,0,0,0,1,1,3,0,0,0,0,0,0,0,0
93900,9843,2591,145,2,4,0,2,0,5,1,1,0,0,0,0,0,0,0
94000,9845,2276,142,2,2,0,1,1,5,2,5,1,0,0,0,0,0,0
94100,9863,2425,127,1,1,0,4,0,4,0,1,0,0,0,0,0,0,0
94200,9850,2831,140,36,3,2,4,0,1,1,2,0,0,0,0,0,0,0
94300,9855,2985,141,4,1,1,2,1,1,1,0,1,0,0,0,0,0,0
94400,9799,2039,199,3,0,1,1,1,0,4,1,0,0,0,0,0,0,0
94500,9788,2865,207,1,1,0,1,0,3,0,0,0,0,0,0,0,0,0
94600,9792,3499,198,12,2,0,4,1,4,1,0,0,0,0,0,0,0,0
94700,9781,3089,213,2,1,0,2,0,3,1,0,0,0,0,0,0,0,0
94800,9788,3611,204,41,4,1,0,0,3,0,1,0,0,0,0,0,0,0
94900,9803,2775,189,6,2,0,1,0,3,1,2,0,0,0,0,0,0,0
95000,9743,2686,252,66,0,2,0,0,3,0,2,0,0,0,0,0,0,0
95100,9730,3958,267,45,0,0,0,1,3,0,0,0,0,0,0,0,0,0
95200,9727,3469,263,0,2,2,1,1,7,1,0,0,0,0,0,0,0,0
95300,9745,3503,246,0,3,0,2,0,3,0,1,0,0,0,0,0,0,0
95400,9760,4031,236,3,0,0,0,2,3,1,1,0,0,0,0,0,0,0
95500,9749,3057,247,13,0,0,1,1,3,2,0,1,0,0,0,0,0,0
95600,9735,3142,251,18,7,1,1,0,6,0,0,0,0,0,0,0,0,0
95700,9746,3008,247,2,4,1,2,2,1,0,0,1,0,0,0,0,0,0
95800,9746,2841,247,4,1,0,5,2,1,0,0,0,0,0,0,0,0,0
95900,9751,2305,243,0,3,0,0,0,2,0,1,0,0,0,0,0,0,0
96000,9754,3137,237,19,6,0,2,0,1,2,0,0,0,0,0,0,0,0
96100,9733,3720,260,82,1,0,1,0,1,0,4,0,0,0,0,0,0,0
96200,9722,3396,275,6,0,0,1,4,1,0,1,0,0,0,0,0,0,0
96300,9724,2974,273,5,0,1,0,0,2,0,1,0,0,0,0,0,0,0
96400,9729,3241,269,9,0,0,1,0,0,1,1,1,0,0,0,0,0,0
96500,9720,3789,279,6,0,0,0,1,1,0,0,0,0,0,0,0,0,0
96600,9705,3092,285,1,2,0,4,0,3,0,1,0,0,0,0,0,0,0
96700,9764,2752,229,0,2,0,1,0,2,0,2,0,0,0,0,0,0,0
96800,9786,2675,207,1,3,1,0,0,3,0,1,0,0,0,0,0,0,0
96900,9780,2710,215,1,3,1,1,3,1,0,0,0,0,0,0,0,0,0
97000,9712,2186,278,0,2,1,4,1,4,1,0,1,0,0,0,0,0,0
97100,9719,2384,273,2,0,1,3,4,2,1,3,1,0,0,0,0,0,0
97200,9683,2621,312,2,1,1,3,0,0,1,1,0,0,0,0,0,0,0
97300,9728,2999,268,5,0,0,1,0,2,0,1,0,0,0,0,0,0,0
97400,9726,3058,271,0,2,1,0,1,1,1,0,1,0,0,0,0,0,0
97500,9725,4152,270,2,1,1,1,1,1,2,2,0,0,0,0,0,0,0
97600,9711,3913,279,7,4,0,0,0,6,1,0,0,0,0,0,0,0,0
97700,9658,3513,338,8,1,1,0,0,1,1,2,0,0,0,0,0,0,0
97800,9655,3906,337,11,1,0,1,0,3,1,3,0,0,0,0,0,0,0
97900,9651,3377,338,3,6,0,0,0,4,0,1,0,0,0,0,0,0,0
98000,9653,2924,338,7,2,0,1,0,3,1,3,0,0,0,0,0,0,0
98100,9631,3529,362,0,3,0,0,1,3,4,1,0,0,0,0,0,0,0
98200,9591,3424,403,1,1,0,1,3,2,0,2,0,0,0,0,0,0,0
98300,9648,4412,346,3,1,1,1,2,3,2,1,0,0,0,0,0,0,0
98400,9655,4139,337,0,2,0,4,0,1,1,1,0,0,0,0,0,0,0
98500,9648,3717,338,3,2,0,0,0,12,3,0,0,0,0,0,0,0,0
98600,9657,4137,338,4,1,0,2,0,1,0,1,1,0,0,0,0,0,0
98700,9656,3866,334,3,2,0,3,3,3,0,2,0,0,0,0,0,0,0
98800,9627,3044,366,2,2,1,1,0,3,0,1,0,0,0,0,0,0,0
98900,9588,2364,405,3,1,0,2,0,1,0,3,0,0,0,0,0,0,0
99000,9587,2911,406,5,1,0,0,0,4,1,2,0,0,0,0,0,0,0
99100,9589,2970,404,8,1,0,0,2,5,0,1,0,0,0,0,0,0,0
99200,9647,2690,346,9,4,1,0,0,2,1,0,0,1,0,0,0,0,0
99300,9641,2526,346,0,8,0,3,0,2,0,0,0,0,0,0,0,0,0
99400,9637,2219,356,0,4,0,0,1,3,2,0,0,0,0,0,0,0,0
99500,9627,3051,359,5,7,1,4,0,2,4,1,0,0,0,0,0,0,0
99600,9571,2968,422,2,6,0,0,0,1,1,0,0,0,0,0,0,0,0
99700,9536,3074,453,0,6,1,2,0,3,0,0,0,0,0,0,0,0,0
99800,9510,3045,480,0,5,0,3,0,2,0,0,1,0,0,0,0,0,0
99900,9508,2974,484,1,6,0,1,0,1,0,0,0,0,0,0,0,0,0
100000,9466,2637,519,0,8,1,1,0,6,1,0,2,0,0,0,0,0,0
