update,host_task_NOT,sym_task_NOT,host_task_NAND,sym_task_NAND,host_task_AND,sym_task_AND,host_task_ORN,sym_task_ORN,host_task_OR,sym_task_OR,host_task_ANDN,sym_task_ANDN,host_task_NOR,sym_task_NOR,host_task_XOR,sym_task_XOR,host_task_EQU,sym_task_EQU
0,0,0,0,0,0,0,0,0,0,0,0,0,0,0,0,0,0,0
100,9997,0,0,0,1,0,1,0,2,0,1,0,0,0,0,0,0,0
200,9993,0,0,0,4,0,0,0,1,0,2,0,0,0,0,0,0,0
300,9991,0,0,0,2,0,2,0,1,0,4,0,0,0,0,0,0,0
400,9995,0,0,0,3,0,0,0,1,0,1,0,0,0,0,0,0,0
500,9993,0,0,0,2,0,2,0,2,0,1,0,0,0,0,0,0,0
600,9992,0,3,0,0,0,0,0,5,0,0,0,0,0,0,0,0,0
700,9991,0,4,0,5,0,0,0,0,0,0,0,0,0,0,0,0,0
800,9989,0,4,0,3,0,0,0,4,0,0,0,0,0,0,0,0,0
900,9989,0,4,0,1,0,4,0,2,0,0,0,0,0,0,0,0,0
1000,9990,0,4,0,3,0,2,0,1,0,0,0,0,0,0,0,0,0
1100,9989,0,4,0,5,0,2,0,0,0,0,0,0,0,0,0,0,0
1200,9987,0,5,0,4,0,1,0,3,0,0,0,0,0,0,0,0,0
1300,9990,0,4,0,0,0,0,0,5,0,1,0,0,0,0,0,0,0
1400,9990,0,4,0,3,0,0,0,3,0,0,0,0,0,0,0,0,0
1500,9991,0,5,0,1,0,3,0,0,0,0,0,0,0,0,0,0,0
1600,9989,0,5,0,0,0,2,0,1,0,3,0,0,0,0,0,0,0
1700,9986,0,8,0,4,0,0,0,0,0,2,0,0,0,0,0,0,0
1800,9985,0,10,0,2,0,2,0,1,0,0,0,0,0,0,0,0,0
1900,9980,0,10,0,2,0,0,0,6,0,2,0,0,0,0,0,0,0
2000,9984,0,8,0,1,0,1,0,5,0,1,0,0,0,0,0,0,0
2100,9981,0,8,0,2,0,5,0,3,0,1,0,0,0,0,0,0,0
2200,9981,0,13,0,2,0,2,0,1,0,1,0,0,0,0,0,0,0
2300,9981,0,14,0,1,0,3,0,1,0,0,0,0,0,0,0,0,0
2400,9972,0,14,0,4,0,0,0,8,0,2,0,0,0,0,0,0,0
2500,9980,0,14,0,3,0,3,0,0,0,0,0,0,0,0,0,0,0
2600,9976,0,17,0,2,0,1,0,2,0,2,0,0,0,0,0,0,0
2700,9965,0,25,0,4,0,1,0,5,0,0,0,0,0,0,0,0,0
2800,9972,0,22,0,2,0,0,0,3,0,1,0,0,0,0,0,0,0
2900,9972,0,22,0,0,0,0,0,6,0,0,0,0,0,0,0,0,0
3000,9972,0,23,0,0,0,2,0,2,0,1,0,0,0,0,0,0,0
3100,9966,0,23,0,2,0,2,0,7,0,0,0,0,0,0,0,0,0
3200,9964,0,28,0,2,0,3,0,3,0,0,0,0,0,0,0,0,0
3300,9954,0,31,0,4,0,2,0,6,0,2,0,1,0,0,0,0,0
3400,9953,0,34,0,2,0,5,0,5,0,1,0,0,0,0,0,0,0
3500,9954,0,31,0,4,0,5,0,5,0,1,0,0,0,0,0,0,0
3600,9952,0,33,0,1,0,8,0,5,0,1,0,0,0,0,0,0,0
3700,9943,0,39,0,5,0,6,0,5,0,2,0,0,0,0,0,0,0
3800,9949,0,44,0,2,0,2,0,2,0,1,0,0,0,0,0,0,0
3900,9949,0,39,0,5,0,3,0,2,0,1,0,1,0,0,0,0,0
4000,9947,0,45,0,4,0,2,0,1,0,1,0,0,0,0,0,0,0
4100,9947,0,40,0,2,0,2,0,8,0,0,0,1,0,0,0,0,0
4200,9948,0,42,0,2,0,3,0,4,0,0,0,1,0,0,0,0,0
4300,9943,0,49,0,1,0,2,0,3,0,2,0,0,0,0,0,0,0
4400,9934,0,56,0,3,0,2,0,3,0,2,0,0,0,0,0,0,0
4500,9929,0,51,0,6,0,10,0,2,0,2,0,0,0,0,0,0,0
4600,9927,0,57,0,4,0,4,0,6,0,2,0,0,0,0,0,0,0
4700,9943,0,50,0,0,0,2,0,4,0,1,0,0,0,0,0,0,0
4800,9940,0,46,0,3,0,8,0,1,0,2,0,0,0,0,0,0,0
4900,9943,0,43,0,3,0,6,0,4,0,1,0,0,0,0,0,0,0
5000,9939,0,48,0,5,0,5,0,3,0,0,0,0,0,0,0,0,0
5100,9940,0,43,0,2,0,9,0,4,0,1,0,1,0,0,0,0,0
5200,9941,0,40,0,3,0,9,0,4,0,3,0,0,0,0,0,0,0
5300,9936,0,48,0,5,0,7,0,2,0,2,0,0,0,0,0,0,0
5400,9938,0,50,0,1,0,2,0,9,0,0,0,0,0,0,0,0,0
5500,9934,0,55,0,2,0,1,0,5,0,3,0,0,0,0,0,0,0
5600,9939,0,55,0,0,0,4,0,2,0,0,0,0,0,0,0,0,0
5700,9935,0,56,0,3,0,5,0,0,0,0,0,1,0,0,0,0,0
5800,9931,0,47,0,5,0,2,0,11,0,4,0,0,0,0,0,0,0
5900,9941,0,46,0,3,0,4,0,5,0,1,0,0,0,0,0,0,0
6000,9941,0,48,0,1,0,4,0,5,0,1,0,0,0,0,0,0,0
6100,9935,0,54,0,2,0,6,0,3,0,0,0,0,0,0,0,0,0
6200,9932,0,58,0,2,0,6,0,1,0,1,0,0,0,0,0,0,0
6300,9923,0,59,0,1,0,10,0,7,0,0,0,0,0,0,0,0,0
6400,9912,0,67,0,4,0,7,0,8,0,2,0,0,0,0,0,0,0
6500,9917,0,77,0,0,0,5,0,1,0,0,0,0,0,0,0,0,0
6600,9916,0,72,0,3,0,3,0,5,0,1,0,0,0,0,0,0,0
6700,9925,0,68,0,2,0,1,0,3,0,1,0,0,0,0,0,0,0
6800,9908,0,68,0,4,0,14,0,4,0,2,0,0,0,0,0,0,0
6900,9920,0,66,0,1,0,12,0,0,0,1,0,0,0,0,0,0,0
7000,9910,0,67,0,1,0,15,0,6,0,1,0,0,0,0,0,0,0
7100,9916,0,66,0,3,0,6,0,7,0,1,0,1,0,0,0,0,0
7200,9919,0,64,0,2,0,11,0,3,0,0,0,1,0,0,0,0,0
7300,9917,0,65,0,1,0,11,0,6,0,0,0,0,0,0,0,0,0
7400,9924,0,61,0,4,0,5,0,5,0,1,0,0,0,0,0,0,0
7500,9922,0,65,0,1,0,8,0,4,0,0,0,0,0,0,0,0,0
7600,9915,0,68,0,4,0,8,0,3,0,2,0,0,0,0,0,0,0
7700,9912,0,68,0,3,0,12,0,5,0,0,0,0,0,0,0,0,0
7800,9914,0,64,0,4,0,8,0,8,0,2,0,0,0,0,0,0,0
7900,9917,0,65,0,1,0,13,0,2,0,2,0,0,0,0,0,0,0
8000,9894,0,85,0,1,0,10,0,8,0,1,0,1,0,0,0,0,0
8100,9902,0,78,0,4,0,11,0,4,0,1,0,0,0,0,0,0,0
8200,9896,0,83,0,3,0,11,0,5,0,2,0,0,0,0,0,0,0
8300,9884,0,101,0,3,0,7,0,4,0,1,0,0,0,0,0,0,0
8400,9891,0,87,0,4,0,5,0,6,0,7,0,0,0,0,0,0,0
8500,9877,0,99,0,2,0,6,0,14,0,2,0,0,0,0,0,0,0
8600,9885,0,103,0,1,0,4,0,6,0,1,0,0,0,0,0,0,0
8700,9876,0,107,0,3,0,8,0,3,0,2,0,1,0,0,0,0,0
8800,9873,0,111,0,2,0,11,0,2,0,1,0,0,0,0,0,0,0
8900,9882,0,106,0,1,0,5,0,3,0,2,0,1,0,0,0,0,0
9000,9853,0,128,0,4,0,9,0,5,0,1,0,0,0,0,0,0,0
9100,9843,0,132,0,6,0,12,0,5,0,2,0,0,0,0,0,0,0
9200,9847,0,132,0,3,0,7,0,10,0,1,0,0,0,0,0,0,0
9300,9842,0,132,0,1,0,14,0,11,0,0,0,0,0,0,0,0,0
9400,9853,0,123,0,0,0,22,0,1,0,1,0,0,0,0,0,0,0
9500,9843,0,130,0,0,0,19,0,6,0,1,0,1,0,0,0,0,0
9600,9820,0,147,0,1,0,21,0,8,0,2,0,1,0,0,0,0,0
9700,9831,0,135,0,4,0,18,0,10,0,1,0,1,0,0,0,0,0
9800,9835,0,131,0,4,0,24,0,5,0,1,0,0,0,0,0,0,0
9900,9822,0,124,0,4,0,34,0,15,0,0,0,1,0,0,0,0,0
10000,9839,0,122,0,3,0,30,0,5,0,1,0,0,0,0,0,0,0
10100,9829,0,128,0,3,0,29,0,10,0,1,0,0,0,0,0,0,0
10200,9832,0,129,0,1,0,30,0,6,0,2,0,0,0,0,0,0,0
10300,9841,0,118,0,5,0,28,0,4,0,3,0,1,0,0,0,0,0
10400,9849,0,110,0,7,0,26,0,7,0,1,0,0,0,0,0,0,0
10500,9853,0,116,0,3,0,21,0,7,0,0,0,0,0,0,0,0,0
10600,9828,0,136,0,3,0,25,0,6,0,2,0,0,0,0,0,0,0
10700,9834,0,137,0,3,0,23,0,3,0,0,0,0,0,0,0,0,0
10800,9808,0,149,0,4,0,28,0,9,0,2,0,0,0,0,0,0,0
10900,9856,0,119,0,1,0,19,0,5,0,0,0,0,0,0,0,0,0
11000,9824,0,146,0,4,0,16,0,7,0,3,0,0,0,0,0,0,0
11100,9834,0,140,0,3,0,13,0,8,0,2,0,0,0,0,0,0,0
11200,9852,0,117,0,0,0,20,0,10,0,1,0,0,0,0,0,0,0
11300,9852,0,111,0,4,0,23,0,7,0,3,0,0,0,0,0,0,0
11400,9867,0,104,0,2,0,21,0,6,0,0,0,0,0,0,0,0,0
11500,9865,0,107,0,7,0,16,0,4,0,1,0,0,0,0,0,0,0
11600,9860,0,112,0,0,0,16,0,9,0,3,0,0,0,0,0,0,0
11700,9871,0,101,0,3,0,16,0,9,0,0,0,0,0,0,0,0,0
11800,9873,0,102,0,1,0,19,0,2,0,3,0,0,0,0,0,0,0
11900,9882,0,86,0,5,0,18,0,6,0,3,0,0,0,0,0,0,0
12000,9881,0,83,0,1,0,29,0,5,0,1,0,0,0,0,0,0,0
12100,9903,0,70,0,1,0,21,0,4,0,1,0,0,0,0,0,0,0
12200,9917,0,55,0,3,0,19,0,4,0,2,0,0,0,0,0,0,0
12300,9882,0,88,0,7,0,20,0,2,0,1,0,0,0,0,0,0,0
12400,9860,0,111,0,0,0,20,0,8,0,1,0,0,0,0,0,0,0
12500,9874,0,99,0,3,0,24,0,0,0,0,0,0,0,0,0,0,0
12600,9877,0,97,0,1,0,21,0,3,0,1,0,0,0,0,0,0,0
12700,9864,0,99,0,1,0,23,0,11,0,2,0,0,0,0,0,0,0
12800,9866,0,103,0,3,0,22,0,5,0,1,0,0,0,0,0,0,0
12900,9866,0,110,0,6,0,15,0,1,0,1,0,1,0,0,0,0,0
13000,9843,0,127,0,2,0,20,0,8,0,0,0,0,0,0,0,0,0
13100,9847,0,126,0,7,0,15,0,4,0,0,0,1,0,0,0,0,0
13200,9857,0,117,0,3,0,15,0,6,0,2,0,0,0,0,0,0,0
13300,9813,0,161,0,2,0,18,0,4,0,2,0,0,0,0,0,0,0
13400,9793,0,178,0,2,0,20,0,5,0,2,0,0,0,0,0,0,0
13500,9814,0,156,0,5,0,18,0,5,0,2,0,0,0,0,0,0,0
13600,9826,0,153,0,3,0,13,0,4,0,1,0,0,0,0,0,0,0
13700,9820,0,156,0,2,0,17,0,5,0,0,0,0,0,0,0,0,0
13800,9841,0,133,0,5,0,16,0,4,0,1,0,0,0,0,0,0,0
13900,9816,0,158,0,1,0,17,0,3,0,4,0,1,0,0,0,0,0
14000,9798,0,164,0,7,0,20,0,9,0,2,0,0,0,0,0,0,0
14100,9807,0,166,0,4,0,15,0,5,0,3,0,0,0,0,0,0,0
14200,9859,0,117,0,3,0,18,0,3,0,0,0,0,0,0,0,0,0
14300,9832,0,147,0,0,0,17,0,3,0,1,0,0,0,0,0,0,0
14400,9837,0,136,0,2,0,19,0,4,0,1,0,1,0,0,0,0,0
14500,9830,0,146,0,5,0,16,0,1,0,2,0,0,0,0,0,0,0
14600,9816,0,148,0,6,0,23,0,5,0,0,0,2,0,0,0,0,0
14700,9815,0,160,0,4,0,16,0,2,0,2,0,1,0,0,0,0,0
14800,9792,0,189,0,2,0,14,0,1,0,1,0,1,0,0,0,0,0
14900,9752,0,217,0,5,0,20,0,3,0,3,0,0,0,0,0,0,0
15000,9761,0,220,0,1,0,17,0,1,0,0,0,0,0,0,0,0,0
15100,9806,0,175,0,0,0,16,0,2,0,1,0,0,0,0,0,0,0
15200,9790,0,187,0,1,0,13,0,6,0,3,0,0,0,0,0,0,0
15300,9798,0,165,0,6,0,18,0,12,0,1,0,0,0,0,0,0,0
15400,9800,0,169,0,4,0,16,0,10,0,1,0,0,0,0,0,0,0
15500,9817,0,165,0,3,0,12,0,3,0,0,0,0,0,0,0,0,0
15600,9820,0,160,0,2,0,14,0,0,0,2,0,2,0,0,0,0,0
15700,9841,0,140,0,1,0,14,0,4,0,0,0,0,0,0,0,0,0
15800,9821,0,152,0,6,0,14,0,6,0,1,0,0,0,0,0,0,0
15900,9795,0,183,0,2,0,14,0,4,0,2,0,0,0,0,0,0,0
16000,9832,0,141,0,3,0,15,0,5,0,3,0,1,0,0,0,0,0
16100,9843,0,141,0,1,0,11,0,2,0,2,0,0,0,0,0,0,0
16200,9832,0,148,0,0,0,13,0,5,0,2,0,0,0,0,0,0,0
16300,9839,0,143,0,2,0,11,0,5,0,0,0,0,0,0,0,0,0
16400,9873,0,104,0,3,0,12,0,5,0,3,0,0,0,0,0,0,0
16500,9899,0,81,0,2,0,9,0,9,0,0,0,0,0,0,0,0,0
16600,9884,0,102,0,1,0,4,0,6,0,3,0,0,0,0,0,0,0
16700,9947,0,46,0,1,0,4,0,1,0,1,0,0,0,0,0,0,0
16800,9969,0,25,0,5,0,0,0,0,0,1,0,0,0,0,0,0,0
16900,9961,0,22,0,5,0,2,0,3,0,6,0,1,0,0,0,0,0
17000,9964,0,23,0,2,0,4,0,5,0,2,0,0,0,0,0,0,0
17100,9963,0,23,0,1,0,9,0,3,0,1,0,0,0,0,0,0,0
17200,9956,0,37,0,2,0,3,0,2,0,0,0,0,0,0,0,0,0
17300,9966,0,21,0,3,0,2,0,8,0,0,0,0,0,0,0,0,0
17400,9971,0,16,0,4,0,2,0,5,0,2,0,0,0,0,0,0,0
17500,9949,0,38,0,2,0,1,0,5,0,4,0,1,0,0,0,0,0
17600,9962,0,23,0,0,0,10,0,4,0,1,0,0,0,0,0,0,0
17700,9962,0,21,0,2,0,8,0,4,0,3,0,0,0,0,0,0,0
17800,9944,0,29,0,4,0,18,0,4,0,1,0,0,0,0,0,0,0
17900,9950,0,26,0,3,0,14,0,6,0,1,0,0,0,0,0,0,0
18000,9927,0,36,0,15,0,13,0,6,0,3,0,0,0,0,0,0,0
18100,9916,0,51,0,14,0,16,0,2,0,1,0,0,0,0,0,0,0
18200,9932,0,34,0,12,0,17,0,5,0,0,0,0,0,0,0,0,0
18300,9940,0,27,0,17,0,14,0,1,0,1,0,0,0,0,0,0,0
18400,9940,0,25,0,13,0,16,0,3,0,3,0,0,0,0,0,0,0
18500,9940,0,29,0,13,0,14,0,3,0,1,0,0,0,0,0,0,0
18600,9946,0,22,0,14,0,15,0,2,0,1,0,0,0,0,0,0,0
18700,9955,0,20,0,11,0,11,0,2,0,1,0,0,0,0,0,0,0
18800,9952,0,19,0,12,0,14,0,3,0,0,0,0,0,0,0,0,0
18900,9943,0,29,0,13,0,13,0,2,0,0,0,0,0,0,0,0,0
19000,9958,0,19,0,2,0,16,0,1,0,4,0,0,0,0,0,0,0
19100,9973,0,11,0,3,0,12,0,1,0,0,0,0,0,0,0,0,0
19200,9969,0,14,0,0,0,16,0,1,0,0,0,0,0,0,0,0,0
19300,9967,0,13,0,1,0,13,0,6,0,0,0,0,0,0,0,0,0
19400,9968,0,12,0,3,0,13,0,3,0,1,0,0,0,0,0,0,0
19500,9965,0,8,0,2,0,19,0,3,0,3,0,0,0,0,0,0,0
19600,9963,0,14,0,2,0,14,0,5,0,2,0,0,0,0,0,0,0
19700,9967,0,13,0,0,0,12,0,6,0,2,0,0,0,0,0,0,0
19800,9973,0,11,0,2,0,11,0,1,0,1,0,1,0,0,0,0,0
19900,9967,0,17,0,2,0,12,0,1,0,1,0,0,0,0,0,0,0
20000,9971,0,9,0,3,0,14,0,3,0,0,0,0,0,0,0,0,0
20100,9965,0,11,0,1,0,14,0,7,0,2,0,0,0,0,0,0,0
20200,9966,0,11,0,3,0,16,0,1,0,3,0,0,0,0,0,0,0
20300,9973,0,12,0,1,0,12,0,0,0,2,0,0,0,0,0,0,0
20400,9973,0,10,0,1,0,14,0,1,0,1,0,0,0,0,0,0,0
20500,9975,0,10,0,3,0,12,0,0,0,0,0,0,0,0,0,0,0
20600,9961,0,11,0,7,0,14,0,2,0,4,0,1,0,0,0,0,0
20700,9967,0,12,0,1,0,18,0,0,0,2,0,0,0,0,0,0,0
20800,9957,0,18,0,3,0,15,0,6,0,1,0,0,0,0,0,0,0
20900,9956,0,20,0,0,0,17,0,5,0,2,0,0,0,0,0,0,0
21000,9967,0,12,0,3,0,16,0,0,0,2,0,0,0,0,0,0,0
21100,9970,0,11,0,1,0,13,0,2,0,3,0,0,0,0,0,0,0
21200,9967,0,11,0,1,0,11,0,2,0,8,0,0,0,0,0,0,0
21300,9967,0,10,0,0,0,15,0,7,0,1,0,0,0,0,0,0,0
21400,9976,0,10,0,1,0,12,0,1,0,0,0,0,0,0,0,0,0
21500,9969,0,11,0,0,0,16,0,3,0,1,0,0,0,0,0,0,0
21600,9967,0,13,0,0,0,13,0,6,0,1,0,0,0,0,0,0,0
21700,9954,0,25,0,4,0,15,0,1,0,1,0,0,0,0,0,0,0
21800,9963,0,13,0,4,0,15,0,4,0,1,0,0,0,0,0,0,0
21900,9970,0,7,0,5,0,13,0,5,0,0,0,0,0,0,0,0,0
22000,9979,0,3,0,4,0,12,0,2,0,0,0,0,0,0,0,0,0
22100,9976,0,8,0,0,0,12,0,3,0,1,0,0,0,0,0,0,0
22200,9974,0,9,0,2,0,11,0,3,0,1,0,0,0,0,0,0,0
22300,9964,0,8,0,2,0,14,0,10,0,2,0,0,0,0,0,0,0
22400,9973,0,9,0,3,0,14,0,1,0,0,0,0,0,0,0,0,0
22500,9970,0,7,0,3,0,14,0,3,0,3,0,0,0,0,0,0,0
22600,9971,0,8,0,2,0,15,0,3,0,1,0,0,0,0,0,0,0
22700,9969,0,9,0,3,0,13,0,6,0,0,0,0,0,0,0,0,0
22800,9965,0,9,0,5,0,16,0,4,0,1,0,0,0,0,0,0,0
22900,9965,0,9,0,4,0,14,0,4,0,4,0,0,0,0,0,0,0
23000,9980,0,2,0,0,0,15,0,2,0,0,0,1,0,0,0,0,0
23100,9969,0,0,0,5,0,16,0,8,0,2,0,0,0,0,0,0,0
23200,9978,0,2,0,2,0,14,0,2,0,2,0,0,0,0,0,0,0
23300,9974,0,4,0,2,0,16,0,3,0,0,0,1,0,0,0,0,0
23400,9970,0,2,0,4,0,16,0,3,0,5,0,0,0,0,0,0,0
23500,9974,0,4,0,0,0,13,0,8,0,1,0,0,0,0,0,0,0
23600,9974,0,2,0,5,0,16,0,2,0,0,0,0,0,0,0,1,0
23700,9966,0,9,0,2,0,13,0,6,0,4,0,0,0,0,0,0,0
23800,9981,0,2,0,1,0,11,0,3,0,2,0,0,0,0,0,0,0
23900,9968,0,9,0,3,0,13,0,7,0,0,0,0,0,0,0,0,0
24000,9964,0,15,0,2,0,12,0,6,0,1,0,0,0,0,0,0,0
24100,9946,0,28,0,3,0,17,0,3,0,2,0,1,0,0,0,0,0
24200,9959,0,19,0,2,0,12,0,7,0,1,0,0,0,0,0,0,0
24300,9955,0,24,0,3,0,13,0,5,0,0,0,0,0,0,0,0,0
24400,9959,0,23,0,2,0,13,0,2,0,1,0,0,0,0,0,0,0
24500,9947,0,32,0,2,0,15,0,2,0,2,0,0,0,0,0,0,0
24600,9940,0,31,0,3,0,15,0,8,0,3,0,0,0,0,0,0,0
24700,9946,0,36,0,5,0,12,0,0,0,1,0,0,0,0,0,0,0
24800,9935,0,38,0,4,0,13,0,7,0,3,0,0,0,0,0,0,0
24900,9934,0,46,0,2,0,12,0,5,0,1,0,0,0,0,0,0,0
25000,9938,0,46,0,2,0,12,0,2,0,0,0,0,0,0,0,0,0
25100,9932,0,43,0,2,0,19,0,4,0,0,0,0,0,0,0,0,0
25200,9938,0,45,0,0,0,14,0,3,0,0,0,0,0,0,0,0,0
25300,9930,0,46,0,5,0,13,0,3,0,3,0,0,0,0,0,0,0
25400,9936,0,41,0,2,0,14,0,5,0,2,0,0,0,0,0,0,0
25500,9928,0,44,0,4,0,19,0,3,0,2,0,0,0,0,0,0,0
25600,9938,0,42,0,1,0,16,0,2,0,1,0,0,0,0,0,0,0
25700,9943,0,38,0,3,0,13,0,2,0,1,0,0,0,0,0,0,0
25800,9933,0,40,0,3,0,19,0,4,0,1,0,0,0,0,0,0,0
25900,9942,0,35,0,2,0,16,0,4,0,1,0,0,0,0,0,0,0
26000,9944,0,35,0,3,0,16,0,1,0,1,0,0,0,0,0,0,0
26100,9955,0,24,0,2,0,19,0,0,0,0,0,0,0,0,0,0,0
26200,9959,0,15,0,2,0,18,0,4,0,2,0,0,0,0,0,0,0
26300,9965,0,6,0,5,0,21,0,1,0,2,0,0,0,0,0,0,0
26400,9924,0,50,0,3,0,16,0,4,0,3,0,0,0,0,0,0,0
26500,9917,0,61,0,0,0,19,0,2,0,1,0,0,0,0,0,0,0
26600,9908,0,66,0,2,0,20,0,1,0,3,0,0,0,0,0,0,0
26700,9908,0,62,0,1,0,22,0,5,0,2,0,0,0,0,0,0,0
26800,9917,0,61,0,3,0,16,0,2,0,1,0,0,0,0,0,0,0
26900,9903,0,64,0,3,0,24,0,4,0,2,0,0,0,0,0,0,0
27000,9907,0,72,0,2,0,14,0,0,0,5,0,0,0,0,0,0,0
27100,9894,0,77,0,7,0,16,0,4,0,2,0,0,0,0,0,0,0
27200,9904,0,80,0,2,0,9,0,4,0,1,0,0,0,0,0,0,0
27300,9906,0,81,0,5,0,4,0,2,0,2,0,0,0,0,0,0,0
27400,9904,0,84,0,5,0,5,0,1,0,1,0,0,0,0,0,0,0
27500,9911,0,76,0,2,0,4,0,7,0,0,0,0,0,0,0,0,0
27600,9907,0,80,0,4,0,5,0,2,0,2,0,0,0,0,0,0,0
27700,9913,0,74,0,2,0,6,0,3,0,2,0,0,0,0,0,0,0
27800,9904,0,84,0,4,0,6,0,1,0,1,0,0,0,0,0,0,0
27900,9903,0,80,0,2,0,8,0,4,0,3,0,0,0,0,0,0,0
28000,9904,0,80,0,4,0,9,0,2,0,1,0,0,0,0,0,0,0
28100,9901,0,81,0,4,0,8,0,6,0,0,0,0,0,0,0,0,0
28200,9908,0,77,0,5,0,6,0,3,0,1,0,0,0,0,0,0,0
28300,9901,0,80,0,2,0,10,0,7,0,0,0,0,0,0,0,0,0
28400,9904,0,77,0,3,0,8,0,6,0,2,0,0,0,0,0,0,0
28500,9907,0,79,0,4,0,5,0,4,0,1,0,0,0,0,0,0,0
28600,9909,0,82,0,2,0,5,0,2,0,0,0,0,0,0,0,0,0
28700,9919,0,76,0,2,0,1,0,1,0,1,0,0,0,0,0,0,0
28800,9923,0,64,0,2,0,6,0,4,0,1,0,0,0,0,0,0,0
28900,9885,0,94,0,4,0,9,0,6,0,2,0,0,0,0,0,0,0
29000,9891,0,89,0,2,0,12,0,4,0,2,0,0,0,0,0,0,0
29100,9901,0,85,0,1,0,8,0,2,0,3,0,0,0,0,0,0,0
29200,9897,0,88,0,0,0,13,0,1,0,1,0,0,0,0,0,0,0
29300,9895,0,86,0,2,0,10,0,6,0,1,0,0,0,0,0,0,0
29400,9899,0,91,0,0,0,9,0,0,0,1,0,0,0,0,0,0,0
29500,9890,0,97,0,5,0,6,0,0,0,2,0,0,0,0,0,0,0
29600,9893,0,93,0,5,0,4,0,3,0,2,0,0,0,0,0,0,0
29700,9890,0,88,0,7,0,12,0,2,0,1,0,0,0,0,0,0,0
29800,9888,0,93,0,2,0,10,0,7,0,0,0,0,0,0,0,0,0
29900,9893,0,93,0,4,0,7,0,3,0,0,0,0,0,0,0,0,0
30000,9893,0,95,0,5,0,7,0,0,0,0,0,0,0,0,0,0,0
30100,9886,0,92,0,2,0,14,0,4,0,2,0,0,0,0,0,0,0
30200,9899,0,93,0,2,0,5,0,1,0,0,0,0,0,0,0,0,0
30300,9879,0,105,0,3,0,10,0,2,0,1,0,0,0,0,0,0,0
30400,9882,0,104,0,1,0,7,0,5,0,1,0,0,0,0,0,0,0
30500,9867,0,111,0,5,0,9,0,6,0,2,0,0,0,0,0,0,0
30600,9858,0,126,0,1,0,6,0,6,0,2,0,1,0,0,0,0,0
30700,9866,0,117,0,4,0,6,0,5,0,2,0,0,0,0,0,0,0
30800,9868,0,118,0,4,0,10,0,0,0,0,0,0,0,0,0,0,0
30900,9867,0,123,0,2,0,6,0,0,0,2,0,0,0,0,0,0,0
31000,9873,0,116,0,0,0,8,0,2,0,1,0,0,0,0,0,0,0
31100,9928,0,50,0,4,0,13,0,4,0,1,0,0,0,0,0,0,0
31200,9938,0,44,0,4,0,9,0,3,0,2,0,0,0,0,0,0,0
31300,9945,0,43,0,1,0,7,0,3,0,1,0,0,0,0,0,0,0
31400,9955,0,35,0,3,0,3,0,3,0,1,0,0,0,0,0,0,0
31500,9939,0,40,0,5,0,8,0,7,0,1,0,0,0,0,0,0,0
31600,9929,0,43,0,6,0,10,0,10,0,2,0,0,0,0,0,0,0
31700,9941,0,48,0,3,0,5,0,1,0,2,0,0,0,0,0,0,0
31800,9938,0,46,0,6,0,7,0,1,0,2,0,0,0,0,0,0,0
31900,9942,0,45,0,2,0,6,0,4,0,1,0,0,0,0,0,0,0
32000,9938,0,40,0,7,0,7,0,5,0,3,0,0,0,0,0,0,0
32100,9951,0,36,0,2,0,6,0,3,0,2,0,0,0,0,0,0,0
32200,9949,0,35,0,0,0,9,0,4,0,3,0,0,0,0,0,0,0
32300,9947,0,34,0,6,0,9,0,4,0,0,0,0,0,0,0,0,0
32400,9952,0,37,0,3,0,3,0,4,0,1,0,0,0,0,0,0,0
32500,9947,0,45,0,1,0,5,0,1,0,1,0,0,0,0,0,0,0
32600,9918,0,67,0,3,0,8,0,2,0,2,0,0,0,0,0,0,0
32700,9926,0,59,0,1,0,7,0,5,0,2,0,0,0,0,0,0,0
32800,9930,0,60,0,5,0,2,0,3,0,0,0,0,0,0,0,0,0
32900,9925,0,64,0,4,0,5,0,2,0,0,0,0,0,0,0,0,0
33000,9927,0,59,0,3,0,5,0,5,0,1,0,0,0,0,0,0,0
33100,9927,0,53,0,4,0,12,0,4,0,0,0,0,0,0,0,0,0
33200,9929,0,59,0,5,0,3,0,3,0,1,0,0,0,0,0,0,0
33300,9928,0,58,0,2,0,7,0,0,0,5,0,0,0,0,0,0,0
33400,9927,0,57,0,1,0,9,0,5,0,1,0,0,0,0,0,0,0
33500,9927,0,55,0,4,0,8,0,5,0,1,0,0,0,0,0,0,0
33600,9942,0,45,0,1,0,5,0,5,0,2,0,0,0,0,0,0,0
33700,9930,0,57,0,4,0,6,0,2,0,1,0,0,0,0,0,0,0
33800,9924,0,59,0,1,0,13,0,2,0,1,0,0,0,0,0,0,0
33900,9939,0,47,0,2,0,5,0,5,0,2,0,0,0,0,0,0,0
34000,9941,0,48,0,3,0,5,0,3,0,0,0,0,0,0,0,0,0
34100,9930,0,57,0,3,0,1,0,9,0,0,0,0,0,0,0,0,0
34200,9917,0,72,0,4,0,1,0,6,0,0,0,0,0,0,0,0,0
34300,9934,0,55,0,3,0,2,0,6,0,0,0,0,0,0,0,0,0
34400,9936,0,56,0,1,0,2,0,4,0,1,0,0,0,0,0,0,0
34500,9931,0,54,0,1,0,9,0,4,0,1,0,0,0,0,0,0,0
34600,9928,0,62,0,2,0,2,0,4,0,2,0,0,0,0,0,0,0
34700,9930,0,61,0,4,0,1,0,3,0,1,0,0,0,0,0,0,0
34800,9905,0,89,0,2,0,0,0,3,0,1,0,0,0,0,0,0,0
34900,9903,0,86,0,2,0,3,0,4,0,2,0,0,0,0,0,0,0
35000,9899,0,87,0,4,0,5,0,4,0,1,0,0,0,0,0,0,0
35100,9866,0,119,0,5,0,3,0,6,0,1,0,0,0,0,0,0,0
35200,9868,0,127,0,2,0,0,0,3,0,0,0,0,0,0,0,0,0
35300,9904,0,91,0,1,0,1,0,3,0,0,0,0,0,0,0,0,0
35400,9890,0,99,0,4,0,1,0,6,0,0,0,0,0,0,0,0,0
35500,9895,0,100,0,2,0,1,0,2,0,0,0,0,0,0,0,0,0
35600,9893,0,102,0,1,0,0,0,3,0,1,0,0,0,0,0,0,0
35700,9888,0,97,0,3,0,5,0,4,0,3,0,0,0,0,0,0,0
35800,9891,0,88,0,4,0,8,0,5,0,4,0,0,0,0,0,0,0
35900,9925,0,68,0,1,0,3,0,2,0,1,0,0,0,0,0,0,0
36000,9927,0,64,0,1,0,3,0,5,0,0,0,0,0,0,0,0,0
36100,9926,0,70,0,1,0,1,0,1,0,1,0,0,0,0,0,0,0
36200,9929,0,62,0,2,0,3,0,3,0,1,0,0,0,0,0,0,0
36300,9926,0,61,0,3,0,2,0,6,0,2,0,0,0,0,0,0,0
36400,9926,0,63,0,5,0,3,0,1,0,2,0,0,0,0,0,0,0
36500,9930,0,60,0,3,0,3,0,2,0,1,0,1,0,0,0,0,0
36600,9933,0,59,0,2,0,1,0,3,0,2,0,0,0,0,0,0,0
36700,9929,0,62,0,0,0,7,0,2,0,0,0,0,0,0,0,0,0
36800,9943,0,52,0,2,0,1,0,1,0,1,0,0,0,0,0,0,0
36900,9949,0,39,0,4,0,4,0,4,0,0,0,0,0,0,0,0,0
37000,9946,0,40,0,4,0,3,0,4,0,3,0,0,0,0,0,0,0
37100,9935,0,58,0,1,0,2,0,4,0,0,0,0,0,0,0,0,0
37200,9931,0,63,0,2,0,2,0,1,0,1,0,0,0,0,0,0,0
37300,9930,0,60,0,0,0,4,0,3,0,3,0,0,0,0,0,0,0
37400,9936,0,58,0,3,0,1,0,1,0,1,0,0,0,0,0,0,0
37500,9929,0,60,0,2,0,1,0,8,0,0,0,0,0,0,0,0,0
37600,9938,0,59,0,2,0,0,0,0,0,1,0,0,0,0,0,0,0
37700,9937,0,59,0,1,0,0,0,2,0,1,0,0,0,0,0,0,0
37800,9932,0,58,0,2,0,2,0,4,0,2,0,0,0,0,0,0,0
37900,9930,0,59,0,4,0,4,0,3,0,0,0,0,0,0,0,0,0
38000,9929,0,61,0,2,0,2,0,5,0,1,0,0,0,0,0,0,0
38100,9927,0,63,0,1,0,3,0,5,0,1,0,0,0,0,0,0,0
38200,9933,0,59,0,1,0,4,0,2,0,1,0,0,0,0,0,0,0
38300,9935,0,59,0,1,0,1,0,3,0,1,0,0,0,0,0,0,0
38400,9941,0,55,0,1,0,0,0,1,0,2,0,0,0,0,0,0,0
38500,9949,0,35,0,5,0,3,0,5,0,3,0,0,0,0,0,0,0
38600,9949,0,36,0,5,0,4,0,5,0,1,0,0,0,0,0,0,0
38700,9958,0,37,0,1,0,2,0,2,0,0,0,0,0,0,0,0,0
38800,9963,0,30,0,3,0,3,0,1,0,0,0,0,0,0,0,0,0
38900,9963,0,30,0,2,0,0,0,4,0,1,0,0,0,0,0,0,0
39000,9962,0,32,0,0,0,1,0,3,0,2,0,0,0,0,0,0,0
39100,9959,0,34,0,1,0,2,0,3,0,1,0,0,0,0,0,0,0
39200,9957,0,36,0,2,0,1,0,4,0,0,0,0,0,0,0,0,0
39300,9954,0,36,0,5,0,1,0,4,0,0,0,0,0,0,0,0,0
39400,9950,0,38,0,5,0,1,0,5,0,1,0,0,0,0,0,0,0
39500,9957,0,37,0,1,0,1,0,2,0,2,0,0,0,0,0,0,0
39600,9912,0,80,0,2,0,2,0,2,0,2,0,0,0,0,0,0,0
39700,9891,0,101,0,5,0,0,0,3,0,0,0,0,0,0,0,0,0
39800,9891,0,99,0,5,0,1,0,3,0,1,0,0,0,0,0,0,0
39900,9897,0,90,0,3,0,2,0,3,0,5,0,0,0,0,0,0,0
40000,9909,0,86,0,1,0,1,0,3,0,0,0,0,0,0,0,0,0
40100,9906,0,86,0,2,0,5,0,1,0,0,0,0,0,0,0,0,0
40200,9911,0,84,0,0,0,3,0,1,0,1,0,0,0,0,0,0,0
40300,9909,0,85,0,1,0,2,0,2,0,1,0,0,0,0,0,0,0
40400,9916,0,80,0,1,0,0,0,2,0,1,0,0,0,0,0,0,0
40500,9893,0,95,0,0,0,4,0,8,0,0,0,0,0,0,0,0,0
40600,9899,0,94,0,2,0,3,0,2,0,0,0,0,0,0,0,0,0
40700,9900,0,94,0,1,0,1,0,4,0,0,0,0,0,0,0,0,0
40800,9901,0,96,0,2,0,0,0,1,0,0,0,0,0,0,0,0,0
40900,9902,0,89,0,0,0,4,0,4,0,1,0,0,0,0,0,0,0
41000,9911,0,81,0,3,0,4,0,1,0,0,0,0,0,0,0,0,0
41100,9917,0,77,0,2,0,1,0,3,0,0,0,0,0,0,0,0,0
41200,9906,0,81,0,2,0,1,0,9,0,1,0,0,0,0,0,0,0
41300,9900,0,92,0,0,0,3,0,4,0,1,0,0,0,0,0,0,0
41400,9899,0,94,0,5,0,0,0,2,0,0,0,0,0,0,0,0,0
41500,9904,0,91,0,1,0,1,0,2,0,1,0,0,0,0,0,0,0
41600,9896,0,94,0,3,0,1,0,4,0,2,0,0,0,0,0,0,0
41700,9895,0,94,0,4,0,0,0,5,0,2,0,0,0,0,0,0,0
41800,9890,0,96,0,5,0,3,0,5,0,1,0,0,0,0,0,0,0
41900,9901,0,91,0,3,0,1,0,4,0,0,0,0,0,0,0,0,0
42000,9904,0,89,0,2,0,1,0,2,0,2,0,0,0,0,0,0,0
42100,9905,0,86,0,0,0,5,0,3,0,1,0,0,0,0,0,0,0
42200,9911,0,81,0,3,0,1,0,3,0,1,0,0,0,0,0,0,0
42300,9902,0,92,0,0,0,4,0,1,0,0,0,1,0,0,0,0,0
42400,9897,0,94,0,2,0,5,0,1,0,1,0,0,0,0,0,0,0
42500,9892,0,97,0,3,0,4,0,2,0,2,0,0,0,0,0,0,0
42600,9908,0,74,0,6,0,5,0,7,0,0,0,0,0,0,0,0,0
42700,9968,0,18,0,3,0,2,0,9,0,0,0,0,0,0,0,0,0
42800,9972,0,24,0,2,0,1,0,1,0,0,0,0,0,0,0,0,0
42900,9968,0,18,0,2,0,5,0,3,0,4,0,0,0,0,0,0,0
43000,9968,0,21,0,1,0,5,0,2,0,2,0,1,0,0,0,0,0
43100,9974,0,20,0,2,0,3,0,1,0,0,0,0,0,0,0,0,0
43200,9953,0,35,0,0,0,5,0,4,0,3,0,0,0,0,0,0,0
43300,9947,0,48,0,1,0,4,0,0,0,0,0,0,0,0,0,0,0
43400,9938,0,53,0,1,0,6,0,1,0,1,0,0,0,0,0,0,0
43500,9943,0,49,0,2,0,2,0,4,0,0,0,0,0,0,0,0,0
43600,9938,0,47,0,2,0,8,0,5,0,0,0,0,0,0,0,0,0
43700,9950,0,39,0,1,0,5,0,0,0,5,0,0,0,0,0,0,0
43800,9934,0,59,0,3,0,3,0,1,0,0,0,0,0,0,0,0,0
43900,9923,0,62,0,3,0,2,0,7,0,3,0,0,0,0,0,0,0
44000,9930,0,61,0,1,0,5,0,1,0,2,0,0,0,0,0,0,0
44100,9936,0,56,0,5,0,0,0,2,0,0,0,1,0,0,0,0,0
44200,9936,0,55,0,3,0,4,0,1,0,1,0,0,0,0,0,0,0
44300,9933,0,59,0,4,0,1,0,1,0,2,0,0,0,0,0,0,0
44400,9933,0,55,0,3,0,4,0,4,0,1,0,0,0,0,0,0,0
44500,9931,0,64,0,1,0,1,0,3,0,0,0,0,0,0,0,0,0
44600,9933,0,55,0,3,0,2,0,7,0,0,0,0,0,0,0,0,0
44700,9934,0,60,0,3,0,0,0,1,0,2,0,0,0,0,0,0,0
44800,9942,0,48,0,2,0,2,0,2,0,4,0,0,0,0,0,0,0
44900,9962,0,31,0,0,0,2,0,5,0,0,0,0,0,0,0,0,0
45000,9970,0,26,0,0,0,2,0,1,0,1,0,0,0,0,0,0,0
45100,9962,0,31,0,1,0,1,0,3,0,0,0,2,0,0,0,0,0
45200,9964,0,30,0,3,0,0,0,3,0,0,0,0,0,0,0,0,0
45300,9954,0,41,0,0,0,3,0,1,0,1,0,0,0,0,0,0,0
45400,9951,0,40,0,2,0,4,0,2,0,1,0,0,0,0,0,0,0
45500,9959,0,40,0,1,0,0,0,0,0,0,0,0,0,0,0,0,0
45600,9951,0,37,0,4,0,6,0,2,0,0,0,0,0,0,0,0,0
45700,9955,0,38,0,2,0,1,0,4,0,0,0,0,0,0,0,0,0
45800,9955,0,33,0,3,0,2,0,3,0,4,0,0,0,0,0,0,0
45900,9946,0,42,0,1,0,3,0,8,0,0,0,0,0,0,0,0,0
46000,9944,0,43,0,2,0,3,0,7,0,1,0,0,0,0,0,0,0
46100,9950,0,45,0,1,0,2,0,2,0,0,0,0,0,0,0,0,0
46200,9954,0,35,0,3,0,3,0,4,0,1,0,0,0,0,0,0,0
46300,9949,0,42,0,3,0,1,0,4,0,1,0,0,0,0,0,0,0
46400,9946,0,42,0,4,0,2,0,6,0,0,0,0,0,0,0,0,0
46500,9959,0,33,0,3,0,1,0,3,0,1,0,0,0,0,0,0,0
46600,9946,0,45,0,3,0,4,0,0,0,2,0,0,0,0,0,0,0
46700,9954,0,34,0,5,0,2,0,4,0,1,0,0,0,0,0,0,0
46800,9956,0,34,0,2,0,3,0,3,0,2,0,0,0,0,0,0,0
46900,9957,0,33,0,3,0,3,0,4,0,0,0,0,0,0,0,0,0
47000,9953,0,27,0,7,0,4,0,8,0,0,0,1,0,0,0,0,0
47100,9975,0,19,0,0,0,4,0,1,0,1,0,0,0,0,0,0,0
47200,9963,0,19,0,4,0,5,0,8,0,1,0,0,0,0,0,0,0
47300,9969,0,19,0,5,0,3,0,3,0,1,0,0,0,0,0,0,0
47400,9963,0,19,0,4,0,8,0,4,0,2,0,0,0,0,0,0,0
47500,9958,0,23,0,1,0,14,0,2,0,2,0,0,0,0,0,0,0
47600,9963,0,23,0,1,0,10,0,3,0,0,0,0,0,0,0,0,0
47700,9961,0,21,0,1,0,9,0,7,0,1,0,0,0,0,0,0,0
47800,9948,0,36,0,1,0,11,0,3,0,1,0,0,0,0,0,0,0
47900,9945,0,37,0,4,0,5,0,8,0,1,0,0,0,0,0,0,0
48000,9949,0,40,0,1,0,6,0,3,0,1,0,0,0,0,0,0,0
48100,9951,0,37,0,5,0,3,0,3,0,1,0,0,0,0,0,0,0
48200,9954,0,41,0,1,0,1,0,2,0,1,0,0,0,0,0,0,0
48300,9959,0,39,0,1,0,0,0,1,0,0,0,0,0,0,0,0,0
48400,9961,0,36,0,0,0,1,0,2,0,0,0,0,0,0,0,0,0
48500,9951,0,40,0,4,0,1,0,3,0,1,0,0,0,0,0,0,0
48600,9955,0,40,0,0,0,1,0,4,0,0,0,0,0,0,0,0,0
48700,9946,0,40,0,5,0,1,0,7,0,1,0,0,0,0,0,0,0
48800,9955,0,37,0,2,0,2,0,4,0,0,0,0,0,0,0,0,0
48900,9947,0,38,0,7,0,1,0,4,0,3,0,0,0,0,0,0,0
49000,9949,0,41,0,1,0,2,0,3,0,4,0,0,0,0,0,0,0
49100,9939,0,44,0,4,0,7,0,4,0,2,0,0,0,0,0,0,0
49200,9943,0,42,0,5,0,2,0,6,0,2,0,0,0,0,0,0,0
49300,9950,0,43,0,3,0,0,0,4,0,0,0,0,0,0,0,0,0
49400,9954,0,39,0,3,0,1,0,2,0,1,0,0,0,0,0,0,0
49500,9954,0,41,0,1,0,4,0,0,0,0,0,0,0,0,0,0,0
49600,9936,0,45,0,4,0,11,0,3,0,1,0,0,0,0,0,0,0
49700,9934,0,47,0,4,0,7,0,6,0,2,0,0,0,0,0,0,0
49800,9948,0,46,0,1,0,1,0,3,0,1,0,0,0,0,0,0,0
49900,9943,0,42,0,4,0,4,0,5,0,2,0,0,0,0,0,0,0
50000,9945,0,40,0,2,0,5,0,5,0,2,0,1,0,0,0,0,0
50100,9944,0,44,0,2,0,6,0,4,0,0,0,0,0,0,0,0,0
50200,9947,0,37,0,1,0,4,0,7,0,4,0,0,0,0,0,0,0
50300,9949,0,39,0,4,0,5,0,2,0,1,0,0,0,0,0,0,0
50400,9937,0,46,0,7,0,2,0,7,0,1,0,0,0,0,0,0,0
50500,9941,0,51,0,1,0,2,0,3,0,2,0,0,0,0,0,0,0
50600,9942,0,48,0,4,0,3,0,3,0,0,0,0,0,0,0,0,0
50700,9949,0,46,0,3,0,1,0,1,0,0,0,0,0,0,0,0,0
50800,9948,0,40,0,5,0,3,0,3,0,1,0,0,0,0,0,0,0
50900,9939,0,49,0,1,0,3,0,4,0,4,0,0,0,0,0,0,0
51000,9950,0,41,0,4,0,1,0,2,0,2,0,0,0,0,0,0,0
51100,9929,0,62,0,1,0,0,0,7,0,1,0,0,0,0,0,0,0
51200,9926,0,63,0,3,0,1,0,4,0,3,0,0,0,0,0,0,0
51300,9942,0,49,0,1,0,1,0,3,0,4,0,0,0,0,0,0,0
51400,9939,0,50,0,5,0,2,0,2,0,2,0,0,0,0,0,0,0
51500,9950,0,44,0,2,0,1,0,2,0,1,0,0,0,0,0,0,0
51600,9942,0,43,0,5,0,3,0,5,0,2,0,0,0,0,0,0,0
51700,9949,0,45,0,1,0,3,0,1,0,1,0,0,0,0,0,0,0
51800,9954,0,39,0,4,0,1,0,2,0,0,0,0,0,0,0,0,0
51900,9946,0,37,0,2,0,8,0,6,0,1,0,0,0,0,0,0,0
52000,9971,0,21,0,3,0,2,0,1,0,2,0,0,0,0,0,0,0
52100,9978,0,18,0,1,0,1,0,1,0,1,0,0,0,0,0,0,0
52200,9962,0,26,0,1,0,3,0,7,0,1,0,0,0,0,0,0,0
52300,9979,0,17,0,0,0,1,0,2,0,1,0,0,0,0,0,0,0
52400,9968,0,22,0,3,0,5,0,2,0,0,0,0,0,0,0,0,0
52500,9972,0,15,0,12,0,0,0,1,0,0,0,0,0,0,0,0,0
52600,9959,0,17,0,18,0,3,0,2,0,1,0,0,0,0,0,0,0
52700,9968,0,12,0,15,0,1,0,3,0,1,0,0,0,0,0,0,0
52800,9960,0,16,0,17,0,1,0,5,0,1,0,0,0,0,0,0,0
52900,9965,0,14,0,15,0,4,0,1,0,1,0,0,0,0,0,0,0
53000,9980,0,6,0,12,0,0,0,1,0,1,0,0,0,0,0,0,0
53100,9979,0,5,0,10,0,3,0,2,0,1,0,0,0,0,0,0,0
53200,9984,0,2,0,11,0,0,0,2,0,1,0,0,0,0,0,0,0
53300,9971,0,7,0,15,0,0,0,6,0,1,0,0,0,0,0,0,0
53400,9979,0,4,0,14,0,1,0,1,0,1,0,0,0,0,0,0,0
53500,9974,0,3,0,17,0,1,0,5,0,0,0,0,0,0,0,0,0
53600,9982,0,1,0,13,0,2,0,2,0,0,0,0,0,0,0,0,0
53700,9979,0,1,0,14,0,4,0,2,0,0,0,0,0,0,0,0,0
53800,9983,0,1,0,11,0,1,0,3,0,1,0,0,0,0,0,0,0
53900,9981,0,2,0,13,0,3,0,1,0,0,0,0,0,0,0,0,0
54000,9979,0,2,0,14,0,2,0,1,0,2,0,0,0,0,0,0,0
54100,9982,0,2,0,13,0,1,0,2,0,0,0,0,0,0,0,0,0
54200,9979,0,1,0,13,0,5,0,0,0,2,0,0,0,0,0,0,0
54300,9988,0,1,0,10,0,0,0,1,0,0,0,0,0,0,0,0,0
54400,9984,0,2,0,9,0,3,0,2,0,0,0,0,0,0,0,0,0
54500,9983,0,5,0,7,0,4,0,1,0,0,0,0,0,0,0,0,0
54600,9977,0,3,0,13,0,2,0,4,0,1,0,0,0,0,0,0,0
54700,9980,0,1,0,10,0,4,0,4,0,1,0,0,0,0,0,0,0
54800,9983,0,1,0,12,0,1,0,3,0,0,0,0,0,0,0,0,0
54900,9985,0,0,0,14,0,0,0,1,0,0,0,0,0,0,0,0,0
55000,9982,0,0,0,13,0,2,0,0,0,3,0,0,0,0,0,0,0
55100,9979,0,3,0,16,0,1,0,1,0,0,0,0,0,0,0,0,0
55200,9975,0,5,0,15,0,1,0,2,0,2,0,0,0,0,0,0,0
55300,9982,0,1,0,14,0,1,0,1,0,1,0,0,0,0,0,0,0
55400,9976,0,0,0,15,0,3,0,5,0,1,0,0,0,0,0,0,0
55500,9984,0,0,0,13,0,0,0,1,0,2,0,0,0,0,0,0,0
55600,9983,0,0,0,12,0,3,0,0,0,2,0,0,0,0,0,0,0
55700,9980,0,1,0,14,0,2,0,3,0,0,0,0,0,0,0,0,0
55800,9979,0,3,0,12,0,1,0,4,0,1,0,0,0,0,0,0,0
55900,9980,0,0,0,16,0,1,0,1,0,2,0,0,0,0,0,0,0
56000,9961,0,23,0,14,0,0,0,0,0,2,0,0,0,0,0,0,0
56100,9924,0,52,0,13,0,5,0,4,0,2,0,0,0,0,0,0,0
56200,9910,0,68,0,15,0,4,0,3,0,0,0,0,0,0,0,0,0
56300,9909,0,71,0,14,0,5,0,1,0,0,0,0,0,0,0,0,0
56400,9911,0,70,0,13,0,1,0,4,0,1,0,0,0,0,0,0,0
56500,9906,0,72,0,14,0,2,0,4,0,2,0,0,0,0,0,0,0
56600,9902,0,72,0,13,0,5,0,8,0,0,0,0,0,0,0,0,0
56700,9899,0,72,0,16,0,6,0,7,0,0,0,0,0,0,0,0,0
56800,9903,0,72,0,15,0,0,0,8,0,2,0,0,0,0,0,0,0
56900,9908,0,71,0,14,0,1,0,6,0,0,0,0,0,0,0,0,0
57000,9908,0,72,0,13,0,3,0,4,0,0,0,0,0,0,0,0,0
57100,9903,0,76,0,14,0,1,0,6,0,0,0,0,0,0,0,0,0
57200,9904,0,76,0,16,0,2,0,2,0,0,0,0,0,0,0,0,0
57300,9897,0,85,0,12,0,3,0,3,0,0,0,0,0,0,0,0,0
57400,9867,0,105,0,15,0,4,0,7,0,2,0,0,0,0,0,0,0
57500,9899,0,75,0,13,0,2,0,9,0,2,0,0,0,0,0,0,0
57600,9890,0,89,0,13,0,6,0,2,0,0,0,0,0,0,0,0,0
57700,9870,0,99,0,13,0,14,0,4,0,0,0,0,0,0,0,0,0
57800,9863,0,103,0,14,0,16,0,3,0,1,0,0,0,0,0,0,0
57900,9895,0,79,0,7,0,15,0,3,0,1,0,0,0,0,0,0,0
58000,9894,0,88,0,3,0,10,0,4,0,1,0,0,0,0,0,0,0
58100,9906,0,86,0,2,0,2,0,1,0,3,0,0,0,0,0,0,0
58200,9904,0,78,0,2,0,7,0,8,0,1,0,0,0,0,0,0,0
58300,9917,0,75,0,2,0,3,0,3,0,0,0,0,0,0,0,0,0
58400,9896,0,80,0,2,0,18,0,3,0,1,0,0,0,0,0,0,0
58500,9911,0,83,0,2,0,1,0,2,0,1,0,0,0,0,0,0,0
58600,9919,0,79,0,0,0,0,0,1,0,1,0,0,0,0,0,0,0
58700,9919,0,80,0,0,0,1,0,0,0,0,0,0,0,0,0,0,0
58800,9907,0,83,0,1,0,6,0,1,0,2,0,0,0,0,0,0,0
58900,9910,0,76,0,6,0,4,0,3,0,1,0,0,0,0,0,0,0
59000,9904,0,79,0,5,0,9,0,3,0,0,0,0,0,0,0,0,0
59100,9903,0,87,0,3,0,4,0,3,0,0,0,0,0,0,0,0,0
59200,9946,0,45,0,4,0,2,0,0,0,3,0,0,0,0,0,0,0
59300,9959,0,36,0,1,0,0,0,1,0,3,0,0,0,0,0,0,0
59400,9956,0,35,0,1,0,3,0,4,0,1,0,0,0,0,0,0,0
59500,9931,0,65,0,3,0,0,0,1,0,0,0,0,0,0,0,0,0
59600,9903,0,91,0,1,0,2,0,2,0,1,0,0,0,0,0,0,0
59700,9906,0,89,0,0,0,1,0,3,0,1,0,0,0,0,0,0,0
59800,9895,0,93,0,5,0,1,0,5,0,1,0,0,0,0,0,0,0
59900,9910,0,86,0,0,0,1,0,2,0,1,0,0,0,0,0,0,0
60000,9907,0,87,0,2,0,3,0,1,0,0,0,0,0,0,0,0,0
60100,9901,0,88,0,4,0,4,0,3,0,0,0,0,0,0,0,0,0
60200,9900,0,90,0,0,0,2,0,6,0,2,0,0,0,0,0,0,0
60300,9909,0,89,0,1,0,0,0,0,0,1,0,0,0,0,0,0,0
60400,9907,0,86,0,2,0,1,0,1,0,3,0,0,0,0,0,0,0
60500,9898,0,90,0,1,0,5,0,6,0,0,0,0,0,0,0,0,0
60600,9900,0,93,0,1,0,0,0,6,0,0,0,0,0,0,0,0,0
60700,9860,0,131,0,3,0,3,0,2,0,1,0,0,0,0,0,0,0
60800,9855,0,139,0,2,0,1,0,2,0,1,0,0,0,0,0,0,0
60900,9839,0,155,0,0,0,2,0,2,0,2,0,0,0,0,0,0,0
61000,9845,0,150,0,3,0,2,0,0,0,0,0,0,0,0,0,0,0
61100,9852,0,137,0,1,0,2,0,7,0,1,0,0,0,0,0,0,0
61200,9853,0,138,0,3,0,1,0,3,0,2,0,0,0,0,0,0,0
61300,9854,0,138,0,2,0,2,0,4,0,0,0,0,0,0,0,0,0
61400,9849,0,143,0,1,0,2,0,3,0,2,0,0,0,0,0,0,0
61500,9837,0,154,0,3,0,2,0,4,0,0,0,0,0,0,0,0,0
61600,9829,0,158,0,3,0,2,0,6,0,2,0,0,0,0,0,0,0
61700,9817,0,173,0,3,0,3,0,4,0,0,0,0,0,0,0,0,0
61800,9813,0,173,0,7,0,1,0,5,0,1,0,0,0,0,0,0,0
61900,9821,0,175,0,1,0,1,0,2,0,0,0,0,0,0,0,0,0
62000,9809,0,179,0,3,0,3,0,6,0,0,0,0,0,0,0,0,0
62100,9819,0,164,0,4,0,3,0,9,0,1,0,0,0,0,0,0,0
62200,9873,0,121,0,2,0,2,0,2,0,0,0,0,0,0,0,0,0
62300,9878,0,111,0,1,0,5,0,4,0,1,0,0,0,0,0,0,0
62400,9853,0,136,0,3,0,3,0,4,0,1,0,0,0,0,0,0,0
62500,9832,0,162,0,2,0,1,0,2,0,1,0,0,0,0,0,0,0
62600,9834,0,160,0,1,0,1,0,2,0,2,0,0,0,0,0,0,0
62700,9853,0,141,0,2,0,2,0,2,0,0,0,0,0,0,0,0,0
62800,9850,0,136,0,7,0,3,0,3,0,1,0,0,0,0,0,0,0
62900,9847,0,145,0,2,0,4,0,1,0,1,0,0,0,0,0,0,0
63000,9847,0,144,0,2,0,4,0,2,0,1,0,0,0,0,0,0,0
63100,9849,0,143,0,3,0,1,0,3,0,1,0,0,0,0,0,0,0
63200,9847,0,143,0,1,0,0,0,6,0,3,0,0,0,0,0,0,0
63300,9849,0,142,0,3,0,2,0,3,0,1,0,0,0,0,0,0,0
63400,9849,0,142,0,2,0,2,0,3,0,2,0,0,0,0,0,0,0
63500,9864,0,132,0,0,0,1,0,1,0,2,0,0,0,0,0,0,0
63600,9870,0,128,0,2,0,0,0,0,0,0,0,0,0,0,0,0,0
63700,9862,0,130,0,2,0,2,0,3,0,1,0,0,0,0,0,0,0
63800,9867,0,127,0,2,0,2,0,2,0,0,0,0,0,0,0,0,0
63900,9867,0,129,0,0,0,2,0,0,0,2,0,0,0,0,0,0,0
64000,9846,0,138,0,2,0,8,0,2,0,4,0,0,0,0,0,0,0
64100,9850,0,135,0,3,0,6,0,5,0,1,0,0,0,0,0,0,0
64200,9858,0,131,0,1,0,8,0,2,0,0,0,0,0,0,0,0,0
64300,9849,0,136,0,2,0,9,0,3,0,1,0,0,0,0,0,0,0
64400,9802,0,184,0,4,0,5,0,2,0,3,0,0,0,0,0,0,0
64500,9807,0,180,0,0,0,8,0,3,0,2,0,0,0,0,0,0,0
64600,9804,0,187,0,2,0,6,0,1,0,0,0,0,0,0,0,0,0
64700,9802,0,181,0,5,0,7,0,4,0,1,0,0,0,0,0,0,0
64800,9808,0,185,0,1,0,3,0,1,0,2,0,0,0,0,0,0,0
64900,9806,0,180,0,3,0,6,0,4,0,1,0,0,0,0,0,0,0
65000,9772,0,214,0,2,0,6,0,5,0,1,0,0,0,0,0,0,0
65100,9758,0,230,0,1,0,3,0,5,0,3,0,0,0,0,0,0,0
65200,9728,0,237,0,9,0,22,0,3,0,1,0,0,0,0,0,0,0
65300,9735,0,234,0,1,0,24,0,5,0,1,0,0,0,0,0,0,0
65400,9724,0,243,0,2,0,26,0,3,0,2,0,0,0,0,0,0,0
65500,9728,0,248,0,1,0,22,0,1,0,0,0,0,0,0,0,0,0
65600,9762,0,210,0,2,0,22,0,3,0,1,0,0,0,0,0,0,0
65700,9769,0,205,0,1,0,22,0,3,0,0,0,0,0,0,0,0,0
65800,9775,0,191,0,3,0,27,0,1,0,3,0,0,0,0,0,0,0
65900,9786,0,183,0,3,0,22,0,6,0,0,0,0,0,0,0,0,0
66000,9790,0,182,0,1,0,21,0,5,0,1,0,0,0,0,0,0,0
66100,9789,0,181,0,1,0,23,0,5,0,1,0,0,0,0,0,0,0
66200,9789,0,179,0,3,0,24,0,5,0,0,0,0,0,0,0,0,0
66300,9789,0,179,0,5,0,24,0,1,0,2,0,0,0,0,0,0,0
66400,9771,0,175,0,4,0,44,0,5,0,0,0,1,0,0,0,0,0
66500,9774,0,178,0,5,0,41,0,1,0,1,0,0,0,0,0,0,0
66600,9786,0,181,0,1,0,21,0,9,0,2,0,0,0,0,0,0,0
66700,9794,0,170,0,5,0,26,0,3,0,2,0,0,0,0,0,0,0
66800,9796,0,164,0,5,0,25,0,9,0,1,0,0,0,0,0,0,0
66900,9838,0,132,0,3,0,21,0,4,0,2,0,0,0,0,0,0,0
67000,9876,0,96,0,0,0,25,0,0,0,3,0,0,0,0,0,0,0
67100,9869,0,101,0,1,0,23,0,5,0,1,0,0,0,0,0,0,0
67200,9837,0,124,0,1,0,27,0,7,0,2,0,2,0,0,0,0,0
67300,9841,0,123,0,5,0,29,0,1,0,1,0,0,0,0,0,0,0
67400,9850,0,124,0,2,0,22,0,2,0,0,0,0,0,0,0,0,0
67500,9845,0,122,0,3,0,27,0,2,0,1,0,0,0,0,0,0,0
67600,9851,0,115,0,1,0,25,0,7,0,1,0,0,0,0,0,0,0
67700,9868,0,101,0,2,0,27,0,1,0,1,0,0,0,0,0,0,0
67800,9861,0,105,0,3,0,23,0,5,0,3,0,0,0,0,0,0,0
67900,9869,0,103,0,2,0,21,0,4,0,1,0,0,0,0,0,0,0
68000,9864,0,105,0,3,0,22,0,5,0,1,0,0,0,0,0,0,0
68100,9867,0,104,0,0,0,29,0,0,0,0,0,0,0,0,0,0,0
68200,9869,0,104,0,2,0,23,0,0,0,2,0,0,0,0,0,0,0
68300,9883,0,98,0,3,0,13,0,2,0,1,0,0,0,0,0,0,0
68400,9896,0,88,0,3,0,1,0,10,0,2,0,0,0,0,0,0,0
68500,9890,0,91,0,4,0,4,0,8,0,3,0,0,0,0,0,0,0
68600,9896,0,90,0,2,0,6,0,5,0,1,0,0,0,0,0,0,0
68700,9902,0,87,0,3,0,2,0,4,0,2,0,0,0,0,0,0,0
68800,9904,0,87,0,2,0,2,0,3,0,2,0,0,0,0,0,0,0
68900,9904,0,86,0,4,0,1,0,5,0,0,0,0,0,0,0,0,0
69000,9900,0,88,0,5,0,2,0,2,0,3,0,0,0,0,0,0,0
69100,9904,0,88,0,0,0,3,0,2,0,3,0,0,0,0,0,0,0
69200,9907,0,84,0,5,0,0,0,4,0,0,0,0,0,0,0,0,0
69300,9901,0,86,0,3,0,2,0,6,0,2,0,0,0,0,0,0,0
69400,9908,0,86,0,0,0,1,0,4,0,1,0,0,0,0,0,0,0
69500,9907,0,88,0,1,0,0,0,3,0,1,0,0,0,0,0,0,0
69600,9902,0,90,0,0,0,5,0,3,0,0,0,0,0,0,0,0,0
69700,9897,0,96,0,1,0,2,0,2,0,2,0,0,0,0,0,0,0
69800,9889,0,98,0,4,0,4,0,1,0,4,0,0,0,0,0,0,0
69900,9908,0,86,0,1,0,2,0,3,0,0,0,0,0,0,0,0,0
70000,9903,0,85,0,2,0,5,0,4,0,1,0,0,0,0,0,0,0
70100,9888,0,105,0,1,0,2,0,3,0,1,0,0,0,0,0,0,0
70200,9876,0,119,0,0,0,3,0,1,0,1,0,0,0,0,0,0,0
70300,9901,0,95,0,1,0,0,0,2,0,1,0,0,0,0,0,0,0
70400,9896,0,98,0,2,0,0,0,3,0,1,0,0,0,0,0,0,0
70500,9881,0,106,0,4,0,3,0,5,0,1,0,0,0,0,0,0,0
70600,9884,0,104,0,5,0,1,0,6,0,0,0,0,0,0,0,0,0
70700,9888,0,102,0,2,0,3,0,4,0,1,0,0,0,0,0,0,0
70800,9884,0,104,0,2,0,5,0,3,0,2,0,0,0,0,0,0,0
70900,9884,0,104,0,0,0,3,0,4,0,2,0,3,0,0,0,0,0
71000,9884,0,106,0,3,0,1,0,5,0,1,0,0,0,0,0,0,0
71100,9928,0,68,0,2,0,0,0,2,0,0,0,0,0,0,0,0,0
71200,9923,0,68,0,1,0,4,0,2,0,0,0,2,0,0,0,0,0
71300,9926,0,69,0,2,0,0,0,1,0,2,0,0,0,0,0,0,0
71400,9926,0,66,0,5,0,2,0,1,0,0,0,0,0,0,0,0,0
71500,9927,0,68,0,1,0,0,0,3,0,1,0,0,0,0,0,0,0
71600,9925,0,66,0,2,0,0,0,6,0,1,0,0,0,0,0,0,0
71700,9930,0,65,0,2,0,0,0,3,0,0,0,0,0,0,0,0,0
71800,9927,0,67,0,2,0,1,0,1,0,2,0,0,0,0,0,0,0
71900,9923,0,65,0,3,0,4,0,3,0,2,0,0,0,0,0,0,0
72000,9902,0,88,0,0,0,3,0,7,0,0,0,0,0,0,0,0,0
72100,9796,0,197,0,0,0,1,0,6,0,0,0,0,0,0,0,0,0
72200,9769,0,226,0,0,0,4,0,0,0,1,0,0,0,0,0,0,0
72300,9831,0,161,0,1,0,2,0,3,0,2,0,0,0,0,0,0,0
72400,9867,0,129,0,2,0,1,0,1,0,0,0,0,0,0,0,0,0
72500,9902,0,92,0,5,0,0,0,1,0,0,0,0,0,0,0,0,0
72600,9899,0,90,0,5,0,1,0,2,0,3,0,0,0,0,0,0,0
72700,9897,0,88,0,4,0,3,0,7,0,1,0,0,0,0,0,0,0
72800,9898,0,90,0,3,0,2,0,6,0,1,0,0,0,0,0,0,0
72900,9906,0,89,0,2,0,2,0,0,0,1,0,0,0,0,0,0,0
73000,9894,0,90,0,5,0,4,0,6,0,1,0,0,0,0,0,0,0
73100,9888,0,90,0,6,0,5,0,11,0,0,0,0,0,0,0,0,0
73200,9834,0,150,0,7,0,5,0,3,0,1,0,0,0,0,0,0,0
73300,9830,0,152,0,11,0,4,0,2,0,1,0,0,0,0,0,0,0
73400,9830,0,152,0,12,0,3,0,2,0,1,0,0,0,0,0,0,0
73500,9869,0,121,0,5,0,1,0,3,0,1,0,0,0,0,0,0,0
73600,9886,0,100,0,7,0,4,0,3,0,0,0,0,0,0,0,0,0
73700,9874,0,102,0,9,0,15,0,0,0,0,0,0,0,0,0,0,0
73800,9876,0,103,0,9,0,8,0,4,0,0,0,0,0,0,0,0,0
73900,9869,0,101,0,9,0,12,0,4,0,5,0,0,0,0,0,0,0
74000,9844,0,136,0,6,0,8,0,4,0,2,0,0,0,0,0,0,0
74100,9850,0,136,0,6,0,3,0,3,0,2,0,0,0,0,0,0,0
74200,9807,0,169,0,11,0,7,0,4,0,2,0,0,0,0,0,0,0
74300,9778,0,204,0,8,0,7,0,2,0,0,0,1,0,0,0,0,0
74400,9775,0,200,0,11,0,12,0,2,0,0,0,0,0,0,0,0,0
74500,9776,0,202,0,10,0,7,0,3,0,2,0,0,0,0,0,0,0
74600,9776,0,202,0,9,0,12,0,1,0,0,0,0,0,0,0,0,0
74700,9777,0,203,0,9,0,6,0,5,0,0,0,0,0,0,0,0,0
74800,9773,0,203,0,8,0,7,0,8,0,1,0,0,0,0,0,0,0
74900,9765,0,204,0,13,0,11,0,5,0,2,0,0,0,0,0,0,0
75000,9778,0,202,0,9,0,6,0,3,0,2,0,0,0,0,0,0,0
75100,9770,0,208,0,12,0,4,0,5,0,0,0,1,0,0,0,0,0
75200,9770,0,208,0,11,0,7,0,1,0,3,0,0,0,0,0,0,0
75300,9773,0,205,0,12,0,8,0,1,0,1,0,0,0,0,0,0,0
75400,9776,0,201,0,12,0,8,0,3,0,0,0,0,0,0,0,0,0
75500,9831,0,155,0,10,0,1,0,2,0,0,0,1,0,0,0,0,0
75600,9841,0,146,0,3,0,4,0,6,0,0,0,0,0,0,0,0,0
75700,9842,0,145,0,2,0,6,0,2,0,3,0,0,0,0,0,0,0
75800,9897,0,84,0,2,0,11,0,4,0,2,0,0,0,0,0,0,0
75900,9902,0,81,0,1,0,10,0,3,0,3,0,0,0,0,0,0,0
76000,9906,0,80,0,3,0,6,0,3,0,2,0,0,0,0,0,0,0
76100,9907,0,77,0,6,0,8,0,1,0,1,0,0,0,0,0,0,0
76200,9908,0,75,0,2,0,7,0,4,0,4,0,0,0,0,0,0,0
76300,9917,0,72,0,4,0,0,0,5,0,2,0,0,0,0,0,0,0
76400,9905,0,76,0,3,0,11,0,4,0,1,0,0,0,0,0,0,0
76500,9907,0,74,0,3,0,10,0,4,0,2,0,0,0,0,0,0,0
76600,9907,0,80,0,3,0,6,0,3,0,1,0,0,0,0,0,0,0
76700,9907,0,80,0,0,0,5,0,7,0,1,0,0,0,0,0,0,0
76800,9911,0,74,0,1,0,8,0,3,0,3,0,0,0,0,0,0,0
76900,9896,0,82,0,2,0,15,0,4,0,0,0,1,0,0,0,0,0
77000,9894,0,83,0,4,0,9,0,6,0,4,0,0,0,0,0,0,0
77100,9891,0,93,0,5,0,8,0,3,0,0,0,0,0,0,0,0,0
77200,9895,0,96,0,4,0,4,0,0,0,1,0,0,0,0,0,0,0
77300,9880,0,109,0,1,0,7,0,3,0,0,0,0,0,0,0,0,0
77400,9883,0,103,0,2,0,6,0,5,0,1,0,0,0,0,0,0,0
77500,9884,0,109,0,1,0,4,0,2,0,0,0,0,0,0,0,0,0
77600,9868,0,117,0,2,0,7,0,3,0,3,0,0,0,0,0,0,0
77700,9875,0,111,0,4,0,4,0,5,0,1,0,0,0,0,0,0,0
77800,9869,0,111,0,5,0,5,0,10,0,0,0,0,0,0,0,0,0
77900,9936,0,53,0,2,0,3,0,4,0,2,0,0,0,0,0,0,0
78000,9938,0,45,0,4,0,6,0,5,0,2,0,0,0,0,0,0,0
78100,9944,0,42,0,3,0,4,0,4,0,3,0,0,0,0,0,0,0
78200,9944,0,44,0,3,0,4,0,4,0,1,0,0,0,0,0,0,0
78300,9948,0,40,0,4,0,4,0,2,0,0,0,2,0,0,0,0,0
78400,9946,0,37,0,0,0,8,0,7,0,2,0,0,0,0,0,0,0
78500,9934,0,42,0,1,0,10,0,12,0,1,0,0,0,0,0,0,0
78600,9954,0,37,0,0,0,9,0,0,0,0,0,0,0,0,0,0,0
78700,9943,0,40,0,5,0,4,0,7,0,1,0,0,0,0,0,0,0
78800,9934,0,59,0,2,0,3,0,1,0,1,0,0,0,0,0,0,0
78900,9911,0,75,0,3,0,3,0,5,0,3,0,0,0,0,0,0,0
79000,9912,0,76,0,4,0,4,0,4,0,0,0,0,0,0,0,0,0
79100,9896,0,88,0,2,0,6,0,6,0,2,0,0,0,0,0,0,0
79200,9903,0,87,0,1,0,7,0,0,0,2,0,0,0,0,0,0,0
79300,9903,0,83,0,1,0,10,0,3,0,0,0,0,0,0,0,0,0
79400,9903,0,83,0,1,0,9,0,4,0,0,0,0,0,0,0,0,0
79500,9907,0,80,0,3,0,7,0,3,0,0,0,0,0,0,0,0,0
79600,9895,0,91,0,2,0,6,0,6,0,0,0,0,0,0,0,0,0
79700,9895,0,85,0,5,0,9,0,5,0,1,0,0,0,0,0,0,0
79800,9901,0,84,0,4,0,4,0,5,0,2,0,0,0,0,0,0,0
79900,9899,0,86,0,1,0,8,0,2,0,4,0,0,0,0,0,0,0
80000,9899,0,85,0,4,0,8,0,4,0,0,0,0,0,0,0,0,0
80100,9882,0,104,0,2,0,6,0,3,0,3,0,0,0,0,0,0,0
80200,9821,0,168,0,3,0,6,0,1,0,1,0,0,0,0,0,0,0
80300,9828,0,157,0,3,0,5,0,6,0,1,0,0,0,0,0,0,0
80400,9830,0,157,0,2,0,6,0,5,0,0,0,0,0,0,0,0,0
80500,9838,0,155,0,3,0,3,0,1,0,0,0,0,0,0,0,0,0
80600,9835,0,150,0,3,0,9,0,3,0,0,0,0,0,0,0,0,0
80700,9838,0,145,0,3,0,5,0,8,0,1,0,0,0,0,0,0,0
80800,9841,0,147,0,1,0,5,0,5,0,1,0,0,0,0,0,0,0
80900,9852,0,137,0,1,0,4,0,5,0,1,0,0,0,0,0,0,0
81000,9845,0,144,0,0,0,4,0,4,0,3,0,0,0,0,0,0,0
81100,9847,0,141,0,4,0,3,0,4,0,1,0,0,0,0,0,0,0
81200,9847,0,143,0,3,0,2,0,4,0,1,0,0,0,0,0,0,0
81300,9854,0,131,0,3,0,7,0,4,0,1,0,0,0,0,0,0,0
81400,9866,0,127,0,0,0,3,0,1,0,3,0,0,0,0,0,0,0
81500,9870,0,119,0,4,0,2,0,5,0,0,0,0,0,0,0,0,0
81600,9871,0,120,0,2,0,3,0,3,0,1,0,0,0,0,0,0,0
81700,9883,0,111,0,2,0,2,0,1,0,1,0,0,0,0,0,0,0
81800,9870,0,122,0,2,0,2,0,3,0,1,0,0,0,0,0,0,0
81900,9854,0,140,0,1,0,3,0,2,0,0,0,0,0,0,0,0,0
82000,9846,0,142,0,3,0,7,0,2,0,0,0,0,0,0,0,0,0
82100,9851,0,141,0,0,0,6,0,1,0,1,0,0,0,0,0,0,0
82200,9846,0,143,0,2,0,2,0,6,0,1,0,0,0,0,0,0,0
82300,9838,0,149,0,4,0,4,0,5,0,0,0,0,0,0,0,0,0
82400,9828,0,156,0,3,0,7,0,5,0,1,0,0,0,0,0,0,0
82500,9865,0,125,0,5,0,3,0,2,0,0,0,0,0,0,0,0,0
82600,9877,0,108,0,2,0,9,0,2,0,2,0,0,0,0,0,0,0
82700,9884,0,108,0,2,0,1,0,3,0,2,0,0,0,0,0,0,0
82800,9915,0,76,0,2,0,3,0,2,0,2,0,0,0,0,0,0,0
82900,9910,0,76,0,3,0,6,0,3,0,2,0,0,0,0,0,0,0
83000,9916,0,73,0,3,0,5,0,2,0,1,0,0,0,0,0,0,0
83100,9917,0,73,0,2,0,2,0,5,0,1,0,0,0,0,0,0,0
83200,9917,0,73,0,2,0,3,0,4,0,1,0,0,0,0,0,0,0
83300,9920,0,71,0,1,0,3,0,4,0,1,0,0,0,0,0,0,0
83400,9909,0,80,0,1,0,5,0,2,0,3,0,0,0,0,0,0,0
83500,9920,0,73,0,2,0,4,0,1,0,0,0,0,0,0,0,0,0
83600,9910,0,75,0,2,0,8,0,4,0,1,0,0,0,0,0,0,0
83700,9912,0,77,0,1,0,3,0,4,0,3,0,0,0,0,0,0,0
83800,9913,0,71,0,3,0,5,0,7,0,1,0,0,0,0,0,0,0
83900,9921,0,74,0,1,0,3,0,1,0,0,0,0,0,0,0,0,0
84000,9917,0,76,0,2,0,4,0,0,0,1,0,0,0,0,0,0,0
84100,9913,0,79,0,2,0,2,0,4,0,0,0,0,0,0,0,0,0
84200,9903,0,85,0,3,0,4,0,5,0,0,0,0,0,0,0,0,0
84300,9904,0,88,0,0,0,4,0,1,0,3,0,0,0,0,0,0,0
84400,9906,0,84,0,1,0,3,0,5,0,1,0,0,0,0,0,0,0
84500,9903,0,87,0,2,0,3,0,4,0,1,0,0,0,0,0,0,0
84600,9914,0,78,0,2,0,3,0,3,0,0,0,0,0,0,0,0,0
84700,9909,0,83,0,1,0,3,0,2,0,2,0,0,0,0,0,0,0
84800,9907,0,80,0,1,0,9,0,2,0,1,0,0,0,0,0,0,0
84900,9914,0,78,0,4,0,2,0,1,0,1,0,0,0,0,0,0,0
85000,9911,0,79,0,4,0,5,0,1,0,0,0,0,0,0,0,0,0
85100,9908,0,85,0,1,0,2,0,2,0,2,0,0,0,0,0,0,0
85200,9916,0,74,0,4,0,1,0,4,0,1,0,0,0,0,0,0,0
85300,9927,0,66,0,2,0,1,0,3,0,1,0,0,0,0,0,0,0
85400,9958,0,29,0,3,0,6,0,4,0,0,0,0,0,0,0,0,0
85500,9967,0,25,0,1,0,2,0,5,0,0,0,0,0,0,0,0,0
85600,9968,0,21,0,4,0,2,0,5,0,0,0,0,0,0,0,0,0
85700,9968,0,19,0,4,0,5,0,2,0,2,0,0,0,0,0,0,0
85800,9975,0,14,0,2,0,2,0,7,0,0,0,0,0,0,0,0,0
85900,9970,0,21,0,4,0,1,0,3,0,1,0,0,0,0,0,0,0
86000,9971,0,17,0,1,0,6,0,4,0,1,0,0,0,0,0,0,0
86100,9967,0,23,0,4,0,3,0,3,0,0,0,0,0,0,0,0,0
86200,9975,0,20,0,1,0,2,0,1,0,1,0,0,0,0,0,0,0
86300,9928,0,65,0,1,0,2,0,4,0,0,0,0,0,0,0,0,0
86400,9915,0,77,0,3,0,2,0,2,0,1,0,0,0,0,0,0,0
86500,9916,0,76,0,4,0,1,0,1,0,2,0,0,0,0,0,0,0
86600,9913,0,78,0,2,0,1,0,4,0,1,0,1,0,0,0,0,0
86700,9915,0,77,0,4,0,1,0,3,0,0,0,0,0,0,0,0,0
86800,9913,0,83,0,1,0,1,0,1,0,1,0,0,0,0,0,0,0
86900,9914,0,83,0,0,0,3,0,0,0,0,0,0,0,0,0,0,0
87000,9909,0,80,0,2,0,3,0,3,0,3,0,0,0,0,0,0,0
87100,9908,0,84,0,4,0,1,0,2,0,1,0,0,0,0,0,0,0
87200,9902,0,89,0,3,0,1,0,5,0,0,0,0,0,0,0,0,0
87300,9913,0,82,0,0,0,0,0,3,0,2,0,0,0,0,0,0,0
87400,9910,0,85,0,2,0,1,0,0,0,2,0,0,0,0,0,0,0
87500,9902,0,88,0,1,0,4,0,3,0,1,0,1,0,0,0,0,0
87600,9909,0,84,0,4,0,0,0,3,0,0,0,0,0,0,0,0,0
87700,9905,0,86,0,1,0,4,0,3,0,1,0,0,0,0,0,0,0
87800,9895,0,97,0,2,0,2,0,3,0,1,0,0,0,0,0,0,0
87900,9861,0,131,0,0,0,2,0,4,0,2,0,0,0,0,0,0,0
88000,9849,0,141,0,0,0,4,0,4,0,2,0,0,0,0,0,0,0
88100,9851,0,134,0,4,0,3,0,6,0,2,0,0,0,0,0,0,0
88200,9850,0,140,0,3,0,3,0,4,0,0,0,0,0,0,0,0,0
88300,9852,0,138,0,7,0,1,0,1,0,1,0,0,0,0,0,0,0
88400,9884,0,106,0,2,0,3,0,4,0,1,0,0,0,0,0,0,0
88500,9889,0,101,0,1,0,5,0,3,0,1,0,0,0,0,0,0,0
88600,9873,0,113,0,2,0,10,0,2,0,0,0,0,0,0,0,0,0
88700,9883,0,105,0,1,0,8,0,3,0,0,0,0,0,0,0,0,0
88800,9877,0,103,0,1,0,10,0,7,0,2,0,0,0,0,0,0,0
88900,9892,0,86,0,0,0,13,0,6,0,3,0,0,0,0,0,0,0
89000,9883,0,94,0,4,0,10,0,6,0,3,0,0,0,0,0,0,0
89100,9885,0,97,0,4,0,11,0,3,0,0,0,0,0,0,0,0,0
89200,9844,0,139,0,3,0,8,0,4,0,2,0,0,0,0,0,0,0
89300,9821,0,163,0,5,0,9,0,2,0,0,0,0,0,0,0,0,0
89400,9832,0,161,0,0,0,3,0,4,0,0,0,0,0,0,0,0,0
89500,9830,0,162,0,1,0,4,0,2,0,1,0,0,0,0,0,0,0
89600,9826,0,165,0,4,0,0,0,5,0,0,0,0,0,0,0,0,0
89700,9834,0,161,0,2,0,1,0,1,0,1,0,0,0,0,0,0,0
89800,9834,0,157,0,6,0,3,0,0,0,0,0,0,0,0,0,0,0
89900,9837,0,154,0,2,0,3,0,1,0,3,0,0,0,0,0,0,0
90000,9841,0,153,0,2,0,1,0,2,0,1,0,0,0,0,0,0,0
90100,9838,0,156,0,2,0,0,0,2,0,2,0,0,0,0,0,0,0
90200,9831,0,153,0,5,0,5,0,4,0,2,0,0,0,0,0,0,0
90300,9839,0,150,0,1,0,5,0,2,0,3,0,0,0,0,0,0,0
90400,9830,0,161,0,2,0,3,0,3,0,1,0,0,0,0,0,0,0
90500,9821,0,166,0,5,0,3,0,3,0,2,0,0,0,0,0,0,0
90600,9843,0,150,0,3,0,1,0,3,0,0,0,0,0,0,0,0,0
90700,9820,0,171,0,0,0,4,0,3,0,2,0,0,0,0,0,0,0
90800,9782,0,208,0,1,0,3,0,5,0,1,0,0,0,0,0,0,0
90900,9737,0,257,0,1,0,2,0,1,0,2,0,0,0,0,0,0,0
91000,9716,0,276,0,1,0,3,0,4,0,0,0,0,0,0,0,0,0
91100,9716,0,276,0,1,0,3,0,2,0,2,0,0,0,0,0,0,0
91200,9705,0,287,0,3,0,2,0,1,0,2,0,0,0,0,0,0,0
91300,9709,0,285,0,3,0,2,0,1,0,0,0,0,0,0,0,0,0
91400,9709,0,286,0,2,0,1,0,1,0,1,0,0,0,0,0,0,0
91500,9694,0,292,0,3,0,5,0,3,0,3,0,0,0,0,0,0,0
91600,9687,0,302,0,4,0,3,0,4,0,0,0,0,0,0,0,0,0
91700,9694,0,299,0,5,0,1,0,1,0,0,0,0,0,0,0,0,0
91800,9704,0,287,0,5,0,1,0,2,0,1,0,0,0,0,0,0,0
91900,9704,0,288,0,3,0,2,0,3,0,0,0,0,0,0,0,0,0
92000,9701,0,289,0,1,0,2,0,6,0,1,0,0,0,0,0,0,0
92100,9698,0,293,0,1,0,0,0,8,0,0,0,0,0,0,0,0,0
92200,9646,0,342,0,5,0,5,0,2,0,0,0,0,0,0,0,0,0
92300,9630,0,361,0,2,0,6,0,0,0,1,0,0,0,0,0,0,0
92400,9631,0,358,0,2,0,3,0,5,0,1,0,0,0,0,0,0,0
92500,9635,0,357,0,2,0,1,0,4,0,1,0,0,0,0,0,0,0
92600,9631,0,357,0,5,0,2,0,2,0,3,0,0,0,0,0,0,0
92700,9671,0,323,0,1,0,1,0,4,0,0,0,0,0,0,0,0,0
92800,9710,0,285,0,1,0,2,0,2,0,0,0,0,0,0,0,0,0
92900,9694,0,290,0,5,0,6,0,4,0,1,0,0,0,0,0,0,0
93000,9707,0,285,0,3,0,3,0,2,0,0,0,0,0,0,0,0,0
93100,9641,0,347,0,3,0,1,0,6,0,2,0,0,0,0,0,0,0
93200,9693,0,298,0,0,0,3,0,4,0,2,0,0,0,0,0,0,0
93300,9764,0,232,0,1,0,1,0,1,0,1,0,0,0,0,0,0,0
93400,9780,0,216,0,1,0,2,0,0,0,1,0,0,0,0,0,0,0
93500,9779,0,217,0,1,0,1,0,2,0,0,0,0,0,0,0,0,0
93600,9775,0,215,0,2,0,3,0,5,0,0,0,0,0,0,0,0,0
93700,9776,0,218,0,2,0,1,0,2,0,1,0,0,0,0,0,0,0
93800,9790,0,204,0,1,0,1,0,4,0,0,0,0,0,0,0,0,0
93900,9795,0,200,0,1,0,2,0,0,0,2,0,0,0,0,0,0,0
94000,9778,0,218,0,1,0,2,0,1,0,0,0,0,0,0,0,0,0
94100,9720,0,268,0,4,0,1,0,6,0,1,0,0,0,0,0,0,0
94200,9727,0,269,0,0,0,2,0,2,0,0,0,0,0,0,0,0,0
94300,9715,0,273,0,3,0,3,0,4,0,2,0,0,0,0,0,0,0
94400,9719,0,274,0,4,0,1,0,2,0,0,0,0,0,0,0,0,0
94500,9719,0,276,0,3,0,0,0,2,0,0,0,0,0,0,0,0,0
94600,9714,0,276,0,1,0,2,0,5,0,2,0,0,0,0,0,0,0
94700,9734,0,259,0,3,0,2,0,2,0,0,0,0,0,0,0,0,0
94800,9764,0,223,0,5,0,0,0,5,0,3,0,0,0,0,0,0,0
94900,9770,0,228,0,1,0,0,0,1,0,0,0,0,0,0,0,0,0
95000,9755,0,237,0,2,0,2,0,3,0,1,0,0,0,0,0,0,0
95100,9760,0,227,0,3,0,4,0,2,0,4,0,0,0,0,0,0,0
95200,9757,0,231,0,8,0,1,0,2,0,1,0,0,0,0,0,0,0
95300,9816,0,179,0,1,0,1,0,2,0,1,0,0,0,0,0,0,0
95400,9836,0,159,0,1,0,1,0,0,0,3,0,0,0,0,0,0,0
95500,9803,0,186,0,3,0,5,0,2,0,1,0,0,0,0,0,0,0
95600,9770,0,211,0,3,0,13,0,2,0,1,0,0,0,0,0,0,0
95700,9777,0,207,0,1,0,12,0,2,0,1,0,0,0,0,0,0,0
95800,9757,0,228,0,1,0,12,0,2,0,0,0,0,0,0,0,0,0
95900,9741,0,241,0,1,0,15,0,1,0,1,0,0,0,0,0,0,0
96000,9714,0,269,0,2,0,11,0,2,0,2,0,0,0,0,0,0,0
96100,9731,0,244,0,2,0,15,0,5,0,3,0,0,0,0,0,0,0
96200,9772,0,213,0,3,0,8,0,3,0,1,0,0,0,0,0,0,0
96300,9772,0,216,0,0,0,9,0,3,0,0,0,0,0,0,0,0,0
96400,9757,0,225,0,1,0,11,0,4,0,2,0,0,0,0,0,0,0
96500,9763,0,219,0,2,0,14,0,1,0,1,0,0,0,0,0,0,0
96600,9750,0,230,0,3,0,11,0,5,0,1,0,0,0,0,0,0,0
96700,9733,0,245,0,0,0,14,0,7,0,1,0,0,0,0,0,0,0
96800,9753,0,232,0,1,0,12,0,1,0,1,0,0,0,0,0,0,0
96900,9725,0,252,0,2,0,15,0,6,0,0,0,0,0,0,0,0,0
97000,9691,0,284,0,3,0,12,0,8,0,2,0,0,0,0,0,0,0
97100,9702,0,280,0,1,0,12,0,3,0,2,0,0,0,0,0,0,0
97200,9708,0,273,0,4,0,13,0,2,0,0,0,0,0,0,0,0,0
97300,9688,0,290,0,2,0,18,0,1,0,1,0,0,0,0,0,0,0
97400,9642,0,343,0,1,0,12,0,2,0,0,0,0,0,0,0,0,0
97500,9635,0,345,0,3,0,12,0,4,0,1,0,0,0,0,0,0,0
97600,9641,0,338,0,2,0,12,0,6,0,1,0,0,0,0,0,0,0
97700,9642,0,342,0,2,0,10,0,2,0,2,0,0,0,0,0,0,0
97800,9618,0,366,0,0,0,13,0,0,0,3,0,0,0,0,0,0,0
97900,9624,0,365,0,1,0,7,0,3,0,0,0,0,0,0,0,0,0
98000,9540,0,442,0,1,0,12,0,4,0,1,0,0,0,0,0,0,0
98100,9526,0,458,0,0,0,12,0,3,0,1,0,0,0,0,0,0,0
98200,9519,0,462,0,2,0,14,0,3,0,0,0,0,0,0,0,0,0
98300,9509,0,470,0,1,0,11,0,8,0,1,0,0,0,0,0,0,0
98400,9528,0,454,0,4,0,11,0,3,0,0,0,0,0,0,0,0,0
98500,9550,0,435,0,3,0,10,0,1,0,1,0,0,0,0,0,0,0
98600,9551,0,435,0,2,0,9,0,3,0,0,0,0,0,0,0,0,0
98700,9521,0,469,0,2,0,4,0,4,0,0,0,0,0,0,0,0,0
98800,9492,0,498,0,2,0,8,0,0,0,0,0,0,0,0,0,0,0
98900,9491,0,504,0,0,0,2,0,1,0,2,0,0,0,0,0,0,0
99000,9499,0,496,0,1,0,1,0,1,0,2,0,0,0,0,0,0,0
99100,9501,0,491,0,1,0,3,0,4,0,0,0,0,0,0,0,0,0
99200,9459,0,531,0,6,0,0,0,3,0,1,0,0,0,0,0,0,0
99300,9433,0,555,0,1,0,2,0,5,0,4,0,0,0,0,0,0,0
99400,9447,0,543,0,2,0,5,0,2,0,1,0,0,0,0,0,0,0
99500,9488,0,503,0,2,0,4,0,1,0,2,0,0,0,0,0,0,0
99600,9492,0,503,0,0,0,1,0,2,0,2,0,0,0,0,0,0,0
99700,9525,0,469,0,1,0,1,0,2,0,2,0,0,0,0,0,0,0
99800,9473,0,519,0,1,0,2,0,3,0,2,0,0,0,0,0,0,0
99900,9471,0,523,0,2,0,1,0,1,0,2,0,0,0,0,0,0,0
100000,9490,0,509,0,0,0,1,0,0,0,0,0,0,0,0,0,0,0
