update,host_task_NOT,sym_task_NOT,host_task_NAND,sym_task_NAND,host_task_AND,sym_task_AND,host_task_ORN,sym_task_ORN,host_task_OR,sym_task_OR,host_task_ANDN,sym_task_ANDN,host_task_NOR,sym_task_NOR,host_task_XOR,sym_task_XOR,host_task_EQU,sym_task_EQU
0,0,0,0,0,0,0,0,0,0,0,0,0,0,0,0,0,0,0
100,9999,0,0,0,2,0,0,0,1,0,0,0,0,0,0,0,0,0
200,9995,0,0,0,1,0,1,0,1,0,2,0,0,0,0,0,0,0
300,9993,0,0,0,1,0,3,0,1,0,2,0,0,0,0,0,0,0
400,9992,0,0,0,2,0,3,0,3,0,0,0,0,0,0,0,0,0
500,9994,0,0,0,4,0,0,0,2,0,0,0,0,0,0,0,0,0
600,9992,0,0,0,1,0,2,0,4,0,1,0,0,0,0,0,0,0
700,9995,0,0,0,2,0,1,0,1,0,1,0,0,0,0,0,0,0
800,9992,0,1,0,3,0,0,0,3,0,1,0,0,0,0,0,0,0
900,9992,0,0,0,3,0,2,0,0,0,3,0,0,0,0,0,0,0
1000,9993,0,0,0,2,0,4,0,1,0,0,0,0,0,0,0,0,0
1100,9992,0,2,0,2,0,1,0,1,0,2,0,0,0,0,0,0,0
1200,9986,0,6,0,2,0,4,0,0,0,2,0,0,0,0,0,0,0
1300,9989,0,5,0,2,0,3,0,1,0,0,0,0,0,0,0,0,0
1400,9988,0,4,0,1,0,4,0,1,0,2,0,0,0,0,0,0,0
1500,9988,0,4,0,2,0,1,0,4,0,1,0,0,0,0,0,0,0
1600,9987,0,4,0,2,0,2,0,4,0,1,0,0,0,0,0,0,0
1700,9985,0,5,0,4,0,2,0,3,0,1,0,0,0,0,0,0,0
1800,9991,0,4,0,0,0,2,0,3,0,0,0,0,0,0,0,0,0
1900,9984,0,7,0,1,0,1,0,6,0,1,0,0,0,0,0,0,0
2000,9981,0,6,0,2,0,5,0,4,0,2,0,0,0,0,0,0,0
2100,9993,0,4,0,0,0,1,0,2,0,0,0,0,0,0,0,0,0
2200,9993,0,0,0,3,0,1,0,3,0,0,0,0,0,0,0,0,0
2300,9993,0,1,0,3,0,2,0,0,0,1,0,0,0,0,0,0,0
2400,9993,0,2,0,2,0,2,0,1,0,0,0,0,0,0,0,0,0
2500,9989,0,3,0,4,0,1,0,3,0,0,0,0,0,0,0,0,0
2600,9989,0,4,0,3,0,2,0,1,0,1,0,0,0,0,0,0,0
2700,9993,0,2,0,0,0,2,0,3,0,0,0,0,0,0,0,0,0
2800,9990,0,2,0,2,0,2,0,2,0,2,0,0,0,0,0,0,0
2900,9992,0,5,0,0,0,2,0,0,0,1,0,0,0,0,0,0,0
3000,9993,0,1,0,2,0,1,0,3,0,0,0,0,0,0,0,0,0
3100,9981,0,2,0,3,0,7,0,7,0,0,0,0,0,0,0,0,0
3200,9983,0,5,0,2,0,1,0,7,0,2,0,0,0,0,0,0,0
3300,9984,0,5,0,1,0,4,0,4,0,2,0,0,0,0,0,0,0
3400,9980,0,8,0,1,0,6,0,2,0,3,0,0,0,0,0,0,0
3500,9986,0,5,0,1,0,5,0,3,0,0,0,0,0,0,0,0,0
3600,9979,0,9,0,3,0,4,0,2,0,3,0,0,0,0,0,0,0
3700,9981,0,5,0,1,0,2,0,7,0,4,0,0,0,0,0,0,0
3800,9979,0,11,0,1,0,3,0,5,0,0,0,1,0,0,0,0,0
3900,9980,0,14,0,0,0,0,0,5,0,1,0,0,0,0,0,0,0
4000,9980,0,10,0,0,0,4,0,5,0,1,0,0,0,0,0,0,0
4100,9983,0,8,0,4,0,2,0,3,0,0,0,0,0,0,0,0,0
4200,9979,0,10,0,3,0,3,0,2,0,3,0,0,0,0,0,0,0
4300,9976,0,15,0,2,0,1,0,4,0,2,0,0,0,0,0,0,0
4400,9964,0,23,0,6,0,3,0,2,0,2,0,0,0,0,0,0,0
4500,9970,0,18,0,3,0,2,0,5,0,2,0,0,0,0,0,0,0
4600,9976,0,16,0,2,0,3,0,2,0,1,0,0,0,0,0,0,0
4700,9968,0,20,0,0,0,5,0,5,0,2,0,0,0,0,0,0,0
4800,9968,0,22,0,3,0,4,0,2,0,1,0,0,0,0,0,0,0
4900,9959,0,24,0,0,0,9,0,5,0,3,0,0,0,0,0,0,0
5000,9958,0,27,0,5,0,5,0,5,0,0,0,0,0,0,0,0,0
5100,9957,0,32,0,1,0,4,0,3,0,3,0,0,0,0,0,0,0
5200,9969,0,24,0,2,0,3,0,2,0,0,0,0,0,0,0,0,0
5300,9968,0,25,0,1,0,5,0,1,0,0,0,0,0,0,0,0,0
5400,9962,0,28,0,4,0,2,0,1,0,2,0,1,0,0,0,0,0
5500,9949,0,33,0,6,0,4,0,6,0,2,0,0,0,0,0,0,0
5600,9961,0,28,0,2,0,2,0,6,0,1,0,0,0,0,0,0,0
5700,9958,0,33,0,0,0,3,0,6,0,0,0,0,0,0,0,0,0
5800,9951,0,30,0,6,0,6,0,6,0,1,0,0,0,0,0,0,0
5900,9942,0,41,0,6,0,7,0,2,0,1,0,1,0,0,0,0,0
6000,9951,0,34,0,1,0,5,0,7,0,2,0,0,0,0,0,0,0
6100,9953,0,36,0,3,0,3,0,5,0,0,0,0,0,0,0,0,0
6200,9955,0,38,0,1,0,4,0,1,0,1,0,0,0,0,0,0,0
6300,9953,0,32,0,2,0,5,0,6,0,2,0,0,0,0,0,0,0
6400,9959,0,30,0,2,0,5,0,4,0,0,0,0,0,0,0,0,0
6500,9954,0,31,0,6,0,6,0,2,0,0,0,1,0,0,0,0,0
6600,9961,0,28,0,5,0,1,0,4,0,1,0,0,0,0,0,0,0
6700,9960,0,29,0,5,0,3,0,3,0,0,0,0,0,0,0,0,0
6800,9959,0,28,0,4,0,5,0,4,0,0,0,0,0,0,0,0,0
6900,9955,0,30,0,5,0,3,0,5,0,1,0,1,0,0,0,0,0
7000,9962,0,26,0,2,0,4,0,5,0,1,0,0,0,0,0,0,0
7100,9947,0,35,0,4,0,6,0,7,0,1,0,0,0,0,0,0,0
7200,9952,0,30,0,2,0,9,0,6,0,1,0,0,0,0,0,0,0
7300,9943,0,45,0,1,0,6,0,4,0,1,0,0,0,0,0,0,0
7400,9940,0,47,0,3,0,8,0,2,0,0,0,0,0,0,0,0,0
7500,9920,0,51,0,2,0,14,0,12,0,1,0,0,0,0,0,0,0
7600,9930,0,52,0,3,0,5,0,10,0,0,0,0,0,0,0,0,0
7700,9916,0,62,0,3,0,8,0,10,0,1,0,0,0,0,0,0,0
7800,9916,0,64,0,2,0,9,0,4,0,4,0,1,0,0,0,0,0
7900,9901,0,77,0,3,0,10,0,6,0,3,0,0,0,0,0,0,0
8000,9906,0,72,0,2,0,14,0,4,0,2,0,0,0,0,0,0,0
8100,9907,0,75,0,1,0,8,0,5,0,4,0,0,0,0,0,0,0
8200,9897,0,79,0,6,0,10,0,4,0,2,0,2,0,0,0,0,0
8300,9888,0,86,0,5,0,14,0,6,0,1,0,0,0,0,0,0,0
8400,9887,0,86,0,5,0,18,0,3,0,0,0,1,0,0,0,0,0
8500,9873,0,97,0,2,0,14,0,12,0,1,0,1,0,0,0,0,0
8600,9872,0,109,0,5,0,10,0,4,0,0,0,0,0,0,0,0,0
8700,9862,0,117,0,4,0,10,0,5,0,2,0,0,0,0,0,0,0
8800,9857,0,119,0,2,0,11,0,8,0,3,0,0,0,0,0,0,0
8900,9850,0,125,0,1,0,10,0,12,0,2,0,0,0,0,0,0,0
9000,9868,0,115,0,2,0,7,0,5,0,2,0,1,0,0,0,0,0
9100,9877,0,105,0,2,0,8,0,7,0,1,0,0,0,0,0,0,0
9200,9873,0,110,0,0,0,10,0,6,0,1,0,0,0,0,0,0,0
9300,9867,0,111,0,2,0,10,0,8,0,1,0,1,0,0,0,0,0
9400,9869,0,111,0,1,0,10,0,7,0,2,0,0,0,0,0,0,0
9500,9874,0,110,0,3,0,6,0,5,0,2,0,0,0,0,0,0,0
9600,9865,0,121,0,3,0,6,0,4,0,1,0,0,0,0,0,0,0
9700,9856,0,122,0,6,0,3,0,10,0,3,0,0,0,0,0,0,0
9800,9844,0,136,0,8,0,8,0,2,0,2,0,0,0,0,0,0,0
9900,9832,0,149,0,3,0,7,0,4,0,4,0,1,0,0,0,0,0
10000,9836,0,140,0,11,0,5,0,6,0,2,0,0,0,0,0,0,0
10100,9843,0,136,0,2,0,12,0,5,0,2,0,0,0,0,0,0,0
10200,9828,0,145,0,7,0,8,0,6,0,6,0,0,0,0,0,0,0
10300,9818,0,155,0,6,0,10,0,6,0,5,0,0,0,0,0,0,0
10400,9794,0,178,0,7,0,14,0,6,0,1,0,0,0,0,0,0,0
10500,9780,0,187,0,1,0,20,0,11,0,0,0,1,0,0,0,0,0
10600,9800,0,181,0,4,0,9,0,3,0,3,0,0,0,0,0,0,0
10700,9775,0,187,0,5,0,26,0,7,0,0,0,0,0,0,0,0,0
10800,9775,0,181,0,8,0,25,0,10,0,1,0,0,0,0,0,0,0
10900,9746,0,209,0,2,0,32,0,9,0,2,0,0,0,0,0,0,0
11000,9742,0,214,0,4,0,24,0,11,0,5,0,0,0,0,0,0,0
11100,9747,0,201,0,9,0,28,0,13,0,2,0,0,0,0,0,0,0
11200,9720,0,222,0,12,0,39,0,5,0,2,0,0,0,0,0,0,0
11300,9703,0,239,0,3,0,41,0,10,0,4,0,0,0,0,0,0,0
11400,9680,0,278,0,6,0,28,0,5,0,3,0,0,0,0,0,0,0
11500,9659,0,290,0,6,0,34,0,9,0,1,0,1,0,0,0,0,0
11600,9634,0,305,0,8,0,44,0,8,0,1,0,0,0,0,0,0,0
11700,9609,0,329,0,4,0,47,0,9,0,2,0,0,0,0,0,0,0
11800,9573,0,369,0,3,0,43,0,8,0,3,0,1,0,0,0,0,0
11900,9524,0,418,0,4,0,44,0,7,0,3,0,0,0,0,0,0,0
12000,9492,0,451,0,7,0,43,0,5,0,2,0,0,0,0,0,0,0
12100,9507,0,441,0,5,0,40,0,5,0,1,0,1,0,0,0,0,0
12200,9559,0,393,0,7,0,30,0,9,0,2,0,0,0,0,0,0,0
12300,9538,0,424,0,2,0,32,0,3,0,1,0,0,0,0,0,0,0
12400,9525,0,418,0,8,0,36,0,11,0,2,0,0,0,0,0,0,0
12500,9515,0,440,0,3,0,38,0,4,0,0,0,0,0,0,0,0,0
12600,9516,0,444,0,4,0,29,0,4,0,3,0,0,0,0,0,0,0
12700,9578,0,389,0,7,0,19,0,4,0,3,0,0,0,0,0,0,0
12800,9611,0,355,0,3,0,23,0,5,0,3,0,0,0,0,0,0,0
12900,9613,0,347,0,8,0,21,0,7,0,4,0,0,0,0,0,0,0
13000,9637,0,327,0,6,0,22,0,2,0,6,0,0,0,0,0,0,0
13100,9634,0,321,0,10,0,28,0,5,0,1,0,1,0,0,0,0,0
13200,9633,0,311,0,11,0,33,0,8,0,4,0,0,0,0,0,0,0
13300,9624,0,322,0,9,0,35,0,5,0,5,0,0,0,0,0,0,0
13400,9598,0,332,0,21,0,37,0,9,0,3,0,0,0,0,0,0,0
13500,9591,0,334,0,13,0,52,0,6,0,4,0,0,0,0,0,0,0
13600,9582,0,354,0,14,0,40,0,7,0,3,0,0,0,0,0,0,0
13700,9557,0,379,0,17,0,42,0,2,0,3,0,0,0,0,0,0,0
13800,9567,0,363,0,21,0,39,0,9,0,1,0,0,0,0,0,0,0
13900,9589,0,341,0,17,0,41,0,10,0,2,0,0,0,0,0,0,0
14000,9605,0,323,0,19,0,43,0,7,0,2,0,1,0,0,0,0,0
14100,9576,0,362,0,10,0,43,0,7,0,2,0,0,0,0,0,0,0
14200,9575,0,351,0,7,0,55,0,8,0,4,0,0,0,0,0,0,0
14300,9515,0,408,0,10,0,57,0,6,0,3,0,1,0,0,0,0,0
14400,9513,0,428,0,4,0,50,0,3,0,2,0,0,0,0,0,0,0
14500,9516,0,430,0,5,0,42,0,4,0,2,0,1,0,0,0,0,0
14600,9510,0,417,0,10,0,57,0,4,0,2,0,0,0,0,0,0,0
14700,9565,0,362,0,13,0,56,0,3,0,1,0,0,0,0,0,0,0
14800,9563,0,377,0,6,0,42,0,10,0,2,0,0,0,0,0,0,0
14900,9562,0,373,0,6,0,47,0,7,0,5,0,0,0,0,0,0,0
15000,9531,0,420,0,6,0,36,0,5,0,2,0,0,0,0,0,0,0
15100,9498,0,444,0,4,0,35,0,13,0,4,0,1,0,1,0,0,0
15200,9483,0,463,0,7,0,37,0,6,0,3,0,1,0,0,0,0,0
15300,9479,0,474,0,0,0,38,0,6,0,2,0,1,0,0,0,0,0
15400,9479,0,469,0,8,0,32,0,9,0,3,0,0,0,0,0,0,0
15500,9495,0,464,0,6,0,26,0,6,0,3,0,0,0,0,0,0,0
15600,9510,0,458,0,2,0,21,0,6,0,3,0,0,0,0,0,0,0
15700,9490,0,469,0,11,0,19,0,10,0,1,0,0,0,0,0,0,0
15800,9480,0,484,0,4,0,19,0,11,0,2,0,0,0,0,0,0,0
15900,9491,0,467,0,4,0,29,0,6,0,3,0,0,0,0,0,0,0
16000,9544,0,428,0,5,0,12,0,9,0,2,0,0,0,0,0,0,0
16100,9577,0,402,0,4,0,13,0,3,0,1,0,0,0,0,0,0,0
16200,9568,0,411,0,4,0,11,0,1,0,5,0,0,0,0,0,0,0
16300,9578,0,397,0,7,0,10,0,6,0,2,0,0,0,0,0,0,0
16400,9614,0,358,0,8,0,9,0,8,0,2,0,1,0,0,0,0,0
16500,9627,0,338,0,4,0,19,0,10,0,2,0,0,0,0,0,0,0
16600,9583,0,375,0,6,0,17,0,16,0,3,0,0,0,0,0,0,0
16700,9656,0,315,0,3,0,19,0,3,0,4,0,0,0,0,0,0,0
16800,9652,0,317,0,7,0,18,0,5,0,1,0,0,0,0,0,0,0
16900,9662,0,311,0,8,0,12,0,5,0,1,0,0,0,0,0,1,0
17000,9689,0,289,0,7,0,6,0,6,0,3,0,0,0,0,0,0,0
17100,9672,0,305,0,5,0,9,0,7,0,2,0,0,0,0,0,0,0
17200,9675,0,307,0,3,0,6,0,6,0,3,0,0,0,0,0,0,0
17300,9704,0,272,0,6,0,6,0,8,0,4,0,0,0,0,0,0,0
17400,9693,0,284,0,6,0,10,0,5,0,2,0,0,0,0,0,0,0
17500,9666,0,309,0,3,0,13,0,5,0,4,0,0,0,0,0,0,0
17600,9640,0,337,0,6,0,10,0,5,0,2,0,0,0,0,0,0,0
17700,9627,0,353,0,8,0,6,0,6,0,0,0,0,0,0,0,0,0
17800,9635,0,340,0,7,0,6,0,6,0,6,0,0,0,0,0,0,0
17900,9644,0,334,0,9,0,3,0,8,0,2,0,0,0,0,0,0,0
18000,9641,0,340,0,4,0,4,0,6,0,3,0,2,0,0,0,0,0
18100,9677,0,312,0,1,0,6,0,4,0,0,0,0,0,0,0,0,0
18200,9662,0,320,0,8,0,3,0,4,0,3,0,0,0,0,0,0,0
18300,9662,0,321,0,4,0,6,0,4,0,3,0,0,0,0,0,0,0
18400,9677,0,310,0,4,0,1,0,8,0,0,0,0,0,0,0,0,0
18500,9705,0,277,0,4,0,4,0,4,0,6,0,0,0,0,0,0,0
18600,9699,0,284,0,5,0,4,0,7,0,1,0,0,0,0,0,0,0
18700,9671,0,308,0,8,0,3,0,4,0,6,0,0,0,0,0,0,0
18800,9627,0,337,0,17,0,3,0,9,0,7,0,0,0,0,0,0,0
18900,9636,0,337,0,15,0,6,0,2,0,3,0,1,0,0,0,0,0
19000,9633,0,336,0,13,0,4,0,10,0,4,0,0,0,0,0,0,0
19100,9649,0,316,0,14,0,4,0,7,0,10,0,0,0,0,0,0,0
19200,9644,0,336,0,13,0,2,0,3,0,2,0,0,0,0,0,0,0
19300,9634,0,335,0,12,0,7,0,8,0,4,0,0,0,0,0,0,0
19400,9630,0,331,0,21,0,7,0,10,0,1,0,0,0,0,0,0,0
19500,9689,0,290,0,13,0,3,0,4,0,1,0,0,0,0,0,0,0
19600,9677,0,280,0,22,0,7,0,10,0,4,0,0,0,0,0,0,0
19700,9659,0,300,0,19,0,3,0,12,0,5,0,2,0,0,0,0,0
19800,9698,0,284,0,7,0,2,0,4,0,5,0,0,0,0,0,0,0
19900,9691,0,290,0,5,0,5,0,9,0,0,0,0,0,0,0,0,0
20000,9693,0,295,0,5,0,1,0,4,0,2,0,0,0,0,0,0,0
20100,9696,0,287,0,4,0,1,0,7,0,4,0,0,0,1,0,0,0
20200,9691,0,293,0,3,0,2,0,7,0,4,0,0,0,0,0,0,0
20300,9699,0,291,0,4,0,3,0,1,0,2,0,0,0,0,0,0,0
20400,9676,0,306,0,2,0,1,0,10,0,4,0,0,0,0,0,1,0
20500,9685,0,291,0,10,0,4,0,9,0,0,0,1,0,0,0,0,0
20600,9679,0,296,0,5,0,10,0,6,0,4,0,0,0,0,0,0,0
20700,9693,0,290,0,5,0,7,0,5,0,0,0,0,0,0,0,0,0
20800,9689,0,293,0,5,0,6,0,6,0,1,0,0,0,0,0,0,0
20900,9682,0,293,0,6,0,10,0,7,0,2,0,0,0,0,0,0,0
21000,9661,0,309,0,4,0,22,0,2,0,2,0,0,0,0,0,0,0
21100,9596,0,347,0,3,0,46,0,4,0,4,0,0,0,0,0,0,0
21200,9565,0,373,0,9,0,45,0,5,0,3,0,0,0,0,0,0,0
21300,9592,0,360,0,5,0,31,0,6,0,5,0,1,0,0,0,0,0
21400,9632,0,344,0,6,0,8,0,6,0,4,0,0,0,0,0,0,0
21500,9665,0,320,0,3,0,2,0,6,0,4,0,0,0,0,0,0,0
21600,9651,0,335,0,2,0,2,0,5,0,5,0,0,0,0,0,0,0
21700,9644,0,340,0,5,0,1,0,7,0,3,0,0,0,0,0,0,0
21800,9655,0,320,0,8,0,7,0,9,0,1,0,0,0,0,0,0,0
21900,9655,0,329,0,5,0,6,0,4,0,1,0,0,0,0,0,0,0
22000,9657,0,324,0,5,0,4,0,7,0,3,0,0,0,0,0,0,0
22100,9649,0,338,0,2,0,2,0,4,0,5,0,0,0,0,0,0,0
22200,9612,0,367,0,3,0,7,0,8,0,2,0,1,0,0,0,0,0
22300,9621,0,365,0,5,0,1,0,5,0,3,0,0,0,0,0,0,0
22400,9591,0,385,0,7,0,6,0,9,0,1,0,1,0,0,0,0,0
22500,9566,0,418,0,3,0,8,0,2,0,3,0,0,0,0,0,0,0
22600,9541,0,437,0,5,0,9,0,8,0,0,0,0,0,0,0,0,0
22700,9560,0,413,0,10,0,6,0,6,0,5,0,0,0,0,0,0,0
22800,9597,0,385,0,5,0,4,0,7,0,1,0,1,0,0,0,0,0
22900,9586,0,393,0,2,0,8,0,7,0,4,0,0,0,0,0,0,0
23000,9594,0,384,0,4,0,12,0,6,0,0,0,0,0,0,0,0,0
23100,9612,0,371,0,2,0,9,0,6,0,0,0,0,0,0,0,0,0
23200,9668,0,305,0,6,0,15,0,5,0,1,0,0,0,0,0,0,0
23300,9652,0,317,0,4,0,11,0,12,0,4,0,0,0,0,0,0,0
23400,9623,0,349,0,2,0,16,0,10,0,0,0,0,0,0,0,0,0
23500,9638,0,338,0,5,0,12,0,6,0,0,0,1,0,0,0,0,0
23600,9639,0,340,0,3,0,13,0,3,0,2,0,0,0,0,0,0,0
23700,9642,0,328,0,14,0,10,0,4,0,2,0,0,0,0,0,0,0
23800,9667,0,310,0,10,0,8,0,2,0,3,0,0,0,0,0,0,0
23900,9649,0,333,0,3,0,8,0,5,0,2,0,0,0,0,0,0,0
24000,9629,0,358,0,5,0,5,0,2,0,1,0,0,0,0,0,0,0
24100,9671,0,291,0,8,0,20,0,8,0,2,0,0,0,0,0,0,0
24200,9668,0,301,0,8,0,16,0,3,0,4,0,0,0,0,0,0,0
24300,9668,0,298,0,8,0,18,0,6,0,2,0,0,0,0,0,0,0
24400,9677,0,291,0,11,0,15,0,5,0,1,0,0,0,0,0,0,0
24500,9675,0,292,0,7,0,20,0,4,0,1,0,1,0,0,0,0,0
24600,9673,0,299,0,6,0,17,0,4,0,1,0,0,0,0,0,0,0
24700,9692,0,269,0,7,0,25,0,5,0,2,0,0,0,0,0,0,0
24800,9721,0,256,0,3,0,15,0,3,0,2,0,0,0,0,0,0,0
24900,9703,0,268,0,6,0,13,0,9,0,1,0,0,0,0,0,0,0
25000,9719,0,258,0,5,0,12,0,4,0,1,0,1,0,0,0,0,0
25100,9700,0,277,0,8,0,11,0,3,0,1,0,0,0,0,0,0,0
25200,9674,0,297,0,7,0,15,0,5,0,2,0,0,0,0,0,0,0
25300,9697,0,276,0,9,0,12,0,4,0,2,0,0,0,0,0,0,0
25400,9715,0,262,0,7,0,8,0,5,0,3,0,0,0,0,0,0,0
25500,9716,0,255,0,9,0,12,0,6,0,2,0,0,0,0,0,0,0
25600,9735,0,235,0,10,0,10,0,5,0,5,0,0,0,0,0,0,0
25700,9720,0,268,0,6,0,4,0,2,0,0,0,0,0,0,0,0,0
25800,9701,0,278,0,5,0,11,0,4,0,1,0,0,0,0,0,0,0
25900,9706,0,277,0,3,0,10,0,3,0,1,0,0,0,0,0,0,0
26000,9667,0,312,0,5,0,9,0,5,0,2,0,0,0,0,0,0,0
26100,9673,0,311,0,3,0,5,0,5,0,3,0,0,0,0,0,0,0
26200,9664,0,312,0,6,0,7,0,8,0,3,0,0,0,0,0,0,0
26300,9659,0,313,0,8,0,12,0,6,0,2,0,0,0,0,0,0,0
26400,9641,0,341,0,5,0,6,0,5,0,2,0,0,0,0,0,0,0
26500,9646,0,334,0,7,0,7,0,4,0,2,0,0,0,0,0,0,0
26600,9699,0,278,0,6,0,7,0,4,0,6,0,0,0,0,0,0,0
26700,9688,0,293,0,7,0,10,0,1,0,1,0,0,0,0,0,0,0
26800,9696,0,287,0,3,0,9,0,5,0,0,0,0,0,0,0,0,0
26900,9704,0,276,0,6,0,7,0,7,0,0,0,0,0,0,0,0,0
27000,9693,0,281,0,6,0,9,0,7,0,4,0,0,0,0,0,0,0
27100,9712,0,268,0,5,0,11,0,3,0,0,0,1,0,0,0,0,0
27200,9720,0,266,0,2,0,8,0,2,0,2,0,0,0,0,0,0,0
27300,9720,0,259,0,3,0,11,0,5,0,2,0,0,0,0,0,0,0
27400,9712,0,270,0,6,0,7,0,5,0,0,0,0,0,0,0,0,0
27500,9716,0,265,0,4,0,4,0,9,0,2,0,0,0,0,0,0,0
27600,9740,0,242,0,3,0,4,0,8,0,3,0,0,0,0,0,0,0
27700,9760,0,231,0,2,0,3,0,2,0,2,0,0,0,0,0,0,0
27800,9772,0,213,0,3,0,3,0,5,0,4,0,0,0,0,0,0,0
27900,9763,0,223,0,5,0,5,0,3,0,1,0,0,0,0,0,0,0
28000,9771,0,222,0,1,0,1,0,2,0,3,0,0,0,0,0,0,0
28100,9796,0,200,0,1,0,0,0,3,0,0,0,0,0,0,0,0,0
28200,9769,0,208,0,6,0,4,0,10,0,1,0,2,0,0,0,0,0
28300,9801,0,181,0,7,0,6,0,1,0,4,0,0,0,0,0,0,0
28400,9819,0,171,0,3,0,2,0,4,0,1,0,0,0,0,0,0,0
28500,9827,0,164,0,4,0,1,0,1,0,3,0,0,0,0,0,0,0
28600,9833,0,159,0,3,0,3,0,2,0,0,0,0,0,0,0,0,0
28700,9833,0,154,0,3,0,5,0,5,0,0,0,0,0,0,0,0,0
28800,9833,0,155,0,0,0,4,0,5,0,3,0,0,0,0,0,0,0
28900,9822,0,164,0,5,0,2,0,4,0,3,0,0,0,0,0,0,0
29000,9832,0,162,0,0,0,2,0,4,0,0,0,0,0,0,0,0,0
29100,9830,0,161,0,1,0,3,0,5,0,0,0,0,0,0,0,0,0
29200,9823,0,163,0,3,0,7,0,3,0,1,0,0,0,0,0,0,0
29300,9825,0,156,0,3,0,8,0,8,0,0,0,0,0,0,0,0,0
29400,9830,0,158,0,1,0,10,0,1,0,0,0,0,0,0,0,0,0
29500,9842,0,143,0,3,0,5,0,4,0,3,0,0,0,0,0,0,0
29600,9853,0,135,0,4,0,4,0,4,0,0,0,0,0,0,0,0,0
29700,9871,0,116,0,5,0,2,0,5,0,1,0,0,0,0,0,0,0
29800,9892,0,99,0,3,0,2,0,3,0,1,0,0,0,0,0,0,0
29900,9851,0,132,0,2,0,6,0,5,0,4,0,0,0,0,0,0,0
30000,9836,0,151,0,4,0,2,0,5,0,2,0,0,0,0,0,0,0
30100,9840,0,149,0,4,0,4,0,3,0,0,0,0,0,0,0,0,0
30200,9835,0,156,0,2,0,1,0,4,0,2,0,0,0,0,0,0,0
30300,9853,0,138,0,4,0,2,0,2,0,1,0,0,0,0,0,0,0
30400,9856,0,132,0,4,0,3,0,2,0,3,0,0,0,0,0,0,0
30500,9881,0,109,0,2,0,4,0,3,0,1,0,0,0,0,0,0,0
30600,9879,0,104,0,3,0,2,0,9,0,3,0,0,0,0,0,0,0
30700,9886,0,102,0,5,0,0,0,7,0,0,0,0,0,0,0,0,0
30800,9886,0,101,0,3,0,5,0,3,0,2,0,0,0,0,0,0,0
30900,9890,0,99,0,2,0,3,0,3,0,3,0,0,0,0,0,0,0
31000,9887,0,98,0,3,0,6,0,3,0,3,0,0,0,0,0,0,0
31100,9888,0,99,0,2,0,6,0,3,0,2,0,0,0,0,0,0,0
31200,9893,0,100,0,1,0,2,0,2,0,2,0,0,0,0,0,0,0
31300,9891,0,102,0,2,0,4,0,1,0,0,0,0,0,0,0,0,0
31400,9892,0,102,0,0,0,3,0,3,0,0,0,0,0,0,0,0,0
31500,9895,0,95,0,5,0,4,0,1,0,0,0,0,0,0,0,0,0
31600,9884,0,103,0,1,0,4,0,7,0,1,0,0,0,0,0,0,0
31700,9890,0,103,0,3,0,2,0,2,0,0,0,0,0,0,0,0,0
31800,9893,0,94,0,2,0,5,0,6,0,0,0,0,0,0,0,0,0
31900,9897,0,96,0,1,0,2,0,4,0,0,0,0,0,0,0,0,0
32000,9891,0,96,0,2,0,3,0,4,0,4,0,0,0,0,0,0,0
32100,9881,0,105,0,4,0,1,0,7,0,2,0,0,0,0,0,0,0
32200,9879,0,113,0,0,0,2,0,4,0,2,0,0,0,0,0,0,0
32300,9840,0,152,0,1,0,1,0,4,0,2,0,0,0,0,0,0,0
32400,9832,0,154,0,3,0,1,0,8,0,2,0,0,0,0,0,0,0
32500,9824,0,161,0,3,0,5,0,4,0,3,0,0,0,0,0,0,0
32600,9823,0,164,0,5,0,1,0,5,0,2,0,0,0,0,0,0,0
32700,9825,0,162,0,5,0,4,0,1,0,3,0,0,0,0,0,0,0
32800,9841,0,152,0,2,0,1,0,1,0,3,0,0,0,0,0,0,0
32900,9829,0,157,0,5,0,2,0,5,0,2,0,0,0,0,0,0,0
33000,9839,0,155,0,1,0,2,0,1,0,2,0,0,0,0,0,0,0
33100,9824,0,162,0,8,0,1,0,4,0,1,0,0,0,0,0,0,0
33200,9819,0,164,0,3,0,6,0,6,0,1,0,1,0,0,0,0,0
33300,9796,0,199,0,1,0,1,0,3,0,0,0,0,0,0,0,0,0
33400,9789,0,199,0,1,0,7,0,3,0,1,0,0,0,0,0,0,0
33500,9792,0,201,0,3,0,1,0,3,0,0,0,0,0,0,0,0,0
33600,9790,0,202,0,1,0,3,0,4,0,0,0,0,0,0,0,0,0
33700,9786,0,202,0,5,0,1,0,3,0,3,0,0,0,0,0,0,0
33800,9797,0,193,0,4,0,0,0,2,0,4,0,0,0,0,0,0,0
33900,9791,0,195,0,3,0,2,0,6,0,3,0,0,0,0,0,0,0
34000,9784,0,209,0,2,0,1,0,3,0,1,0,0,0,0,0,0,0
34100,9753,0,236,0,3,0,2,0,4,0,2,0,0,0,0,0,0,0
34200,9748,0,238,0,3,0,4,0,6,0,1,0,0,0,0,0,0,0
34300,9751,0,239,0,6,0,2,0,1,0,1,0,0,0,0,0,0,0
34400,9715,0,268,0,0,0,7,0,8,0,2,0,0,0,0,0,0,0
34500,9713,0,276,0,3,0,4,0,1,0,3,0,0,0,0,0,0,0
34600,9718,0,276,0,0,0,4,0,1,0,1,0,0,0,0,0,0,0
34700,9705,0,283,0,1,0,9,0,1,0,1,0,0,0,0,0,0,0
34800,9713,0,278,0,2,0,1,0,5,0,1,0,0,0,0,0,0,0
34900,9696,0,295,0,3,0,0,0,5,0,1,0,0,0,0,0,0,0
35000,9709,0,276,0,5,0,0,0,4,0,6,0,0,0,0,0,0,0
35100,9718,0,269,0,2,0,0,0,9,0,2,0,0,0,0,0,0,0
35200,9749,0,238,0,7,0,2,0,4,0,0,0,0,0,0,0,0,0
35300,9750,0,238,0,4,0,6,0,1,0,1,0,0,0,0,0,0,0
35400,9761,0,229,0,0,0,4,0,5,0,1,0,0,0,0,0,0,0
35500,9788,0,203,0,2,0,2,0,3,0,2,0,0,0,0,0,0,0
35600,9780,0,205,0,4,0,3,0,7,0,1,0,0,0,0,0,0,0
35700,9766,0,216,0,9,0,5,0,2,0,1,0,1,0,0,0,0,0
35800,9767,0,221,0,3,0,3,0,4,0,2,0,0,0,0,0,0,0
35900,9780,0,217,0,0,0,0,0,2,0,0,0,1,0,0,0,0,0
36000,9778,0,214,0,5,0,0,0,3,0,0,0,0,0,0,0,0,0
36100,9778,0,215,0,3,0,0,0,4,0,0,0,0,0,0,0,0,0
36200,9769,0,223,0,2,0,3,0,3,0,0,0,0,0,0,0,0,0
36300,9805,0,186,0,3,0,2,0,2,0,2,0,0,0,0,0,0,0
36400,9806,0,188,0,0,0,3,0,1,0,1,0,1,0,0,0,0,0
36500,9805,0,183,0,2,0,1,0,5,0,4,0,0,0,0,0,0,0
36600,9791,0,188,0,5,0,9,0,6,0,1,0,0,0,0,0,0,0
36700,9814,0,175,0,2,0,5,0,4,0,0,0,0,0,0,0,0,0
36800,9814,0,173,0,3,0,6,0,3,0,1,0,0,0,0,0,0,0
36900,9823,0,165,0,4,0,3,0,3,0,2,0,0,0,0,0,0,0
37000,9767,0,212,0,4,0,5,0,10,0,2,0,0,0,0,0,0,0
37100,9760,0,224,0,4,0,5,0,5,0,2,0,0,0,0,0,0,0
37200,9761,0,234,0,1,0,1,0,2,0,1,0,0,0,0,0,0,0
37300,9762,0,228,0,1,0,1,0,3,0,5,0,0,0,0,0,0,0
37400,9746,0,235,0,7,0,5,0,6,0,1,0,0,0,0,0,0,0
37500,9763,0,228,0,3,0,2,0,3,0,1,0,0,0,0,0,0,0
37600,9759,0,220,0,14,0,2,0,4,0,1,0,0,0,0,0,0,0
37700,9759,0,215,0,23,0,1,0,2,0,0,0,0,0,0,0,0,0
37800,9761,0,201,0,26,0,5,0,5,0,2,0,0,0,0,0,0,0
37900,9772,0,198,0,23,0,2,0,3,0,2,0,0,0,0,0,0,0
38000,9766,0,202,0,24,0,3,0,4,0,1,0,0,0,0,0,0,0
38100,9789,0,184,0,23,0,2,0,1,0,1,0,0,0,0,0,0,0
38200,9784,0,179,0,26,0,2,0,7,0,2,0,0,0,0,0,0,0
38300,9771,0,192,0,27,0,5,0,4,0,1,0,0,0,0,0,0,0
38400,9740,0,232,0,24,0,1,0,2,0,1,0,0,0,0,0,0,0
38500,9737,0,233,0,22,0,4,0,1,0,3,0,0,0,0,0,0,0
38600,9736,0,236,0,24,0,1,0,2,0,1,0,0,0,0,0,0,0
38700,9732,0,236,0,25,0,2,0,2,0,3,0,0,0,0,0,0,0
38800,9736,0,233,0,26,0,0,0,3,0,2,0,0,0,0,0,0,0
38900,9732,0,235,0,25,0,4,0,4,0,0,0,0,0,0,0,0,0
39000,9719,0,241,0,26,0,3,0,8,0,3,0,0,0,0,0,0,0
39100,9718,0,244,0,23,0,1,0,9,0,5,0,0,0,0,0,0,0
39200,9748,0,223,0,22,0,3,0,3,0,1,0,0,0,0,0,0,0
39300,9746,0,223,0,23,0,3,0,4,0,1,0,0,0,0,0,0,0
39400,9723,0,243,0,28,0,0,0,4,0,2,0,0,0,0,0,0,0
39500,9694,0,270,0,27,0,2,0,4,0,3,0,0,0,0,0,0,0
39600,9719,0,243,0,28,0,1,0,5,0,4,0,0,0,0,0,0,0
39700,9714,0,244,0,33,0,3,0,3,0,3,0,0,0,0,0,0,0
39800,9726,0,240,0,29,0,3,0,1,0,1,0,0,0,0,0,0,0
39900,9722,0,248,0,17,0,3,0,9,0,1,0,0,0,0,0,0,0
40000,9728,0,246,0,15,0,4,0,4,0,3,0,0,0,0,0,0,0
40100,9723,0,249,0,19,0,7,0,1,0,1,0,0,0,0,0,0,0
40200,9720,0,249,0,19,0,6,0,6,0,0,0,0,0,0,0,0,0
40300,9734,0,241,0,17,0,3,0,4,0,1,0,0,0,0,0,0,0
40400,9741,0,234,0,17,0,3,0,2,0,3,0,0,0,0,0,0,0
40500,9734,0,240,0,19,0,1,0,6,0,0,0,0,0,0,0,0,0
40600,9713,0,255,0,18,0,7,0,3,0,4,0,0,0,0,0,0,0
40700,9719,0,252,0,18,0,7,0,4,0,0,0,0,0,0,0,0,0
40800,9712,0,256,0,20,0,6,0,4,0,2,0,0,0,0,0,0,0
40900,9705,0,259,0,19,0,8,0,6,0,3,0,0,0,0,0,0,0
41000,9734,0,243,0,10,0,7,0,5,0,1,0,0,0,0,0,0,0
41100,9737,0,243,0,10,0,8,0,1,0,1,0,0,0,0,0,0,0
41200,9709,0,276,0,6,0,2,0,6,0,1,0,0,0,0,0,0,0
41300,9696,0,289,0,8,0,3,0,1,0,3,0,0,0,0,0,0,0
41400,9701,0,282,0,7,0,4,0,4,0,2,0,0,0,0,0,0,0
41500,9698,0,287,0,8,0,3,0,1,0,3,0,0,0,0,0,0,0
41600,9685,0,302,0,8,0,1,0,3,0,1,0,0,0,0,0,0,0
41700,9678,0,307,0,7,0,8,0,0,0,0,0,0,0,0,0,0,0
41800,9680,0,303,0,9,0,2,0,4,0,2,0,0,0,0,0,0,0
41900,9622,0,360,0,8,0,4,0,5,0,1,0,0,0,0,0,0,0
42000,9624,0,353,0,7,0,10,0,5,0,1,0,0,0,0,0,0,0
42100,9623,0,347,0,11,0,13,0,4,0,2,0,0,0,0,0,0,0
42200,9631,0,332,0,10,0,19,0,5,0,2,0,1,0,0,0,0,0
42300,9644,0,322,0,10,0,19,0,5,0,0,0,0,0,0,0,0,0
42400,9654,0,305,0,9,0,28,0,2,0,2,0,0,0,0,0,0,0
42500,9658,0,308,0,10,0,22,0,1,0,1,0,0,0,0,0,0,0
42600,9566,0,405,0,9,0,14,0,5,0,1,0,0,0,0,0,0,0
42700,9530,0,449,0,11,0,8,0,2,0,0,0,0,0,0,0,0,0
42800,9467,0,505,0,10,0,10,0,5,0,3,0,0,0,0,0,0,0
42900,9566,0,409,0,10,0,10,0,5,0,0,0,0,0,0,0,0,0
43000,9567,0,405,0,7,0,12,0,7,0,2,0,0,0,0,0,0,0
43100,9582,0,391,0,8,0,12,0,6,0,1,0,0,0,0,0,0,0
43200,9586,0,391,0,9,0,8,0,3,0,3,0,0,0,0,0,0,0
43300,9529,0,452,0,8,0,3,0,7,0,1,0,0,0,0,0,0,0
43400,9534,0,436,0,8,0,15,0,4,0,3,0,0,0,0,0,0,0
43500,9588,0,397,0,8,0,7,0,0,0,0,0,0,0,0,0,0,0
43600,9550,0,429,0,9,0,6,0,3,0,2,0,1,0,0,0,0,0
43700,9577,0,407,0,7,0,6,0,1,0,2,0,0,0,0,0,0,0
43800,9595,0,382,0,12,0,6,0,3,0,1,0,1,0,0,0,0,0
43900,9651,0,330,0,8,0,4,0,6,0,1,0,0,0,0,0,0,0
44000,9653,0,335,0,2,0,5,0,3,0,2,0,0,0,0,0,0,0
44100,9592,0,398,0,2,0,5,0,2,0,1,0,0,0,0,0,0,0
44200,9672,0,315,0,3,0,4,0,5,0,1,0,0,0,0,0,0,0
44300,9716,0,273,0,3,0,5,0,2,0,1,0,0,0,0,0,0,0
44400,9677,0,307,0,6,0,6,0,2,0,2,0,0,0,0,0,0,0
44500,9615,0,377,0,2,0,5,0,0,0,1,0,0,0,0,0,0,0
44600,9648,0,343,0,3,0,3,0,0,0,3,0,0,0,0,0,0,0
44700,9724,0,264,0,2,0,4,0,3,0,3,0,0,0,0,0,0,0
44800,9722,0,265,0,4,0,5,0,4,0,0,0,0,0,0,0,0,0
44900,9762,0,220,0,5,0,7,0,5,0,1,0,0,0,0,0,0,0
45000,9778,0,208,0,6,0,4,0,3,0,1,0,0,0,0,0,0,0
45100,9779,0,212,0,1,0,7,0,0,0,1,0,0,0,0,0,0,0
45200,9745,0,242,0,7,0,6,0,0,0,0,0,0,0,0,0,0,0
45300,9742,0,253,0,1,0,3,0,0,0,1,0,0,0,0,0,0,0
45400,9713,0,276,0,4,0,4,0,2,0,1,0,0,0,0,0,0,0
45500,9679,0,310,0,1,0,6,0,3,0,1,0,0,0,0,0,0,0
45600,9652,0,339,0,2,0,5,0,1,0,1,0,0,0,0,0,0,0
45700,9607,0,382,0,4,0,5,0,2,0,0,0,0,0,0,0,0,0
45800,9624,0,364,0,5,0,6,0,1,0,0,0,0,0,0,0,0,0
45900,9665,0,320,0,4,0,8,0,2,0,1,0,0,0,0,0,0,0
46000,9665,0,321,0,2,0,7,0,3,0,2,0,0,0,0,0,0,0
46100,9752,0,235,0,3,0,7,0,2,0,1,0,0,0,0,0,0,0
46200,9832,0,156,0,0,0,8,0,4,0,0,0,0,0,0,0,0,0
46300,9791,0,196,0,4,0,7,0,1,0,1,0,0,0,0,0,0,0
46400,9777,0,208,0,2,0,8,0,5,0,0,0,0,0,0,0,0,0
46500,9766,0,217,0,4,0,7,0,6,0,0,0,0,0,0,0,0,0
46600,9725,0,255,0,5,0,7,0,7,0,1,0,0,0,0,0,0,0
46700,9705,0,283,0,3,0,7,0,2,0,0,0,0,0,0,0,0,0
46800,9738,0,253,0,5,0,3,0,1,0,0,0,0,0,0,0,0,0
46900,9722,0,260,0,1,0,6,0,9,0,2,0,0,0,0,0,0,0
47000,9728,0,264,0,0,0,3,0,2,0,3,0,0,0,0,0,0,0
47100,9713,0,280,0,2,0,2,0,3,0,0,0,0,0,0,0,0,0
47200,9701,0,287,0,1,0,4,0,5,0,2,0,0,0,0,0,0,0
47300,9698,0,290,0,1,0,8,0,3,0,0,0,0,0,0,0,0,0
47400,9701,0,286,0,5,0,4,0,2,0,2,0,0,0,0,0,0,0
47500,9716,0,278,0,2,0,3,0,0,0,1,0,0,0,0,0,0,0
47600,9679,0,310,0,4,0,5,0,0,0,2,0,0,0,0,0,0,0
47700,9694,0,283,0,8,0,5,0,7,0,3,0,0,0,0,0,0,0
47800,9654,0,336,0,7,0,2,0,0,0,1,0,0,0,0,0,0,0
47900,9661,0,327,0,7,0,3,0,2,0,0,0,0,0,0,0,0,0
48000,9663,0,318,0,12,0,1,0,3,0,3,0,0,0,0,0,0,0
48100,9687,0,292,0,11,0,6,0,3,0,1,0,0,0,0,0,0,0
48200,9683,0,299,0,11,0,4,0,3,0,0,0,0,0,0,0,0,0
48300,9708,0,280,0,5,0,5,0,2,0,0,0,0,0,0,0,0,0
48400,9684,0,304,0,6,0,6,0,0,0,0,0,0,0,0,0,0,0
48500,9714,0,270,0,7,0,5,0,3,0,1,0,0,0,0,0,0,0
48600,9737,0,256,0,3,0,3,0,0,0,1,0,0,0,0,0,0,0
48700,9745,0,238,0,4,0,4,0,8,0,1,0,0,0,0,0,0,0
48800,9750,0,243,0,2,0,0,0,4,0,1,0,0,0,0,0,0,0
48900,9740,0,248,0,3,0,4,0,4,0,1,0,0,0,0,0,0,0
49000,9753,0,235,0,4,0,3,0,5,0,0,0,0,0,0,0,0,0
49100,9757,0,238,0,2,0,0,0,3,0,0,0,0,0,0,0,0,0
49200,9747,0,237,0,6,0,0,0,6,0,4,0,0,0,0,0,0,0
49300,9757,0,237,0,3,0,1,0,1,0,1,0,0,0,0,0,0,0
49400,9755,0,237,0,2,0,1,0,4,0,1,0,0,0,0,0,0,0
49500,9744,0,239,0,6,0,2,0,7,0,2,0,0,0,0,0,0,0
49600,9755,0,241,0,1,0,0,0,1,0,2,0,0,0,0,0,0,0
49700,9754,0,240,0,3,0,2,0,1,0,0,0,0,0,0,0,0,0
49800,9760,0,236,0,2,0,0,0,2,0,0,0,0,0,0,0,0,0
49900,9746,0,239,0,1,0,4,0,7,0,3,0,0,0,0,0,0,0
50000,9745,0,250,0,3,0,0,0,2,0,0,0,0,0,0,0,0,0
50100,9741,0,247,0,3,0,3,0,5,0,1,0,0,0,0,0,0,0
50200,9747,0,245,0,1,0,3,0,3,0,1,0,0,0,0,0,0,0
50300,9773,0,217,0,3,0,1,0,3,0,3,0,0,0,0,0,0,0
50400,9822,0,171,0,4,0,2,0,0,0,1,0,0,0,0,0,0,0
50500,9814,0,177,0,5,0,3,0,0,0,1,0,0,0,0,0,0,0
50600,9819,0,175,0,3,0,1,0,1,0,1,0,0,0,0,0,0,0
50700,9813,0,177,0,3,0,3,0,4,0,0,0,0,0,0,0,0,0
50800,9807,0,182,0,3,0,4,0,3,0,1,0,0,0,0,0,0,0
50900,9795,0,187,0,11,0,2,0,1,0,1,0,3,0,0,0,0,0
51000,9792,0,192,0,12,0,1,0,3,0,0,0,0,0,0,0,0,0
51100,9801,0,192,0,5,0,0,0,1,0,1,0,0,0,0,0,0,0
51200,9815,0,171,0,10,0,1,0,2,0,1,0,0,0,0,0,0,0
51300,9816,0,176,0,6,0,2,0,0,0,0,0,0,0,0,0,0,0
51400,9816,0,173,0,7,0,2,0,1,0,1,0,0,0,0,0,0,0
51500,9815,0,173,0,7,0,4,0,1,0,0,0,0,0,0,0,0,0
51600,9820,0,170,0,7,0,0,0,2,0,1,0,0,0,0,0,0,0
51700,9804,0,178,0,9,0,2,0,5,0,2,0,0,0,0,0,0,0
51800,9815,0,174,0,4,0,1,0,2,0,4,0,0,0,0,0,0,0
51900,9810,0,177,0,10,0,1,0,2,0,0,0,0,0,0,0,0,0
52000,9839,0,151,0,4,0,2,0,4,0,0,0,0,0,0,0,0,0
52100,9843,0,148,0,6,0,0,0,3,0,0,0,0,0,0,0,0,0
52200,9841,0,149,0,6,0,0,0,2,0,2,0,0,0,0,0,0,0
52300,9836,0,149,0,11,0,1,0,3,0,0,0,0,0,0,0,0,0
52400,9843,0,145,0,4,0,1,0,7,0,0,0,0,0,0,0,0,0
52500,9843,0,147,0,7,0,1,0,2,0,0,0,0,0,0,0,0,0
52600,9845,0,146,0,6,0,1,0,1,0,1,0,0,0,0,0,0,0
52700,9848,0,147,0,3,0,0,0,0,0,2,0,0,0,0,0,0,0
52800,9842,0,146,0,7,0,3,0,2,0,0,0,0,0,0,0,0,0
52900,9866,0,128,0,4,0,2,0,0,0,0,0,0,0,0,0,0,0
53000,9868,0,123,0,2,0,1,0,4,0,2,0,0,0,0,0,0,0
53100,9867,0,125,0,5,0,1,0,2,0,0,0,0,0,0,0,0,0
53200,9867,0,123,0,7,0,1,0,2,0,0,0,0,0,0,0,0,0
53300,9866,0,125,0,5,0,2,0,2,0,0,0,0,0,0,0,0,0
53400,9872,0,124,0,3,0,0,0,0,0,1,0,0,0,0,0,0,0
53500,9935,0,56,0,3,0,3,0,1,0,2,0,0,0,0,0,0,0
53600,9963,0,22,0,5,0,5,0,5,0,0,0,0,0,0,0,0,0
53700,9963,0,26,0,6,0,0,0,4,0,1,0,0,0,0,0,0,0
53800,9949,0,45,0,5,0,0,0,0,0,1,0,0,0,0,0,0,0
53900,9950,0,41,0,6,0,1,0,1,0,1,0,0,0,0,0,0,0
54000,9952,0,42,0,3,0,1,0,2,0,0,0,0,0,0,0,0,0
54100,9950,0,39,0,4,0,4,0,3,0,0,0,0,0,0,0,0,0
54200,9958,0,34,0,5,0,1,0,2,0,0,0,0,0,0,0,0,0
54300,9967,0,28,0,4,0,0,0,0,0,1,0,0,0,0,0,0,0
54400,9965,0,29,0,3,0,0,0,2,0,1,0,0,0,0,0,0,0
54500,9958,0,33,0,7,0,1,0,1,0,0,0,0,0,0,0,0,0
54600,9958,0,35,0,5,0,0,0,2,0,0,0,0,0,0,0,0,0
54700,9963,0,33,0,3,0,0,0,0,0,1,0,0,0,0,0,0,0
54800,9936,0,49,0,9,0,0,0,5,0,1,0,0,0,0,0,0,0
54900,9939,0,49,0,6,0,3,0,2,0,1,0,0,0,0,0,0,0
55000,9946,0,48,0,3,0,1,0,2,0,0,0,0,0,0,0,0,0
55100,9938,0,53,0,7,0,2,0,0,0,0,0,0,0,0,0,0,0
55200,9919,0,73,0,2,0,0,0,5,0,1,0,0,0,0,0,0,0
55300,9928,0,69,0,1,0,0,0,1,0,1,0,0,0,0,0,0,0
55400,9916,0,75,0,3,0,0,0,6,0,0,0,0,0,0,0,0,0
55500,9914,0,76,0,3,0,1,0,5,0,1,0,0,0,0,0,0,0
55600,9942,0,52,0,3,0,1,0,2,0,0,0,0,0,0,0,0,0
55700,9959,0,35,0,0,0,1,0,4,0,1,0,0,0,0,0,0,0
55800,9963,0,32,0,2,0,1,0,1,0,1,0,0,0,0,0,0,0
55900,9965,0,28,0,2,0,0,0,3,0,2,0,0,0,0,0,0,0
56000,9962,0,26,0,2,0,5,0,3,0,2,0,0,0,0,0,0,0
56100,9958,0,36,0,2,0,2,0,1,0,1,0,0,0,0,0,0,0
56200,9962,0,31,0,3,0,0,0,2,0,2,0,0,0,0,0,0,0
56300,9958,0,33,0,3,0,3,0,1,0,2,0,0,0,0,0,0,0
56400,9967,0,30,0,1,0,0,0,2,0,0,0,0,0,0,0,0,0
56500,9954,0,34,0,3,0,2,0,5,0,2,0,0,0,0,0,0,0
56600,9964,0,29,0,3,0,1,0,3,0,0,0,0,0,0,0,0,0
56700,9966,0,29,0,1,0,0,0,2,0,2,0,0,0,0,0,0,0
56800,9966,0,25,0,4,0,2,0,2,0,1,0,0,0,0,0,0,0
56900,9973,0,20,0,3,0,1,0,2,0,1,0,0,0,0,0,0,0
57000,9976,0,16,0,4,0,0,0,4,0,0,0,0,0,0,0,0,0
57100,9978,0,18,0,3,0,1,0,0,0,0,0,0,0,0,0,0,0
57200,9972,0,17,0,2,0,2,0,6,0,1,0,0,0,0,0,0,0
57300,9957,0,36,0,4,0,1,0,2,0,0,0,0,0,0,0,0,0
57400,9959,0,36,0,2,0,0,0,2,0,1,0,0,0,0,0,0,0
57500,9952,0,35,0,5,0,3,0,5,0,0,0,0,0,0,0,0,0
57600,9965,0,34,0,0,0,0,0,1,0,0,0,0,0,0,0,0,0
57700,9956,0,37,0,3,0,0,0,1,0,3,0,0,0,0,0,0,0
57800,9963,0,34,0,0,0,1,0,2,0,0,0,0,0,0,0,0,0
57900,9978,0,18,0,1,0,1,0,1,0,1,0,0,0,0,0,0,0
58000,9967,0,20,0,4,0,4,0,4,0,1,0,0,0,0,0,0,0
58100,9978,0,18,0,1,0,2,0,1,0,0,0,0,0,0,0,0,0
58200,9982,0,14,0,0,0,0,0,4,0,0,0,0,0,0,0,0,0
58300,9980,0,17,0,3,0,0,0,0,0,0,0,0,0,0,0,0,0
58400,9976,0,16,0,2,0,0,0,3,0,3,0,0,0,0,0,0,0
58500,9981,0,18,0,0,0,1,0,0,0,0,0,0,0,0,0,0,0
58600,9979,0,17,0,1,0,0,0,1,0,2,0,0,0,0,0,0,0
58700,9978,0,18,0,2,0,0,0,2,0,0,0,0,0,0,0,0,0
58800,9980,0,17,0,2,0,1,0,0,0,0,0,0,0,0,0,0,0
58900,9977,0,15,0,1,0,5,0,1,0,1,0,0,0,0,0,0,0
59000,9975,0,23,0,0,0,2,0,0,0,0,0,0,0,0,0,0,0
59100,9977,0,16,0,2,0,3,0,2,0,0,0,0,0,0,0,0,0
59200,9978,0,15,0,4,0,0,0,2,0,1,0,0,0,0,0,0,0
59300,9978,0,16,0,4,0,0,0,2,0,0,0,0,0,0,0,0,0
59400,9979,0,17,0,1,0,2,0,1,0,0,0,0,0,0,0,0,0
59500,9979,0,16,0,0,0,2,0,2,0,1,0,0,0,0,0,0,0
59600,9976,0,16,0,0,0,4,0,2,0,2,0,0,0,0,0,0,0
59700,9976,0,15,0,5,0,2,0,1,0,1,0,0,0,0,0,0,0
59800,9970,0,20,0,4,0,1,0,4,0,1,0,0,0,0,0,0,0
59900,9972,0,17,0,0,0,4,0,7,0,0,0,0,0,0,0,0,0
60000,9976,0,18,0,2,0,3,0,0,0,1,0,0,0,0,0,0,0
60100,9978,0,15,0,1,0,1,0,4,0,1,0,0,0,0,0,0,0
60200,9974,0,15,0,5,0,4,0,2,0,0,0,0,0,0,0,0,0
60300,9976,0,21,0,1,0,1,0,1,0,0,0,0,0,0,0,0,0
60400,9976,0,18,0,1,0,2,0,2,0,1,0,0,0,0,0,0,0
60500,9970,0,24,0,2,0,1,0,2,0,1,0,0,0,0,0,0,0
60600,9968,0,26,0,5,0,0,0,1,0,0,0,0,0,0,0,0,0
60700,9969,0,29,0,0,0,1,0,0,0,1,0,0,0,0,0,0,0
60800,9957,0,34,0,2,0,2,0,5,0,0,0,0,0,0,0,0,0
60900,9965,0,29,0,2,0,1,0,2,0,1,0,0,0,0,0,0,0
61000,9967,0,25,0,2,0,2,0,3,0,1,0,0,0,0,0,0,0
61100,9967,0,29,0,1,0,1,0,1,0,1,0,0,0,0,0,0,0
61200,9963,0,28,0,3,0,3,0,1,0,2,0,0,0,0,0,0,0
61300,9962,0,26,0,5,0,1,0,6,0,0,0,0,0,0,0,0,0
61400,9969,0,27,0,1,0,3,0,0,0,0,0,0,0,0,0,0,0
61500,9970,0,26,0,1,0,1,0,2,0,0,0,0,0,0,0,0,0
61600,9969,0,24,0,1,0,1,0,4,0,0,0,1,0,0,0,0,0
61700,9960,0,29,0,2,0,5,0,3,0,1,0,0,0,0,0,0,0
61800,9962,0,27,0,5,0,4,0,1,0,1,0,0,0,0,0,0,0
61900,9969,0,27,0,1,0,1,0,1,0,1,0,0,0,0,0,0,0
62000,9965,0,29,0,1,0,0,0,4,0,1,0,0,0,0,0,0,0
62100,9961,0,23,0,0,0,7,0,8,0,1,0,0,0,0,0,0,0
62200,9979,0,17,0,2,0,1,0,1,0,0,0,0,0,0,0,0,0
62300,9974,0,19,0,0,0,4,0,0,0,3,0,0,0,0,0,0,0
62400,9979,0,16,0,2,0,0,0,3,0,0,0,0,0,0,0,0,0
62500,9969,0,28,0,2,0,0,0,1,0,0,0,0,0,0,0,0,0
62600,9956,0,36,0,3,0,2,0,2,0,1,0,0,0,0,0,0,0
62700,9958,0,37,0,2,0,2,0,0,0,1,0,0,0,0,0,0,0
62800,9948,0,34,0,1,0,7,0,8,0,2,0,0,0,0,0,0,0
62900,9963,0,25,0,1,0,6,0,2,0,3,0,0,0,0,0,0,0
63000,9976,0,20,0,2,0,1,0,1,0,0,0,0,0,0,0,0,0
63100,9970,0,22,0,0,0,1,0,5,0,2,0,0,0,0,0,0,0
63200,9973,0,21,0,0,0,4,0,2,0,0,0,0,0,0,0,0,0
63300,9969,0,27,0,1,0,2,0,1,0,0,0,0,0,0,0,0,0
63400,9970,0,26,0,1,0,2,0,1,0,0,0,0,0,0,0,0,0
63500,9970,0,24,0,1,0,0,0,5,0,0,0,0,0,0,0,0,0
63600,9967,0,24,0,0,0,3,0,6,0,0,0,0,0,0,0,0,0
63700,9957,0,27,0,1,0,7,0,6,0,1,0,1,0,0,0,0,0
63800,9958,0,26,0,2,0,9,0,4,0,1,0,0,0,0,0,0,0
63900,9958,0,34,0,2,0,6,0,0,0,0,0,0,0,0,0,0,0
64000,9954,0,31,0,4,0,7,0,2,0,2,0,0,0,0,0,0,0
64100,9961,0,27,0,1,0,7,0,3,0,1,0,0,0,0,0,0,0
64200,9962,0,28,0,2,0,3,0,5,0,0,0,0,0,0,0,0,0
64300,9959,0,27,0,2,0,8,0,2,0,2,0,0,0,0,0,0,0
64400,9953,0,27,0,4,0,11,0,5,0,0,0,0,0,0,0,0,0
64500,9958,0,32,0,3,0,4,0,1,0,2,0,0,0,0,0,0,0
64600,9965,0,25,0,1,0,7,0,2,0,0,0,0,0,0,0,0,0
64700,9967,0,25,0,2,0,4,0,0,0,2,0,0,0,0,0,0,0
64800,9964,0,23,0,3,0,8,0,0,0,2,0,0,0,0,0,0,0
64900,9961,0,25,0,1,0,8,0,5,0,0,0,0,0,0,0,0,0
65000,9960,0,28,0,4,0,5,0,3,0,0,0,0,0,0,0,0,0
65100,9966,0,29,0,0,0,2,0,0,0,3,0,0,0,0,0,0,0
65200,9967,0,27,0,1,0,2,0,3,0,0,0,0,0,0,0,0,0
65300,9966,0,27,0,0,0,1,0,4,0,2,0,0,0,0,0,0,0
65400,9971,0,26,0,1,0,1,0,0,0,1,0,0,0,0,0,0,0
65500,9969,0,24,0,3,0,1,0,2,0,1,0,0,0,0,0,0,0
65600,9966,0,26,0,2,0,5,0,0,0,1,0,0,0,0,0,0,0
65700,9963,0,31,0,3,0,1,0,0,0,2,0,0,0,0,0,0,0
65800,9969,0,26,0,1,0,0,0,3,0,0,0,1,0,0,0,0,0
65900,9966,0,25,0,4,0,0,0,5,0,0,0,0,0,0,0,0,0
66000,9957,0,28,0,1,0,10,0,3,0,1,0,0,0,0,0,0,0
66100,9957,0,31,0,5,0,2,0,4,0,1,0,0,0,0,0,0,0
66200,9967,0,23,0,0,0,7,0,2,0,1,0,0,0,0,0,0,0
66300,9967,0,26,0,2,0,4,0,0,0,1,0,0,0,0,0,0,0
66400,9966,0,27,0,3,0,1,0,2,0,1,0,0,0,0,0,0,0
66500,9959,0,27,0,2,0,6,0,4,0,2,0,0,0,0,0,0,0
66600,9966,0,26,0,4,0,1,0,3,0,0,0,0,0,0,0,0,0
66700,9960,0,31,0,1,0,5,0,3,0,0,0,0,0,0,0,0,0
66800,9970,0,27,0,3,0,0,0,0,0,0,0,0,0,0,0,0,0
66900,9955,0,31,0,5,0,3,0,5,0,1,0,0,0,0,0,0,0
67000,9965,0,30,0,2,0,1,0,0,0,2,0,0,0,0,0,0,0
67100,9965,0,26,0,2,0,3,0,3,0,1,0,0,0,0,0,0,0
67200,9963,0,26,0,4,0,4,0,3,0,0,0,0,0,0,0,0,0
67300,9961,0,27,0,2,0,3,0,5,0,2,0,0,0,0,0,0,0
67400,9965,0,29,0,1,0,3,0,2,0,0,0,0,0,0,0,0,0
67500,9963,0,28,0,1,0,1,0,5,0,2,0,0,0,0,0,0,0
67600,9970,0,27,0,0,0,1,0,2,0,0,0,0,0,0,0,0,0
67700,9966,0,26,0,2,0,2,0,3,0,1,0,0,0,0,0,0,0
67800,9969,0,26,0,1,0,0,0,3,0,0,0,1,0,0,0,0,0
67900,9960,0,28,0,2,0,5,0,4,0,1,0,0,0,0,0,0,0
68000,9964,0,25,0,1,0,5,0,4,0,1,0,0,0,0,0,0,0
68100,9961,0,28,0,2,0,3,0,5,0,1,0,0,0,0,0,0,0
68200,9967,0,27,0,1,0,2,0,2,0,1,0,0,0,0,0,0,0
68300,9969,0,27,0,1,0,1,0,2,0,0,0,0,0,0,0,0,0
68400,9965,0,32,0,2,0,1,0,0,0,0,0,0,0,0,0,0,0
68500,9966,0,30,0,0,0,3,0,1,0,0,0,0,0,0,0,0,0
68600,9966,0,24,0,0,0,5,0,5,0,0,0,0,0,0,0,0,0
68700,9968,0,24,0,2,0,1,0,4,0,1,0,0,0,0,0,0,0
68800,9968,0,26,0,3,0,2,0,1,0,0,0,0,0,0,0,0,0
68900,9965,0,26,0,3,0,2,0,4,0,0,0,0,0,0,0,0,0
69000,9952,0,33,0,2,0,6,0,7,0,0,0,0,0,0,0,0,0
69100,9959,0,34,0,1,0,3,0,1,0,2,0,0,0,0,0,0,0
69200,9964,0,28,0,5,0,1,0,0,0,2,0,0,0,0,0,0,0
69300,9978,0,18,0,2,0,2,0,0,0,0,0,0,0,0,0,0,0
69400,9971,0,17,0,2,0,3,0,5,0,1,0,1,0,0,0,0,0
69500,9970,0,20,0,4,0,2,0,2,0,2,0,0,0,0,0,0,0
69600,9977,0,17,0,0,0,2,0,2,0,2,0,0,0,0,0,0,0
69700,9978,0,17,0,2,0,3,0,0,0,0,0,0,0,0,0,0,0
69800,9972,0,16,0,0,0,4,0,8,0,0,0,0,0,0,0,0,0
69900,9970,0,18,0,2,0,5,0,3,0,2,0,0,0,0,0,0,0
70000,9978,0,18,0,1,0,1,0,1,0,1,0,0,0,0,0,0,0
70100,9968,0,20,0,1,0,4,0,7,0,0,0,0,0,0,0,0,0
70200,9972,0,26,0,0,0,1,0,1,0,0,0,0,0,0,0,0,0
70300,9972,0,25,0,0,0,0,0,2,0,1,0,0,0,0,0,0,0
70400,9977,0,16,0,1,0,2,0,4,0,0,0,0,0,0,0,0,0
70500,9970,0,18,0,5,0,2,0,5,0,0,0,0,0,0,0,0,0
70600,9975,0,18,0,1,0,2,0,3,0,1,0,0,0,0,0,0,0
70700,9972,0,18,0,2,0,3,0,4,0,1,0,0,0,0,0,0,0
70800,9895,0,100,0,0,0,1,0,2,0,2,0,0,0,0,0,0,0
70900,9867,0,124,0,4,0,1,0,2,0,2,0,0,0,0,0,0,0
71000,9868,0,126,0,3,0,1,0,0,0,2,0,0,0,0,0,0,0
71100,9837,0,154,0,3,0,3,0,2,0,1,0,0,0,0,0,0,0
71200,9838,0,158,0,0,0,1,0,1,0,2,0,0,0,0,0,0,0
71300,9769,0,221,0,1,0,1,0,5,0,3,0,0,0,0,0,0,0
71400,9752,0,245,0,0,0,1,0,2,0,0,0,0,0,0,0,0,0
71500,9755,0,241,0,2,0,1,0,1,0,0,0,0,0,0,0,0,0
71600,9774,0,222,0,0,0,1,0,1,0,2,0,0,0,0,0,0,0
71700,9748,0,235,0,2,0,11,0,2,0,2,0,0,0,0,0,0,0
71800,9738,0,253,0,2,0,4,0,2,0,1,0,0,0,0,0,0,0
71900,9726,0,263,0,4,0,6,0,0,0,1,0,0,0,0,0,0,0
72000,9736,0,254,0,0,0,2,0,5,0,3,0,0,0,0,0,0,0
72100,9742,0,249,0,1,0,6,0,1,0,1,0,0,0,0,0,0,0
72200,9759,0,232,0,2,0,3,0,3,0,1,0,0,0,0,0,0,0
72300,9758,0,232,0,3,0,3,0,3,0,1,0,0,0,0,0,0,0
72400,9753,0,238,0,1,0,3,0,3,0,2,0,0,0,0,0,0,0
72500,9757,0,233,0,2,0,2,0,4,0,2,0,0,0,0,0,0,0
72600,9757,0,241,0,1,0,0,0,0,0,1,0,0,0,0,0,0,0
72700,9753,0,244,0,0,0,1,0,2,0,0,0,0,0,0,0,0,0
72800,9758,0,229,0,5,0,4,0,3,0,1,0,0,0,0,0,0,0
72900,9759,0,229,0,2,0,3,0,7,0,0,0,0,0,0,0,0,0
73000,9752,0,240,0,2,0,4,0,1,0,1,0,0,0,0,0,0,0
73100,9753,0,240,0,1,0,3,0,3,0,0,0,0,0,0,0,0,0
73200,9752,0,239,0,3,0,3,0,1,0,2,0,0,0,0,0,0,0
73300,9755,0,237,0,2,0,4,0,2,0,0,0,0,0,0,0,0,0
73400,9764,0,230,0,3,0,2,0,1,0,0,0,0,0,0,0,0,0
73500,9764,0,234,0,1,0,1,0,0,0,0,0,0,0,0,0,0,0
73600,9803,0,188,0,1,0,6,0,1,0,1,0,0,0,0,0,0,0
73700,9862,0,132,0,1,0,0,0,3,0,2,0,0,0,0,0,0,0
73800,9860,0,132,0,6,0,0,0,2,0,0,0,0,0,0,0,0,0
73900,9854,0,136,0,1,0,7,0,1,0,1,0,0,0,0,0,0,0
74000,9860,0,131,0,1,0,1,0,5,0,2,0,0,0,0,0,0,0
74100,9849,0,137,0,1,0,8,0,4,0,1,0,0,0,0,0,0,0
74200,9894,0,103,0,0,0,1,0,2,0,0,0,0,0,0,0,0,0
74300,9964,0,32,0,2,0,0,0,2,0,0,0,0,0,0,0,0,0
74400,9958,0,32,0,3,0,2,0,4,0,0,0,1,0,0,0,0,0
74500,9952,0,38,0,0,0,3,0,7,0,0,0,0,0,0,0,0,0
74600,9957,0,31,0,2,0,4,0,6,0,0,0,0,0,0,0,0,0
74700,9955,0,36,0,2,0,4,0,2,0,1,0,0,0,0,0,0,0
74800,9959,0,33,0,3,0,1,0,4,0,0,0,0,0,0,0,0,0
74900,9964,0,25,0,2,0,7,0,2,0,0,0,0,0,0,0,0,0
75000,9976,0,19,0,1,0,2,0,1,0,1,0,0,0,0,0,0,0
75100,9977,0,17,0,0,0,4,0,2,0,0,0,0,0,0,0,0,0
75200,9974,0,17,0,2,0,2,0,4,0,1,0,0,0,0,0,0,0
75300,9968,0,19,0,2,0,3,0,7,0,0,0,1,0,0,0,0,0
75400,9974,0,19,0,2,0,4,0,0,0,1,0,0,0,0,0,0,0
75500,9973,0,17,0,3,0,4,0,1,0,2,0,0,0,0,0,0,0
75600,9977,0,20,0,0,0,1,0,1,0,1,0,0,0,0,0,0,0
75700,9985,0,4,0,3,0,2,0,6,0,0,0,0,0,0,0,0,0
75800,9992,0,1,0,1,0,1,0,3,0,2,0,0,0,0,0,0,0
75900,9988,0,3,0,2,0,1,0,5,0,1,0,0,0,0,0,0,0
76000,9987,0,4,0,0,0,1,0,6,0,2,0,0,0,0,0,0,0
76100,9988,0,7,0,3,0,1,0,1,0,0,0,0,0,0,0,0,0
76200,9988,0,3,0,1,0,2,0,6,0,0,0,0,0,0,0,0,0
76300,9988,0,3,0,1,0,2,0,5,0,1,0,0,0,0,0,0,0
76400,9991,0,4,0,2,0,0,0,3,0,0,0,0,0,0,0,0,0
76500,9995,0,0,0,0,0,1,0,2,0,2,0,0,0,0,0,0,0
76600,9986,0,6,0,3,0,2,0,1,0,2,0,0,0,0,0,0,0
76700,9994,0,1,0,0,0,1,0,4,0,0,0,0,0,0,0,0,0
76800,9995,0,1,0,1,0,0,0,3,0,0,0,0,0,0,0,0,0
76900,9979,0,5,0,2,0,3,0,9,0,2,0,0,0,0,0,0,0
77000,9989,0,5,0,0,0,1,0,3,0,2,0,0,0,0,0,0,0
77100,9985,0,1,0,1,0,5,0,6,0,2,0,0,0,0,0,0,0
77200,9981,0,1,0,3,0,8,0,7,0,0,0,0,0,0,0,0,0
77300,9982,0,5,0,3,0,4,0,5,0,1,0,0,0,0,0,0,0
77400,9988,0,1,0,4,0,3,0,3,0,1,0,0,0,0,0,0,0
77500,9991,0,1,0,2,0,2,0,3,0,1,0,0,0,0,0,0,0
77600,9992,0,1,0,1,0,4,0,2,0,0,0,0,0,0,0,0,0
77700,9989,0,2,0,2,0,2,0,5,0,0,0,0,0,0,0,0,0
77800,9989,0,0,0,7,0,0,0,4,0,0,0,0,0,0,0,0,0
77900,9981,0,4,0,6,0,2,0,6,0,1,0,0,0,0,0,0,0
78000,9986,0,2,0,7,0,5,0,0,0,0,0,0,0,0,0,0,0
78100,9987,0,3,0,6,0,0,0,4,0,0,0,0,0,0,0,0,0
78200,9988,0,2,0,7,0,2,0,1,0,0,0,0,0,0,0,0,0
78300,9972,0,6,0,12,0,1,0,5,0,4,0,0,0,0,0,0,0
78400,9971,0,12,0,9,0,3,0,5,0,0,0,0,0,0,0,0,0
78500,9976,0,12,0,6,0,0,0,5,0,1,0,0,0,0,0,0,0
78600,9981,0,9,0,6,0,1,0,1,0,2,0,0,0,0,0,0,0
78700,9974,0,9,0,10,0,2,0,4,0,1,0,0,0,0,0,0,0
78800,9979,0,10,0,7,0,1,0,2,0,1,0,0,0,0,0,0,0
78900,9974,0,15,0,9,0,1,0,1,0,0,0,0,0,0,0,0,0
79000,9967,0,17,0,9,0,1,0,6,0,0,0,0,0,0,0,0,0
79100,9971,0,18,0,8,0,3,0,0,0,0,0,0,0,0,0,0,0
79200,9964,0,21,0,8,0,2,0,4,0,1,0,0,0,0,0,0,0
79300,9963,0,26,0,9,0,0,0,2,0,0,0,0,0,0,0,0,0
79400,9968,0,23,0,8,0,0,0,0,0,1,0,0,0,0,0,0,0
79500,9966,0,24,0,4,0,4,0,2,0,0,0,0,0,0,0,0,0
79600,9970,0,27,0,0,0,2,0,1,0,0,0,0,0,0,0,0,0
79700,9969,0,26,0,0,0,1,0,4,0,0,0,0,0,0,0,0,0
79800,9974,0,24,0,0,0,0,0,2,0,0,0,0,0,0,0,0,0
79900,9965,0,26,0,3,0,1,0,5,0,0,0,0,0,0,0,0,0
80000,9968,0,25,0,0,0,2,0,5,0,0,0,0,0,0,0,0,0
80100,9971,0,24,0,1,0,2,0,1,0,1,0,0,0,0,0,0,0
80200,9960,0,32,0,0,0,1,0,5,0,2,0,0,0,0,0,0,0
80300,9967,0,26,0,1,0,1,0,2,0,3,0,0,0,0,0,0,0
80400,9974,0,23,0,2,0,1,0,0,0,0,0,0,0,0,0,0,0
80500,9965,0,26,0,5,0,1,0,3,0,0,0,0,0,0,0,0,0
80600,9965,0,23,0,2,0,5,0,4,0,1,0,0,0,0,0,0,0
80700,9968,0,27,0,1,0,1,0,2,0,1,0,0,0,0,0,0,0
80800,9968,0,26,0,2,0,1,0,2,0,1,0,0,0,0,0,0,0
80900,9976,0,23,0,0,0,0,0,1,0,0,0,0,0,0,0,0,0
81000,9975,0,22,0,2,0,0,0,1,0,0,0,0,0,0,0,0,0
81100,9974,0,23,0,0,0,3,0,0,0,0,0,0,0,0,0,0,0
81200,9966,0,25,0,2,0,2,0,5,0,0,0,0,0,0,0,0,0
81300,9971,0,24,0,1,0,3,0,0,0,1,0,0,0,0,0,0,0
81400,9969,0,24,0,1,0,2,0,3,0,1,0,0,0,0,0,0,0
81500,9973,0,18,0,1,0,4,0,4,0,0,0,0,0,0,0,0,0
81600,9973,0,19,0,1,0,3,0,4,0,0,0,0,0,0,0,0,0
81700,9973,0,20,0,1,0,2,0,3,0,1,0,0,0,0,0,0,0
81800,9973,0,18,0,3,0,4,0,2,0,0,0,0,0,0,0,0,0
81900,9975,0,16,0,2,0,3,0,2,0,2,0,0,0,0,0,0,0
82000,9985,0,11,0,1,0,2,0,1,0,0,0,0,0,0,0,0,0
82100,9977,0,9,0,1,0,6,0,3,0,4,0,0,0,0,0,0,0
82200,9971,0,14,0,4,0,0,0,8,0,3,0,0,0,0,0,0,0
82300,9983,0,11,0,3,0,0,0,2,0,0,0,1,0,0,0,0,0
82400,9984,0,10,0,1,0,2,0,3,0,0,0,0,0,0,0,0,0
82500,9984,0,9,0,3,0,0,0,4,0,0,0,0,0,0,0,0,0
82600,9983,0,10,0,3,0,0,0,4,0,0,0,0,0,0,0,0,0
82700,9984,0,9,0,4,0,0,0,3,0,0,0,0,0,0,0,0,0
82800,9983,0,9,0,2,0,1,0,4,0,1,0,0,0,0,0,0,0
82900,9978,0,13,0,1,0,5,0,2,0,1,0,0,0,0,0,0,0
83000,9981,0,16,0,2,0,1,0,0,0,0,0,0,0,0,0,0,0
83100,9989,0,8,0,1,0,2,0,0,0,0,0,0,0,0,0,0,0
83200,9981,0,11,0,4,0,1,0,1,0,2,0,0,0,0,0,0,0
83300,9985,0,9,0,2,0,1,0,2,0,1,0,0,0,0,0,0,0
83400,9980,0,9,0,3,0,4,0,4,0,0,0,0,0,0,0,0,0
83500,9982,0,11,0,2,0,4,0,1,0,0,0,0,0,0,0,0,0
83600,9986,0,8,0,2,0,1,0,3,0,0,0,0,0,0,0,0,0
83700,9981,0,11,0,3,0,1,0,3,0,1,0,0,0,0,0,0,0
83800,9988,0,10,0,1,0,0,0,0,0,1,0,0,0,0,0,0,0
83900,9981,0,9,0,3,0,1,0,5,0,1,0,0,0,0,0,0,0
84000,9986,0,9,0,1,0,0,0,3,0,1,0,0,0,0,0,0,0
84100,9975,0,18,0,1,0,1,0,5,0,0,0,0,0,0,0,0,0
84200,9974,0,18,0,0,0,2,0,6,0,0,0,0,0,0,0,0,0
84300,9982,0,17,0,1,0,0,0,0,0,0,0,0,0,0,0,0,0
84400,9975,0,19,0,3,0,0,0,3,0,0,0,0,0,0,0,0,0
84500,9980,0,17,0,0,0,1,0,1,0,1,0,0,0,0,0,0,0
84600,9976,0,18,0,1,0,2,0,2,0,1,0,0,0,0,0,0,0
84700,9976,0,18,0,1,0,1,0,4,0,0,0,0,0,0,0,0,0
84800,9974,0,22,0,2,0,0,0,1,0,1,0,0,0,0,0,0,0
84900,9981,0,15,0,1,0,1,0,2,0,0,0,0,0,0,0,0,0
85000,9971,0,20,0,3,0,3,0,3,0,0,0,0,0,0,0,0,0
85100,9977,0,16,0,3,0,1,0,2,0,1,0,0,0,0,0,0,0
85200,9975,0,16,0,5,0,2,0,1,0,1,0,0,0,0,0,0,0
85300,9976,0,19,0,1,0,2,0,1,0,1,0,0,0,0,0,0,0
85400,9976,0,17,0,3,0,2,0,2,0,0,0,0,0,0,0,0,0
85500,9975,0,19,0,2,0,1,0,2,0,1,0,0,0,0,0,0,0
85600,9971,0,17,0,6,0,4,0,0,0,2,0,0,0,0,0,0,0
85700,9968,0,21,0,5,0,3,0,2,0,0,0,1,0,0,0,0,0
85800,9974,0,17,0,6,0,1,0,2,0,0,0,0,0,0,0,0,0
85900,9974,0,18,0,3,0,1,0,4,0,0,0,0,0,0,0,0,0
86000,9974,0,19,0,4,0,2,0,1,0,0,0,0,0,0,0,0,0
86100,9969,0,21,0,4,0,2,0,3,0,1,0,0,0,0,0,0,0
86200,9958,0,25,0,7,0,4,0,3,0,3,0,0,0,0,0,0,0
86300,9969,0,23,0,5,0,1,0,2,0,0,0,0,0,0,0,0,0
86400,9964,0,25,0,5,0,4,0,1,0,1,0,0,0,0,0,0,0
86500,9966,0,22,0,5,0,4,0,1,0,2,0,0,0,0,0,0,0
86600,9973,0,19,0,4,0,1,0,2,0,1,0,0,0,0,0,0,0
86700,9966,0,24,0,6,0,1,0,3,0,0,0,0,0,0,0,0,0
86800,9959,0,31,0,5,0,2,0,2,0,1,0,0,0,0,0,0,0
86900,9956,0,30,0,6,0,4,0,4,0,0,0,0,0,0,0,0,0
87000,9960,0,30,0,5,0,3,0,2,0,0,0,0,0,0,0,0,0
87100,9956,0,31,0,6,0,2,0,5,0,0,0,0,0,0,0,0,0
87200,9951,0,37,0,10,0,0,0,2,0,0,0,0,0,0,0,0,0
87300,9954,0,31,0,7,0,0,0,7,0,1,0,0,0,0,0,0,0
87400,9962,0,31,0,6,0,0,0,1,0,0,0,0,0,0,0,0,0
87500,9960,0,30,0,5,0,2,0,1,0,2,0,0,0,0,0,0,0
87600,9963,0,29,0,4,0,0,0,2,0,2,0,0,0,0,0,0,0
87700,9956,0,36,0,6,0,1,0,0,0,1,0,0,0,0,0,0,0
87800,9960,0,29,0,6,0,1,0,4,0,0,0,0,0,0,0,0,0
87900,9944,0,46,0,6,0,2,0,0,0,2,0,0,0,0,0,0,0
88000,9939,0,55,0,4,0,0,0,2,0,0,0,0,0,0,0,0,0
88100,9941,0,51,0,6,0,1,0,1,0,0,0,0,0,0,0,0,0
88200,9934,0,57,0,5,0,1,0,2,0,1,0,0,0,0,0,0,0
88300,9930,0,54,0,7,0,5,0,3,0,1,0,0,0,0,0,0,0
88400,9940,0,52,0,4,0,2,0,2,0,0,0,0,0,0,0,0,0
88500,9942,0,52,0,1,0,1,0,4,0,0,0,0,0,0,0,0,0
88600,9935,0,57,0,3,0,0,0,2,0,3,0,0,0,0,0,0,0
88700,9941,0,52,0,2,0,2,0,3,0,0,0,0,0,0,0,0,0
88800,9941,0,53,0,2,0,1,0,3,0,0,0,0,0,0,0,0,0
88900,9942,0,56,0,0,0,0,0,1,0,1,0,0,0,0,0,0,0
89000,9960,0,31,0,0,0,2,0,4,0,3,0,0,0,0,0,0,0
89100,9965,0,29,0,1,0,2,0,2,0,0,0,1,0,0,0,0,0
89200,9952,0,32,0,4,0,5,0,6,0,1,0,0,0,0,0,0,0
89300,9977,0,18,0,1,0,0,0,2,0,1,0,0,0,1,0,0,0
89400,9984,0,10,0,2,0,0,0,3,0,1,0,0,0,0,0,0,0
89500,9984,0,9,0,2,0,0,0,4,0,1,0,0,0,0,0,0,0
89600,9984,0,10,0,0,0,2,0,1,0,3,0,0,0,0,0,0,0
89700,9983,0,8,0,4,0,3,0,2,0,0,0,0,0,0,0,0,0
89800,9988,0,11,0,0,0,0,0,1,0,0,0,0,0,0,0,0,0
89900,9983,0,11,0,0,0,3,0,3,0,0,0,0,0,0,0,0,0
90000,9989,0,10,0,1,0,0,0,0,0,0,0,0,0,0,0,0,0
90100,9986,0,9,0,1,0,2,0,1,0,1,0,0,0,0,0,0,0
90200,9984,0,10,0,2,0,1,0,3,0,0,0,0,0,0,0,0,0
90300,9987,0,10,0,3,0,0,0,0,0,0,0,0,0,0,0,0,0
90400,9983,0,9,0,1,0,2,0,3,0,2,0,0,0,0,0,0,0
90500,9990,0,8,0,1,0,0,0,1,0,0,0,0,0,0,0,0,0
90600,9983,0,9,0,2,0,1,0,4,0,1,0,0,0,0,0,0,0
90700,9980,0,10,0,2,0,5,0,2,0,1,0,0,0,0,0,0,0
90800,9985,0,12,0,0,0,3,0,0,0,0,0,0,0,0,0,0,0
90900,9989,0,8,0,1,0,2,0,0,0,0,0,0,0,0,0,0,0
91000,9983,0,9,0,1,0,4,0,1,0,2,0,0,0,0,0,0,0
91100,9984,0,12,0,0,0,3,0,0,0,1,0,0,0,0,0,0,0
91200,9986,0,9,0,1,0,4,0,0,0,0,0,0,0,0,0,0,0
91300,9983,0,9,0,2,0,1,0,5,0,0,0,0,0,0,0,0,0
91400,9985,0,8,0,1,0,4,0,2,0,0,0,0,0,0,0,0,0
91500,9982,0,10,0,0,0,1,0,4,0,3,0,0,0,0,0,0,0
91600,9981,0,13,0,2,0,0,0,4,0,0,0,0,0,0,0,0,0
91700,9986,0,9,0,1,0,0,0,4,0,0,0,0,0,0,0,0,0
91800,9987,0,8,0,1,0,2,0,1,0,1,0,0,0,0,0,0,0
91900,9979,0,13,0,2,0,1,0,4,0,1,0,0,0,0,0,0,0
92000,9980,0,13,0,2,0,3,0,1,0,1,0,0,0,0,0,0,0
92100,9986,0,11,0,1,0,0,0,1,0,1,0,0,0,0,0,0,0
92200,9980,0,11,0,4,0,2,0,3,0,0,0,0,0,0,0,0,0
92300,9982,0,14,0,2,0,1,0,1,0,0,0,0,0,0,0,0,0
92400,9978,0,15,0,2,0,4,0,0,0,1,0,0,0,0,0,0,0
92500,9980,0,12,0,0,0,8,0,0,0,0,0,0,0,0,0,0,0
92600,9974,0,15,0,1,0,9,0,1,0,0,0,0,0,0,0,0,0
92700,9973,0,14,0,1,0,9,0,3,0,0,0,0,0,0,0,0,0
92800,9973,0,17,0,0,0,8,0,1,0,1,0,0,0,0,0,0,0
92900,9975,0,11,0,1,0,9,0,3,0,1,0,0,0,0,0,0,0
93000,9977,0,13,0,0,0,10,0,0,0,0,0,0,0,0,0,0,0
93100,9964,0,18,0,1,0,11,0,4,0,2,0,0,0,0,0,0,0
93200,9979,0,11,0,2,0,4,0,3,0,1,0,0,0,0,0,0,0
93300,9987,0,9,0,1,0,0,0,2,0,1,0,0,0,0,0,0,0
93400,9978,0,18,0,1,0,1,0,2,0,0,0,0,0,0,0,0,0
93500,9981,0,10,0,2,0,3,0,2,0,2,0,0,0,0,0,0,0
93600,9985,0,11,0,0,0,1,0,3,0,0,0,0,0,0,0,0,0
93700,9978,0,17,0,1,0,0,0,4,0,0,0,0,0,0,0,0,0
93800,9981,0,15,0,1,0,1,0,1,0,1,0,0,0,0,0,0,0
93900,9989,0,9,0,0,0,1,0,1,0,0,0,0,0,0,0,0,0
94000,9982,0,12,0,3,0,0,0,2,0,1,0,0,0,0,0,0,0
94100,9974,0,14,0,1,0,0,0,4,0,7,0,0,0,0,0,0,0
94200,9974,0,15,0,2,0,0,0,1,0,8,0,0,0,0,0,0,0
94300,9978,0,12,0,2,0,1,0,3,0,4,0,0,0,0,0,0,0
94400,9971,0,14,0,2,0,1,0,4,0,8,0,0,0,0,0,0,0
94500,9966,0,18,0,1,0,5,0,3,0,7,0,0,0,0,0,0,0
94600,9979,0,14,0,0,0,2,0,1,0,4,0,0,0,0,0,0,0
94700,9965,0,22,0,2,0,2,0,4,0,5,0,0,0,0,0,0,0
94800,9983,0,8,0,2,0,1,0,1,0,5,0,0,0,0,0,0,0
94900,9976,0,13,0,3,0,2,0,0,0,6,0,0,0,0,0,0,0
95000,9983,0,10,0,0,0,2,0,1,0,4,0,0,0,0,0,0,0
95100,9981,0,10,0,0,0,1,0,3,0,5,0,0,0,0,0,0,0
95200,9974,0,17,0,2,0,0,0,3,0,4,0,0,0,0,0,0,0
95300,9972,0,13,0,2,0,1,0,5,0,7,0,0,0,0,0,0,0
95400,9972,0,17,0,1,0,2,0,2,0,6,0,0,0,0,0,0,0
95500,9980,0,10,0,2,0,1,0,3,0,4,0,0,0,0,0,0,0
95600,9977,0,12,0,3,0,3,0,0,0,5,0,0,0,0,0,0,0
95700,9977,0,14,0,0,0,1,0,4,0,4,0,0,0,0,0,0,0
95800,9978,0,11,0,1,0,1,0,5,0,4,0,0,0,0,0,0,0
95900,9973,0,15,0,1,0,3,0,2,0,6,0,0,0,0,0,0,0
96000,9981,0,13,0,1,0,0,0,0,0,5,0,0,0,0,0,0,0
96100,9981,0,10,0,1,0,2,0,1,0,5,0,0,0,0,0,0,0
96200,9988,0,5,0,0,0,0,0,3,0,4,0,0,0,0,0,0,0
96300,9984,0,4,0,1,0,0,0,5,0,6,0,0,0,0,0,0,0
96400,9984,0,3,0,2,0,3,0,3,0,5,0,0,0,0,0,0,0
96500,9980,0,10,0,1,0,0,0,3,0,6,0,0,0,0,0,0,0
96600,9976,0,15,0,1,0,1,0,4,0,3,0,0,0,0,0,0,0
96700,9970,0,16,0,3,0,3,0,3,0,5,0,0,0,0,0,0,0
96800,9973,0,15,0,0,0,8,0,2,0,2,0,0,0,0,0,0,0
96900,9969,0,17,0,0,0,7,0,2,0,5,0,0,0,0,0,0,0
97000,9973,0,17,0,1,0,0,0,4,0,5,0,0,0,0,0,0,0
97100,9969,0,17,0,1,0,4,0,3,0,5,0,1,0,0,0,0,0
97200,9971,0,18,0,0,0,4,0,1,0,6,0,0,0,0,0,0,0
97300,9973,0,19,0,1,0,2,0,2,0,3,0,0,0,0,0,0,0
97400,9948,0,29,0,6,0,1,0,9,0,7,0,0,0,0,0,0,0
97500,9962,0,27,0,1,0,1,0,4,0,5,0,0,0,0,0,0,0
97600,9960,0,28,0,2,0,1,0,4,0,5,0,0,0,0,0,0,0
97700,9952,0,34,0,1,0,0,0,9,0,4,0,0,0,0,0,0,0
97800,9968,0,23,0,1,0,2,0,3,0,3,0,0,0,0,0,0,0
97900,9960,0,32,0,1,0,1,0,2,0,4,0,0,0,0,0,0,0
98000,9948,0,31,0,4,0,8,0,6,0,3,0,0,0,0,0,0,0
98100,9967,0,27,0,0,0,0,0,3,0,3,0,0,0,0,0,0,0
98200,9963,0,24,0,0,0,7,0,0,0,6,0,0,0,0,0,0,0
98300,9958,0,25,0,2,0,8,0,1,0,6,0,0,0,0,0,0,0
98400,9964,0,24,0,1,0,2,0,2,0,7,0,0,0,0,0,0,0
98500,9962,0,30,0,0,0,0,0,1,0,7,0,0,0,0,0,0,0
98600,9955,0,35,0,1,0,1,0,4,0,4,0,0,0,0,0,0,0
98700,9962,0,29,0,0,0,0,0,3,0,6,0,0,0,0,0,0,0
98800,9954,0,30,0,2,0,5,0,3,0,6,0,0,0,0,0,0,0
98900,9965,0,28,0,0,0,2,0,0,0,5,0,0,0,0,0,0,0
99000,9959,0,31,0,3,0,0,0,2,0,5,0,0,0,0,0,0,0
99100,9955,0,35,0,3,0,0,0,0,0,7,0,0,0,0,0,0,0
99200,9955,0,28,0,1,0,4,0,5,0,7,0,0,0,0,0,0,0
99300,9959,0,28,0,1,0,3,0,4,0,5,0,0,0,0,0,0,0
99400,9953,0,31,0,2,0,2,0,5,0,7,0,0,0,0,0,0,0
99500,9955,0,29,0,1,0,3,0,9,0,3,0,0,0,0,0,0,0
99600,9958,0,24,0,4,0,1,0,7,0,6,0,0,0,0,0,0,0
99700,9964,0,26,0,1,0,1,0,2,0,6,0,0,0,0,0,0,0
99800,9968,0,23,0,0,0,2,0,1,0,6,0,0,0,0,0,0,0
99900,9966,0,25,0,0,0,1,0,2,0,6,0,0,0,0,0,0,0
100000,9965,0,21,0,3,0,4,0,2,0,5,0,0,0,0,0,0,0
