update,host_task_NOT,sym_task_NOT,host_task_NAND,sym_task_NAND,host_task_AND,sym_task_AND,host_task_ORN,sym_task_ORN,host_task_OR,sym_task_OR,host_task_ANDN,sym_task_ANDN,host_task_NOR,sym_task_NOR,host_task_XOR,sym_task_XOR,host_task_EQU,sym_task_EQU
0,0,0,0,0,0,0,0,0,0,0,0,0,0,0,0,0,0,0
100,9995,38371,0,2,4,3,0,0,3,1,0,0,0,0,0,0,0,0
200,9991,33274,0,7,2,5,1,2,4,3,2,2,0,0,0,0,0,0
300,9992,33140,0,4,1,8,3,4,1,8,3,5,0,0,0,0,0,0
400,9992,33183,0,1,3,7,0,2,4,5,1,3,0,0,0,0,0,0
500,9989,33275,0,4,2,11,0,4,7,5,2,4,0,0,0,0,0,0
600,9993,28084,2,6,1,7,1,0,1,5,2,2,0,0,0,0,0,0
700,9992,25959,4,4,0,4,0,6,1,1,3,0,0,0,0,0,0,0
800,9988,25985,4,5,3,3,1,7,4,5,0,1,0,0,0,0,0,0
900,9987,26032,5,10,4,6,0,1,3,5,1,1,0,0,0,0,0,0
1000,9990,26069,4,4,1,5,0,7,3,8,2,3,0,0,0,0,0,0
1100,9990,23348,3,3,1,3,2,1,3,5,1,3,0,0,0,0,0,0
1200,9991,20562,0,1,2,3,3,2,3,9,1,0,0,0,0,0,0,0
1300,9993,20547,0,5,1,8,1,1,4,4,1,4,0,0,0,0,0,0
1400,9994,20554,0,7,0,5,0,1,3,10,3,1,0,0,0,0,0,0
1500,9992,20504,0,5,1,2,3,3,3,2,1,1,0,0,0,0,0,0
1600,9997,19444,0,6,1,8,1,8,0,4,1,6,0,0,0,0,0,0
1700,9987,16443,7,5,3,4,1,0,2,5,0,0,0,0,0,0,0,0
1800,9987,16297,4,3,1,3,2,3,3,7,3,3,0,0,0,0,0,0
1900,9989,16476,5,8,3,1,0,4,3,6,0,2,0,0,0,0,0,0
2000,9990,16491,4,4,1,5,3,1,1,2,1,0,0,0,0,0,0,0
2100,9990,16460,4,2,2,2,3,4,0,2,1,1,0,0,0,0,0,0
2200,9987,13212,4,5,4,2,0,1,4,1,1,1,0,0,0,0,0,0
2300,9983,13323,5,3,2,2,3,0,4,1,3,1,0,0,0,0,0,0
2400,9985,13435,5,3,1,0,2,2,6,1,1,1,0,0,0,0,0,0
2500,9984,13156,7,7,1,2,1,6,7,3,0,0,0,0,0,0,0,0
2600,9989,13036,6,4,2,2,1,3,2,5,0,1,0,0,0,0,0,0
2700,9983,11255,11,9,0,1,2,3,2,1,2,2,0,0,0,0,0,0
2800,9968,10811,17,8,2,2,5,0,7,1,1,1,0,0,0,0,0,0
2900,9973,10809,18,15,1,0,1,2,5,4,2,0,0,0,0,0,0,0
3000,9971,10876,19,11,3,5,2,1,3,1,2,1,0,0,0,0,0,0
3100,9980,10848,16,4,3,2,0,2,1,1,0,0,0,0,0,0,0,0
3200,9972,9910,17,4,3,3,4,4,3,6,1,0,0,0,0,0,0,0
3300,9964,8931,22,6,5,1,3,0,3,1,3,0,0,0,0,0,0,0
3400,9967,9062,25,1,2,1,4,3,2,5,0,2,0,0,0,0,0,0
3500,9974,9067,20,6,1,2,3,2,2,0,0,1,0,0,0,0,0,0
3600,9971,9050,20,5,1,0,4,0,3,1,1,0,0,0,0,0,0,0
3700,9974,8602,17,6,0,0,5,0,3,2,1,0,0,0,0,0,0,0
3800,9976,7638,17,8,3,1,1,1,2,2,1,0,0,0,0,0,0,0
3900,9973,7637,17,4,0,3,6,2,4,0,0,0,0,0,0,0,0,0
4000,9968,7853,20,7,1,3,5,2,3,0,3,1,0,0,0,0,0,0
4100,9976,7797,18,10,2,2,4,3,0,2,0,1,0,0,0,0,0,0
4200,9963,7663,25,12,2,3,8,0,1,0,1,0,0,0,0,0,0,0
4300,9968,6502,25,10,2,4,0,1,3,1,1,2,1,0,0,0,0,0
4400,9964,6621,26,26,3,0,0,0,6,0,1,1,0,0,0,0,0,0
4500,9967,6741,25,35,2,2,3,3,3,3,0,0,0,0,0,0,0,0
4600,9959,6697,26,21,2,3,5,2,6,1,2,0,0,0,0,0,0,0
4700,9959,6638,27,11,4,0,4,2,5,1,1,1,0,0,0,0,0,0
4800,9958,5933,25,10,1,1,8,0,8,1,0,0,0,0,0,0,0,0
4900,9963,5926,24,7,0,5,8,1,5,2,0,0,0,0,0,0,0,0
5000,9965,6036,23,5,3,1,9,1,0,1,0,1,0,0,0,0,0,0
5100,9964,6046,24,12,1,1,8,2,1,1,2,0,0,0,0,0,0,0
5200,9965,6107,23,7,2,0,8,2,1,4,1,1,0,0,0,0,0,0
5300,9954,5537,25,3,6,0,8,1,6,1,1,0,0,0,0,0,0,0
5400,9968,5305,24,2,0,1,4,1,3,3,1,0,0,0,0,0,0,0
5500,9966,5439,22,6,1,0,7,2,2,1,2,1,0,0,0,0,0,0
5600,9963,5315,24,6,2,1,8,5,3,3,0,2,0,0,0,0,0,0
5700,9964,5351,24,3,4,0,4,1,4,1,0,0,0,0,0,0,0,0
5800,9959,5400,27,6,1,2,3,5,8,0,1,4,1,0,0,0,0,0
5900,9958,4849,31,9,3,0,0,10,7,3,1,0,0,0,0,0,0,0
6000,9952,4887,33,16,0,2,6,11,9,2,0,1,0,0,0,0,0,0
6100,9952,4836,30,8,4,3,4,12,6,1,4,1,0,0,0,0,0,0
6200,9960,4875,32,22,1,0,4,3,3,0,0,1,0,0,0,0,0,0
6300,9950,4874,37,11,2,0,1,4,10,3,0,0,0,0,0,0,0,0
6400,9939,4110,38,10,9,1,6,7,5,0,3,1,0,0,0,0,0,0
6500,9951,4309,40,7,1,0,2,6,3,2,3,0,0,0,0,0,0,0
6600,9945,4406,43,15,1,1,4,7,2,0,4,0,1,0,0,0,0,0
6700,9941,4401,46,17,2,1,7,5,3,3,1,0,0,0,0,0,0,0
6800,9943,4434,43,22,2,2,4,0,6,3,2,1,0,0,0,0,0,0
6900,9942,3945,42,31,1,0,9,0,5,1,0,0,1,0,0,0,0,0
7000,9941,3997,47,25,0,1,4,6,6,1,2,0,0,0,0,0,0,0
7100,9942,4071,45,25,3,2,3,3,7,2,0,1,0,1,0,0,0,0
7200,9946,4268,43,21,3,1,3,2,4,4,1,0,0,0,0,0,0,0
7300,9944,4508,44,52,3,1,4,3,5,4,0,0,0,0,0,0,0,0
7400,9941,4253,47,31,3,1,2,3,4,4,2,0,1,0,0,0,0,0
7500,9930,3995,51,32,6,0,5,3,5,1,2,2,1,0,0,0,0,0
7600,9926,4413,58,62,2,1,5,1,8,4,1,1,0,0,0,0,0,0
7700,9928,5003,58,86,5,3,7,0,2,1,0,0,0,0,0,0,0,0
7800,9928,5482,58,66,1,1,8,7,5,1,0,1,0,0,0,0,0,0
7900,9911,5871,62,87,2,2,9,14,11,3,3,1,2,0,0,0,0,0
8000,9919,7280,67,118,3,3,4,11,7,3,0,1,0,0,0,0,0,0
8100,9916,9910,73,102,1,1,3,7,5,2,2,1,0,0,0,0,0,0
8200,9919,11747,69,132,2,8,3,3,6,9,0,5,1,0,0,0,0,0
8300,9903,13760,75,149,4,6,10,13,4,11,1,1,3,1,0,0,0,0
8400,9902,16068,78,94,6,6,6,16,7,17,0,4,1,0,0,0,0,0
8500,9904,15475,76,156,5,5,5,11,9,1,1,0,0,0,0,0,0,0
8600,9907,18043,79,118,5,3,3,11,5,10,1,3,0,0,0,0,0,0
8700,9911,20996,76,150,4,3,2,14,4,7,3,1,0,0,0,0,0,0
8800,9912,22013,73,153,2,2,4,9,8,5,1,1,0,0,0,0,0,0
8900,9899,22577,90,77,5,9,3,11,1,1,2,3,0,0,0,0,0,0
9000,9916,24353,76,34,3,5,2,7,3,6,0,0,0,0,0,0,0,0
9100,9907,25780,70,85,5,1,7,15,9,6,2,1,0,0,0,0,0,0
9200,9888,24740,92,164,4,2,5,9,10,8,1,4,0,0,0,0,0,0
9300,9877,26272,102,69,4,3,6,10,9,3,2,3,0,0,0,0,0,0
9400,9846,29034,129,136,5,6,6,8,10,9,1,1,3,0,0,0,0,0
9500,9831,27923,154,116,5,3,6,13,2,4,2,1,0,0,0,0,0,0
9600,9808,27898,174,152,4,4,5,8,6,3,3,0,0,0,0,0,0,0
9700,9785,26730,192,159,3,4,11,7,6,6,3,0,0,0,0,0,0,0
9800,9758,27996,222,355,3,6,11,14,2,2,4,3,0,0,0,0,0,0
9900,9733,27726,254,573,3,3,4,16,5,3,1,4,0,0,0,0,0,0
10000,9711,27878,272,498,2,10,9,11,5,5,1,4,0,0,0,0,0,0
10100,9637,29144,337,578,4,4,16,20,4,3,1,4,1,0,0,0,0,0
10200,9625,28624,350,642,3,6,11,13,9,7,2,4,0,0,0,0,0,0
10300,9629,29302,343,778,8,5,15,20,5,5,0,5,0,0,0,0,0,0
10400,9652,27792,313,629,10,4,13,8,8,3,4,4,0,0,0,0,0,0
10500,9625,26846,314,521,4,3,41,13,11,7,5,5,0,1,0,0,0,0
10600,9645,27047,282,725,6,7,52,13,9,7,6,1,0,0,0,0,0,0
10700,9645,26957,297,814,2,2,45,7,7,7,4,2,0,0,0,0,0,0
10800,9643,28640,305,596,5,6,42,27,4,10,1,2,0,0,0,0,0,0
10900,9643,28670,310,675,4,7,39,6,4,7,0,3,0,0,0,0,0,0
11000,9623,27762,335,815,5,11,30,11,6,7,1,3,0,0,0,0,0,0
11100,9609,28025,345,757,6,3,32,4,5,4,3,2,0,0,0,0,0,0
11200,9593,30189,363,758,8,6,30,3,5,9,1,3,0,0,0,0,0,0
11300,9571,29503,393,1088,6,5,18,8,9,2,3,2,0,0,0,0,0,0
11400,9546,32558,421,1084,4,2,22,9,6,4,1,1,0,0,0,0,0,0
11500,9601,29638,376,998,7,1,11,9,1,3,3,3,1,0,0,0,0,0
11600,9602,27570,364,810,5,3,14,18,10,6,5,0,0,0,0,0,0,0
11700,9661,27043,313,744,2,5,16,10,6,8,1,1,1,0,0,0,0,0
11800,9684,27100,298,1022,2,1,10,10,3,3,3,0,0,0,0,0,0,0
11900,9705,26958,268,864,6,6,14,9,4,6,2,0,1,0,0,0,0,0
12000,9695,26297,283,919,2,3,12,4,5,2,3,2,0,0,0,0,0,1
12100,9680,24537,303,1200,5,2,9,10,3,0,0,2,0,0,0,0,0,0
12200,9673,25482,310,1331,3,2,6,12,6,9,2,2,0,0,0,0,0,0
12300,9648,25360,329,1381,5,8,6,5,7,7,5,2,0,0,0,0,0,0
12400,9632,25810,349,1263,4,6,10,8,4,9,1,4,0,0,0,0,0,0
12500,9609,26254,363,1099,7,3,11,6,5,16,5,3,0,0,0,0,0,0
12600,9619,26995,352,1002,5,0,12,3,8,3,4,2,0,0,0,0,0,0
12700,9624,25430,350,1031,4,2,4,10,9,3,7,1,2,0,0,0,0,0
12800,9598,24092,372,999,6,4,10,7,5,9,9,2,0,0,0,0,0,0
12900,9636,21110,346,839,2,5,4,4,1,7,10,3,1,0,0,0,0,0
13000,9635,23040,342,861,6,2,5,9,5,3,7,3,0,0,0,0,0,0
13100,9630,22011,355,998,2,1,5,2,4,3,4,1,0,0,0,0,0,0
13200,9633,21813,344,956,3,4,8,13,6,5,6,0,0,0,0,0,0,0
13300,9616,23283,366,1040,0,2,6,5,5,3,7,0,0,0,0,0,0,0
13400,9594,22134,382,925,4,1,4,5,2,3,13,4,1,0,0,0,0,0
13500,9575,21572,403,1002,5,5,5,11,5,5,6,0,0,0,1,0,0,0
13600,9589,22748,398,939,1,3,1,11,2,2,9,3,0,0,0,0,0,0
13700,9593,22672,385,938,3,1,4,4,7,4,8,2,0,0,0,0,0,0
13800,9607,22023,376,1027,3,4,3,5,5,7,6,1,0,0,0,0,0,0
13900,9628,20835,358,962,4,1,3,2,1,2,6,4,0,0,0,0,0,0
14000,9650,20673,331,1108,4,0,5,12,2,10,8,1,0,0,0,0,0,0
14100,9638,18805,339,1383,9,1,3,12,7,2,4,0,0,0,0,0,0,0
14200,9633,17265,349,1327,3,5,4,7,4,4,7,3,0,0,0,0,0,0
14300,9604,19154,385,1296,4,4,1,17,4,6,2,0,0,0,0,0,0,0
14400,9642,19812,337,1084,2,2,6,8,7,1,6,1,0,0,0,0,0,0
14500,9643,18781,344,913,3,6,2,5,2,9,6,1,0,0,0,0,0,0
14600,9642,18698,339,960,6,3,2,1,2,4,8,2,1,0,0,0,0,0
14700,9657,18410,323,889,6,3,4,5,3,10,7,1,0,0,0,0,0,0
14800,9676,17704,313,976,3,4,2,6,4,8,2,2,0,0,0,0,0,0
14900,9697,18029,282,980,2,5,5,6,7,7,7,0,0,0,0,0,0,0
15000,9687,19341,294,892,5,1,4,13,3,3,7,0,0,0,0,0,0,0
15100,9707,17593,272,889,6,2,3,5,5,1,7,2,0,1,0,0,0,0
15200,9703,16733,277,1069,3,2,6,4,5,2,6,1,0,0,0,0,0,0
15300,9724,17441,259,1031,0,3,7,3,2,3,8,1,0,0,0,0,0,0
15400,9722,17195,263,1134,3,3,5,4,4,4,3,1,0,0,0,0,0,0
15500,9721,17320,261,1134,2,3,8,3,2,3,6,0,0,0,0,0,0,0
15600,9733,16324,249,1155,2,1,5,0,3,3,8,0,0,0,0,0,0,0
15700,9739,15421,242,1137,3,1,3,5,1,8,12,0,0,0,0,0,0,0
15800,9752,15404,224,1213,5,1,8,2,5,4,6,1,0,0,0,0,0,0
15900,9757,14940,228,1118,4,0,2,1,4,2,5,1,0,0,0,0,0,0
16000,9714,12778,258,1175,7,2,1,3,11,5,9,1,0,0,0,0,0,0
16100,9742,13450,235,1014,6,3,3,1,6,3,8,2,0,0,0,0,0,0
16200,9783,14529,202,1148,3,2,3,1,1,4,8,1,0,0,0,0,0,0
16300,9772,14351,211,1146,2,1,2,0,6,2,7,0,0,0,0,0,0,0
16400,9773,14272,211,1054,5,4,2,1,3,4,5,0,1,0,0,0,0,0
16500,9792,13019,187,948,5,1,3,5,3,4,10,1,0,0,0,0,0,0
16600,9790,12956,191,958,4,1,5,2,3,7,7,0,0,0,0,0,0,0
16700,9814,14450,163,1125,11,2,4,3,5,0,3,0,0,0,0,0,0,0
16800,9798,13237,155,1223,25,0,13,1,4,3,5,0,0,0,0,0,0,0
16900,9805,13257,156,1274,21,2,7,4,3,3,8,0,0,0,0,0,0,0
17000,9808,13627,151,1406,20,1,6,6,6,9,9,0,0,0,0,0,0,0
17100,9795,14443,165,1379,20,1,8,3,2,10,10,1,0,0,0,0,0,0
17200,9802,14238,159,1119,18,0,8,6,1,1,12,1,0,0,0,0,0,0
17300,9804,13595,148,1278,26,1,10,1,4,2,8,0,0,0,0,0,0,0
17400,9804,12872,158,1380,21,3,8,7,5,5,4,0,0,0,0,0,0,0
17500,9778,13344,179,1388,18,3,9,8,5,7,10,4,1,0,0,0,0,0
17600,9787,11284,175,1345,19,3,9,2,2,6,7,2,1,0,0,0,0,0
17700,9798,11923,157,1239,19,1,10,2,4,4,12,2,0,1,0,0,0,0
17800,9810,12597,154,958,18,3,7,3,4,12,7,1,0,0,0,0,0,0
17900,9805,10134,159,1036,15,1,9,5,6,1,6,1,0,0,0,0,0,0
18000,9811,11385,156,966,18,1,4,4,3,1,8,0,0,0,0,0,0,0
18100,9801,10623,160,716,18,1,16,2,0,2,5,2,0,0,0,0,0,0
18200,9803,10014,158,639,13,1,16,0,2,1,8,0,0,0,0,0,0,0
18300,9814,8616,152,775,13,1,14,4,1,4,6,0,0,0,0,0,0,0
18400,9815,8258,142,713,16,0,16,3,7,3,4,0,0,0,0,0,0,0
18500,9817,8578,146,642,13,2,17,6,3,14,4,0,0,0,0,0,0,0
18600,9821,9913,145,653,10,1,18,4,1,3,5,1,0,0,0,0,0,0
18700,9813,8955,141,598,20,1,19,4,0,3,7,1,0,0,0,0,0,0
18800,9821,9710,140,557,16,3,15,2,2,3,6,0,0,0,0,0,0,0
18900,9827,9707,136,560,8,1,15,5,5,2,9,1,0,0,0,0,0,0
19000,9829,8521,130,605,16,2,14,9,2,4,9,0,0,0,0,0,0,0
19100,9822,9604,138,625,13,1,19,7,1,1,7,1,0,0,0,0,0,0
19200,9840,8702,126,763,11,2,13,3,3,0,7,1,0,0,0,0,0,0
19300,9855,8320,116,683,1,1,24,2,1,1,3,0,0,0,0,0,0,0
19400,9857,8567,114,612,3,1,18,5,3,4,5,0,0,0,0,0,0,0
19500,9856,9613,111,576,4,2,20,0,1,2,8,4,0,0,0,0,0,0
19600,9860,9033,116,615,0,2,18,5,1,4,4,0,1,0,0,0,0,0
19700,9879,9431,95,583,1,1,15,1,3,1,7,1,0,0,0,0,0,0
19800,9880,8838,98,557,4,0,10,1,2,8,6,1,0,0,0,0,0,0
19900,9851,7790,126,545,4,1,13,0,1,4,5,0,0,0,0,0,0,0
20000,9848,8860,131,547,0,0,11,0,6,0,4,1,0,0,0,0,0,0
20100,9862,7833,120,531,1,2,13,3,1,4,3,0,0,0,0,0,0,0
20200,9877,8006,97,550,2,4,13,0,2,2,9,1,0,0,0,0,0,0
20300,9885,7008,90,700,2,0,15,2,1,2,7,1,0,0,0,0,0,0
20400,9892,6594,91,740,1,2,10,2,2,7,4,1,0,0,0,0,0,0
20500,9883,7018,91,683,2,2,14,1,2,1,8,0,0,0,0,0,0,0
20600,9890,7083,83,711,2,3,12,5,3,1,10,0,0,0,0,0,0,0
20700,9906,5711,70,680,1,1,12,1,4,4,7,1,0,0,0,0,0,0
20800,9891,6049,76,622,6,1,13,1,7,1,7,1,0,0,0,0,0,0
20900,9900,6138,78,637,2,4,12,0,4,1,4,0,0,0,0,0,0,0
21000,9891,7041,78,677,1,0,17,2,6,1,7,0,0,0,0,0,0,0
21100,9891,6492,75,528,3,0,17,2,3,4,11,0,0,0,0,0,0,0
21200,9901,6339,74,501,4,1,12,2,4,1,5,1,0,0,0,0,0,0
21300,9914,7073,54,415,5,0,17,1,1,4,9,0,0,0,0,0,0,0
21400,9920,6005,54,294,1,2,12,0,4,2,9,1,0,0,0,0,0,0
21500,9930,5718,43,269,2,0,16,2,5,6,4,0,0,0,0,0,0,0
21600,9929,6854,50,288,5,4,12,3,2,1,2,0,0,0,0,0,0,0
21700,9931,7234,48,206,0,0,15,2,1,0,5,0,0,0,0,0,0,0
21800,9933,6113,46,265,2,0,13,3,1,3,5,1,0,0,0,0,0,0
21900,9928,5245,42,294,3,1,17,4,1,2,9,1,0,0,0,0,0,0
22000,9939,5555,33,196,2,1,15,2,1,1,10,2,0,0,0,0,0,0
22100,9930,5579,40,199,2,0,19,1,2,2,7,1,0,0,0,0,0,0
22200,9948,5550,33,277,3,2,6,1,3,5,6,0,1,0,0,0,0,0
22300,9937,6004,32,395,3,1,16,4,3,4,9,0,0,0,0,0,0,0
22400,9928,6763,37,443,5,1,15,0,3,3,12,0,0,0,0,0,0,0
22500,9944,6204,34,403,2,0,12,1,1,1,7,0,0,0,0,0,0,0
22600,9938,5617,36,278,2,0,17,0,3,3,4,0,0,0,0,0,0,0
22700,9939,4694,38,280,2,1,12,0,2,0,7,1,0,0,0,0,0,0
22800,9936,4203,43,306,3,1,8,0,5,1,5,0,0,0,0,0,0,0
22900,9933,5016,39,250,2,0,15,3,7,0,4,0,0,0,0,0,0,0
23000,9931,5499,46,199,1,1,12,1,6,0,4,0,0,0,0,0,0,0
23100,9942,5563,39,192,1,0,10,0,3,3,5,0,0,0,0,0,0,0
23200,9950,4877,34,193,1,2,9,0,2,2,4,0,0,0,0,0,0,0
23300,9951,4901,35,199,1,2,8,2,4,3,1,1,0,0,0,0,0,0
23400,9939,4460,44,280,2,2,10,0,5,0,0,0,0,0,0,0,0,0
23500,9929,4751,57,205,3,2,7,0,3,1,1,1,0,0,0,0,0,0
23600,9924,4609,63,254,1,1,7,0,3,3,2,1,0,0,0,0,0,0
23700,9924,4956,63,137,2,0,7,1,3,3,1,1,0,0,0,0,0,0
23800,9918,4728,66,121,4,2,7,1,5,3,0,1,0,0,0,0,0,0
23900,9919,4466,59,137,3,1,13,1,5,5,1,0,0,0,0,0,0,0
24000,9919,4211,59,158,2,1,18,1,1,2,1,0,0,0,0,0,0,0
24100,9922,4161,60,198,0,1,13,1,4,3,1,1,0,0,0,0,0,0
24200,9931,4096,50,258,3,0,14,0,2,3,0,1,0,0,0,0,0,0
24300,9940,4405,45,346,1,0,13,1,1,4,0,0,0,0,0,0,0,0
24400,9933,4867,55,379,2,1,7,0,3,0,0,1,0,0,0,0,0,0
24500,9934,4634,52,299,2,3,8,1,3,0,1,0,0,0,0,0,0,0
24600,9939,4349,51,284,2,1,5,2,2,1,1,0,0,0,0,0,0,0
24700,9934,4186,52,266,2,0,6,1,4,1,2,0,0,0,0,0,0,0
24800,9948,4573,41,218,2,2,6,1,2,1,1,0,0,0,0,0,0,0
24900,9939,4247,48,270,3,0,8,0,0,2,2,0,0,0,0,0,0,0
25000,9942,4560,44,288,1,1,8,0,4,0,1,0,0,0,0,0,0,0
25100,9940,4657,40,324,5,1,12,1,2,0,1,1,0,0,0,0,0,0
25200,9951,4151,36,318,1,0,10,3,1,1,0,0,0,0,0,0,1,0
25300,9942,3912,36,355,2,0,14,3,3,0,2,1,1,0,0,0,0,0
25400,9938,3686,46,381,5,1,9,1,2,1,0,0,0,0,0,0,0,0
25500,9951,3952,36,376,0,0,9,0,0,0,4,0,0,0,0,0,0,0
25600,9952,3211,35,346,3,1,9,1,1,0,0,0,0,0,0,0,0,0
25700,9953,3144,29,375,3,2,10,3,4,1,1,0,0,0,0,0,0,0
25800,9956,3473,29,353,5,1,4,1,2,2,4,0,0,0,0,0,0,0
25900,9947,3562,36,365,3,0,7,1,5,2,2,0,0,0,0,0,0,0
26000,9949,3519,30,489,9,0,7,2,4,1,1,0,0,0,0,0,0,0
26100,9930,3156,62,564,1,1,3,8,2,0,2,1,0,0,0,0,0,0
26200,9921,3767,70,594,1,0,1,0,4,1,3,1,0,0,0,0,0,0
26300,9913,3200,74,638,3,3,3,9,5,4,2,0,0,0,0,0,0,0
26400,9899,3505,95,603,2,1,1,14,3,1,0,0,0,0,0,0,0,0
26500,9859,4035,129,598,3,0,3,14,5,3,1,1,0,0,0,0,0,0
26600,9870,4233,126,561,2,1,1,0,0,2,1,0,0,0,0,0,0,0
26700,9863,3900,120,726,7,1,4,0,4,2,2,0,0,0,0,0,0,0
26800,9885,3612,105,717,3,0,1,2,5,4,1,0,0,0,0,0,0,0
26900,9872,3486,119,508,3,2,1,0,3,0,2,0,0,0,0,0,0,0
27000,9885,3848,105,563,1,1,1,3,7,1,1,0,0,0,0,0,0,0
27100,9890,4098,104,507,0,0,2,5,2,2,2,1,0,0,0,0,0,0
27200,9880,4608,112,476,4,0,0,0,2,1,2,1,0,0,0,0,0,0
27300,9904,4149,91,406,1,2,3,4,1,1,0,1,0,0,0,0,0,0
27400,9915,4056,75,360,2,0,1,1,6,0,0,0,1,0,0,0,0,0
27500,9899,3947,92,329,1,1,3,2,3,4,2,0,0,0,0,0,0,0
27600,9915,4151,75,374,2,0,2,1,6,2,0,1,0,0,0,0,0,0
27700,9902,3846,86,309,1,1,4,0,5,3,2,0,0,0,0,0,0,0
27800,9881,3853,111,303,4,1,2,4,1,3,1,0,0,0,0,0,0,0
27900,9873,3984,123,323,1,0,1,9,1,1,1,0,0,0,0,0,0,0
28000,9866,4037,127,367,3,1,2,0,2,3,0,0,0,0,0,0,0,0
28100,9869,4302,119,352,1,0,5,6,5,1,1,0,0,0,0,0,0,0
28200,9867,4324,118,271,5,0,4,1,3,1,3,1,0,0,0,0,0,0
28300,9876,4010,112,198,2,5,7,0,0,3,3,0,0,0,0,0,0,0
28400,9877,4130,109,109,4,2,4,0,5,7,1,0,0,0,0,0,0,0
28500,9896,3855,97,113,2,0,4,0,1,0,0,1,0,0,0,0,0,0
28600,9887,3244,99,138,2,1,2,0,9,1,1,0,0,0,0,0,0,0
28700,9916,2801,77,133,2,2,1,0,3,4,1,0,0,0,0,0,0,0
28800,9901,3022,90,110,3,0,2,5,4,1,0,0,0,0,0,0,0,0
28900,9906,3916,86,111,2,1,3,4,2,2,1,0,0,0,0,0,0,0
29000,9910,4434,82,117,1,1,4,4,2,5,1,0,0,0,0,0,0,0
29100,9922,4172,71,113,1,1,3,4,2,1,1,0,0,0,0,0,0,0
29200,9936,4011,57,124,2,2,2,1,3,2,0,0,0,0,0,0,0,0
29300,9950,4113,42,194,4,2,3,0,0,1,1,0,0,1,0,0,0,0
29400,9950,4205,47,231,2,0,0,1,0,1,1,0,0,0,0,0,0,0
29500,9937,4194,59,261,0,0,2,7,1,1,0,0,0,0,0,0,1,0
29600,9927,5074,60,250,0,1,7,5,4,2,2,0,0,0,0,0,0,0
29700,9934,5296,61,240,3,1,2,1,0,3,0,0,0,0,0,0,0,0
29800,9936,5285,59,247,0,2,4,3,0,1,1,0,0,0,0,0,0,0
29900,9952,5333,38,328,1,4,5,3,3,2,1,0,0,0,0,0,0,0
30000,9974,4918,21,340,2,0,1,2,1,2,1,0,0,0,0,0,0,0
30100,9972,5147,25,391,2,0,0,5,1,1,0,0,0,0,0,0,0,0
30200,9930,4390,65,339,2,0,2,1,1,2,0,0,0,0,0,0,0,0
30300,9909,4404,90,347,0,0,0,2,1,0,0,0,0,0,0,0,0,0
30400,9901,4722,90,310,2,2,2,4,2,0,3,0,0,0,0,0,0,0
30500,9904,3846,91,298,1,0,2,7,1,1,1,0,0,0,0,0,0,0
30600,9905,4120,89,243,1,0,2,0,2,1,1,0,0,0,0,0,0,0
30700,9904,4112,91,277,1,0,3,1,0,1,1,0,0,0,0,0,0,0
30800,9898,4230,94,341,2,0,4,1,0,1,2,0,0,0,0,0,0,0
30900,9897,3875,89,368,1,0,10,2,2,1,1,0,0,0,0,0,0,0
31000,9898,3459,93,378,0,2,1,4,6,1,2,0,0,0,0,0,0,0
31100,9902,3373,94,420,0,2,3,0,1,1,0,1,0,0,0,0,0,0
31200,9900,3882,85,436,5,0,4,0,4,1,1,1,0,0,1,0,0,0
31300,9897,3758,93,458,0,1,7,3,3,3,0,0,0,0,0,0,0,0
31400,9903,3812,88,568,2,2,1,2,4,3,2,1,0,0,0,0,0,0
31500,9902,3023,91,609,2,3,3,0,0,0,2,1,0,0,0,0,0,0
31600,9900,3415,91,611,1,2,5,1,2,2,1,0,0,0,0,0,0,0
31700,9908,3949,90,620,0,3,2,0,0,1,0,0,0,0,0,0,0,0
31800,9899,3520,93,381,3,1,2,0,3,0,0,0,0,0,0,0,0,0
31900,9888,3035,102,225,2,0,3,3,4,2,1,0,0,0,0,0,0,0
32000,9891,3496,98,263,3,0,2,0,5,0,1,0,0,0,0,0,0,0
32100,9904,3628,92,285,0,0,2,0,0,1,1,0,1,0,0,0,0,0
32200,9902,3241,92,277,1,1,1,2,4,1,0,0,0,0,0,0,0,0
32300,9894,2751,100,257,0,1,4,1,2,0,0,1,0,0,0,0,0,0
32400,9878,3822,106,327,3,1,7,0,0,0,6,0,0,0,0,0,0,0
32500,9879,4301,110,283,1,2,4,0,5,1,1,0,0,0,0,0,0,0
32600,9903,3549,87,278,3,2,3,3,4,2,0,0,0,0,0,0,0,0
32700,9915,2961,77,308,2,0,2,1,3,1,1,0,0,0,0,0,0,0
32800,9914,2065,76,352,1,8,5,5,1,2,3,1,0,0,0,0,0,0
32900,9911,2092,81,699,4,8,2,2,1,2,1,0,0,3,0,0,0,0
33000,9911,2331,78,522,1,0,5,1,4,1,1,0,0,0,0,0,0,0
33100,9905,2699,84,559,0,1,8,0,2,0,0,0,1,0,0,0,0,0
33200,9903,3699,81,592,3,0,8,0,1,0,4,1,0,0,0,0,0,0
33300,9900,3928,81,480,1,1,9,1,7,1,2,3,0,0,0,0,0,0
33400,9906,3789,87,546,1,1,4,1,2,3,0,0,0,0,0,0,0,0
33500,9910,4231,83,517,0,1,3,0,4,5,0,0,0,0,0,0,0,0
33600,9907,4366,81,418,3,2,4,0,0,0,5,0,0,0,0,0,0,0
33700,9908,4512,86,460,0,0,4,0,2,2,0,0,0,0,0,0,0,0
33800,9917,4222,74,411,0,4,7,0,0,2,2,0,0,0,0,0,0,0
33900,9907,3624,75,394,5,2,9,5,3,0,1,1,0,0,0,0,0,0
34000,9911,3249,78,314,2,1,6,1,1,0,2,1,0,0,0,0,0,0
34100,9928,3327,68,329,0,4,4,1,0,1,0,2,0,0,0,0,0,0
34200,9912,4104,76,289,2,1,8,0,2,0,0,1,0,0,0,0,0,0
34300,9908,4047,80,256,1,1,3,0,2,3,6,1,0,0,0,0,0,0
34400,9907,4172,82,203,1,2,3,1,2,0,5,0,0,0,0,0,0,0
34500,9912,3731,80,319,1,2,1,1,1,1,5,0,0,0,0,0,0,0
34600,9906,4101,81,342,1,0,4,1,3,0,5,1,0,0,0,0,0,0
34700,9953,3563,35,462,2,0,2,1,2,0,6,2,0,0,0,0,0,0
34800,9969,3234,17,404,2,2,3,0,3,0,6,1,0,0,0,0,0,0
34900,9975,3938,14,217,2,0,1,0,1,2,7,1,0,0,0,0,0,0
35000,9975,3866,8,241,4,3,4,0,4,0,5,0,0,0,0,0,0,0
35100,9974,2670,6,342,1,1,10,2,0,0,8,0,1,0,0,0,0,0
35200,9981,3495,4,236,1,0,4,0,5,1,5,0,0,0,0,0,0,0
35300,9978,4896,7,203,4,0,2,0,5,1,4,0,0,0,0,0,0,0
35400,9974,4907,10,263,4,2,4,3,2,1,6,0,0,0,0,0,0,0
35500,9979,5009,5,298,3,2,4,0,3,1,6,2,0,0,0,0,0,0
35600,9973,4595,10,227,1,2,6,1,3,1,7,0,0,0,0,0,0,0
35700,9977,3950,4,296,5,2,6,0,3,3,5,0,0,0,0,0,0,0
35800,9983,4321,6,388,2,0,3,3,0,1,6,0,0,0,0,0,0,0
35900,9986,4424,5,306,2,1,3,0,0,1,4,0,0,0,0,0,0,0
36000,9973,4866,7,327,1,1,12,1,1,4,6,0,0,0,0,0,0,0
36100,9973,4340,6,299,2,1,9,1,5,0,5,0,0,0,0,0,0,0
36200,9970,3810,10,316,3,0,7,2,4,1,6,0,0,0,0,0,0,0
36300,9981,4473,5,313,2,1,2,3,5,0,5,0,0,0,0,0,0,0
36400,9975,4172,5,297,2,1,11,2,2,0,5,0,0,0,0,0,0,0
36500,9979,3867,7,223,1,0,7,1,0,1,6,0,0,0,0,0,0,0
36600,9974,3497,8,216,5,2,2,2,5,1,6,0,0,0,0,0,0,0
36700,9980,3325,5,209,1,1,7,1,1,1,6,1,0,0,0,0,0,0
36800,9985,3480,6,58,1,2,2,0,1,0,5,0,0,0,0,0,0,0
36900,9980,3531,6,36,1,2,5,3,2,2,6,0,0,0,0,0,0,0
37000,9979,4315,4,37,0,1,6,0,6,0,5,0,0,0,0,0,0,0
37100,9981,4405,4,33,0,0,5,0,5,0,5,2,0,0,0,0,0,0
37200,9979,4047,10,31,1,1,4,1,1,0,5,0,0,0,0,0,0,0
37300,9982,3764,6,32,1,0,4,1,3,2,4,0,0,0,0,0,0,0
37400,9979,3828,8,42,0,1,3,0,5,0,5,0,0,0,0,0,0,0
37500,9983,4189,6,50,1,0,4,0,0,3,6,1,0,0,0,0,0,0
37600,9976,4305,7,49,1,2,5,5,6,1,5,0,0,0,0,0,0,0
37700,9972,3606,14,54,0,0,6,2,2,0,6,0,0,0,0,0,0,0
37800,9959,3299,25,53,2,1,2,3,6,2,6,1,0,0,0,0,0,0
37900,9959,3850,25,56,3,0,6,0,3,2,4,1,0,0,0,0,0,0
38000,9959,3636,27,53,2,0,6,0,0,1,6,0,0,0,0,0,0,0
38100,9966,3769,25,70,1,2,1,2,2,0,5,0,0,0,0,0,0,0
38200,9955,4083,32,53,1,0,2,0,3,2,7,1,0,0,0,0,0,0
38300,9940,4625,43,46,1,1,5,0,5,2,6,1,0,0,0,0,0,0
38400,9944,4463,38,46,3,3,8,1,2,2,5,1,0,0,0,0,0,0
38500,9949,4619,39,47,0,0,6,0,1,2,5,2,0,0,0,0,0,0
38600,9946,3969,39,54,1,1,6,1,2,0,6,1,0,0,0,0,0,0
38700,9947,4505,38,46,1,3,8,2,1,0,5,1,0,0,0,0,0,0
38800,9942,5152,37,50,3,3,9,0,3,2,4,0,2,0,0,0,0,0
38900,9942,5614,43,49,2,2,5,2,1,1,7,1,0,0,0,0,0,0
39000,9950,4800,38,48,1,1,2,0,3,0,6,0,0,0,0,0,0,0
39100,9947,4337,39,52,1,2,7,0,2,5,4,0,0,0,0,0,0,0
39200,9948,4898,39,47,1,0,2,3,4,0,6,0,0,0,0,0,0,0
39300,9942,4167,38,64,5,1,6,0,4,3,5,0,0,0,0,0,0,0
39400,9916,3574,66,64,0,0,10,0,2,0,6,0,0,0,0,0,0,0
39500,9871,4156,111,66,1,1,11,0,2,0,4,0,0,0,0,0,0,0
39600,9888,3980,97,58,2,0,6,2,1,0,6,0,0,0,0,0,0,0
39700,9937,3568,39,62,4,0,10,1,6,1,4,0,0,0,0,0,0,0
39800,9941,3834,37,60,1,0,12,0,4,2,5,1,0,0,0,0,0,0
39900,9943,3758,38,60,3,1,9,0,2,1,5,0,0,0,0,0,0,0
40000,9937,4043,42,64,3,1,13,0,1,1,4,0,0,0,0,0,0,0
40100,9936,3884,41,62,1,1,12,3,5,1,4,0,1,0,0,0,0,0
40200,9948,4244,35,69,2,0,11,3,3,0,1,0,0,0,0,0,0,0
40300,9950,4229,38,62,0,3,6,1,3,0,3,4,0,0,0,0,0,0
40400,9955,4265,36,81,0,0,6,1,2,0,1,1,0,0,0,0,0,0
40500,9950,4951,36,61,2,1,6,8,5,2,1,1,0,0,0,0,0,0
40600,9962,4764,33,63,2,0,0,0,2,0,1,0,0,0,0,0,0,0
40700,9953,4085,36,60,4,1,4,0,1,1,2,0,0,0,0,0,0,0
40800,9963,3598,33,63,0,0,2,0,2,0,0,1,0,0,0,0,0,0
40900,9952,3889,33,58,0,1,9,0,5,3,1,0,0,0,0,0,0,0
41000,9962,4028,33,53,1,1,2,0,1,0,1,1,0,0,0,0,0,0
41100,9957,3405,34,83,3,0,3,3,2,1,1,2,0,0,0,0,0,0
41200,9960,3436,35,50,1,0,0,0,4,2,0,0,0,0,0,0,0,0
41300,9950,3823,44,41,1,0,2,0,3,0,0,2,0,0,0,0,0,0
41400,9938,4286,54,94,4,0,0,0,3,0,1,0,0,0,0,0,0,0
41500,9930,3870,57,45,6,1,3,0,3,1,1,0,0,0,0,0,0,0
41600,9935,4017,52,42,2,1,7,0,2,1,2,0,0,0,0,0,0,0
41700,9935,4249,50,46,2,0,9,1,2,0,2,0,0,0,0,0,0,0
41800,9945,3759,39,121,2,0,10,0,2,0,2,0,0,0,0,0,0,0
41900,9946,4255,39,64,3,0,10,0,2,0,0,0,0,0,0,0,0,0
42000,9939,3955,46,67,4,1,7,1,2,1,2,0,0,0,0,0,0,0
42100,9939,3858,43,69,4,0,12,0,2,1,0,0,0,0,0,0,0,0
42200,9953,4527,37,45,1,0,6,4,1,0,2,0,0,0,0,0,0,0
42300,9957,4198,27,41,2,0,9,3,4,1,1,0,0,0,0,0,0,0
42400,9951,3532,28,49,4,0,8,1,8,0,1,0,0,0,0,0,0,0
42500,9964,3539,23,44,1,1,9,2,2,3,1,0,0,0,0,0,0,0
42600,9960,4276,26,49,1,2,9,4,3,1,1,0,0,0,0,0,0,0
42700,9957,4602,27,45,2,1,13,0,1,0,0,0,0,0,0,0,0,0
42800,9956,4536,26,53,2,0,15,1,1,0,0,0,0,0,0,0,0,0
42900,9961,3730,23,77,1,0,7,0,7,1,1,0,0,0,0,0,0,0
43000,9962,3662,24,75,0,1,10,1,4,0,0,0,0,0,0,0,0,0
43100,9959,3766,31,93,0,0,7,0,2,0,1,0,0,0,0,0,0,0
43200,9962,4071,24,96,0,1,11,1,3,1,0,1,0,0,0,0,0,0
43300,9957,4363,29,81,1,0,9,0,3,1,1,0,0,0,0,0,0,0
43400,9959,4131,27,78,1,0,11,1,2,0,0,0,0,0,0,0,0,0
43500,9956,4187,34,60,0,0,9,3,1,2,0,0,0,0,0,0,0,0
43600,9961,3579,26,68,2,2,7,3,3,2,1,0,0,0,0,0,0,0
43700,9958,3483,27,74,2,2,9,2,4,0,0,1,0,0,0,0,0,0
43800,9959,2928,28,62,1,0,9,3,1,2,2,1,0,0,0,0,0,0
43900,9957,2974,26,32,3,1,10,1,3,0,1,0,0,0,0,0,0,0
44000,9957,3698,27,34,2,3,10,1,3,0,1,0,0,0,0,0,0,0
44100,9952,3636,27,40,3,1,13,0,3,1,2,0,0,0,0,0,0,0
44200,9956,3814,30,40,0,0,11,1,2,1,1,0,0,0,0,0,0,0
44300,9960,3972,25,45,0,0,12,0,2,0,1,0,0,0,0,0,0,0
44400,9966,3635,26,77,0,1,7,1,0,0,1,1,0,0,0,0,0,0
44500,9967,3560,29,71,0,1,2,0,2,0,0,0,0,0,0,0,0,0
44600,9969,3515,29,56,0,1,0,1,1,0,0,0,1,0,0,0,0,0
44700,9963,3497,25,51,1,1,7,0,3,1,1,0,0,0,0,0,0,0
44800,9968,3727,27,47,1,1,4,0,0,0,0,0,0,0,0,0,0,0
44900,9969,3627,27,44,0,0,1,1,2,0,1,0,0,0,0,0,0,0
45000,9972,3979,24,38,1,1,0,1,2,0,1,0,0,0,0,0,0,0
45100,9971,3939,23,45,2,1,0,0,2,0,2,0,0,0,0,0,0,0
45200,9967,4261,23,43,1,0,1,1,8,2,0,0,0,0,0,0,0,0
45300,9971,3895,23,41,2,0,0,0,2,0,2,0,0,0,0,0,0,0
45400,9983,4036,11,28,2,3,3,0,0,1,1,0,0,0,0,0,0,0
45500,9993,3863,1,38,5,1,0,0,0,0,1,1,0,0,0,0,0,0
45600,9987,3804,6,34,2,0,1,0,3,1,1,1,0,0,0,0,0,0
45700,9986,3745,3,57,4,0,3,0,3,1,1,0,0,0,0,0,0,0
45800,9990,3925,3,46,2,1,2,0,1,3,2,1,0,0,0,0,0,0
45900,9988,2916,4,74,2,1,4,0,2,0,0,1,0,0,0,0,0,0
46000,9989,3401,2,61,2,2,0,0,6,0,1,2,0,0,0,0,0,0
46100,9991,3131,5,50,1,0,0,1,2,3,1,0,0,0,0,0,0,0
46200,9988,3221,4,25,3,0,0,0,5,1,0,0,0,0,0,0,0,0
46300,9987,3233,2,26,3,0,4,0,3,1,1,0,0,0,0,0,0,0
46400,9992,3540,3,35,1,1,1,1,3,0,0,0,0,0,0,0,0,0
46500,9991,3176,1,28,2,0,2,0,2,1,2,0,0,0,0,0,0,0
46600,9985,2988,5,20,6,0,3,1,1,0,0,0,0,0,0,0,0,0
46700,9986,3215,7,32,1,0,3,0,3,3,0,0,0,0,0,0,0,0
46800,9983,3650,11,31,0,0,2,3,3,3,1,0,0,0,0,0,0,0
46900,9984,4006,8,15,2,1,2,2,1,0,3,1,0,0,0,0,0,0
47000,9975,3527,11,19,1,1,2,0,10,0,1,0,0,0,0,0,0,0
47100,9985,3523,9,18,2,1,0,1,1,0,3,1,0,0,0,0,0,0
47200,9979,3555,10,12,5,0,2,0,3,2,1,0,0,0,0,0,0,0
47300,9982,3817,8,15,4,0,1,0,2,0,3,0,0,0,0,0,0,0
47400,9987,3804,8,13,2,1,2,0,0,1,1,0,0,0,0,0,0,0
47500,9987,3466,9,48,1,1,1,2,1,2,1,1,0,0,0,0,0,0
47600,9986,2902,8,14,1,0,1,3,2,0,2,0,0,0,0,0,0,0
47700,9987,2908,6,15,2,2,1,0,3,2,1,0,0,0,0,0,0,0
47800,9982,3432,9,18,2,1,2,0,4,0,1,0,0,0,0,0,0,0
47900,9978,4312,14,15,5,1,0,0,1,1,2,0,0,0,0,0,0,0
48000,9981,4288,11,12,2,6,0,0,4,2,2,1,0,0,0,0,0,0
48100,9986,4185,11,26,2,1,0,0,1,0,0,0,0,0,0,0,0,0
48200,9975,3039,13,18,2,0,4,1,4,0,2,0,0,0,0,0,0,0
48300,9977,2408,10,20,3,0,4,2,4,1,2,0,0,0,0,0,0,0
48400,9981,2471,10,73,5,1,1,0,1,0,2,0,0,0,0,0,0,0
48500,9988,2234,11,26,0,0,0,1,1,0,0,0,0,0,0,0,0,0
48600,9978,2401,11,30,3,2,4,0,3,2,1,0,0,0,0,0,0,0
48700,9980,2588,10,36,3,0,1,3,2,1,4,0,0,0,0,0,0,0
48800,9981,2503,8,30,2,0,3,1,5,2,1,0,0,0,0,0,0,0
48900,9980,2709,15,26,2,2,3,0,0,1,0,0,0,0,0,0,0,0
49000,9982,2687,10,27,2,0,0,3,3,1,3,0,0,0,0,0,0,0
49100,9986,2938,11,32,1,0,1,0,1,0,0,1,0,0,0,0,0,0
49200,9981,3275,10,26,2,0,2,0,4,0,1,0,0,0,0,0,0,0
49300,9980,3408,12,36,2,1,1,1,3,3,2,0,0,0,0,0,0,0
49400,9989,3323,8,35,1,0,1,2,1,1,0,1,0,0,0,0,0,0
49500,9981,2732,12,35,1,4,1,3,3,1,2,0,0,0,0,0,0,0
49600,9982,2519,12,40,1,1,3,1,2,2,0,1,0,0,0,0,0,0
49700,9980,3334,12,58,0,1,6,1,0,2,2,0,0,0,0,0,0,0
49800,9981,3522,11,50,4,2,3,0,0,0,1,0,0,0,0,0,0,0
49900,9981,3626,10,53,3,1,2,0,2,0,2,0,0,0,0,0,0,0
50000,9981,3706,10,40,4,2,2,1,3,2,0,0,0,0,0,0,0,0
50100,9986,3733,7,20,2,0,0,0,3,2,2,1,0,0,0,0,0,0
50200,9985,4583,7,24,1,1,5,1,2,0,0,0,0,0,0,0,0,0
50300,9985,3950,10,20,3,7,1,2,0,0,1,0,0,0,0,0,0,0
50400,9986,3318,7,20,1,0,0,0,4,1,2,1,0,0,0,0,0,0
50500,9990,3416,6,23,1,0,0,1,3,0,0,0,0,0,0,0,0,0
50600,9992,3739,5,23,1,0,0,1,2,1,0,0,0,0,0,0,0,0
50700,9988,4024,6,23,1,0,2,0,2,1,1,0,0,0,0,0,0,0
50800,9983,4357,10,23,1,0,3,0,2,2,1,0,0,0,0,0,0,0
50900,9991,4242,8,25,1,1,0,0,0,1,0,1,0,0,0,0,0,0
51000,9988,4657,7,20,2,0,1,2,2,0,0,0,0,0,0,0,0,0
51100,9988,3823,7,20,0,1,1,2,3,0,1,0,0,0,0,0,0,0
51200,9987,3264,8,24,1,0,0,0,2,0,2,0,0,0,0,0,0,0
51300,9984,3161,7,20,2,1,3,1,3,0,1,0,0,0,0,0,0,0
51400,9991,3773,5,24,1,3,2,0,1,0,0,0,0,0,0,0,0,0
51500,9987,3448,3,113,2,10,4,1,3,0,1,0,0,0,0,0,0,0
51600,9988,2833,2,92,2,9,4,0,4,1,0,0,0,0,0,0,0,0
51700,9989,2562,0,61,1,10,4,0,6,1,0,0,0,0,0,0,0,0
51800,9992,3878,1,44,1,0,4,1,2,2,0,1,0,0,0,0,0,0
51900,9981,4126,0,56,1,1,15,0,2,1,1,0,0,0,0,0,0,0
52000,9972,3965,1,46,0,1,23,0,1,0,3,0,0,0,0,0,0,0
52100,9978,3405,0,48,1,0,20,1,1,1,0,0,0,0,0,0,0,0
52200,9978,3566,0,56,1,2,19,1,2,0,0,0,0,0,0,0,0,0
52300,9967,3732,0,58,0,0,27,1,4,2,2,0,0,0,0,0,0,0
52400,9966,2894,3,54,2,0,29,2,0,0,0,0,0,0,0,0,0,0
52500,9970,3235,2,48,3,0,22,1,3,0,0,0,0,0,0,0,0,0
52600,9967,3651,0,58,4,0,24,2,4,0,1,0,0,0,0,0,0,0
52700,9976,2888,1,55,1,1,19,1,2,0,1,0,0,0,0,0,0,0
52800,9966,3304,4,39,0,0,27,0,3,0,0,0,0,0,0,0,0,0
52900,9972,3670,2,36,2,0,20,1,3,1,1,0,0,0,0,0,0,0
53000,9963,3736,0,36,3,0,28,0,5,0,1,0,0,0,0,0,0,0
53100,9970,4032,2,26,2,0,22,0,3,0,1,0,0,0,0,0,0,0
53200,9969,3730,3,33,2,0,22,1,1,2,3,1,0,0,0,0,0,0
53300,9968,3868,5,60,2,0,20,0,4,1,1,0,0,0,0,0,0,0
53400,9960,3087,5,53,2,1,23,1,6,1,4,0,0,0,0,0,0,0
53500,9967,2534,5,54,1,0,24,0,3,0,0,1,0,0,0,0,0,0
53600,9975,3046,4,49,0,0,19,1,1,1,1,0,0,0,0,0,0,0
53700,9962,3364,4,28,4,0,24,0,5,0,1,0,0,0,0,0,0,0
53800,9920,3250,28,32,6,0,43,0,1,1,2,0,0,0,0,0,0,0
53900,9929,3682,24,28,2,0,42,0,2,0,1,0,0,0,0,0,0,0
54000,9931,4012,22,27,1,0,43,1,2,0,1,0,0,0,0,0,0,0
54100,9924,3465,23,27,2,2,45,2,5,0,1,0,0,0,0,0,0,0
54200,9926,3662,24,30,5,0,41,0,2,1,2,0,0,0,0,0,0,0
54300,9924,3385,27,47,4,1,40,3,5,0,0,0,0,0,0,0,0,0
54400,9926,3534,26,31,1,0,45,3,0,2,2,0,0,0,0,0,0,0
54500,9928,3239,26,28,1,1,40,2,3,4,2,0,0,0,0,0,0,0
54600,9923,3506,25,25,2,1,43,0,4,1,3,0,0,0,0,0,0,0
54700,9918,3542,27,26,3,0,46,5,6,0,0,0,0,0,0,0,0,0
54800,9926,3511,26,27,1,0,40,0,5,1,2,1,0,0,0,0,0,0
54900,9920,3149,30,27,1,0,46,0,2,0,1,0,0,0,0,0,0,0
55000,9916,3262,39,47,3,0,40,4,2,0,0,0,0,0,0,0,0,0
55100,9907,3192,45,34,4,0,40,0,4,0,0,0,0,0,0,0,0,0
55200,9907,2976,46,32,3,0,40,0,2,1,2,0,0,0,0,0,0,0
55300,9906,3035,44,26,2,0,43,0,2,0,3,1,0,0,0,0,0,0
55400,9899,3051,48,30,4,2,43,0,5,1,1,0,0,0,0,0,0,0
55500,9909,2800,42,14,1,0,46,7,2,1,0,1,0,0,0,0,0,0
55600,9909,2609,42,2,2,2,42,0,4,1,1,0,0,0,0,0,0,0
55700,9908,2768,44,6,2,2,42,0,4,0,0,0,0,0,0,0,0,0
55800,9898,2912,48,7,1,1,49,6,3,0,1,0,0,0,0,0,0,0
55900,9900,2568,47,8,3,1,45,2,3,1,2,0,0,0,0,0,0,0
56000,9909,2553,50,5,3,1,37,1,0,0,1,0,0,0,0,0,0,0
56100,9910,2987,54,0,3,2,29,1,4,1,0,0,0,0,0,0,0,0
56200,9907,3397,50,1,5,1,33,2,5,0,0,0,0,0,0,0,0,0
56300,9913,3498,55,0,3,0,24,3,3,3,2,1,0,0,0,0,0,0
56400,9912,4255,48,4,3,0,32,1,3,0,2,1,0,0,0,0,0,0
56500,9913,3030,51,2,3,2,30,0,3,0,0,0,0,0,0,0,0,0
56600,9916,3047,52,2,1,1,27,0,3,1,1,0,0,0,0,0,0,0
56700,9909,2728,48,4,2,0,33,1,6,2,2,0,0,0,0,0,0,0
56800,9916,2946,49,10,5,0,24,0,5,0,1,0,0,0,0,0,0,0
56900,9920,2415,46,21,3,1,22,1,5,1,4,0,0,0,0,0,0,0
57000,9914,2777,49,8,2,0,28,0,6,1,1,0,0,0,0,0,0,0
57100,9919,2979,51,6,3,2,24,1,2,1,1,0,0,0,0,0,0,0
57200,9922,3188,49,3,1,3,25,0,2,1,1,0,0,0,0,0,0,0
57300,9921,2848,46,2,1,0,27,2,2,0,3,1,0,0,0,0,0,0
57400,9899,3325,68,3,2,0,25,0,4,1,2,0,0,0,0,0,0,0
57500,9891,3314,73,10,7,0,23,0,5,1,1,0,0,0,0,0,0,0
57600,9894,3171,70,2,2,1,28,1,3,2,3,0,0,0,0,0,0,0
57700,9893,3154,72,2,4,0,22,0,8,0,1,0,0,0,0,0,0,0
57800,9901,3466,65,4,3,0,28,0,0,2,3,2,0,0,0,0,0,0
57900,9907,3080,62,32,1,0,27,8,2,0,1,0,0,0,0,0,0,0
58000,9903,3449,65,100,1,1,27,1,4,0,0,1,0,0,0,0,0,0
58100,9905,3902,60,82,2,0,27,4,5,0,1,0,0,0,0,0,0,0
58200,9907,3928,60,4,4,1,27,2,2,1,0,0,0,0,0,0,0,0
58300,9923,3724,51,3,1,0,22,0,2,0,1,0,0,0,0,0,0,0
58400,9921,3603,47,1,1,1,27,0,4,0,0,1,0,0,0,0,0,0
58500,9913,3857,49,6,5,1,28,0,2,0,3,1,0,0,0,0,0,0
58600,9923,3686,45,8,2,1,24,0,4,0,2,1,0,0,0,0,0,0
58700,9921,4079,50,4,0,0,27,0,2,1,0,0,0,0,0,0,0,0
58800,9919,4588,55,1,3,1,21,0,1,0,1,1,0,0,0,0,0,0
58900,9928,4162,46,0,2,1,21,2,2,0,1,0,0,0,0,0,0,0
59000,9935,5048,37,1,4,0,24,1,0,0,0,0,0,0,0,0,0,0
59100,9926,4344,38,7,3,0,28,1,2,3,3,0,0,0,0,0,0,0
59200,9923,4462,41,5,2,1,30,0,3,0,1,0,0,0,0,0,0,0
59300,9922,3845,42,5,1,1,28,0,5,0,2,0,0,0,0,0,0,0
59400,9923,4295,42,3,2,1,29,0,0,1,4,0,0,0,0,0,0,0
59500,9920,4389,46,5,2,0,29,0,2,1,1,0,0,0,0,0,0,0
59600,9923,4623,44,3,0,1,29,0,4,0,0,1,0,0,0,0,0,0
59700,9921,5248,41,4,2,0,30,0,5,0,1,1,0,0,0,0,0,0
59800,9921,4916,44,2,3,2,29,1,2,2,1,1,0,0,0,0,0,0
59900,9913,4297,47,10,2,1,33,1,2,1,3,0,0,0,0,0,0,0
60000,9919,4559,37,2,4,0,36,1,3,2,1,0,0,0,0,0,0,0
60100,9927,4534,38,69,3,0,29,0,2,2,1,2,0,0,0,0,0,0
60200,9921,3706,40,0,5,1,30,3,2,2,2,0,0,0,0,0,0,0
60300,9913,3532,48,3,6,1,30,1,3,4,0,2,0,0,0,0,0,0
60400,9896,4287,61,1,8,0,30,0,1,2,4,0,0,0,0,0,0,0
60500,9893,4462,67,6,6,3,32,1,1,1,1,0,0,0,0,0,0,0
60600,9898,4920,63,0,7,1,29,4,1,1,2,0,0,0,0,0,0,0
60700,9889,4557,75,5,6,1,29,0,0,0,1,0,0,0,0,0,0,0
60800,9835,4162,125,0,6,1,30,1,3,0,1,0,0,0,0,0,0,0
60900,9820,3315,123,0,13,1,30,0,13,0,1,1,0,0,0,0,0,0
61000,9836,3785,117,2,10,2,33,4,4,2,0,2,0,0,0,0,0,0
61100,9835,3738,120,7,10,0,31,0,3,1,1,0,0,0,0,0,0,0
61200,9835,3977,112,13,15,0,30,0,8,1,0,0,0,0,0,0,0,0
61300,9835,4004,118,33,10,0,32,0,5,0,0,1,0,0,0,0,0,0
61400,9830,4320,120,4,12,0,34,3,2,0,2,1,0,0,0,0,0,0
61500,9829,4433,121,7,11,0,34,2,4,0,1,1,0,0,0,0,0,0
61600,9833,4637,121,9,11,1,32,0,1,2,2,1,0,0,0,0,0,0
61700,9833,4773,121,14,13,1,27,0,6,2,0,1,0,0,0,0,0,0
61800,9832,4039,119,32,10,2,34,3,3,1,2,0,0,0,0,0,0,0
61900,9841,3651,119,24,9,0,30,0,0,0,1,0,0,0,0,0,0,0
62000,9848,4010,105,30,9,0,29,1,8,0,1,1,0,0,0,0,0,0
62100,9848,3495,99,27,11,2,33,1,4,0,5,0,0,0,0,0,0,0
62200,9859,3855,100,23,10,0,29,3,2,0,0,1,0,0,0,0,0,0
62300,9853,3774,109,2,9,0,28,4,1,0,0,0,0,0,0,0,0,0
62400,9847,4315,110,0,8,0,29,1,6,1,0,0,0,0,0,0,0,0
62500,9836,4533,116,7,10,1,31,1,4,0,3,0,0,0,0,0,0,0
62600,9821,3985,132,56,12,0,32,1,2,0,1,0,0,0,0,0,0,0
62700,9835,4415,123,87,10,0,30,2,0,2,2,0,0,0,0,0,0,0
62800,9835,4052,116,1,12,1,32,1,3,1,2,0,0,0,0,0,0,0
62900,9837,4049,120,3,12,1,31,0,0,1,0,0,0,0,0,0,0,0
63000,9834,3930,122,1,7,2,30,0,3,0,4,0,0,0,0,0,0,0
63100,9844,4151,117,1,8,2,28,0,2,0,1,0,0,0,0,0,0,0
63200,9837,4389,119,0,10,0,31,4,2,1,1,1,0,0,0,0,0,0
63300,9841,4860,113,3,7,0,33,0,4,0,2,0,0,0,0,0,0,0
63400,9861,4727,102,2,7,0,27,0,3,3,0,1,0,0,0,0,0,0
63500,9858,5203,108,3,5,0,28,1,0,2,1,0,0,0,0,0,0,0
63600,9856,4951,103,3,5,1,32,1,1,1,3,0,0,0,0,0,0,0
63700,9854,4818,106,8,5,0,29,0,4,0,2,0,0,0,0,0,0,0
63800,9866,4827,102,7,7,0,21,2,3,1,1,0,0,0,0,0,0,0
63900,9883,4283,97,4,7,0,10,0,3,5,0,0,0,0,0,0,0,0
64000,9885,4262,97,14,9,0,8,1,1,0,0,0,0,0,0,0,0,0
64100,9868,5185,110,4,7,0,10,3,4,4,1,0,0,0,0,0,0,0
64200,9868,4550,106,6,12,0,12,4,2,0,0,1,0,0,0,0,0,0
64300,9882,4980,96,3,9,0,11,0,2,1,0,1,0,0,0,0,0,0
64400,9881,5244,100,4,6,0,7,1,6,0,0,0,0,0,0,0,0,0
64500,9860,5124,117,9,10,0,10,1,3,1,0,0,0,0,0,0,0,0
64600,9847,4103,132,5,9,0,8,0,3,0,1,1,0,0,0,0,0,0
64700,9848,4178,130,3,7,1,10,0,4,1,1,0,0,0,0,0,0,0
64800,9884,4130,97,9,5,0,9,0,3,3,2,0,0,0,0,0,0,0
64900,9874,4774,108,9,6,0,9,1,3,0,0,0,0,0,0,0,0,0
65000,9841,4667,138,10,9,0,9,1,1,1,2,0,0,0,0,0,0,0
65100,9839,4526,132,11,8,0,13,2,6,0,2,0,0,0,0,0,0,0
65200,9850,3548,128,8,10,0,9,0,3,1,0,0,0,0,0,0,0,0
65300,9847,3607,127,6,10,0,13,0,2,1,1,0,0,0,0,0,0,0
65400,9838,3821,134,1,9,2,13,1,5,1,1,0,0,0,0,0,0,0
65500,9858,4375,122,5,5,2,10,0,4,0,1,1,0,0,0,0,0,0
65600,9833,4159,144,31,6,0,8,0,7,1,2,0,0,0,0,0,0,0
65700,9809,3206,169,1,10,0,11,0,1,1,0,0,0,0,0,0,0,0
65800,9806,3199,172,75,7,1,13,0,2,1,0,0,0,0,0,0,0,0
65900,9805,3962,173,23,10,1,9,4,2,1,1,0,0,0,0,0,0,0
66000,9814,4167,165,5,5,0,8,2,5,0,3,1,0,0,0,0,0,0
66100,9812,4660,170,11,5,0,7,0,4,4,2,0,0,0,0,0,0,0
66200,9814,4124,168,2,5,0,10,0,3,1,0,0,0,0,0,0,0,0
66300,9814,4478,164,2,7,1,10,1,3,1,2,0,0,0,0,0,0,0
66400,9810,3895,169,3,10,0,10,0,1,1,0,0,0,0,0,0,0,0
66500,9813,4292,169,20,7,1,8,1,2,0,1,0,0,0,0,0,0,0
66600,9816,3943,167,2,7,1,8,0,2,0,0,0,0,0,0,0,0,0
66700,9823,3187,169,2,5,2,1,0,1,3,1,1,0,0,0,0,0,0
66800,9822,2902,170,1,5,0,1,1,2,2,0,0,0,1,0,0,0,0
66900,9818,3377,169,3,8,0,1,1,4,1,0,0,0,0,0,0,0,0
67000,9814,4264,171,24,7,2,1,2,4,3,3,0,0,0,0,0,0,0
67100,9823,4005,169,9,4,2,1,0,3,0,0,0,0,0,0,0,0,0
67200,9820,4570,171,7,4,0,2,0,1,0,2,0,0,0,0,0,0,0
67300,9826,4961,168,2,3,1,1,2,1,0,1,0,0,0,0,0,0,0
67400,9832,4389,165,1,2,1,1,1,0,0,0,0,0,0,0,0,0,0
67500,9839,4483,153,2,4,2,2,0,1,1,1,1,0,0,0,0,0,0
67600,9837,4780,155,3,3,3,3,1,2,3,0,1,0,0,0,0,0,0
67700,9829,4264,156,11,3,1,4,0,6,1,2,0,0,0,0,0,0,0
67800,9829,3998,165,0,3,2,2,0,1,2,0,0,0,0,0,0,0,0
67900,9827,4747,167,5,1,0,3,1,2,6,0,0,0,0,0,0,0,0
68000,9833,3533,159,4,1,3,1,1,5,1,1,2,0,0,0,0,0,0
68100,9855,3895,137,7,2,2,2,1,3,1,1,1,0,0,0,0,0,0
68200,9899,4113,96,7,1,1,2,0,0,0,2,2,0,0,0,0,0,0
68300,9893,4314,99,2,3,0,1,1,3,0,1,2,0,0,0,0,0,0
68400,9890,4573,108,0,1,0,0,1,0,1,1,0,0,0,0,0,0,0
68500,9906,3890,91,8,2,1,0,0,1,0,0,0,0,0,0,0,0,0
68600,9923,3086,68,7,4,2,1,0,4,1,0,0,0,0,0,0,0,0
68700,9936,3756,60,16,2,1,0,3,1,0,1,2,0,0,0,0,0,0
68800,9936,5166,60,15,1,1,2,0,0,0,1,0,0,0,0,0,0,0
68900,9904,4919,88,5,3,0,2,1,1,0,2,0,0,0,0,0,0,0
69000,9906,4171,85,13,4,0,0,1,4,0,1,1,0,0,0,0,0,0
69100,9910,3431,82,7,4,1,2,0,0,1,2,0,0,0,0,0,0,0
69200,9912,3516,83,0,1,1,0,0,2,2,2,0,0,0,0,0,0,0
69300,9891,4065,98,2,4,0,2,4,3,1,2,1,0,0,0,0,0,0
69400,9881,3073,106,8,2,1,2,0,7,1,2,0,0,0,0,0,0,0
69500,9887,2950,105,1,0,0,4,0,4,1,0,1,0,0,0,0,0,0
69600,9882,3481,109,2,2,0,5,1,1,2,1,0,0,0,0,0,0,0
69700,9898,3583,93,18,3,0,2,0,2,0,2,0,0,0,0,0,0,0
69800,9900,3594,96,5,1,2,3,2,0,1,0,1,0,0,0,0,0,0
69900,9892,3737,97,3,2,1,2,1,4,0,3,1,0,0,0,0,0,0
70000,9903,3871,94,2,2,0,1,1,0,0,0,0,0,0,0,0,0,0
70100,9884,3441,101,3,4,0,3,1,8,1,0,0,0,0,0,0,0,0
70200,9892,4117,97,0,2,0,4,3,4,3,1,0,0,0,0,0,0,0
70300,9896,4010,99,4,1,0,1,0,2,0,1,0,0,0,0,0,0,0
70400,9919,3997,72,2,4,1,2,0,3,0,0,1,0,0,0,0,0,0
70500,9925,3879,64,18,6,1,1,1,2,1,2,0,0,0,0,0,0,0
70600,9927,4113,63,21,4,0,1,0,5,0,0,2,0,0,0,0,0,0
70700,9924,3709,60,0,5,0,3,0,3,0,5,0,0,0,0,0,0,0
70800,9934,4176,61,46,2,0,2,3,1,4,0,0,0,0,0,0,0,0
70900,9928,3407,65,0,3,0,1,0,2,1,1,0,0,0,0,0,0,0
71000,9932,3558,64,9,3,2,0,3,1,3,0,0,0,0,0,0,0,0
71100,9920,4160,70,14,3,0,3,1,3,0,1,0,0,0,0,0,0,0
71200,9928,3678,66,9,2,0,2,2,0,0,2,0,0,0,0,0,0,0
71300,9927,3435,63,12,2,1,3,0,4,0,1,1,0,0,0,0,0,0
71400,9921,3750,68,23,5,0,3,0,2,0,1,0,0,0,0,0,0,0
71500,9924,3290,67,30,5,2,1,1,3,3,0,0,0,0,0,0,0,0
71600,9942,4280,43,0,8,1,1,0,5,1,1,0,0,0,0,0,0,0
71700,9943,4115,45,12,4,0,3,1,4,0,1,0,0,0,0,0,0,0
71800,9938,3635,52,12,7,0,1,0,0,5,2,0,0,0,0,0,0,0
71900,9938,4098,51,14,7,1,1,8,3,0,0,0,0,0,0,0,0,0
72000,9931,4416,54,18,6,0,5,1,3,0,1,0,0,0,0,0,0,0
72100,9936,4314,51,9,7,1,3,0,3,3,0,0,0,0,0,0,0,0
72200,9938,4802,54,4,5,0,1,1,2,1,0,0,0,0,0,0,0,0
72300,9970,4436,24,18,5,0,1,1,0,0,0,0,0,0,0,0,0,0
72400,9970,3819,18,13,6,2,2,1,3,0,1,0,0,0,0,0,0,0
72500,9960,3701,26,7,5,0,4,2,3,1,2,0,0,0,0,0,0,0
72600,9973,4287,19,0,5,1,3,1,0,0,0,0,0,0,0,0,0,0
72700,9967,4197,20,0,7,2,5,4,1,1,0,0,0,0,0,0,0,0
72800,9961,3671,24,15,6,2,5,0,2,0,2,0,0,0,0,0,0,0
72900,9963,4340,26,5,6,0,3,1,2,0,0,2,0,0,0,0,0,0
73000,9972,5402,20,0,5,0,2,0,0,0,1,0,0,0,0,0,0,0
73100,9966,5195,20,2,4,1,5,4,1,2,4,0,0,0,0,0,0,0
73200,9973,4239,16,4,4,1,3,2,3,3,1,0,0,0,0,0,0,0
73300,9976,3370,16,86,6,2,1,0,1,1,0,0,0,0,0,0,0,0
73400,9974,3567,15,3,7,2,2,0,1,0,1,2,0,0,0,0,0,0
73500,9975,4092,11,2,6,1,6,0,1,4,1,0,0,0,0,0,0,0
73600,9978,4050,11,12,6,2,1,1,4,1,0,0,0,0,0,0,0,0
73700,9978,4147,12,7,6,1,3,1,1,2,0,1,0,0,0,0,0,0
73800,9968,3909,20,4,4,0,4,0,4,3,0,1,0,0,0,0,0,0
73900,9969,4209,12,8,9,1,7,0,1,1,2,0,0,0,0,0,0,0
74000,9966,4418,15,1,6,4,7,3,4,1,0,0,2,0,0,0,0,0
74100,9972,3914,13,3,7,0,4,0,3,3,1,0,0,0,0,0,0,0
74200,9978,4116,13,22,4,1,3,6,2,1,0,0,0,0,0,0,0,0
74300,9972,3882,15,8,5,3,6,8,2,1,0,0,0,0,0,0,0,0
74400,9969,3865,16,3,6,1,3,5,3,0,3,0,0,0,0,0,0,0
74500,9971,3603,16,3,4,0,5,0,3,1,1,0,0,0,0,0,0,0
74600,9962,3290,23,0,7,0,4,0,2,0,2,0,0,0,0,0,0,0
74700,9960,3294,19,21,7,0,8,0,3,0,3,0,0,0,0,0,0,0
74800,9963,3047,23,64,5,1,6,0,2,1,1,0,0,0,0,0,0,0
74900,9961,3301,27,12,6,3,4,0,2,0,0,0,0,0,0,0,0,0
75000,9968,4139,24,1,4,0,2,0,2,1,0,0,0,0,0,0,0,0
75100,9972,3847,16,0,7,0,1,2,1,2,3,0,0,0,0,0,0,0
75200,9971,3630,9,2,7,1,4,1,9,0,0,1,0,0,0,0,0,0
75300,9976,3630,7,20,8,1,3,0,4,2,2,0,0,0,0,0,0,0
75400,9972,4074,14,5,6,0,0,0,7,2,1,1,0,0,0,0,0,0
75500,9975,3724,11,3,5,0,3,0,6,0,0,0,0,0,0,0,0,0
75600,9976,3350,10,2,7,0,4,3,2,1,1,1,0,0,0,0,0,0
75700,9982,3578,7,4,2,0,5,0,4,1,0,1,0,0,0,0,0,0
75800,9978,3578,16,10,1,2,2,2,2,4,1,0,0,0,0,0,0,0
75900,9983,2654,12,3,2,0,0,2,3,0,0,0,0,0,0,0,0,0
76000,9974,2940,14,3,5,0,2,0,3,1,2,0,0,0,0,0,0,0
76100,9980,2977,9,7,2,1,3,0,2,2,4,0,0,0,0,0,0,0
76200,9977,2493,11,20,2,0,7,3,2,1,1,1,0,0,0,0,0,0
76300,9983,3398,6,0,1,0,4,1,6,0,0,0,0,0,0,0,0,0
76400,9977,3543,9,0,2,0,5,0,7,1,0,0,0,0,0,0,0,0
76500,9981,2793,5,1,1,1,7,1,5,0,0,1,1,0,0,0,0,0
76600,9983,2640,8,19,0,1,7,0,0,1,2,1,0,0,0,0,0,0
76700,9980,2979,11,14,1,3,4,0,2,1,2,0,0,0,0,0,0,0
76800,9970,3762,12,3,3,0,7,0,6,0,2,1,0,0,0,0,0,0
76900,9967,4956,13,7,3,1,6,0,9,1,2,0,0,0,0,0,0,0
77000,9977,6094,7,5,2,1,7,1,5,0,2,0,0,0,0,0,0,0
77100,9980,5613,5,12,2,0,7,1,4,0,2,0,0,0,0,0,0,0
77200,9976,5629,7,0,3,0,8,2,4,2,2,1,0,0,0,0,0,0
77300,9978,5344,7,0,2,1,9,1,2,4,1,0,1,0,0,0,0,0
77400,9978,4605,7,6,1,1,9,0,4,1,1,0,0,0,0,0,0,0
77500,9973,4237,13,16,4,1,4,1,4,1,2,0,0,0,0,0,0,0
77600,9980,3616,7,27,2,0,5,0,5,1,1,0,0,0,0,0,0,0
77700,9972,3654,13,7,0,2,8,1,6,2,1,0,0,0,0,0,0,0
77800,9971,3543,16,9,3,1,4,0,4,1,2,1,0,0,0,0,0,0
77900,9978,3510,10,1,0,0,8,1,3,0,1,0,0,0,0,0,0,0
78000,9982,3555,8,2,1,0,5,1,3,0,1,0,0,0,0,0,0,0
78100,9962,3833,19,1,6,0,6,4,6,0,1,0,0,0,0,0,0,0
78200,9980,4572,9,0,1,1,10,1,0,1,0,0,0,0,0,0,0,0
78300,9965,4127,22,3,2,0,7,0,4,3,0,0,0,0,0,0,0,0
78400,9966,3502,23,0,3,1,4,1,3,4,1,0,0,0,0,0,0,0
78500,9978,3634,14,2,2,2,2,0,3,0,1,0,0,0,0,0,0,0
78600,9969,3886,21,1,3,0,2,0,5,1,0,0,0,0,0,0,0,0
78700,9981,3804,15,14,3,0,0,2,0,1,0,0,1,0,0,0,0,0
78800,9971,4111,21,10,4,0,1,0,1,0,2,0,0,0,0,0,0,0
78900,9970,4764,22,13,3,0,0,0,5,0,0,0,0,0,0,0,0,0
79000,9969,4402,20,21,5,3,4,2,1,1,1,0,0,0,0,0,0,0
79100,9972,4459,24,6,0,1,0,2,1,1,3,0,0,0,0,0,0,0
79200,9975,3776,19,2,2,0,3,1,1,0,0,0,0,0,0,0,0,0
79300,9978,3546,17,1,2,0,1,2,2,1,0,0,0,0,0,0,0,0
79400,9973,3846,19,5,4,1,1,3,2,0,1,0,0,0,0,0,0,0
79500,9983,3260,15,3,1,0,0,2,1,0,0,1,0,0,0,0,0,0
79600,9972,3427,18,6,3,1,5,1,2,2,0,0,0,0,0,0,0,0
79700,9977,3625,15,3,3,1,2,0,2,3,1,1,0,0,0,0,0,0
79800,9972,3130,15,2,3,0,3,0,6,4,1,0,0,0,0,0,0,0
79900,9978,3225,15,0,1,0,1,0,5,1,0,1,0,0,0,0,0,0
80000,9976,3294,15,2,0,0,3,0,3,3,3,0,0,0,0,0,0,0
80100,9978,3257,11,0,6,0,2,0,2,1,1,0,0,0,0,0,0,0
80200,9981,2620,10,14,1,0,7,1,1,2,0,0,0,0,0,0,0,0
80300,9982,2238,13,13,1,1,2,1,1,2,1,1,0,1,0,0,0,0
80400,9982,2298,10,12,1,2,3,0,4,0,0,0,0,0,0,0,0,0
80500,9975,2872,12,2,3,0,5,0,3,0,2,0,0,2,0,0,0,0
80600,9985,3373,11,1,3,0,0,1,1,1,0,0,0,0,0,0,0,0
80700,9983,3288,9,5,3,0,5,0,0,0,0,0,0,0,0,0,0,0
80800,9987,3507,11,3,2,0,0,1,0,0,0,0,0,0,0,0,0,0
80900,9978,3203,10,4,2,4,6,0,1,2,3,0,0,0,0,0,0,0
81000,9984,3512,14,2,1,1,0,0,1,2,0,0,0,1,0,0,0,0
81100,9985,3969,9,5,2,1,2,0,2,0,0,0,0,0,0,0,0,0
81200,9987,3738,9,5,0,1,3,0,1,0,0,1,0,0,0,0,0,0
81300,9979,3621,16,1,1,0,1,0,1,0,2,0,0,0,0,0,0,0
81400,9976,3717,12,18,4,1,3,1,4,0,1,1,0,0,0,0,0,0
81500,9982,3450,12,3,2,0,3,1,1,3,0,0,0,0,0,0,0,0
81600,9986,2984,11,2,0,0,0,0,2,1,1,0,0,0,0,0,0,0
81700,9986,3415,8,3,3,0,2,2,1,0,0,1,0,0,0,0,0,0
81800,9985,3491,4,9,2,0,3,0,4,0,1,0,1,0,0,0,0,0
81900,9992,3057,6,22,1,0,0,0,0,0,1,0,0,0,0,0,0,0
82000,9992,3392,4,4,2,0,0,5,0,1,2,0,0,0,0,0,0,0
82100,9986,3367,10,0,0,0,0,5,4,0,0,0,0,0,0,0,0,0
82200,9987,3440,10,33,0,0,2,3,0,1,1,0,0,0,0,0,0,0
82300,9982,2728,12,20,1,0,1,0,3,0,1,0,0,0,0,0,0,0
82400,9978,1879,13,0,3,1,1,0,3,0,2,0,0,0,0,0,0,0
82500,9975,2263,15,5,0,2,6,1,2,0,2,1,0,0,0,0,0,0
82600,9973,2892,12,28,2,0,10,1,2,1,1,2,0,0,0,0,0,0
82700,9977,3056,11,19,1,1,8,2,2,0,1,0,0,0,0,0,0,0
82800,9974,3548,15,2,2,0,9,3,0,0,0,0,0,0,0,0,0,0
82900,9973,3988,13,0,2,1,11,1,1,2,0,0,0,0,0,0,0,0
83000,9971,4573,9,5,4,0,11,1,2,0,3,0,0,0,0,0,0,0
83100,9973,4801,10,33,5,0,9,0,2,0,1,2,0,0,0,0,0,0
83200,9972,4551,10,5,3,1,12,0,1,1,2,1,0,0,0,0,0,0
83300,9975,4482,10,7,0,1,8,0,6,1,0,2,1,0,0,0,0,0
83400,9970,3895,14,15,2,0,11,0,2,3,1,0,0,0,0,0,0,0
83500,9967,4023,18,5,4,0,8,0,3,2,0,1,0,0,0,0,0,0
83600,9966,3850,16,9,5,1,10,0,3,2,0,1,0,0,0,0,0,0
83700,9967,4168,18,15,2,1,12,0,1,2,0,0,0,0,0,0,0,0
83800,9969,4049,15,40,3,1,10,0,2,2,1,0,0,0,0,0,0,0
83900,9979,4292,5,0,2,0,10,3,3,0,1,2,0,0,0,0,0,0
84000,9977,4547,5,3,4,1,10,6,4,2,0,0,0,0,0,0,0,0
84100,9981,4346,7,24,2,1,9,0,0,1,1,0,0,0,0,0,0,0
84200,9980,4096,7,4,1,1,9,0,3,0,0,0,0,0,0,0,0,0
84300,9977,3405,6,6,3,1,10,0,4,0,0,0,0,0,0,0,0,0
84400,9971,3333,8,1,4,0,10,3,6,0,1,1,0,0,0,0,0,0
84500,9975,3616,9,2,4,0,10,0,2,0,0,0,0,0,0,0,0,0
84600,9975,4273,8,16,3,0,12,0,2,2,0,0,0,0,0,0,0,0
84700,9980,3814,6,33,0,1,8,1,5,1,1,1,0,0,0,0,0,0
84800,9972,3793,6,23,4,1,15,0,3,0,0,0,0,0,0,0,0,0
84900,9971,4186,8,9,0,1,14,1,7,1,0,0,0,0,0,0,0,0
85000,9981,3833,8,6,0,0,11,2,0,2,0,1,0,0,0,0,0,0
85100,9972,4196,11,3,1,2,13,0,2,1,1,0,0,0,0,0,0,0
85200,9972,3871,7,3,1,2,15,0,5,0,0,0,0,0,0,0,0,0
85300,9984,4061,7,1,0,1,8,2,0,2,1,0,0,0,0,0,0,0
85400,9968,3880,16,1,4,1,9,1,2,0,1,0,0,0,0,0,0,0
85500,9964,2848,16,47,4,2,14,0,1,0,1,0,0,0,0,0,0,0
85600,9976,3018,9,92,0,3,12,1,3,0,0,0,0,0,0,0,0,0
85700,9977,3489,10,3,1,1,11,0,0,0,1,1,0,0,0,0,0,0
85800,9977,4109,7,4,4,1,10,0,1,0,1,0,0,0,0,0,0,0
85900,9975,3841,10,10,2,0,9,0,3,0,1,0,0,0,0,0,0,0
86000,9977,4233,7,9,2,1,10,1,4,0,0,0,0,0,0,0,0,0
86100,9964,4983,11,9,4,3,11,0,6,1,4,0,0,0,0,0,0,0
86200,9983,4324,8,0,1,0,7,2,1,2,0,1,0,0,0,0,0,0
86300,9981,4499,7,7,0,1,9,5,3,3,0,0,0,0,0,0,0,0
86400,9971,4300,14,0,2,0,11,6,2,2,0,1,0,0,0,0,0,0
86500,9972,4167,17,0,4,1,6,0,1,1,0,1,0,0,0,0,0,0
86600,9970,3670,16,23,2,1,7,1,1,0,4,1,0,0,0,0,0,0
86700,9977,3700,8,14,2,0,6,1,5,1,2,0,0,0,0,0,0,0
86800,9976,4194,7,2,2,0,7,2,7,0,1,0,0,0,0,0,0,0
86900,9980,3986,3,0,2,0,7,1,8,1,0,0,0,0,0,0,0,0
87000,9984,3670,8,3,0,1,5,1,3,0,0,0,0,0,0,0,0,0
87100,9972,3409,15,4,2,1,8,2,2,0,1,0,0,0,0,0,0,0
87200,9979,2924,11,24,1,0,5,3,4,1,0,0,0,0,0,0,0,0
87300,9982,2715,7,2,1,1,6,7,3,1,1,0,0,0,0,0,0,0
87400,9984,3446,7,2,1,0,3,1,3,0,2,1,0,0,0,0,0,0
87500,9985,4145,2,10,1,0,7,0,2,1,2,1,1,0,0,0,0,0
87600,9987,4504,2,5,3,4,6,0,2,0,0,0,0,0,0,0,0,0
87700,9983,4049,5,11,3,11,3,0,3,0,3,0,0,0,0,0,0,0
87800,9986,3785,5,5,0,3,4,0,5,0,0,0,0,0,0,0,0,0
87900,9986,4457,4,3,1,0,4,2,1,2,4,0,0,0,0,0,0,0
88000,9993,3708,2,0,0,0,3,1,1,0,1,0,0,0,0,0,0,0
88100,9987,3200,4,2,0,0,6,0,2,0,1,1,0,0,0,0,0,0
88200,9990,4071,3,0,0,2,3,0,4,0,0,0,0,0,0,0,0,0
88300,9982,3232,8,6,3,2,2,0,4,0,1,0,0,0,0,0,0,0
88400,9981,3536,7,0,1,2,4,1,5,0,2,0,0,0,0,0,0,0
88500,9984,3543,7,3,4,0,2,0,3,4,0,0,0,0,0,0,0,0
88600,9978,3516,9,6,3,0,4,1,5,1,1,0,0,0,0,0,0,0
88700,9986,3797,9,10,0,1,2,0,2,0,1,0,0,0,0,0,0,0
88800,9989,3567,7,6,1,0,1,1,2,0,0,0,0,0,0,0,0,0
88900,9985,3883,10,4,0,0,3,0,2,2,0,2,0,0,0,0,0,0
89000,9980,4417,11,2,1,0,4,0,1,0,3,0,0,0,0,0,0,0
89100,9988,3528,7,15,1,0,0,0,4,4,0,0,0,0,0,0,0,0
89200,9980,3314,7,15,1,0,5,3,7,1,0,0,0,0,0,0,0,0
89300,9986,3470,7,6,2,0,2,1,3,0,0,0,0,0,0,0,0,0
89400,9973,3466,16,12,2,0,4,1,3,0,2,0,0,0,0,0,0,0
89500,9987,3100,10,8,1,1,1,0,0,0,1,2,0,0,0,0,0,0
89600,9982,2975,10,7,2,0,5,0,1,0,0,0,0,0,0,0,0,0
89700,9967,3388,18,19,5,1,5,0,4,0,1,1,0,0,0,0,0,0
89800,9967,3761,19,31,2,1,9,1,3,0,0,1,0,0,0,0,0,0
89900,9976,3457,16,8,0,2,5,0,2,0,1,0,0,0,0,0,0,0
90000,9973,3340,17,9,1,3,5,2,4,1,0,0,0,0,0,0,0,0
90100,9979,3051,13,31,0,1,3,1,5,0,0,1,0,0,0,0,0,0
90200,9978,3135,15,41,1,0,3,0,3,0,0,0,0,0,0,0,0,0
90300,9975,2791,18,1,1,1,3,0,3,1,0,0,0,0,0,0,0,0
90400,9979,3334,14,3,2,0,3,1,2,0,0,0,0,0,0,0,0,0
90500,9977,3249,14,2,0,1,4,0,5,1,0,1,0,0,0,0,0,0
90600,9984,3706,14,4,1,0,0,1,0,0,1,0,0,0,0,0,0,0
90700,9981,4499,9,6,5,1,4,0,1,2,0,0,0,0,0,0,0,0
90800,9988,4435,4,2,2,0,3,0,3,2,0,0,0,0,0,0,0,0
90900,9989,3890,2,19,1,2,6,0,1,1,1,0,0,0,0,0,0,0
91000,9989,3780,3,17,0,0,3,2,4,0,1,0,0,0,0,0,0,0
91100,9984,3978,6,43,1,0,3,0,6,5,0,1,0,0,0,0,0,0
91200,9987,3796,4,4,2,0,2,0,4,0,1,0,0,0,0,0,0,0
91300,9984,3626,6,1,1,0,5,1,1,0,3,0,0,0,0,0,0,0
91400,9990,3541,5,2,3,1,1,0,1,0,0,1,0,0,0,0,0,0
91500,9982,3821,6,4,4,0,2,1,5,1,1,0,0,0,0,0,0,0
91600,9981,4497,9,3,4,0,1,1,3,1,2,0,0,0,0,0,0,0
91700,9979,4748,9,2,1,1,5,1,6,1,0,0,0,0,0,0,0,0
91800,9987,4010,5,3,3,1,4,2,1,0,0,0,0,0,0,0,0,0
91900,9980,3785,5,9,3,2,7,0,3,1,2,1,0,0,0,0,0,0
92000,9987,4301,5,14,0,1,5,0,3,2,0,0,0,0,0,0,0,0
92100,9982,4282,7,13,4,0,4,0,1,0,2,0,0,0,0,0,0,0
92200,9983,3664,5,0,1,0,7,0,4,0,0,0,0,0,0,0,0,0
92300,9986,3887,6,5,2,1,4,0,1,1,1,1,0,0,0,0,0,0
92400,9989,4341,3,2,1,0,4,1,2,3,1,0,0,0,0,0,0,0
92500,9990,4212,3,3,1,2,6,12,0,1,0,0,0,0,0,0,0,0
92600,9986,3884,8,5,3,0,2,20,1,1,0,1,0,0,0,0,0,0
92700,9986,3771,6,15,2,0,1,8,4,0,1,0,0,0,0,0,0,0
92800,9996,3981,2,15,1,0,0,10,1,3,0,0,0,0,0,0,0,0
92900,9994,3879,3,10,1,2,1,4,1,0,0,1,0,0,0,0,0,0
93000,9988,4218,6,23,0,0,5,4,1,1,0,1,0,0,0,0,0,0
93100,9982,4466,4,6,1,0,1,1,11,0,1,0,0,0,0,0,0,0
93200,9990,3841,3,8,2,0,2,1,2,1,1,1,0,0,0,0,0,0
93300,9989,3999,2,4,2,2,1,6,5,1,1,0,0,0,0,0,0,0
93400,9988,4308,5,2,2,3,1,5,3,1,1,1,0,0,0,0,0,0
93500,9979,4579,7,0,2,0,4,1,6,0,2,2,0,0,0,0,0,0
93600,9993,4529,3,2,2,1,0,0,1,1,1,1,0,0,0,0,0,0
93700,9995,4180,1,13,1,0,2,1,1,3,0,0,0,0,0,0,0,0
93800,9984,4117,5,32,3,0,4,3,2,0,2,0,0,0,0,0,0,0
93900,9987,3215,11,21,1,2,0,1,1,0,0,0,0,0,0,0,0,0
94000,9982,3491,11,23,0,2,2,0,3,0,2,2,0,0,0,0,0,0
94100,9973,4121,13,56,4,1,4,0,5,1,1,0,0,0,0,0,0,0
94200,9968,3974,17,45,2,0,4,0,8,0,1,0,0,0,0,0,0,0
94300,9979,3582,14,2,1,1,3,1,3,1,0,0,0,0,0,0,0,0
94400,9991,4007,3,22,1,1,0,1,4,0,1,2,0,0,0,0,0,0
94500,9989,3519,1,17,1,0,3,0,6,1,0,1,0,0,0,0,0,0
94600,9991,3948,1,2,1,1,5,4,2,1,0,0,0,0,0,0,0,0
94700,9989,4167,2,2,3,1,3,0,2,3,1,0,0,0,0,0,0,0
94800,9988,4679,3,0,3,0,3,0,3,0,0,0,0,0,0,0,0,0
94900,9987,4476,1,4,3,0,3,0,5,0,1,0,0,0,0,0,0,0
95000,9988,4089,2,1,1,1,4,0,3,1,2,0,0,0,0,0,0,0
95100,9991,4724,0,1,1,1,3,0,3,1,2,1,0,0,0,0,0,0
95200,9992,5239,1,1,0,0,3,0,4,0,0,0,0,0,0,0,0,0
95300,9990,4213,1,7,3,1,3,1,3,0,0,1,0,0,0,0,0,0
95400,9990,3699,1,10,3,0,4,2,1,0,1,0,0,0,0,0,0,0
95500,9984,2766,3,2,1,1,3,8,6,1,3,0,0,0,0,0,0,0
95600,9989,3606,2,1,4,0,2,2,3,0,0,0,0,0,0,0,0,0
95700,9993,3991,1,4,1,0,3,2,2,0,0,1,0,0,0,0,0,0
95800,9990,4300,0,8,3,1,3,1,2,0,2,0,0,0,0,0,0,0
95900,9981,3973,11,0,1,0,2,3,5,1,0,0,0,0,0,0,0,0
96000,9971,3455,19,0,4,0,4,0,1,0,1,0,0,0,0,0,0,0
96100,9979,4641,18,0,2,1,0,0,1,0,0,0,0,0,0,0,0,0
96200,9980,5458,16,0,0,1,1,1,3,0,0,0,0,0,0,0,0,0
96300,9977,5386,16,6,2,0,0,0,4,0,1,1,0,0,0,0,0,0
96400,9980,4981,15,3,1,0,3,0,1,3,0,0,0,0,0,0,0,0
96500,9969,3904,17,1,4,1,5,5,3,0,2,1,0,0,0,0,0,0
96600,9977,4145,16,5,3,0,3,0,1,3,0,0,0,0,0,0,0,0
96700,9982,4551,15,1,1,0,1,1,1,1,0,0,0,0,0,0,0,0
96800,9975,3914,16,2,2,2,0,1,5,1,2,0,0,0,0,0,0,0
96900,9979,4001,16,4,3,0,0,0,2,2,0,0,0,0,0,0,0,0
97000,9978,3764,16,6,1,0,2,1,3,1,0,0,0,0,0,0,0,0
97100,9978,3659,16,9,2,0,0,0,3,1,1,1,0,0,0,0,0,0
97200,9975,3942,15,4,5,0,0,3,3,1,2,0,0,0,0,0,0,0
97300,9989,4675,0,4,1,1,7,0,3,3,0,0,0,0,0,0,0,0
97400,9987,4162,1,5,3,0,4,0,4,1,1,0,0,0,0,0,0,0
97500,9992,3888,2,2,1,1,4,0,1,0,0,1,0,0,0,0,0,0
97600,9995,3567,0,4,0,0,2,1,3,1,0,0,0,0,0,0,0,0
97700,9989,3426,1,0,3,1,1,1,3,1,3,1,0,0,0,0,0,0
97800,9993,4020,0,0,1,1,4,2,0,0,2,0,0,0,0,0,0,0
97900,9993,4241,2,1,0,0,0,3,4,1,1,0,0,0,0,0,0,0
98000,9987,3974,2,5,3,1,6,0,1,0,1,1,0,0,0,0,0,0
98100,9992,3954,1,6,1,0,2,0,4,0,0,0,0,0,0,0,0,0
98200,9995,3518,0,11,0,0,3,3,2,1,0,0,0,0,0,0,0,0
98300,9988,3394,2,6,3,2,0,0,7,0,0,1,0,0,0,0,0,0
98400,9995,3060,3,0,0,0,0,1,2,0,0,1,0,0,0,0,0,0
98500,9989,3208,0,8,3,0,2,1,4,2,2,0,0,0,0,0,0,0
98600,9990,3811,2,1,2,0,2,0,3,0,1,1,0,0,0,0,0,0
98700,9987,3481,0,12,2,1,4,2,6,1,1,0,0,0,0,0,0,0
98800,9995,3919,0,33,2,2,1,0,2,2,0,0,0,0,0,0,0,0
98900,9994,4087,0,42,0,1,3,1,2,0,1,0,0,0,0,0,0,0
99000,9998,3625,0,41,0,0,0,1,1,0,1,0,0,0,0,0,0,0
99100,9991,3964,0,16,3,0,2,0,4,1,0,0,0,0,0,0,0,0
99200,9996,4084,2,13,1,9,0,1,1,0,0,0,0,0,0,0,0,0
99300,9993,3606,1,30,4,1,2,1,0,1,0,0,0,0,0,0,0,0
99400,9989,3686,3,6,1,0,0,0,5,1,2,0,0,0,0,0,0,0
99500,9992,3843,1,3,1,1,4,2,2,0,0,0,0,0,0,0,0,0
99600,9986,4383,0,1,3,0,1,14,7,0,3,0,0,0,0,0,0,0
99700,9991,3817,1,14,3,0,3,2,0,0,2,0,0,0,0,0,0,0
99800,9994,4643,0,18,0,0,3,0,3,0,0,0,0,0,0,0,0,0
99900,9994,4246,1,1,2,0,0,1,1,1,2,1,0,0,0,0,0,0
100000,9990,4114,0,2,4,1,0,1,5,0,1,0,0,0,0,0,0,0
