update,host_task_NOT,sym_task_NOT,host_task_NAND,sym_task_NAND,host_task_AND,sym_task_AND,host_task_ORN,sym_task_ORN,host_task_OR,sym_task_OR,host_task_ANDN,sym_task_ANDN,host_task_NOR,sym_task_NOR,host_task_XOR,sym_task_XOR,host_task_EQU,sym_task_EQU
0,0,0,0,0,0,0,0,0,0,0,0,0,0,0,0,0,0,0
100,9998,0,0,0,0,0,1,0,3,0,0,0,0,0,0,0,0,0
200,9993,0,0,0,3,0,0,0,0,0,4,0,0,0,0,0,0,0
300,9994,0,0,0,3,0,0,0,2,0,1,0,0,0,0,0,0,0
400,9992,0,0,0,0,0,0,0,7,0,1,0,0,0,0,0,0,0
500,9998,0,0,0,1,0,1,0,0,0,0,0,0,0,0,0,0,0
600,9993,0,3,0,1,0,0,0,1,0,2,0,0,0,0,0,0,0
700,9992,0,4,0,1,0,0,0,2,0,1,0,0,0,0,0,0,0
800,9989,0,4,0,1,0,2,0,3,0,1,0,0,0,0,0,0,0
900,9991,0,4,0,2,0,2,0,1,0,0,0,0,0,0,0,0,0
1000,9986,0,4,0,2,0,4,0,2,0,2,0,0,0,0,0,0,0
1100,9982,0,4,0,3,0,5,0,4,0,2,0,0,0,0,0,0,0
1200,9990,0,5,0,3,0,0,0,2,0,0,0,0,0,0,0,0,0
1300,9991,0,4,0,1,0,1,0,2,0,1,0,0,0,0,0,0,0
1400,9992,0,4,0,1,0,1,0,2,0,0,0,0,0,0,0,0,0
1500,9991,0,4,0,3,0,1,0,1,0,0,0,0,0,0,0,0,0
1600,9986,0,3,0,4,0,4,0,1,0,2,0,0,0,0,0,0,0
1700,9992,0,2,0,1,0,0,0,4,0,1,0,0,0,0,0,0,0
1800,9988,0,4,0,0,0,2,0,4,0,2,0,0,0,0,0,0,0
1900,9992,0,2,0,2,0,0,0,2,0,2,0,0,0,0,0,0,0
2000,9989,0,1,0,2,0,2,0,5,0,1,0,0,0,0,0,0,0
2100,9990,0,1,0,3,0,2,0,2,0,2,0,0,0,0,0,0,0
2200,9990,0,0,0,4,0,2,0,3,0,1,0,0,0,0,0,0,0
2300,9988,0,6,0,2,0,2,0,1,0,1,0,0,0,0,0,0,0
2400,9993,0,2,0,1,0,0,0,1,0,3,0,0,0,0,0,0,0
2500,9989,0,0,0,5,0,2,0,2,0,2,0,0,0,0,0,0,0
2600,9996,0,0,0,1,0,0,0,3,0,0,0,0,0,0,0,0,0
2700,9989,0,2,0,0,0,4,0,4,0,1,0,0,0,0,0,0,0
2800,9989,0,7,0,0,0,3,0,1,0,0,0,0,0,0,0,0,0
2900,9981,0,8,0,1,0,2,0,4,0,4,0,0,0,0,0,0,0
3000,9979,0,9,0,3,0,3,0,6,0,0,0,0,0,0,0,0,0
3100,9982,0,7,0,5,0,0,0,5,0,1,0,0,0,0,0,0,0
3200,9978,0,12,0,0,0,1,0,7,0,2,0,0,0,0,0,0,0
3300,9982,0,11,0,3,0,2,0,0,0,2,0,0,0,0,0,0,0
3400,9980,0,13,0,3,0,2,0,1,0,1,0,0,0,0,0,0,0
3500,9981,0,13,0,3,0,1,0,1,0,0,0,1,0,0,0,0,0
3600,9978,0,13,0,5,0,1,0,1,0,2,0,0,0,0,0,0,0
3700,9978,0,15,0,1,0,0,0,5,0,1,0,0,0,0,0,0,0
3800,9971,0,20,0,1,0,0,0,7,0,0,0,1,0,0,0,0,0
3900,9973,0,15,0,2,0,7,0,1,0,2,0,0,0,0,0,0,0
4000,9975,0,16,0,2,0,3,0,3,0,0,0,1,0,0,0,0,0
4100,9977,0,16,0,2,0,2,0,2,0,0,0,1,0,0,0,0,0
4200,9971,0,20,0,2,0,2,0,2,0,2,0,1,0,0,0,0,0
4300,9975,0,15,0,2,0,2,0,5,0,1,0,0,0,0,0,0,0
4400,9972,0,18,0,2,0,0,0,6,0,2,0,0,0,0,0,0,0
4500,9979,0,13,0,2,0,2,0,3,0,1,0,0,0,0,0,0,0
4600,9979,0,17,0,0,0,3,0,0,0,1,0,0,0,0,0,0,0
4700,9979,0,15,0,1,0,3,0,1,0,1,0,0,0,0,0,0,0
4800,9974,0,16,0,4,0,1,0,5,0,0,0,0,0,0,0,0,0
4900,9975,0,13,0,1,0,4,0,5,0,2,0,0,0,0,0,0,0
5000,9966,0,17,0,1,0,9,0,4,0,3,0,0,0,0,0,0,0
5100,9958,0,20,0,1,0,3,0,16,0,2,0,0,0,0,0,0,0
5200,9981,0,15,0,1,0,0,0,3,0,0,0,0,0,0,0,0,0
5300,9975,0,17,0,3,0,2,0,2,0,1,0,0,0,0,0,0,0
5400,9980,0,12,0,3,0,1,0,2,0,1,0,1,0,0,0,0,0
5500,9976,0,13,0,4,0,3,0,3,0,1,0,0,0,0,0,0,0
5600,9985,0,11,0,0,0,0,0,2,0,2,0,0,0,0,0,0,0
5700,9977,0,14,0,4,0,5,0,0,0,0,0,0,0,0,0,0,0
5800,9973,0,17,0,3,0,2,0,5,0,0,0,0,0,0,0,0,0
5900,9968,0,21,0,2,0,3,0,1,0,2,0,3,0,0,0,0,0
6000,9961,0,25,0,3,0,2,0,8,0,1,0,0,0,0,0,0,0
6100,9968,0,17,0,2,0,6,0,6,0,1,0,0,0,0,0,0,0
6200,9965,0,22,0,3,0,3,0,6,0,1,0,0,0,0,0,0,0
6300,9965,0,18,0,5,0,3,0,6,0,3,0,0,0,0,0,0,0
6400,9965,0,15,0,2,0,5,0,10,0,3,0,0,0,0,0,0,0
6500,9980,0,11,0,3,0,2,0,4,0,0,0,0,0,0,0,0,0
6600,9981,0,11,0,4,0,1,0,2,0,1,0,0,0,0,0,0,0
6700,9954,0,26,0,5,0,8,0,3,0,3,0,1,0,0,0,0,0
6800,9965,0,17,0,4,0,6,0,7,0,1,0,0,0,0,0,0,0
6900,9968,0,19,0,4,0,3,0,5,0,1,0,0,0,0,0,0,0
7000,9960,0,27,0,2,0,5,0,3,0,3,0,0,0,0,0,0,0
7100,9969,0,22,0,5,0,2,0,1,0,1,0,0,0,0,0,0,0
7200,9967,0,21,0,2,0,4,0,4,0,2,0,0,0,0,0,0,0
7300,9965,0,17,0,3,0,4,0,8,0,3,0,0,0,0,0,0,0
7400,9965,0,18,0,7,0,4,0,5,0,1,0,0,0,0,0,0,0
7500,9965,0,21,0,2,0,2,0,9,0,1,0,0,0,0,0,0,0
7600,9957,0,31,0,3,0,5,0,2,0,2,0,0,0,0,0,0,0
7700,9923,0,66,0,2,0,5,0,3,0,1,0,0,0,0,0,0,0
7800,9938,0,47,0,4,0,3,0,7,0,1,0,0,0,0,0,0,0
7900,9937,0,49,0,5,0,4,0,4,0,1,0,0,0,0,0,0,0
8000,9935,0,53,0,4,0,2,0,5,0,1,0,0,0,0,0,0,0
8100,9933,0,55,0,1,0,6,0,5,0,0,0,0,0,0,0,0,0
8200,9920,0,60,0,8,0,4,0,8,0,0,0,0,0,0,0,0,0
8300,9921,0,62,0,6,0,1,0,8,0,2,0,0,0,0,0,0,0
8400,9919,0,74,0,4,0,1,0,2,0,0,0,0,0,0,0,0,0
8500,9866,0,124,0,4,0,1,0,5,0,0,0,0,0,0,0,0,0
8600,9790,0,196,0,5,0,2,0,6,0,1,0,0,0,0,0,0,0
8700,9768,0,211,0,3,0,4,0,7,0,7,0,0,0,0,0,0,0
8800,9774,0,212,0,2,0,5,0,3,0,4,0,0,0,0,0,0,0
8900,9742,0,246,0,5,0,1,0,4,0,2,0,0,0,0,0,0,0
9000,9713,0,265,0,9,0,2,0,9,0,2,0,0,0,0,0,0,0
9100,9721,0,261,0,7,0,1,0,5,0,5,0,0,0,0,0,0,0
9200,9721,0,264,0,7,0,3,0,5,0,0,0,0,0,0,0,0,0
9300,9630,0,358,0,6,0,3,0,1,0,1,0,1,0,0,0,0,0
9400,9582,0,407,0,1,0,1,0,6,0,3,0,0,0,0,0,0,0
9500,9601,0,383,0,5,0,4,0,4,0,3,0,0,0,0,0,0,0
9600,9630,0,354,0,3,0,4,0,4,0,5,0,0,0,0,0,0,0
9700,9647,0,340,0,4,0,3,0,4,0,1,0,1,0,0,0,0,0
9800,9660,0,328,0,3,0,4,0,5,0,0,0,0,0,0,0,0,0
9900,9594,0,385,0,7,0,5,0,8,0,1,0,0,0,0,0,0,0
10000,9561,0,429,0,2,0,2,0,4,0,1,0,1,0,0,0,0,0
10100,9617,0,374,0,3,0,1,0,4,0,1,0,0,0,0,0,0,0
10200,9642,0,345,0,3,0,6,0,3,0,1,0,0,0,0,0,0,0
10300,9618,0,371,0,2,0,1,0,6,0,2,0,0,0,0,0,0,0
10400,9616,0,377,0,6,0,0,0,1,0,0,0,0,0,0,0,0,0
10500,9620,0,364,0,3,0,4,0,6,0,3,0,0,0,0,0,0,0
10600,9604,0,375,0,4,0,7,0,6,0,4,0,0,0,0,0,0,0
10700,9632,0,356,0,4,0,2,0,5,0,1,0,0,0,0,0,0,0
10800,9671,0,323,0,1,0,2,0,2,0,1,0,0,0,0,0,0,0
10900,9756,0,235,0,3,0,1,0,5,0,0,0,0,0,0,0,0,0
11000,9788,0,198,0,5,0,4,0,5,0,0,0,0,0,0,0,0,0
11100,9793,0,194,0,3,0,3,0,7,0,0,0,0,0,0,0,0,0
11200,9789,0,204,0,1,0,4,0,2,0,0,0,0,0,0,0,0,0
11300,9758,0,229,0,2,0,2,0,4,0,5,0,0,0,0,0,0,0
11400,9759,0,231,0,1,0,2,0,3,0,4,0,0,0,0,0,0,0
11500,9756,0,229,0,4,0,6,0,2,0,3,0,0,0,0,0,0,0
11600,9756,0,228,0,3,0,4,0,8,0,1,0,0,0,0,0,0,0
11700,9731,0,254,0,2,0,6,0,3,0,4,0,0,0,0,0,0,0
11800,9732,0,258,0,3,0,3,0,4,0,0,0,0,0,0,0,0,0
11900,9720,0,272,0,2,0,1,0,3,0,2,0,0,0,0,0,0,0
12000,9678,0,308,0,4,0,3,0,2,0,4,0,1,0,0,0,0,0
12100,9679,0,313,0,3,0,2,0,1,0,2,0,0,0,0,0,0,0
12200,9675,0,305,0,3,0,7,0,6,0,4,0,0,0,0,0,0,0
12300,9699,0,290,0,1,0,6,0,3,0,1,0,0,0,0,0,0,0
12400,9709,0,265,0,4,0,6,0,14,0,2,0,0,0,0,0,0,0
12500,9722,0,259,0,8,0,4,0,5,0,2,0,0,0,0,0,0,0
12600,9746,0,238,0,3,0,6,0,4,0,3,0,0,0,0,0,0,0
12700,9772,0,216,0,3,0,4,0,5,0,0,0,0,0,0,0,0,0
12800,9774,0,213,0,0,0,4,0,8,0,1,0,0,0,0,0,0,0
12900,9777,0,213,0,3,0,4,0,3,0,0,0,0,0,0,0,0,0
13000,9783,0,204,0,3,0,1,0,6,0,3,0,0,0,0,0,0,0
13100,9783,0,210,0,3,0,2,0,2,0,0,0,0,0,0,0,0,0
13200,9837,0,155,0,2,0,3,0,2,0,1,0,0,0,0,0,0,0
13300,9839,0,151,0,2,0,1,0,3,0,3,0,1,0,0,0,0,0
13400,9834,0,159,0,2,0,1,0,3,0,1,0,0,0,0,0,0,0
13500,9840,0,151,0,1,0,2,0,6,0,0,0,0,0,0,0,0,0
13600,9841,0,154,0,3,0,1,0,1,0,0,0,0,0,0,0,0,0
13700,9836,0,156,0,4,0,1,0,3,0,0,0,0,0,0,0,0,0
13800,9828,0,152,0,6,0,3,0,8,0,3,0,0,0,0,0,0,0
13900,9843,0,145,0,2,0,4,0,2,0,4,0,0,0,0,0,0,0
14000,9848,0,139,0,5,0,2,0,4,0,2,0,0,0,0,0,0,0
14100,9885,0,109,0,0,0,3,0,2,0,1,0,0,0,0,0,0,0
14200,9877,0,107,0,2,0,4,0,9,0,1,0,0,0,0,0,0,0
14300,9871,0,116,0,4,0,1,0,7,0,1,0,0,0,0,0,0,0
14400,9884,0,107,0,3,0,1,0,5,0,0,0,0,0,0,0,0,0
14500,9868,0,119,0,2,0,5,0,3,0,3,0,0,0,0,0,0,0
14600,9868,0,111,0,6,0,8,0,5,0,2,0,0,0,0,0,0,0
14700,9879,0,108,0,6,0,1,0,4,0,2,0,0,0,0,0,0,0
14800,9882,0,107,0,3,0,2,0,6,0,0,0,0,0,0,0,0,0
14900,9897,0,96,0,3,0,1,0,2,0,1,0,0,0,0,0,0,0
15000,9889,0,94,0,5,0,6,0,5,0,1,0,0,0,0,0,0,0
15100,9877,0,103,0,9,0,3,0,7,0,1,0,0,0,0,0,0,0
15200,9890,0,101,0,1,0,0,0,2,0,5,0,1,0,0,0,0,0
15300,9887,0,102,0,3,0,2,0,4,0,2,0,0,0,0,0,0,0
15400,9886,0,97,0,1,0,3,0,9,0,3,0,1,0,0,0,0,0
15500,9891,0,99,0,3,0,1,0,4,0,2,0,0,0,0,0,0,0
15600,9891,0,96,0,4,0,3,0,5,0,1,0,0,0,0,0,0,0
15700,9851,0,138,0,1,0,2,0,6,0,2,0,0,0,0,0,0,0
15800,9843,0,149,0,1,0,1,0,3,0,3,0,0,0,0,0,0,0
15900,9896,0,94,0,4,0,0,0,4,0,2,0,0,0,0,0,0,0
16000,9903,0,88,0,3,0,2,0,4,0,0,0,0,0,0,0,0,0
16100,9882,0,99,0,10,0,3,0,5,0,1,0,0,0,0,0,0,0
16200,9877,0,105,0,8,0,5,0,2,0,3,0,0,0,0,0,0,0
16300,9908,0,90,0,0,0,1,0,1,0,0,0,0,0,0,0,0,0
16400,9945,0,45,0,2,0,2,0,4,0,2,0,0,0,0,0,0,0
16500,9953,0,36,0,3,0,3,0,3,0,2,0,0,0,0,0,0,0
16600,9954,0,33,0,4,0,5,0,2,0,2,0,0,0,0,0,0,0
16700,9974,0,16,0,3,0,6,0,1,0,0,0,0,0,0,0,0,0
16800,9968,0,19,0,4,0,4,0,4,0,1,0,0,0,0,0,0,0
16900,9962,0,24,0,2,0,3,0,8,0,1,0,0,0,0,0,0,0
17000,9967,0,20,0,2,0,4,0,5,0,2,0,0,0,0,0,0,0
17100,9967,0,18,0,4,0,3,0,7,0,1,0,0,0,0,0,0,0
17200,9905,0,83,0,5,0,4,0,0,0,3,0,0,0,0,0,0,0
17300,9905,0,86,0,2,0,4,0,1,0,2,0,0,0,0,0,0,0
17400,9907,0,82,0,2,0,4,0,4,0,1,0,0,0,0,0,0,0
17500,9901,0,82,0,3,0,3,0,11,0,0,0,0,0,0,0,0,0
17600,9901,0,86,0,2,0,4,0,6,0,1,0,0,0,0,0,0,0
17700,9901,0,84,0,1,0,5,0,5,0,4,0,0,0,0,0,0,0
17800,9911,0,86,0,1,0,2,0,0,0,0,0,0,0,0,0,0,0
17900,9900,0,84,0,3,0,7,0,3,0,3,0,0,0,0,0,0,0
18000,9904,0,84,0,4,0,1,0,5,0,2,0,0,0,0,0,0,0
18100,9902,0,85,0,5,0,5,0,2,0,1,0,0,0,0,0,0,0
18200,9899,0,88,0,1,0,4,0,5,0,3,0,0,0,0,0,0,0
18300,9899,0,88,0,3,0,4,0,5,0,1,0,0,0,0,0,0,0
18400,9906,0,84,0,4,0,5,0,1,0,0,0,0,0,0,0,0,0
18500,9901,0,89,0,1,0,2,0,5,0,2,0,0,0,0,0,0,0
18600,9897,0,85,0,3,0,8,0,5,0,2,0,0,0,0,0,0,0
18700,9895,0,84,0,7,0,6,0,5,0,3,0,0,0,0,0,0,0
18800,9849,0,145,0,3,0,1,0,2,0,0,0,0,0,0,0,0,0
18900,9830,0,149,0,6,0,3,0,8,0,4,0,0,0,0,0,0,0
19000,9844,0,142,0,5,0,6,0,1,0,2,0,0,0,0,0,0,0
19100,9841,0,145,0,3,0,8,0,2,0,1,0,0,0,0,0,0,0
19200,9846,0,138,0,8,0,4,0,4,0,0,0,0,0,0,0,0,0
19300,9855,0,138,0,3,0,2,0,0,0,2,0,0,0,0,0,0,0
19400,9853,0,137,0,2,0,5,0,3,0,0,0,0,0,0,0,0,0
19500,9853,0,139,0,1,0,3,0,4,0,0,0,0,0,0,0,0,0
19600,9847,0,142,0,3,0,0,0,5,0,3,0,0,0,0,0,0,0
19700,9848,0,142,0,5,0,2,0,2,0,1,0,0,0,0,0,0,0
19800,9849,0,139,0,4,0,1,0,5,0,2,0,0,0,0,0,0,0
19900,9846,0,140,0,5,0,3,0,6,0,0,0,0,0,0,0,0,0
20000,9853,0,136,0,3,0,5,0,2,0,1,0,0,0,0,0,0,0
20100,9909,0,75,0,8,0,2,0,6,0,0,0,0,0,0,0,0,0
20200,9900,0,81,0,3,0,3,0,10,0,3,0,0,0,0,0,0,0
20300,9908,0,79,0,3,0,4,0,6,0,0,0,0,0,0,0,0,0
20400,9916,0,72,0,5,0,4,0,3,0,0,0,0,0,0,0,0,0
20500,9912,0,74,0,7,0,3,0,2,0,2,0,0,0,0,0,0,0
20600,9909,0,76,0,5,0,2,0,7,0,1,0,0,0,0,0,0,0
20700,9915,0,74,0,4,0,4,0,3,0,0,0,0,0,0,0,0,0
20800,9918,0,71,0,1,0,2,0,6,0,2,0,0,0,0,0,0,0
20900,9913,0,78,0,3,0,4,0,1,0,1,0,0,0,0,0,0,0
21000,9856,0,127,0,6,0,0,0,7,0,4,0,0,0,0,0,0,0
21100,9851,0,137,0,5,0,5,0,1,0,1,0,0,0,0,0,0,0
21200,9853,0,142,0,0,0,3,0,2,0,0,0,0,0,0,0,0,0
21300,9852,0,134,0,3,0,6,0,5,0,0,0,0,0,0,0,0,0
21400,9841,0,144,0,3,0,9,0,3,0,0,0,0,0,0,0,0,0
21500,9827,0,161,0,3,0,5,0,3,0,1,0,0,0,0,0,0,0
21600,9825,0,160,0,3,0,4,0,7,0,1,0,0,0,0,0,0,0
21700,9826,0,156,0,3,0,6,0,7,0,2,0,0,0,0,0,0,0
21800,9845,0,143,0,1,0,3,0,4,0,4,0,0,0,0,0,0,0
21900,9903,0,78,0,6,0,3,0,7,0,3,0,0,0,0,0,0,0
22000,9910,0,79,0,4,0,2,0,4,0,0,0,1,0,0,0,0,0
22100,9901,0,81,0,2,0,6,0,7,0,3,0,0,0,0,0,0,0
22200,9898,0,86,0,4,0,5,0,2,0,5,0,0,0,0,0,0,0
22300,9900,0,89,0,2,0,5,0,4,0,0,0,0,0,0,0,0,0
22400,9898,0,83,0,3,0,9,0,5,0,2,0,0,0,0,0,0,0
22500,9891,0,92,0,5,0,6,0,5,0,1,0,0,0,0,0,0,0
22600,9911,0,73,0,3,0,8,0,4,0,1,0,0,0,0,0,0,0
22700,9954,0,25,0,2,0,11,0,7,0,1,0,0,0,0,0,0,0
22800,9956,0,32,0,1,0,6,0,4,0,1,0,0,0,0,0,0,0
22900,9958,0,29,0,1,0,8,0,4,0,0,0,0,0,0,0,0,0
23000,9951,0,32,0,3,0,5,0,6,0,3,0,0,0,0,0,0,0
23100,9942,0,29,0,5,0,11,0,10,0,3,0,0,0,0,0,0,0
23200,9953,0,29,0,5,0,5,0,8,0,0,0,0,0,0,0,0,0
23300,9950,0,28,0,4,0,9,0,7,0,2,0,0,0,0,0,0,0
23400,9962,0,26,0,7,0,3,0,2,0,0,0,0,0,0,0,0,0
23500,9963,0,21,0,1,0,8,0,4,0,3,0,0,0,0,0,0,0
23600,9964,0,21,0,1,0,11,0,2,0,1,0,0,0,0,0,0,0
23700,9961,0,25,0,2,0,9,0,3,0,0,0,0,0,0,0,0,0
23800,9959,0,26,0,3,0,4,0,6,0,2,0,0,0,0,0,0,0
23900,9964,0,20,0,2,0,7,0,5,0,1,0,1,0,0,0,0,0
24000,9959,0,25,0,2,0,6,0,4,0,4,0,0,0,0,0,0,0
24100,9961,0,20,0,5,0,6,0,5,0,3,0,0,0,0,0,0,0
24200,9968,0,20,0,2,0,5,0,5,0,0,0,0,0,0,0,0,0
24300,9964,0,28,0,0,0,5,0,2,0,1,0,0,0,0,0,0,0
24400,9959,0,23,0,4,0,4,0,9,0,1,0,0,0,0,0,0,0
24500,9946,0,44,0,5,0,3,0,2,0,0,0,0,0,0,0,0,0
24600,9930,0,50,0,8,0,6,0,5,0,1,0,0,0,0,0,0,0
24700,9931,0,52,0,7,0,5,0,5,0,0,0,0,0,0,0,0,0
24800,9916,0,60,0,5,0,6,0,7,0,6,0,0,0,0,0,0,0
24900,9925,0,55,0,5,0,9,0,3,0,3,0,0,0,0,0,0,0
25000,9928,0,57,0,4,0,9,0,2,0,0,0,0,0,0,0,0,0
25100,9934,0,55,0,1,0,8,0,2,0,0,0,0,0,0,0,0,0
25200,9925,0,58,0,4,0,5,0,6,0,2,0,0,0,0,0,0,0
25300,9922,0,56,0,6,0,9,0,5,0,2,0,0,0,0,0,0,0
25400,9918,0,68,0,3,0,7,0,2,0,2,0,0,0,0,0,0,0
25500,9911,0,68,0,2,0,10,0,5,0,4,0,0,0,0,0,0,0
25600,9920,0,65,0,4,0,5,0,4,0,2,0,0,0,0,0,0,0
25700,9936,0,55,0,1,0,7,0,0,0,1,0,0,0,0,0,0,0
25800,9935,0,51,0,1,0,8,0,4,0,1,0,0,0,0,0,0,0
25900,9919,0,54,0,3,0,18,0,4,0,2,0,0,0,0,0,0,0
26000,9888,0,47,0,3,0,59,0,2,0,1,0,0,0,0,0,0,0
26100,9852,0,58,0,1,0,87,0,2,0,0,0,0,0,0,0,0,0
26200,9829,0,69,0,5,0,93,0,3,0,1,0,0,0,0,0,0,0
26300,9843,0,64,0,2,0,87,0,2,0,2,0,0,0,0,0,0,0
26400,9872,0,60,0,4,0,60,0,1,0,3,0,0,0,0,0,0,0
26500,9907,0,67,0,3,0,20,0,0,0,2,0,1,0,0,0,0,0
26600,9921,0,52,0,3,0,19,0,3,0,2,0,0,0,0,0,0,0
26700,9918,0,52,0,5,0,20,0,3,0,2,0,0,0,0,0,0,0
26800,9912,0,58,0,6,0,19,0,3,0,2,0,0,0,0,0,0,0
26900,9919,0,54,0,9,0,15,0,1,0,2,0,0,0,0,0,0,0
27000,9918,0,51,0,2,0,23,0,6,0,0,0,0,0,0,0,0,0
27100,9926,0,45,0,5,0,19,0,3,0,2,0,0,0,0,0,0,0
27200,9932,0,38,0,6,0,21,0,3,0,0,0,0,0,0,0,0,0
27300,9933,0,40,0,2,0,19,0,4,0,2,0,0,0,0,0,0,0
27400,9932,0,37,0,4,0,20,0,5,0,2,0,0,0,0,0,0,0
27500,9928,0,36,0,3,0,28,0,5,0,0,0,0,0,0,0,0,0
27600,9923,0,39,0,3,0,29,0,5,0,1,0,0,0,0,0,0,0
27700,9947,0,19,0,2,0,30,0,1,0,1,0,0,0,0,0,0,0
27800,9966,0,4,0,6,0,21,0,3,0,0,0,0,0,0,0,0,0
27900,9958,0,10,0,2,0,20,0,8,0,2,0,0,0,0,0,0,0
28000,9972,0,6,0,2,0,17,0,1,0,2,0,0,0,0,0,0,0
28100,9973,0,9,0,3,0,12,0,2,0,1,0,0,0,0,0,0,0
28200,9973,0,7,0,0,0,15,0,4,0,1,0,0,0,0,0,0,0
28300,9973,0,7,0,0,0,15,0,5,0,0,0,0,0,0,0,0,0
28400,9968,0,6,0,4,0,13,0,9,0,0,0,0,0,0,0,0,0
28500,9972,0,11,0,3,0,13,0,1,0,0,0,0,0,0,0,0,0
28600,9977,0,12,0,2,0,7,0,1,0,1,0,0,0,0,0,0,0
28700,9978,0,10,0,1,0,8,0,1,0,2,0,0,0,0,0,0,0
28800,9973,0,9,0,3,0,9,0,5,0,1,0,0,0,0,0,0,0
28900,9971,0,11,0,2,0,13,0,3,0,0,0,0,0,0,0,0,0
29000,9966,0,12,0,4,0,16,0,2,0,0,0,0,0,0,0,0,0
29100,9964,0,11,0,4,0,20,0,1,0,0,0,0,0,0,0,0,0
29200,9966,0,10,0,4,0,16,0,3,0,1,0,0,0,0,0,0,0
29300,9960,0,13,0,3,0,19,0,3,0,2,0,0,0,0,0,0,0
29400,9942,0,17,0,3,0,35,0,2,0,1,0,0,0,0,0,0,0
29500,9947,0,20,0,2,0,26,0,4,0,1,0,0,0,0,0,0,0
29600,9943,0,27,0,3,0,24,0,3,0,0,0,0,0,0,0,0,0
29700,9925,0,38,0,2,0,29,0,5,0,1,0,0,0,0,0,0,0
29800,9873,0,82,0,2,0,40,0,2,0,1,0,0,0,0,0,0,0
29900,9867,0,88,0,3,0,41,0,0,0,1,0,0,0,0,0,0,0
30000,9864,0,87,0,0,0,43,0,5,0,1,0,0,0,0,0,0,0
30100,9840,0,79,0,1,0,77,0,1,0,1,0,0,0,0,0,1,0
30200,9804,0,88,0,1,0,100,0,6,0,1,0,0,0,0,0,0,0
30300,9809,0,84,0,3,0,102,0,0,0,2,0,0,0,0,0,0,0
30400,9810,0,84,0,3,0,99,0,3,0,1,0,0,0,0,0,0,0
30500,9834,0,79,0,1,0,82,0,4,0,0,0,0,0,0,0,0,0
30600,9873,0,74,0,1,0,49,0,1,0,2,0,0,0,0,0,0,0
30700,9900,0,72,0,2,0,23,0,2,0,1,0,0,0,0,0,0,0
30800,9885,0,79,0,0,0,27,0,6,0,3,0,0,0,0,0,0,0
30900,9893,0,77,0,1,0,26,0,2,0,1,0,0,0,0,0,0,0
31000,9899,0,74,0,3,0,22,0,1,0,1,0,0,0,0,0,0,0
31100,9899,0,73,0,4,0,20,0,2,0,2,0,0,0,0,0,0,0
31200,9894,0,73,0,0,0,24,0,8,0,1,0,0,0,0,0,0,0
31300,9902,0,72,0,1,0,22,0,1,0,2,0,0,0,0,0,0,0
31400,9897,0,77,0,2,0,19,0,4,0,1,0,0,0,0,0,0,0
31500,9910,0,78,0,0,0,10,0,0,0,2,0,0,0,0,0,0,0
31600,9907,0,72,0,0,0,14,0,2,0,5,0,0,0,0,0,0,0
31700,9888,0,88,0,2,0,11,0,7,0,4,0,0,0,0,0,0,0
31800,9901,0,73,0,3,0,16,0,5,0,2,0,0,0,0,0,0,0
31900,9913,0,71,0,3,0,8,0,4,0,1,0,0,0,0,0,0,0
32000,9911,0,78,0,2,0,5,0,4,0,0,0,0,0,0,0,0,0
32100,9899,0,86,0,1,0,9,0,5,0,0,0,0,0,0,0,0,0
32200,9900,0,86,0,2,0,7,0,5,0,0,0,0,0,0,0,0,0
32300,9899,0,86,0,3,0,9,0,1,0,2,0,0,0,0,0,0,0
32400,9870,0,116,0,3,0,7,0,3,0,1,0,0,0,0,0,0,0
32500,9873,0,112,0,1,0,12,0,1,0,1,0,0,0,0,0,0,0
32600,9874,0,112,0,4,0,6,0,4,0,0,0,0,0,0,0,0,0
32700,9927,0,55,0,1,0,10,0,6,0,1,0,0,0,0,0,0,0
32800,9944,0,46,0,2,0,6,0,0,0,1,0,1,0,0,0,0,0
32900,9948,0,43,0,0,0,8,0,0,0,1,0,0,0,0,0,0,0
33000,9926,0,48,0,4,0,18,0,1,0,3,0,0,0,0,0,0,0
33100,9934,0,44,0,8,0,13,0,0,0,1,0,0,0,0,0,0,0
33200,9942,0,33,0,6,0,16,0,3,0,0,0,0,0,0,0,0,0
33300,9961,0,22,0,5,0,8,0,3,0,1,0,0,0,0,0,0,0
33400,9963,0,21,0,1,0,9,0,6,0,0,0,0,0,0,0,0,0
33500,9970,0,17,0,3,0,5,0,4,0,1,0,0,0,0,0,0,0
33600,9963,0,19,0,6,0,8,0,1,0,3,0,0,0,0,0,0,0
33700,9956,0,17,0,13,0,14,0,0,0,0,0,0,0,0,0,0,0
33800,9947,0,19,0,11,0,19,0,2,0,2,0,0,0,0,0,0,0
33900,9959,0,17,0,11,0,7,0,5,0,1,0,0,0,0,0,0,0
34000,9965,0,16,0,9,0,5,0,2,0,3,0,0,0,0,0,0,0
34100,9965,0,17,0,10,0,6,0,1,0,1,0,0,0,0,0,0,0
34200,9960,0,16,0,12,0,10,0,1,0,1,0,0,0,0,0,0,0
34300,9954,0,17,0,9,0,13,0,6,0,1,0,0,0,0,0,0,0
34400,9964,0,16,0,11,0,6,0,2,0,1,0,0,0,0,0,0,0
34500,9953,0,18,0,12,0,9,0,8,0,0,0,0,0,0,0,0,0
34600,9960,0,19,0,9,0,10,0,2,0,0,0,0,0,0,0,0,0
34700,9956,0,20,0,10,0,11,0,3,0,0,0,0,0,0,0,0,0
34800,9950,0,17,0,11,0,14,0,7,0,1,0,0,0,0,0,0,0
34900,9944,0,25,0,11,0,13,0,5,0,1,0,1,0,0,0,0,0
35000,9939,0,25,0,9,0,20,0,5,0,2,0,0,0,0,0,0,0
35100,9937,0,25,0,12,0,24,0,2,0,0,0,0,0,0,0,0,0
35200,9955,0,26,0,9,0,9,0,1,0,0,0,0,0,0,0,0,0
35300,9950,0,24,0,10,0,14,0,2,0,0,0,0,0,0,0,0,0
35400,9945,0,25,0,10,0,17,0,0,0,3,0,0,0,0,0,0,0
35500,9938,0,34,0,11,0,15,0,1,0,1,0,0,0,0,0,0,0
35600,9949,0,32,0,8,0,9,0,1,0,1,0,0,0,0,0,0,0
35700,9951,0,25,0,10,0,11,0,3,0,0,0,0,0,0,0,0,0
35800,9947,0,23,0,13,0,12,0,5,0,0,0,0,0,0,0,0,0
35900,9955,0,27,0,9,0,6,0,3,0,0,0,0,0,0,0,0,0
36000,9954,0,23,0,10,0,10,0,3,0,0,0,0,0,0,0,0,0
36100,9950,0,28,0,10,0,9,0,2,0,1,0,0,0,0,0,0,0
36200,9950,0,30,0,9,0,4,0,6,0,1,0,0,0,0,0,0,0
36300,9951,0,25,0,12,0,9,0,3,0,0,0,0,0,0,0,0,0
36400,9946,0,26,0,8,0,15,0,2,0,3,0,0,0,0,0,0,0
36500,9959,0,22,0,9,0,7,0,2,0,1,0,0,0,0,0,0,0
36600,9941,0,35,0,11,0,7,0,5,0,1,0,0,0,0,0,0,0
36700,9954,0,21,0,12,0,7,0,6,0,0,0,0,0,0,0,0,0
36800,9960,0,19,0,8,0,8,0,4,0,1,0,0,0,0,0,0,0
36900,9959,0,14,0,13,0,7,0,7,0,0,0,0,0,0,0,0,0
37000,9958,0,21,0,8,0,7,0,3,0,3,0,0,0,0,0,0,0
37100,9950,0,29,0,11,0,3,0,5,0,2,0,0,0,0,0,0,0
37200,9958,0,27,0,10,0,1,0,3,0,1,0,0,0,0,0,0,0
37300,9952,0,27,0,11,0,7,0,2,0,1,0,0,0,0,0,0,0
37400,9961,0,20,0,9,0,7,0,2,0,1,0,0,0,0,0,0,0
37500,9966,0,16,0,10,0,2,0,5,0,1,0,0,0,0,0,0,0
37600,9975,0,11,0,11,0,0,0,3,0,0,0,0,0,0,0,0,0
37700,9970,0,11,0,12,0,2,0,5,0,0,0,0,0,0,0,0,0
37800,9980,0,8,0,9,0,2,0,1,0,0,0,0,0,0,0,0,0
37900,9982,0,2,0,9,0,2,0,5,0,0,0,0,0,0,0,0,0
38000,9977,0,2,0,9,0,4,0,6,0,2,0,0,0,0,0,0,0
38100,9987,0,0,0,11,0,1,0,1,0,0,0,0,0,0,0,0,0
38200,9988,0,1,0,8,0,1,0,2,0,0,0,0,0,0,0,0,0
38300,9977,0,0,0,15,0,3,0,5,0,0,0,0,0,0,0,0,0
38400,9985,0,1,0,9,0,2,0,1,0,2,0,0,0,0,0,0,0
38500,9992,0,0,0,4,0,1,0,1,0,2,0,0,0,0,0,0,0
38600,9992,0,1,0,3,0,2,0,2,0,0,0,0,0,0,0,0,0
38700,9986,0,1,0,1,0,4,0,5,0,3,0,0,0,0,0,0,0
38800,9987,0,4,0,2,0,2,0,5,0,0,0,0,0,0,0,0,0
38900,9984,0,12,0,2,0,1,0,1,0,0,0,0,0,0,0,0,0
39000,9991,0,7,0,0,0,0,0,2,0,0,0,0,0,0,0,0,0
39100,9980,0,10,0,4,0,2,0,3,0,1,0,0,0,0,0,0,0
39200,9971,0,17,0,1,0,6,0,4,0,0,0,1,0,0,0,0,0
39300,9967,0,18,0,1,0,10,0,4,0,0,0,0,0,0,0,0,0
39400,9975,0,17,0,0,0,6,0,0,0,2,0,0,0,0,0,0,0
39500,9977,0,15,0,0,0,4,0,2,0,2,0,0,0,0,0,0,0
39600,9959,0,26,0,3,0,6,0,5,0,1,0,0,0,0,0,0,0
39700,9967,0,22,0,2,0,3,0,6,0,0,0,0,0,0,0,0,0
39800,9977,0,16,0,2,0,1,0,2,0,2,0,0,0,0,0,0,0
39900,9972,0,12,0,2,0,8,0,3,0,3,0,0,0,0,0,0,0
40000,9974,0,17,0,0,0,6,0,3,0,0,0,0,0,0,0,0,0
40100,9957,0,22,0,4,0,6,0,9,0,2,0,0,0,0,0,0,0
40200,9961,0,27,0,2,0,5,0,5,0,0,0,0,0,0,0,0,0
40300,9965,0,26,0,3,0,4,0,0,0,2,0,0,0,0,0,0,0
40400,9964,0,24,0,2,0,5,0,3,0,2,0,0,0,0,0,0,0
40500,9940,0,40,0,6,0,11,0,2,0,0,0,1,0,0,0,0,0
40600,9928,0,56,0,5,0,7,0,2,0,2,0,0,0,0,0,0,0
40700,9933,0,49,0,6,0,8,0,4,0,0,0,0,0,0,0,0,0
40800,9940,0,55,0,2,0,3,0,0,0,0,0,0,0,0,0,0,0
40900,9936,0,48,0,2,0,9,0,4,0,1,0,0,0,0,0,0,0
41000,9930,0,58,0,3,0,8,0,1,0,0,0,0,0,0,0,0,0
41100,9928,0,56,0,2,0,9,0,5,0,0,0,0,0,0,0,0,0
41200,9919,0,68,0,4,0,7,0,2,0,0,0,0,0,0,0,0,0
41300,9930,0,57,0,2,0,7,0,3,0,1,0,0,0,0,0,0,0
41400,9938,0,52,0,0,0,8,0,2,0,0,0,0,0,0,0,0,0
41500,9937,0,49,0,1,0,7,0,4,0,2,0,0,0,0,0,0,0
41600,9930,0,60,0,1,0,4,0,2,0,3,0,0,0,0,0,0,0
41700,9942,0,45,0,2,0,5,0,3,0,3,0,0,0,0,0,0,0
41800,9945,0,41,0,4,0,7,0,2,0,0,0,1,0,0,0,0,0
41900,9946,0,40,0,0,0,9,0,5,0,0,0,0,0,0,0,0,0
42000,9948,0,34,0,2,0,10,0,6,0,0,0,0,0,0,0,0,0
42100,9947,0,35,0,4,0,5,0,8,0,1,0,0,0,0,0,0,0
42200,9966,0,31,0,0,0,2,0,1,0,0,0,0,0,0,0,0,0
42300,9963,0,27,0,1,0,3,0,6,0,0,0,0,0,0,0,0,0
42400,9960,0,30,0,3,0,2,0,5,0,0,0,0,0,0,0,0,0
42500,9972,0,15,0,1,0,5,0,7,0,0,0,0,0,0,0,0,0
42600,9988,0,0,0,2,0,6,0,4,0,0,0,0,0,0,0,0,0
42700,9980,0,1,0,2,0,9,0,7,0,1,0,0,0,0,0,0,0
42800,9986,0,3,0,1,0,6,0,4,0,0,0,0,0,0,0,0,0
42900,9981,0,2,0,4,0,8,0,3,0,2,0,0,0,0,0,0,0
43000,9982,0,1,0,7,0,7,0,2,0,1,0,0,0,0,0,0,0
43100,9983,0,4,0,1,0,3,0,7,0,2,0,0,0,0,0,0,0
43200,9987,0,1,0,2,0,5,0,5,0,0,0,0,0,0,0,0,0
43300,9981,0,2,0,2,0,8,0,5,0,2,0,0,0,0,0,0,0
43400,9987,0,3,0,1,0,3,0,3,0,3,0,0,0,0,0,0,0
43500,9977,0,5,0,3,0,9,0,6,0,0,0,0,0,0,0,0,0
43600,9986,0,1,0,1,0,4,0,6,0,2,0,0,0,0,0,0,0
43700,9981,0,3,0,2,0,7,0,3,0,3,0,1,0,0,0,0,0
43800,9993,0,0,0,1,0,3,0,2,0,1,0,0,0,0,0,0,0
43900,9980,0,4,0,1,0,7,0,7,0,1,0,0,0,0,0,0,0
44000,9987,0,1,0,1,0,5,0,4,0,2,0,0,0,0,0,0,0
44100,9985,0,3,0,2,0,7,0,2,0,1,0,0,0,0,0,0,0
44200,9988,0,3,0,2,0,3,0,2,0,2,0,0,0,0,0,0,0
44300,9990,0,3,0,2,0,3,0,2,0,0,0,0,0,0,0,0,0
44400,9992,0,4,0,2,0,2,0,0,0,0,0,0,0,0,0,0,0
44500,9985,0,0,0,4,0,7,0,3,0,1,0,0,0,0,0,0,0
44600,9988,0,1,0,3,0,2,0,6,0,0,0,0,0,0,0,0,0
44700,9983,0,2,0,2,0,5,0,8,0,0,0,0,0,0,0,0,0
44800,9982,0,2,0,0,0,6,0,8,0,2,0,0,0,0,0,0,0
44900,9985,0,4,0,1,0,7,0,2,0,1,0,0,0,0,0,0,0
45000,9990,0,1,0,3,0,2,0,4,0,0,0,0,0,0,0,0,0
45100,9992,0,1,0,1,0,3,0,1,0,2,0,0,0,0,0,0,0
45200,9989,0,1,0,3,0,3,0,3,0,1,0,0,0,0,0,0,0
45300,9989,0,2,0,2,0,2,0,5,0,0,0,0,0,0,0,0,0
45400,9992,0,3,0,0,0,4,0,1,0,0,0,0,0,0,0,0,0
45500,9983,0,8,0,4,0,3,0,1,0,1,0,0,0,0,0,0,0
45600,9975,0,12,0,1,0,9,0,2,0,1,0,0,0,0,0,0,0
45700,9972,0,12,0,0,0,9,0,4,0,3,0,0,0,0,0,0,0
45800,9987,0,7,0,0,0,4,0,2,0,0,0,0,0,0,0,0,0
45900,9983,0,9,0,0,0,8,0,0,0,0,0,0,0,0,0,0,0
46000,9975,0,13,0,3,0,6,0,2,0,1,0,0,0,0,0,0,0
46100,9977,0,14,0,0,0,6,0,3,0,0,0,0,0,0,0,0,0
46200,9978,0,16,0,1,0,3,0,2,0,0,0,0,0,0,0,0,0
46300,9970,0,14,0,4,0,8,0,3,0,1,0,0,0,0,0,0,0
46400,9972,0,15,0,5,0,2,0,4,0,2,0,0,0,0,0,0,0
46500,9973,0,20,0,3,0,2,0,0,0,2,0,0,0,0,0,0,0
46600,9896,0,90,0,1,0,4,0,6,0,3,0,0,0,0,0,0,0
46700,9849,0,148,0,0,0,0,0,1,0,2,0,0,0,0,0,0,0
46800,9849,0,147,0,2,0,1,0,0,0,1,0,0,0,0,0,0,0
46900,9846,0,149,0,2,0,1,0,2,0,0,0,0,0,0,0,0,0
47000,9846,0,147,0,2,0,3,0,2,0,0,0,0,0,0,0,0,0
47100,9849,0,147,0,2,0,0,0,2,0,0,0,0,0,0,0,0,0
47200,9846,0,148,0,2,0,1,0,1,0,2,0,0,0,0,0,0,0
47300,9842,0,150,0,0,0,1,0,5,0,2,0,0,0,0,0,0,0
47400,9795,0,200,0,3,0,1,0,1,0,0,0,0,0,0,0,0,0
47500,9774,0,215,0,5,0,5,0,1,0,0,0,0,0,0,0,0,0
47600,9774,0,214,0,4,0,3,0,5,0,0,0,0,0,0,0,0,0
47700,9775,0,215,0,0,0,2,0,5,0,3,0,0,0,0,0,0,0
47800,9777,0,217,0,3,0,1,0,2,0,0,0,0,0,0,0,0,0
47900,9780,0,214,0,1,0,2,0,3,0,0,0,0,0,0,0,0,0
48000,9783,0,214,0,0,0,2,0,1,0,0,0,0,0,0,0,0,0
48100,9780,0,214,0,1,0,1,0,2,0,2,0,0,0,0,0,0,0
48200,9775,0,219,0,0,0,4,0,1,0,1,0,0,0,0,0,0,0
48300,9771,0,220,0,0,0,2,0,6,0,1,0,0,0,0,0,0,0
48400,9794,0,199,0,2,0,1,0,4,0,0,0,0,0,0,0,0,0
48500,9841,0,153,0,2,0,2,0,2,0,0,0,0,0,0,0,0,0
48600,9847,0,149,0,0,0,3,0,1,0,0,0,0,0,0,0,0,0
48700,9899,0,94,0,3,0,1,0,2,0,1,0,0,0,0,0,0,0
48800,9900,0,92,0,3,0,0,0,5,0,0,0,0,0,0,0,0,0
48900,9907,0,89,0,0,0,2,0,2,0,0,0,0,0,0,0,0,0
49000,9906,0,87,0,2,0,1,0,3,0,1,0,0,0,0,0,0,0
49100,9903,0,89,0,1,0,4,0,3,0,0,0,0,0,0,0,0,0
49200,9905,0,88,0,1,0,1,0,4,0,1,0,0,0,0,0,0,0
49300,9901,0,88,0,3,0,0,0,7,0,1,0,0,0,0,0,0,0
49400,9909,0,81,0,2,0,4,0,2,0,2,0,0,0,0,0,0,0
49500,9910,0,76,0,2,0,8,0,3,0,1,0,0,0,0,0,0,0
49600,9976,0,23,0,0,0,0,0,1,0,0,0,0,0,0,0,0,0
49700,9892,0,102,0,2,0,0,0,3,0,1,0,0,0,0,0,0,0
49800,9886,0,101,0,2,0,0,0,9,0,2,0,0,0,0,0,0,0
49900,9887,0,99,0,3,0,2,0,1,0,8,0,0,0,0,0,0,0
50000,9874,0,102,0,2,0,6,0,3,0,13,0,0,0,0,0,0,0
50100,9885,0,98,0,1,0,1,0,3,0,12,0,0,0,0,0,0,0
50200,9887,0,98,0,1,0,3,0,4,0,7,0,0,0,0,0,0,0
50300,9884,0,100,0,3,0,3,0,9,0,1,0,0,0,0,0,0,0
50400,9887,0,99,0,1,0,6,0,5,0,2,0,0,0,0,0,0,0
50500,9894,0,97,0,1,0,5,0,1,0,2,0,0,0,0,0,0,0
50600,9894,0,95,0,2,0,5,0,2,0,2,0,0,0,0,0,0,0
50700,9895,0,98,0,2,0,1,0,2,0,2,0,0,0,0,0,0,0
50800,9893,0,97,0,1,0,0,0,9,0,0,0,0,0,0,0,0,0
50900,9897,0,98,0,1,0,2,0,2,0,0,0,0,0,0,0,0,0
51000,9960,0,36,0,1,0,1,0,2,0,0,0,0,0,0,0,0,0
51100,9973,0,17,0,1,0,5,0,3,0,1,0,0,0,0,0,0,0
51200,9969,0,26,0,2,0,1,0,1,0,1,0,0,0,0,0,0,0
51300,9976,0,15,0,2,0,2,0,4,0,1,0,0,0,0,0,0,0
51400,9977,0,16,0,1,0,0,0,6,0,0,0,0,0,0,0,0,0
51500,9974,0,15,0,3,0,6,0,2,0,0,0,0,0,0,0,0,0
51600,9972,0,16,0,2,0,3,0,6,0,1,0,0,0,0,0,0,0
51700,9980,0,14,0,0,0,1,0,4,0,1,0,0,0,0,0,0,0
51800,9976,0,16,0,1,0,3,0,3,0,1,0,0,0,0,0,0,0
51900,9978,0,14,0,2,0,1,0,4,0,1,0,0,0,0,0,0,0
52000,9979,0,12,0,1,0,2,0,4,0,2,0,0,0,0,0,0,0
52100,9981,0,12,0,2,0,3,0,2,0,0,0,0,0,0,0,0,0
52200,9979,0,12,0,3,0,1,0,5,0,0,0,0,0,0,0,0,0
52300,9970,0,17,0,3,0,2,0,5,0,3,0,0,0,0,0,0,0
52400,9974,0,15,0,2,0,1,0,7,0,1,0,0,0,0,0,0,0
52500,9982,0,14,0,1,0,0,0,1,0,2,0,0,0,0,0,0,0
52600,9973,0,16,0,3,0,4,0,2,0,2,0,0,0,0,0,0,0
52700,9978,0,11,0,4,0,0,0,7,0,0,0,0,0,0,0,0,0
52800,9982,0,13,0,1,0,2,0,2,0,0,0,0,0,0,0,0,0
52900,9972,0,12,0,2,0,3,0,10,0,1,0,0,0,0,0,0,0
53000,9984,0,8,0,2,0,5,0,1,0,0,0,0,0,0,0,0,0
53100,9985,0,1,0,1,0,6,0,5,0,2,0,0,0,0,0,0,0
53200,9991,0,2,0,0,0,4,0,1,0,2,0,0,0,0,0,0,0
53300,9988,0,3,0,1,0,5,0,2,0,1,0,0,0,0,0,0,0
53400,9991,0,2,0,1,0,3,0,2,0,1,0,0,0,0,0,0,0
53500,9991,0,2,0,2,0,1,0,3,0,1,0,0,0,0,0,0,0
53600,9988,0,4,0,2,0,1,0,2,0,3,0,0,0,0,0,0,0
53700,9982,0,5,0,3,0,4,0,4,0,2,0,0,0,0,0,0,0
53800,9950,0,43,0,3,0,0,0,1,0,3,0,0,0,0,0,0,0
53900,9917,0,76,0,0,0,6,0,1,0,0,0,0,0,0,0,0,0
54000,9891,0,102,0,1,0,0,0,4,0,2,0,0,0,0,0,0,0
54100,9836,0,155,0,2,0,2,0,4,0,1,0,0,0,0,0,0,0
54200,9835,0,157,0,1,0,1,0,3,0,3,0,0,0,0,0,0,0
54300,9838,0,141,0,8,0,4,0,6,0,3,0,0,0,0,0,0,0
54400,9850,0,139,0,3,0,7,0,0,0,1,0,0,0,0,0,0,0
54500,9849,0,136,0,6,0,4,0,2,0,2,0,1,0,0,0,0,0
54600,9843,0,149,0,3,0,2,0,1,0,2,0,0,0,0,0,0,0
54700,9784,0,198,0,8,0,0,0,8,0,2,0,0,0,0,0,0,0
54800,9800,0,189,0,6,0,3,0,1,0,1,0,0,0,0,0,0,0
54900,9813,0,177,0,4,0,1,0,4,0,1,0,0,0,0,0,0,0
55000,9788,0,196,0,6,0,4,0,2,0,4,0,0,0,0,0,0,0
55100,9762,0,219,0,7,0,2,0,10,0,0,0,0,0,0,0,0,0
55200,9770,0,220,0,3,0,0,0,6,0,1,0,0,0,0,0,0,0
55300,9767,0,220,0,9,0,0,0,4,0,0,0,0,0,0,0,0,0
55400,9828,0,161,0,7,0,1,0,2,0,1,0,0,0,0,0,0,0
55500,9828,0,161,0,4,0,3,0,4,0,0,0,0,0,0,0,0,0
55600,9824,0,166,0,5,0,4,0,0,0,1,0,0,0,0,0,0,0
55700,9837,0,154,0,3,0,1,0,4,0,1,0,0,0,0,0,0,0
55800,9838,0,149,0,7,0,0,0,2,0,4,0,0,0,0,0,0,0
55900,9837,0,146,0,7,0,8,0,1,0,1,0,0,0,0,0,0,0
56000,9845,0,146,0,3,0,5,0,0,0,1,0,0,0,0,0,0,0
56100,9843,0,144,0,3,0,6,0,3,0,1,0,0,0,0,0,0,0
56200,9864,0,125,0,3,0,5,0,3,0,0,0,0,0,0,0,0,0
56300,9916,0,75,0,4,0,2,0,3,0,0,0,0,0,0,0,0,0
56400,9914,0,75,0,5,0,4,0,2,0,0,0,0,0,0,0,0,0
56500,9910,0,76,0,4,0,5,0,3,0,2,0,0,0,0,0,0,0
56600,9916,0,73,0,5,0,3,0,1,0,2,0,0,0,0,0,0,0
56700,9920,0,76,0,2,0,0,0,2,0,0,0,0,0,0,0,0,0
56800,9912,0,74,0,2,0,3,0,9,0,0,0,0,0,0,0,0,0
56900,9913,0,76,0,1,0,4,0,3,0,3,0,0,0,0,0,0,0
57000,9910,0,76,0,2,0,7,0,4,0,1,0,0,0,0,0,0,0
57100,9910,0,83,0,0,0,2,0,2,0,3,0,0,0,0,0,0,0
57200,9915,0,75,0,2,0,2,0,3,0,3,0,0,0,0,0,0,0
57300,9920,0,74,0,3,0,2,0,1,0,0,0,0,0,0,0,0,0
57400,9915,0,78,0,3,0,0,0,3,0,1,0,0,0,0,0,0,0
57500,9920,0,74,0,1,0,1,0,4,0,0,0,0,0,0,0,0,0
57600,9920,0,69,0,0,0,3,0,7,0,1,0,0,0,0,0,0,0
57700,9922,0,68,0,3,0,2,0,5,0,0,0,0,0,0,0,0,0
57800,9919,0,71,0,3,0,3,0,1,0,3,0,0,0,0,0,0,0
57900,9926,0,69,0,0,0,3,0,1,0,1,0,0,0,0,0,0,0
58000,9923,0,69,0,1,0,2,0,3,0,2,0,0,0,0,0,0,0
58100,9911,0,73,0,4,0,8,0,3,0,1,0,0,0,0,0,0,0
58200,9918,0,75,0,2,0,1,0,3,0,1,0,0,0,0,0,0,0
58300,9921,0,74,0,0,0,2,0,3,0,0,0,0,0,0,0,0,0
58400,9918,0,73,0,1,0,1,0,5,0,2,0,0,0,0,0,0,0
58500,9922,0,71,0,3,0,1,0,2,0,1,0,0,0,0,0,0,0
58600,9928,0,68,0,1,0,1,0,1,0,1,0,0,0,0,0,0,0
58700,9923,0,69,0,2,0,4,0,2,0,0,0,0,0,0,0,0,0
58800,9879,0,112,0,2,0,1,0,6,0,0,0,0,0,0,0,0,0
58900,9844,0,145,0,2,0,1,0,7,0,1,0,0,0,0,0,0,0
59000,9859,0,137,0,1,0,0,0,1,0,2,0,0,0,0,0,0,0
59100,9855,0,137,0,2,0,3,0,3,0,0,0,0,0,0,0,0,0
59200,9861,0,137,0,0,0,1,0,1,0,0,0,0,0,0,0,0,0
59300,9858,0,136,0,2,0,1,0,3,0,0,0,0,0,0,0,0,0
59400,9860,0,134,0,1,0,1,0,3,0,1,0,0,0,0,0,0,0
59500,9856,0,135,0,1,0,1,0,7,0,0,0,0,0,0,0,0,0
59600,9855,0,134,0,4,0,1,0,5,0,1,0,0,0,0,0,0,0
59700,9806,0,177,0,4,0,6,0,4,0,3,0,0,0,0,0,0,0
59800,9807,0,188,0,1,0,1,0,3,0,0,0,0,0,0,0,0,0
59900,9811,0,180,0,3,0,1,0,3,0,2,0,0,0,0,0,0,0
60000,9805,0,183,0,2,0,5,0,2,0,3,0,0,0,0,0,0,0
60100,9795,0,196,0,2,0,1,0,5,0,1,0,0,0,0,0,0,0
60200,9809,0,182,0,2,0,1,0,5,0,1,0,0,0,0,0,0,0
60300,9784,0,208,0,0,0,3,0,4,0,1,0,0,0,0,0,0,0
60400,9788,0,201,0,2,0,4,0,3,0,2,0,0,0,0,0,0,0
60500,9798,0,195,0,4,0,0,0,2,0,1,0,0,0,0,0,0,0
60600,9804,0,189,0,0,0,4,0,1,0,2,0,0,0,0,0,0,0
60700,9797,0,198,0,2,0,1,0,1,0,1,0,0,0,0,0,0,0
60800,9806,0,191,0,3,0,0,0,0,0,0,0,0,0,0,0,0,0
60900,9803,0,186,0,2,0,3,0,4,0,2,0,0,0,0,0,0,0
61000,9802,0,189,0,1,0,5,0,2,0,1,0,0,0,0,0,0,0
61100,9808,0,183,0,3,0,1,0,5,0,0,0,0,0,0,0,0,0
61200,9814,0,179,0,1,0,2,0,3,0,1,0,0,0,0,0,0,0
61300,9806,0,183,0,2,0,1,0,5,0,3,0,0,0,0,0,0,0
61400,9802,0,190,0,3,0,3,0,2,0,0,0,0,0,0,0,0,0
61500,9804,0,188,0,1,0,2,0,4,0,1,0,0,0,0,0,0,0
61600,9843,0,151,0,4,0,2,0,0,0,0,0,0,0,0,0,0,0
61700,9871,0,122,0,1,0,5,0,1,0,0,0,0,0,0,0,0,0
61800,9857,0,138,0,0,0,0,0,3,0,2,0,0,0,0,0,0,0
61900,9858,0,131,0,4,0,3,0,4,0,0,0,0,0,0,0,0,0
62000,9859,0,133,0,1,0,2,0,4,0,1,0,0,0,0,0,0,0
62100,9849,0,143,0,4,0,0,0,2,0,2,0,0,0,0,0,0,0
62200,9858,0,135,0,3,0,1,0,2,0,1,0,0,0,0,0,0,0
62300,9874,0,125,0,1,0,0,0,0,0,0,0,0,0,0,0,0,0
62400,9855,0,137,0,3,0,0,0,4,0,1,0,0,0,0,0,0,0
62500,9865,0,128,0,1,0,4,0,1,0,1,0,0,0,0,0,0,0
62600,9877,0,119,0,1,0,0,0,3,0,0,0,0,0,0,0,0,0
62700,9870,0,120,0,3,0,0,0,6,0,1,0,0,0,0,0,0,0
62800,9879,0,114,0,2,0,2,0,2,0,1,0,0,0,0,0,0,0
62900,9871,0,122,0,1,0,5,0,1,0,0,0,0,0,0,0,0,0
63000,9876,0,115,0,1,0,4,0,3,0,1,0,0,0,0,0,0,0
63100,9894,0,96,0,1,0,3,0,5,0,1,0,0,0,0,0,0,0
63200,9900,0,92,0,5,0,2,0,0,0,1,0,0,0,0,0,0,0
63300,9903,0,93,0,1,0,2,0,1,0,0,0,0,0,0,0,0,0
63400,9901,0,95,0,2,0,1,0,0,0,1,0,0,0,0,0,0,0
63500,9900,0,93,0,1,0,1,0,4,0,1,0,0,0,0,0,0,0
63600,9917,0,77,0,2,0,2,0,1,0,0,0,1,0,0,0,0,0
63700,9911,0,83,0,1,0,0,0,3,0,2,0,0,0,0,0,0,0
63800,9917,0,78,0,2,0,2,0,0,0,1,0,0,0,0,0,0,0
63900,9919,0,77,0,3,0,0,0,1,0,0,0,0,0,0,0,0,0
64000,9918,0,78,0,0,0,1,0,0,0,3,0,0,0,0,0,0,0
64100,9915,0,79,0,1,0,2,0,2,0,1,0,0,0,0,0,0,0
64200,9910,0,80,0,2,0,4,0,2,0,2,0,0,0,0,0,0,0
64300,9917,0,79,0,1,0,3,0,0,0,0,0,0,0,0,0,0,0
64400,9916,0,76,0,2,0,4,0,2,0,0,0,0,0,0,0,0,0
64500,9917,0,76,0,3,0,2,0,1,0,1,0,0,0,0,0,0,0
64600,9915,0,77,0,1,0,2,0,5,0,0,0,0,0,0,0,0,0
64700,9916,0,80,0,1,0,1,0,2,0,0,0,0,0,0,0,0,0
64800,9912,0,76,0,1,0,5,0,6,0,0,0,0,0,0,0,0,0
64900,9920,0,77,0,1,0,1,0,1,0,0,0,0,0,0,0,0,0
65000,9921,0,77,0,0,0,1,0,1,0,0,0,0,0,0,0,0,0
65100,9915,0,76,0,1,0,5,0,3,0,0,0,0,0,0,0,0,0
65200,9914,0,80,0,3,0,0,0,1,0,2,0,0,0,0,0,0,0
65300,9919,0,77,0,2,0,1,0,0,0,1,0,0,0,0,0,0,0
65400,9908,0,79,0,6,0,5,0,2,0,0,0,0,0,0,0,0,0
65500,9908,0,78,0,2,0,5,0,4,0,3,0,0,0,0,0,0,0
65600,9917,0,77,0,2,0,2,0,2,0,0,0,0,0,0,0,0,0
65700,9917,0,75,0,0,0,6,0,2,0,0,0,0,0,0,0,0,0
65800,9912,0,78,0,2,0,2,0,5,0,1,0,0,0,0,0,0,0
65900,9902,0,83,0,2,0,7,0,4,0,2,0,0,0,0,0,0,0
66000,9912,0,76,0,1,0,7,0,4,0,0,0,0,0,0,0,0,0
66100,9916,0,76,0,1,0,4,0,1,0,2,0,0,0,0,0,0,0
66200,9905,0,81,0,5,0,5,0,4,0,0,0,0,0,0,0,0,0
66300,9913,0,76,0,2,0,4,0,4,0,1,0,0,0,0,0,0,0
66400,9914,0,82,0,1,0,3,0,0,0,0,0,0,0,0,0,0,0
66500,9924,0,71,0,0,0,4,0,0,0,1,0,0,0,0,0,0,0
66600,9979,0,14,0,2,0,3,0,2,0,0,0,0,0,0,0,0,0
66700,9976,0,18,0,3,0,2,0,1,0,0,0,0,0,0,0,0,0
66800,9972,0,23,0,3,0,1,0,1,0,0,0,0,0,0,0,0,0
66900,9975,0,17,0,2,0,1,0,4,0,1,0,0,0,0,0,0,0
67000,9973,0,20,0,3,0,4,0,0,0,0,0,0,0,0,0,0,0
67100,9964,0,20,0,4,0,4,0,5,0,3,0,0,0,0,0,0,0
67200,9971,0,19,0,3,0,4,0,2,0,1,0,0,0,0,0,0,0
67300,9971,0,20,0,3,0,4,0,1,0,1,0,0,0,0,0,0,0
67400,9972,0,22,0,2,0,1,0,2,0,1,0,0,0,0,0,0,0
67500,9968,0,18,0,2,0,10,0,1,0,1,0,0,0,0,0,0,0
67600,9968,0,19,0,3,0,3,0,5,0,2,0,0,0,0,0,0,0
67700,9968,0,19,0,2,0,6,0,4,0,1,0,0,0,0,0,0,0
67800,9969,0,21,0,2,0,4,0,3,0,1,0,0,0,0,0,0,0
67900,9977,0,12,0,4,0,3,0,2,0,2,0,0,0,0,0,0,0
68000,9978,0,10,0,6,0,5,0,0,0,1,0,0,0,0,0,0,0
68100,9974,0,10,0,4,0,10,0,2,0,0,0,0,0,0,0,0,0
68200,9977,0,10,0,5,0,4,0,4,0,0,0,0,0,0,0,0,0
68300,9984,0,10,0,1,0,4,0,0,0,1,0,0,0,0,0,0,0
68400,9979,0,11,0,3,0,3,0,2,0,2,0,0,0,0,0,0,0
68500,9977,0,13,0,1,0,4,0,4,0,1,0,0,0,0,0,0,0
68600,9977,0,10,0,1,0,10,0,2,0,0,0,0,0,0,0,0,0
68700,9971,0,13,0,1,0,11,0,3,0,1,0,0,0,0,0,0,0
68800,9982,0,10,0,1,0,4,0,2,0,1,0,0,0,0,0,0,0
68900,9982,0,10,0,1,0,3,0,3,0,1,0,0,0,0,0,0,0
69000,9983,0,9,0,0,0,4,0,4,0,0,0,0,0,0,0,0,0
69100,9978,0,13,0,2,0,7,0,0,0,0,0,0,0,0,0,0,0
69200,9978,0,15,0,2,0,4,0,1,0,0,0,0,0,0,0,0,0
69300,9970,0,15,0,2,0,6,0,6,0,1,0,0,0,0,0,0,0
69400,9971,0,12,0,4,0,7,0,4,0,2,0,0,0,0,0,0,0
69500,9977,0,11,0,2,0,8,0,1,0,1,0,0,0,0,0,0,0
69600,9984,0,15,0,0,0,1,0,0,0,0,0,0,0,0,0,0,0
69700,9974,0,15,0,3,0,8,0,0,0,0,0,0,0,0,0,0,0
69800,9973,0,11,0,1,0,6,0,9,0,0,0,0,0,0,0,0,0
69900,9978,0,10,0,1,0,5,0,4,0,2,0,0,0,0,0,0,0
70000,9984,0,12,0,0,0,4,0,0,0,0,0,0,0,0,0,0,0
70100,9971,0,17,0,2,0,6,0,3,0,1,0,0,0,0,0,0,0
70200,9980,0,9,0,3,0,3,0,3,0,2,0,0,0,0,0,0,0
70300,9974,0,13,0,2,0,6,0,5,0,0,0,0,0,0,0,0,0
70400,9971,0,16,0,3,0,4,0,4,0,2,0,0,0,0,0,0,0
70500,9977,0,16,0,1,0,2,0,4,0,0,0,0,0,0,0,0,0
70600,9986,0,11,0,0,0,3,0,0,0,0,0,0,0,0,0,0,0
70700,9971,0,15,0,2,0,7,0,2,0,3,0,0,0,0,0,0,0
70800,9975,0,14,0,2,0,5,0,3,0,1,0,0,0,0,0,0,0
70900,9966,0,21,0,2,0,7,0,3,0,1,0,0,0,0,0,0,0
71000,9964,0,29,0,2,0,5,0,0,0,0,0,0,0,0,0,0,0
71100,9964,0,30,0,1,0,3,0,2,0,0,0,0,0,0,0,0,0
71200,9955,0,28,0,4,0,6,0,4,0,3,0,0,0,0,0,0,0
71300,9970,0,24,0,2,0,2,0,1,0,1,0,0,0,0,0,0,0
71400,9969,0,19,0,1,0,3,0,4,0,4,0,0,0,0,0,0,0
71500,9975,0,19,0,3,0,0,0,3,0,0,0,0,0,0,0,0,0
71600,9966,0,19,0,4,0,6,0,4,0,1,0,0,0,0,0,0,0
71700,9971,0,14,0,4,0,3,0,4,0,4,0,0,0,0,0,0,0
71800,9978,0,10,0,4,0,6,0,1,0,1,0,0,0,0,0,0,0
71900,9980,0,12,0,0,0,0,0,3,0,5,0,0,0,0,0,0,0
72000,9908,0,77,0,2,0,5,0,4,0,4,0,0,0,0,0,0,0
72100,9920,0,76,0,3,0,0,0,1,0,0,0,0,0,0,0,0,0
72200,9916,0,76,0,2,0,3,0,2,0,1,0,0,0,0,0,0,0
72300,9914,0,77,0,2,0,4,0,3,0,0,0,0,0,0,0,0,0
72400,9916,0,79,0,0,0,2,0,2,0,1,0,0,0,0,0,0,0
72500,9919,0,77,0,1,0,1,0,1,0,1,0,0,0,0,0,0,0
72600,9910,0,81,0,3,0,1,0,4,0,1,0,0,0,0,0,0,0
72700,9917,0,77,0,2,0,3,0,0,0,1,0,0,0,0,0,0,0
72800,9914,0,78,0,0,0,6,0,0,0,2,0,0,0,0,0,0,0
72900,9915,0,77,0,0,0,2,0,5,0,1,0,0,0,0,0,0,0
73000,9914,0,76,0,5,0,3,0,2,0,0,0,0,0,0,0,0,0
73100,9916,0,77,0,2,0,3,0,1,0,1,0,0,0,0,0,0,0
73200,9890,0,99,0,2,0,5,0,4,0,0,0,0,0,0,0,0,0
73300,9859,0,135,0,1,0,5,0,0,0,0,0,0,0,0,0,0,0
73400,9853,0,135,0,2,0,5,0,5,0,0,0,0,0,0,0,0,0
73500,9853,0,134,0,2,0,5,0,5,0,1,0,0,0,0,0,0,0
73600,9856,0,137,0,2,0,1,0,4,0,0,0,0,0,0,0,0,0
73700,9852,0,140,0,3,0,2,0,2,0,1,0,0,0,0,0,0,0
73800,9853,0,141,0,1,0,1,0,3,0,1,0,0,0,0,0,0,0
73900,9846,0,141,0,2,0,6,0,4,0,1,0,0,0,0,0,0,0
74000,9851,0,141,0,4,0,0,0,4,0,0,0,0,0,0,0,0,0
74100,9848,0,139,0,2,0,4,0,6,0,1,0,0,0,0,0,0,0
74200,9842,0,149,0,2,0,3,0,3,0,1,0,0,0,0,0,0,0
74300,9791,0,206,0,0,0,2,0,0,0,1,0,0,0,0,0,0,0
74400,9774,0,219,0,3,0,3,0,1,0,0,0,0,0,0,0,0,0
74500,9771,0,222,0,1,0,2,0,4,0,0,0,0,0,0,0,0,0
74600,9764,0,226,0,1,0,1,0,5,0,3,0,0,0,0,0,0,0
74700,9769,0,228,0,0,0,1,0,1,0,1,0,0,0,0,0,0,0
74800,9775,0,223,0,1,0,0,0,1,0,0,0,0,0,0,0,0,0
74900,9763,0,230,0,3,0,1,0,2,0,1,0,0,0,0,0,0,0
75000,9745,0,251,0,0,0,2,0,1,0,1,0,0,0,0,0,0,0
75100,9738,0,251,0,0,0,4,0,4,0,2,0,1,0,0,0,0,0
75200,9744,0,248,0,2,0,1,0,2,0,3,0,0,0,0,0,0,0
75300,9738,0,254,0,5,0,1,0,2,0,0,0,0,0,0,0,0,0
75400,9751,0,245,0,0,0,2,0,2,0,0,0,0,0,0,0,0,0
75500,9801,0,190,0,4,0,3,0,1,0,1,0,0,0,0,0,0,0
75600,9811,0,185,0,0,0,0,0,3,0,1,0,0,0,0,0,0,0
75700,9806,0,186,0,1,0,1,0,3,0,3,0,0,0,0,0,0,0
75800,9807,0,186,0,1,0,1,0,2,0,3,0,0,0,0,0,0,0
75900,9809,0,188,0,0,0,2,0,1,0,0,0,0,0,0,0,0,0
76000,9784,0,208,0,1,0,0,0,7,0,0,0,0,0,0,0,0,0
76100,9739,0,252,0,0,0,5,0,3,0,1,0,0,0,0,0,0,0
76200,9747,0,250,0,2,0,1,0,0,0,0,0,0,0,0,0,0,0
76300,9803,0,191,0,2,0,1,0,2,0,1,0,0,0,0,0,0,0
76400,9815,0,181,0,0,0,1,0,3,0,0,0,0,0,0,0,0,0
76500,9811,0,180,0,4,0,3,0,2,0,0,0,0,0,0,0,0,0
76600,9825,0,166,0,1,0,5,0,1,0,2,0,0,0,0,0,0,0
76700,9828,0,161,0,2,0,3,0,3,0,3,0,0,0,0,0,0,0
76800,9832,0,163,0,0,0,3,0,0,0,2,0,0,0,0,0,0,0
76900,9828,0,161,0,4,0,1,0,6,0,0,0,0,0,0,0,0,0
77000,9829,0,167,0,0,0,0,0,4,0,0,0,0,0,0,0,0,0
77100,9824,0,167,0,3,0,5,0,1,0,0,0,0,0,0,0,0,0
77200,9828,0,167,0,2,0,0,0,3,0,0,0,0,0,0,0,0,0
77300,9826,0,172,0,1,0,0,0,1,0,0,0,0,0,0,0,0,0
77400,9831,0,164,0,2,0,1,0,1,0,1,0,0,0,0,0,0,0
77500,9816,0,170,0,3,0,4,0,5,0,2,0,0,0,0,0,0,0
77600,9820,0,171,0,1,0,3,0,4,0,1,0,0,0,0,0,0,0
77700,9822,0,172,0,1,0,0,0,4,0,1,0,0,0,0,0,0,0
77800,9825,0,170,0,1,0,1,0,2,0,1,0,0,0,0,0,0,0
77900,9825,0,173,0,0,0,1,0,1,0,0,0,0,0,0,0,0,0
78000,9821,0,172,0,2,0,3,0,2,0,0,0,0,0,0,0,0,0
78100,9819,0,171,0,3,0,5,0,2,0,0,0,0,0,0,0,0,0
78200,9823,0,176,0,0,0,0,0,0,0,1,0,0,0,0,0,0,0
78300,9825,0,173,0,0,0,2,0,0,0,0,0,0,0,0,0,0,0
78400,9824,0,175,0,0,0,0,0,1,0,0,0,0,0,0,0,0,0
78500,9815,0,177,0,2,0,4,0,1,0,1,0,0,0,0,0,0,0
78600,9815,0,172,0,4,0,7,0,2,0,0,0,0,0,0,0,0,0
78700,9819,0,173,0,2,0,4,0,2,0,0,0,0,0,0,0,0,0
78800,9869,0,123,0,3,0,0,0,3,0,2,0,0,0,0,0,0,0
78900,9888,0,104,0,5,0,3,0,0,0,0,0,0,0,0,0,0,0
79000,9879,0,108,0,1,0,6,0,6,0,0,0,0,0,0,0,0,0
79100,9886,0,104,0,1,0,0,0,9,0,0,0,0,0,0,0,0,0
79200,9897,0,100,0,0,0,2,0,1,0,0,0,0,0,0,0,0,0
79300,9894,0,100,0,1,0,1,0,4,0,0,0,0,0,0,0,0,0
79400,9885,0,105,0,4,0,2,0,4,0,0,0,0,0,0,0,0,0
79500,9897,0,99,0,0,0,1,0,2,0,1,0,0,0,0,0,0,0
79600,9890,0,103,0,0,0,5,0,2,0,0,0,0,0,0,0,0,0
79700,9894,0,99,0,1,0,3,0,2,0,1,0,0,0,0,0,0,0
79800,9893,0,99,0,3,0,0,0,3,0,2,0,0,0,0,0,0,0
79900,9894,0,102,0,2,0,0,0,2,0,0,0,0,0,0,0,0,0
80000,9893,0,97,0,1,0,5,0,2,0,2,0,0,0,0,0,0,0
80100,9909,0,88,0,2,0,1,0,0,0,0,0,0,0,0,0,0,0
80200,9907,0,90,0,0,0,1,0,1,0,1,0,0,0,0,0,0,0
80300,9903,0,88,0,2,0,0,0,5,0,2,0,0,0,0,0,0,0
80400,9910,0,87,0,1,0,0,0,2,0,0,0,0,0,0,0,0,0
80500,9905,0,89,0,2,0,0,0,3,0,1,0,0,0,0,0,0,0
80600,9908,0,88,0,2,0,1,0,1,0,0,0,0,0,0,0,0,0
80700,9902,0,89,0,1,0,6,0,2,0,0,0,0,0,0,0,0,0
80800,9898,0,92,0,2,0,1,0,6,0,1,0,0,0,0,0,0,0
80900,9895,0,90,0,3,0,4,0,8,0,0,0,0,0,0,0,0,0
81000,9903,0,91,0,2,0,1,0,3,0,0,0,0,0,0,0,0,0
81100,9905,0,91,0,2,0,0,0,2,0,0,0,0,0,0,0,0,0
81200,9903,0,94,0,0,0,3,0,0,0,0,0,0,0,0,0,0,0
81300,9908,0,89,0,1,0,1,0,1,0,0,0,0,0,0,0,0,0
81400,9901,0,93,0,3,0,1,0,2,0,0,0,0,0,0,0,0,0
81500,9902,0,90,0,1,0,0,0,6,0,1,0,0,0,0,0,0,0
81600,9898,0,97,0,0,0,2,0,3,0,0,0,0,0,0,0,0,0
81700,9895,0,97,0,2,0,2,0,3,0,1,0,0,0,0,0,0,0
81800,9901,0,98,0,1,0,0,0,0,0,0,0,0,0,0,0,0,0
81900,9884,0,106,0,3,0,3,0,4,0,0,0,0,0,0,0,0,0
82000,9887,0,105,0,0,0,3,0,5,0,0,0,0,0,0,0,0,0
82100,9885,0,108,0,1,0,4,0,0,0,2,0,0,0,0,0,0,0
82200,9879,0,116,0,2,0,1,0,2,0,0,0,0,0,0,0,0,0
82300,9885,0,107,0,4,0,0,0,3,0,1,0,0,0,0,0,0,0
82400,9880,0,114,0,2,0,0,0,1,0,3,0,0,0,0,0,0,0
82500,9869,0,115,0,2,0,11,0,2,0,1,0,0,0,0,0,0,0
82600,9872,0,112,0,0,0,15,0,1,0,0,0,0,0,0,0,0,0
82700,9871,0,109,0,3,0,11,0,4,0,2,0,0,0,0,0,0,0
82800,9867,0,117,0,2,0,13,0,1,0,0,0,0,0,0,0,0,0
82900,9863,0,117,0,1,0,15,0,3,0,1,0,0,0,0,0,0,0
83000,9877,0,107,0,1,0,12,0,2,0,1,0,0,0,0,0,0,0
83100,9874,0,109,0,1,0,14,0,0,0,2,0,0,0,0,0,0,0
83200,9875,0,111,0,0,0,12,0,2,0,0,0,0,0,0,0,0,0
83300,9868,0,115,0,1,0,13,0,1,0,2,0,0,0,0,0,0,0
83400,9882,0,105,0,1,0,12,0,0,0,0,0,0,0,0,0,0,0
83500,9889,0,94,0,2,0,13,0,0,0,2,0,0,0,0,0,0,0
83600,9886,0,92,0,5,0,15,0,0,0,1,0,1,0,0,0,0,0
83700,9891,0,90,0,1,0,16,0,1,0,1,0,0,0,0,0,0,0
83800,9895,0,87,0,4,0,13,0,0,0,0,0,1,0,0,0,0,0
83900,9896,0,88,0,2,0,13,0,0,0,1,0,0,0,0,0,0,0
84000,9893,0,89,0,3,0,13,0,1,0,1,0,0,0,0,0,0,0
84100,9883,0,88,0,3,0,17,0,8,0,1,0,0,0,0,0,0,0
84200,9884,0,86,0,1,0,25,0,4,0,0,0,0,0,0,0,0,0
84300,9881,0,87,0,0,0,28,0,4,0,0,0,0,0,0,0,0,0
84400,9890,0,85,0,1,0,23,0,1,0,0,0,0,0,0,0,0,0
84500,9879,0,86,0,3,0,28,0,3,0,1,0,0,0,0,0,0,0
84600,9887,0,83,0,3,0,25,0,1,0,1,0,0,0,0,0,0,0
84700,9884,0,89,0,1,0,24,0,1,0,1,0,0,0,0,0,0,0
84800,9885,0,86,0,2,0,24,0,2,0,1,0,0,0,0,0,0,0
84900,9887,0,83,0,1,0,21,0,6,0,2,0,0,0,0,0,0,0
85000,9879,0,86,0,2,0,29,0,3,0,1,0,0,0,0,0,0,0
85100,9871,0,92,0,4,0,29,0,2,0,2,0,0,0,0,0,0,0
85200,9887,0,87,0,1,0,25,0,0,0,0,0,0,0,0,0,0,0
85300,9889,0,85,0,0,0,25,0,1,0,0,0,0,0,0,0,0,0
85400,9888,0,85,0,0,0,26,0,0,0,1,0,0,0,0,0,0,0
85500,9883,0,87,0,2,0,26,0,1,0,1,0,0,0,0,0,0,0
85600,9882,0,90,0,1,0,25,0,2,0,0,0,0,0,0,0,0,0
85700,9883,0,87,0,2,0,27,0,0,0,1,0,0,0,0,0,0,0
85800,9893,0,83,0,1,0,23,0,0,0,0,0,0,0,0,0,0,0
85900,9888,0,85,0,0,0,25,0,2,0,0,0,0,0,0,0,0,0
86000,9891,0,85,0,0,0,24,0,0,0,0,0,0,0,0,0,0,0
86100,9882,0,86,0,0,0,25,0,5,0,2,0,0,0,0,0,0,0
86200,9883,0,92,0,0,0,23,0,2,0,0,0,0,0,0,0,0,0
86300,9884,0,89,0,1,0,24,0,2,0,0,0,0,0,0,0,0,0
86400,9899,0,87,0,0,0,14,0,0,0,0,0,0,0,0,0,0,0
86500,9892,0,91,0,1,0,13,0,3,0,0,0,0,0,0,0,0,0
86600,9905,0,88,0,1,0,5,0,1,0,0,0,0,0,0,0,0,0
86700,9907,0,90,0,0,0,1,0,2,0,0,0,0,0,0,0,0,0
86800,9906,0,89,0,1,0,1,0,1,0,2,0,0,0,0,0,0,0
86900,9901,0,90,0,1,0,3,0,4,0,1,0,0,0,0,0,0,0
87000,9909,0,88,0,0,0,1,0,2,0,0,0,0,0,0,0,0,0
87100,9904,0,88,0,1,0,0,0,7,0,0,0,0,0,0,0,0,0
87200,9907,0,87,0,1,0,3,0,2,0,0,0,0,0,0,0,0,0
87300,9925,0,70,0,0,0,3,0,1,0,1,0,0,0,0,0,0,0
87400,9925,0,72,0,1,0,1,0,0,0,1,0,0,0,0,0,0,0
87500,9925,0,73,0,1,0,0,0,0,0,1,0,0,0,0,0,0,0
87600,9922,0,76,0,1,0,0,0,1,0,0,0,0,0,0,0,0,0
87700,9918,0,77,0,3,0,0,0,2,0,0,0,0,0,0,0,0,0
87800,9912,0,80,0,1,0,1,0,6,0,0,0,0,0,0,0,0,0
87900,9925,0,72,0,0,0,0,0,3,0,0,0,0,0,0,0,0,0
88000,9918,0,76,0,0,0,1,0,5,0,0,0,0,0,0,0,0,0
88100,9897,0,93,0,1,0,1,0,7,0,1,0,0,0,0,0,0,0
88200,9857,0,137,0,1,0,0,0,4,0,1,0,0,0,0,0,0,0
88300,9854,0,143,0,1,0,1,0,1,0,0,0,0,0,0,0,0,0
88400,9852,0,143,0,1,0,2,0,1,0,1,0,0,0,0,0,0,0
88500,9854,0,143,0,0,0,0,0,2,0,1,0,0,0,0,0,0,0
88600,9851,0,145,0,0,0,3,0,0,0,1,0,0,0,0,0,0,0
88700,9835,0,160,0,2,0,1,0,2,0,0,0,0,0,0,0,0,0
88800,9851,0,143,0,2,0,2,0,2,0,0,0,0,0,0,0,0,0
88900,9845,0,146,0,2,0,3,0,4,0,0,0,0,0,0,0,0,0
89000,9851,0,147,0,1,0,0,0,1,0,0,0,0,0,0,0,0,0
89100,9847,0,143,0,3,0,2,0,4,0,1,0,0,0,0,0,0,0
89200,9849,0,146,0,2,0,3,0,0,0,0,0,0,0,0,0,0,0
89300,9851,0,141,0,3,0,1,0,3,0,1,0,0,0,0,0,0,0
89400,9837,0,157,0,2,0,0,0,3,0,1,0,0,0,0,0,0,0
89500,9777,0,213,0,4,0,0,0,4,0,2,0,0,0,0,0,0,0
89600,9797,0,192,0,2,0,4,0,3,0,2,0,0,0,0,0,0,0
89700,9844,0,147,0,1,0,4,0,2,0,2,0,0,0,0,0,0,0
89800,9841,0,151,0,2,0,3,0,2,0,1,0,0,0,0,0,0,0
89900,9773,0,218,0,2,0,4,0,3,0,0,0,0,0,0,0,0,0
90000,9781,0,210,0,3,0,2,0,4,0,0,0,0,0,0,0,0,0
90100,9785,0,214,0,0,0,0,0,1,0,0,0,0,0,0,0,0,0
90200,9771,0,220,0,3,0,2,0,4,0,0,0,0,0,0,0,0,0
90300,9761,0,233,0,0,0,2,0,4,0,0,0,0,0,0,0,0,0
90400,9758,0,232,0,5,0,0,0,3,0,2,0,0,0,0,0,0,0
90500,9787,0,209,0,1,0,0,0,2,0,1,0,0,0,0,0,0,0
90600,9827,0,165,0,4,0,2,0,1,0,1,0,0,0,0,0,0,0
90700,9829,0,163,0,4,0,0,0,3,0,1,0,0,0,0,0,0,0
90800,9829,0,165,0,3,0,1,0,1,0,1,0,0,0,0,0,0,0
90900,9840,0,157,0,1,0,1,0,1,0,0,0,0,0,0,0,0,0
91000,9841,0,153,0,1,0,0,0,4,0,1,0,0,0,0,0,0,0
91100,9824,0,166,0,3,0,0,0,6,0,1,0,0,0,0,0,0,0
91200,9816,0,179,0,1,0,2,0,2,0,0,0,0,0,0,0,0,0
91300,9818,0,177,0,0,0,2,0,1,0,2,0,0,0,0,0,0,0
91400,9799,0,194,0,3,0,0,0,3,0,1,0,0,0,0,0,0,0
91500,9763,0,232,0,2,0,3,0,0,0,0,0,0,0,0,0,0,0
91600,9772,0,228,0,0,0,0,0,0,0,0,0,0,0,0,0,0,0
91700,9760,0,234,0,2,0,2,0,2,0,0,0,0,0,0,0,0,0
91800,9759,0,233,0,1,0,0,0,6,0,1,0,0,0,0,0,0,0
91900,9755,0,239,0,2,0,0,0,2,0,2,0,0,0,0,0,0,0
92000,9764,0,231,0,3,0,0,0,2,0,0,0,0,0,0,0,0,0
92100,9762,0,231,0,3,0,1,0,2,0,1,0,0,0,0,0,0,0
92200,9765,0,229,0,2,0,2,0,2,0,0,0,0,0,0,0,0,0
92300,9700,0,293,0,2,0,1,0,1,0,3,0,0,0,0,0,0,0
92400,9700,0,295,0,0,0,1,0,4,0,0,0,0,0,0,0,0,0
92500,9666,0,331,0,2,0,0,0,1,0,0,0,0,0,0,0,0,0
92600,9636,0,361,0,2,0,0,0,0,0,1,0,0,0,0,0,0,0
92700,9637,0,361,0,0,0,1,0,1,0,0,0,0,0,0,0,0,0
92800,9626,0,361,0,1,0,10,0,2,0,0,0,0,0,0,0,0,0
92900,9618,0,367,0,2,0,6,0,6,0,1,0,0,0,0,0,0,0
93000,9629,0,362,0,3,0,3,0,3,0,0,0,0,0,0,0,0,0
93100,9634,0,360,0,0,0,1,0,5,0,0,0,0,0,0,0,0,0
93200,9619,0,371,0,1,0,6,0,3,0,0,0,0,0,0,0,0,0
93300,9594,0,399,0,2,0,2,0,1,0,2,0,0,0,0,0,0,0
93400,9533,0,463,0,1,0,1,0,1,0,1,0,0,0,0,0,0,0
93500,9468,0,529,0,1,0,0,0,2,0,0,0,0,0,0,0,0,0
93600,9498,0,496,0,1,0,3,0,2,0,0,0,0,0,0,0,0,0
93700,9497,0,495,0,2,0,1,0,2,0,3,0,0,0,0,0,0,0
93800,9467,0,525,0,2,0,4,0,2,0,0,0,0,0,0,0,0,0
93900,9490,0,504,0,2,0,1,0,2,0,1,0,0,0,0,0,0,0
94000,9462,0,527,0,4,0,3,0,3,0,1,0,0,0,0,0,0,0
94100,9461,0,527,0,1,0,6,0,1,0,4,0,0,0,0,0,0,0
94200,9450,0,542,0,2,0,2,0,3,0,1,0,0,0,0,0,0,0
94300,9443,0,551,0,1,0,3,0,2,0,0,0,0,0,0,0,0,0
94400,9488,0,510,0,0,0,1,0,1,0,0,0,0,0,0,0,0,0
94500,9452,0,545,0,1,0,0,0,2,0,0,0,0,0,0,0,0,0
94600,9441,0,551,0,3,0,0,0,5,0,0,0,0,0,0,0,0,0
94700,9458,0,533,0,4,0,1,0,1,0,2,0,1,0,0,0,0,0
94800,9423,0,573,0,2,0,1,0,0,0,1,0,0,0,0,0,0,0
94900,9493,0,503,0,1,0,0,0,3,0,0,0,0,0,0,0,0,0
95000,9474,0,513,0,2,0,6,0,5,0,0,0,0,0,0,0,0,0
95100,9429,0,564,0,2,0,0,0,3,0,1,0,1,0,0,0,0,0
95200,9422,0,574,0,2,0,1,0,1,0,0,0,0,0,0,0,0,0
95300,9417,0,576,0,2,0,1,0,4,0,0,0,0,0,0,0,0,0
95400,9414,0,581,0,0,0,1,0,2,0,2,0,0,0,0,0,0,0
95500,9388,0,600,0,3,0,4,0,4,0,1,0,0,0,0,0,0,0
95600,9394,0,597,0,2,0,1,0,4,0,2,0,0,0,0,0,0,0
95700,9398,0,596,0,0,0,3,0,2,0,1,0,0,0,0,0,0,0
95800,9405,0,590,0,2,0,1,0,2,0,0,0,0,0,0,0,0,0
95900,9385,0,609,0,2,0,2,0,2,0,0,0,0,0,0,0,0,0
96000,9367,0,624,0,4,0,1,0,3,0,1,0,0,0,0,0,0,0
96100,9478,0,516,0,1,0,2,0,3,0,0,0,0,0,0,0,0,0
96200,9551,0,445,0,3,0,0,0,1,0,0,0,0,0,0,0,0,0
96300,9599,0,395,0,4,0,0,0,1,0,1,0,0,0,0,0,0,0
96400,9613,0,377,0,7,0,2,0,1,0,0,0,0,0,0,0,0,0
96500,9612,0,380,0,4,0,1,0,1,0,2,0,0,0,0,0,0,0
96600,9613,0,379,0,0,0,5,0,1,0,2,0,0,0,0,0,0,0
96700,9608,0,387,0,0,0,0,0,4,0,1,0,0,0,0,0,0,0
96800,9612,0,384,0,0,0,0,0,4,0,0,0,0,0,0,0,0,0
96900,9616,0,379,0,3,0,2,0,0,0,0,0,0,0,0,0,0,0
97000,9570,0,425,0,1,0,2,0,1,0,1,0,0,0,0,0,0,0
97100,9529,0,462,0,3,0,2,0,3,0,1,0,0,0,0,0,0,0
97200,9516,0,475,0,4,0,2,0,3,0,0,0,0,0,0,0,0,0
97300,9520,0,476,0,1,0,1,0,2,0,0,0,0,0,0,0,0,0
97400,9531,0,467,0,1,0,1,0,0,0,0,0,0,0,0,0,0,0
97500,9539,0,456,0,1,0,3,0,1,0,0,0,0,0,0,0,0,0
97600,9528,0,465,0,4,0,1,0,1,0,1,0,0,0,0,0,0,0
97700,9534,0,463,0,0,0,0,0,2,0,1,0,0,0,0,0,0,0
97800,9598,0,399,0,1,0,1,0,1,0,0,0,0,0,0,0,0,0
97900,9614,0,383,0,0,0,2,0,0,0,1,0,0,0,0,0,0,0
98000,9609,0,386,0,1,0,1,0,3,0,0,0,0,0,0,0,0,0
98100,9564,0,431,0,2,0,2,0,1,0,0,0,0,0,0,0,0,0
98200,9609,0,386,0,1,0,3,0,1,0,0,0,0,0,0,0,0,0
98300,9554,0,443,0,2,0,1,0,0,0,0,0,0,0,0,0,0,0
98400,9535,0,459,0,3,0,0,0,2,0,1,0,0,0,0,0,0,0
98500,9512,0,484,0,1,0,1,0,1,0,1,0,0,0,0,0,0,0
98600,9403,0,580,0,2,0,5,0,9,0,1,0,0,0,0,0,0,0
98700,9345,0,650,0,0,0,1,0,2,0,2,0,0,0,0,0,0,0
98800,9347,0,642,0,1,0,6,0,3,0,1,0,0,0,0,0,0,0
98900,9385,0,611,0,1,0,3,0,0,0,0,0,0,0,0,0,0,0
99000,9453,0,538,0,3,0,4,0,1,0,1,0,0,0,0,0,0,0
99100,9454,0,538,0,2,0,3,0,3,0,0,0,0,0,0,0,0,0
99200,9487,0,507,0,3,0,1,0,1,0,1,0,0,0,0,0,0,0
99300,9528,0,469,0,1,0,0,0,1,0,1,0,0,0,0,0,0,0
99400,9552,0,440,0,3,0,2,0,2,0,1,0,0,0,0,0,0,0
99500,9600,0,397,0,1,0,1,0,1,0,0,0,0,0,0,0,0,0
99600,9603,0,394,0,0,0,1,0,0,0,2,0,0,0,0,0,0,0
99700,9596,0,395,0,1,0,4,0,4,0,0,0,0,0,0,0,0,0
99800,9565,0,431,0,0,0,2,0,2,0,0,0,0,0,0,0,0,0
99900,9585,0,406,0,3,0,0,0,5,0,1,0,0,0,0,0,0,0
100000,9618,0,375,0,3,0,1,0,3,0,0,0,0,0,0,0,0,0
