update,host_task_NOT,sym_task_NOT,host_task_NAND,sym_task_NAND,host_task_AND,sym_task_AND,host_task_ORN,sym_task_ORN,host_task_OR,sym_task_OR,host_task_ANDN,sym_task_ANDN,host_task_NOR,sym_task_NOR,host_task_XOR,sym_task_XOR,host_task_EQU,sym_task_EQU
0,0,0,0,0,0,0,0,0,0,0,0,0,0,0,0,0,0,0
100,9997,38344,0,1,0,1,0,1,4,4,1,5,0,0,0,0,0,0
200,9997,33270,0,6,1,5,1,3,1,6,0,2,0,0,0,0,0,0
300,9989,33223,0,3,4,6,3,5,3,4,1,2,0,0,0,0,0,0
400,9994,33258,0,3,2,5,3,3,0,4,1,3,0,0,0,0,0,0
500,9992,33198,0,3,3,5,1,5,2,3,2,3,0,0,0,0,0,0
600,9992,27852,0,2,3,3,2,4,3,4,0,2,0,0,0,0,0,0
700,9986,25806,2,1,4,4,1,5,5,5,2,0,0,0,0,0,0,0
800,9995,25857,0,6,1,3,0,5,2,6,2,0,0,0,0,0,0,0
900,9992,25857,0,8,2,5,2,6,3,3,1,2,0,0,0,0,0,0
1000,9995,25833,0,4,2,6,1,1,1,5,1,0,0,0,0,0,0,0
1100,9990,23259,0,1,2,8,3,0,3,4,2,3,0,0,0,0,0,0
1200,9989,20430,0,10,1,1,3,2,5,1,2,4,0,0,0,0,0,0
1300,9995,20446,2,8,0,3,2,2,1,5,0,0,0,0,0,0,0,0
1400,9992,20154,0,10,3,4,2,0,1,5,2,2,0,0,0,0,0,0
1500,9991,20320,3,4,3,6,1,1,2,5,0,1,0,0,0,0,0,0
1600,9992,19333,0,9,2,4,3,0,1,1,2,1,0,0,0,0,0,0
1700,9992,16319,0,3,1,6,3,2,2,5,2,3,0,0,0,0,0,0
1800,9992,16147,1,6,3,3,1,7,3,0,0,3,0,0,0,0,0,0
1900,9992,16272,1,5,1,6,3,1,2,1,1,0,0,0,0,0,0,0
2000,9990,16154,0,6,2,6,4,1,3,3,1,1,0,0,0,0,0,0
2100,9991,16100,1,8,0,1,1,1,7,0,0,0,0,0,0,0,0,0
2200,9986,13017,9,2,2,1,0,2,3,2,0,1,0,0,0,0,0,0
2300,9979,12937,11,7,3,0,2,5,4,4,1,0,0,0,0,0,0,0
2400,9977,12875,11,10,2,3,1,2,5,1,4,2,0,0,0,0,0,0
2500,9978,12928,8,3,4,0,3,0,3,2,4,0,0,0,0,0,0,0
2600,9981,13081,10,9,2,2,2,1,3,7,2,1,0,0,0,0,0,0
2700,9989,11027,5,10,1,2,1,1,3,2,1,0,0,0,0,0,0,0
2800,9988,10417,6,10,1,2,3,4,2,2,0,1,0,0,0,0,0,0
2900,9986,10433,6,16,0,2,2,2,5,2,1,0,0,0,0,0,0,0
3000,9990,10564,4,12,1,3,1,1,3,0,1,2,0,0,0,0,0,0
3100,9984,10513,6,3,1,2,3,4,4,2,2,0,0,0,0,0,0,0
3200,9981,9482,12,3,3,0,2,0,2,1,0,0,0,0,0,0,0,0
3300,9969,8539,19,3,4,1,3,3,5,4,0,0,0,0,0,0,0,0
3400,9969,8603,19,2,2,4,5,1,5,2,0,2,0,0,0,0,0,0
3500,9972,8695,18,15,3,3,3,7,3,4,1,3,0,0,0,0,0,0
3600,9973,8715,18,7,2,2,1,5,4,1,2,1,0,0,0,0,0,0
3700,9969,8257,21,14,2,2,3,5,4,2,1,2,0,0,0,0,0,0
3800,9967,7329,19,6,1,6,8,1,4,0,1,1,0,0,0,0,0,0
3900,9970,7429,20,11,2,2,3,1,2,2,2,0,1,0,0,0,0,0
4000,9972,7333,18,12,1,0,4,1,3,2,2,0,0,0,0,0,0,0
4100,9974,7226,18,14,2,3,3,1,3,2,0,0,0,0,0,0,0,0
4200,9971,7221,19,10,1,2,3,3,4,3,2,2,0,0,0,0,0,0
4300,9949,6060,42,11,2,2,4,2,3,2,0,1,0,0,0,0,0,0
4400,9943,6255,47,7,1,1,3,2,5,1,1,0,0,0,0,0,0,0
4500,9948,6453,42,4,4,3,3,0,3,2,0,0,0,0,0,0,0,0
4600,9945,6644,44,2,1,1,1,3,8,1,1,1,0,0,0,0,0,0
4700,9942,6720,44,6,1,0,4,2,6,2,3,0,0,0,0,0,0,0
4800,9945,5877,45,5,2,0,1,0,7,2,0,0,0,0,0,0,0,0
4900,9941,5558,42,3,2,1,5,7,8,2,2,0,0,0,0,0,0,0
5000,9939,5865,40,9,6,1,7,1,7,2,1,1,0,0,0,0,0,0
5100,9948,6045,41,17,0,1,5,2,6,2,0,1,0,0,0,0,0,0
5200,9946,6535,42,16,3,2,5,3,2,2,2,1,0,1,0,0,0,0
5300,9939,7360,48,23,2,4,4,5,6,2,1,1,0,0,0,0,0,0
5400,9938,11037,46,50,4,3,4,1,6,5,2,1,0,0,0,0,0,0
5500,9939,13386,50,63,1,6,2,5,7,5,1,3,0,0,0,0,0,0
5600,9939,15369,49,67,5,13,2,4,4,8,0,1,1,0,0,0,0,0
5700,9936,15411,50,77,3,3,5,7,6,2,0,0,0,0,0,0,0,0
5800,9930,15114,57,68,0,2,5,5,7,7,1,1,0,0,0,0,0,0
5900,9927,15488,61,51,1,24,8,3,2,5,1,0,0,0,0,0,0,0
6000,9920,19432,63,63,4,5,10,4,2,8,1,2,0,0,0,0,0,0
6100,9925,20899,61,70,3,1,6,1,2,5,3,0,0,0,0,0,0,0
6200,9914,21800,69,54,2,6,11,2,1,3,3,5,0,0,0,0,0,0
6300,9913,22695,72,64,2,15,9,11,3,3,1,1,0,0,0,0,0,0
6400,9906,19843,80,56,0,8,10,9,3,4,1,3,0,0,0,0,0,0
6500,9916,21685,66,44,3,10,5,7,6,8,4,1,0,0,0,0,0,0
6600,9927,20686,58,82,1,18,8,6,5,7,1,3,0,0,0,0,0,0
6700,9924,22071,56,50,4,12,8,4,3,6,4,3,1,0,0,0,0,0
6800,9915,20992,66,54,1,4,11,9,5,12,2,0,0,0,0,0,0,0
6900,9913,19756,71,65,4,5,4,8,7,3,1,1,0,0,0,0,0,0
7000,9901,20509,80,44,4,7,9,3,3,6,3,2,0,0,0,0,0,0
7100,9911,21361,77,77,3,2,3,6,6,10,0,2,0,0,0,0,0,0
7200,9909,22373,75,100,2,4,3,6,10,3,0,1,1,0,0,0,0,0
7300,9894,23701,79,136,2,6,16,6,5,2,3,0,1,0,0,0,0,0
7400,9881,22305,105,61,4,10,5,5,5,3,0,1,0,0,0,0,0,0
7500,9894,23267,93,76,6,2,2,2,1,4,4,2,0,1,0,0,0,0
7600,9836,23533,145,65,4,6,8,4,6,3,1,4,0,0,0,0,0,0
7700,9787,24420,196,86,0,2,7,3,7,4,3,3,0,0,0,0,0,0
7800,9769,24887,215,75,6,4,4,9,4,2,2,2,0,0,0,0,0,0
7900,9771,23858,215,68,4,3,5,15,5,2,0,3,0,0,0,0,0,0
8000,9784,21111,200,39,3,2,7,6,5,9,1,0,0,0,0,0,0,0
8100,9769,23295,215,73,1,5,8,6,5,6,2,4,0,0,0,0,0,0
8200,9753,23858,234,33,3,1,4,9,3,7,3,2,0,0,0,0,0,0
8300,9764,22387,221,62,4,4,8,5,2,2,1,3,0,0,0,0,0,0
8400,9765,22472,220,77,3,10,4,9,4,9,3,2,1,0,0,0,0,0
8500,9753,20478,226,29,2,4,4,5,12,3,3,4,0,0,0,0,0,0
8600,9717,20654,267,65,4,4,6,5,5,3,1,1,0,0,0,0,0,0
8700,9715,20437,265,186,6,7,7,7,5,5,2,3,0,0,0,0,0,0
8800,9713,20731,264,95,5,3,9,2,4,7,4,3,1,0,0,0,0,0
8900,9713,21230,268,190,4,1,6,5,5,2,4,0,0,0,0,0,0,0
9000,9745,20410,234,208,2,4,5,3,9,6,4,3,1,0,0,0,0,0
9100,9767,22713,212,184,3,5,11,3,5,3,2,3,0,0,0,0,0,0
9200,9758,23181,225,148,7,10,5,5,4,8,1,1,0,0,0,0,0,0
9300,9717,25113,263,156,5,11,8,3,6,6,1,2,0,0,0,0,0,0
9400,9761,25087,209,230,9,12,8,4,10,3,3,3,0,0,0,0,0,0
9500,9779,26890,199,245,6,3,5,3,7,4,4,1,0,0,0,0,0,0
9600,9775,24257,208,375,4,7,3,6,7,10,3,1,0,0,0,0,0,0
9700,9783,24286,203,262,4,5,3,16,5,3,2,3,0,0,0,0,0,0
9800,9814,24777,164,156,3,5,10,10,8,5,0,2,1,0,0,0,0,0
9900,9807,23220,183,85,3,5,4,3,2,5,1,1,0,0,0,0,0,0
10000,9750,21917,231,159,2,6,8,6,5,4,4,2,0,0,0,0,0,0
10100,9750,22335,229,178,5,4,6,8,8,1,2,0,0,0,0,0,0,0
10200,9758,20916,222,61,5,5,5,11,7,5,3,3,0,0,0,0,0,0
10300,9728,21656,250,104,7,6,3,22,9,7,3,0,0,0,0,0,0,0
10400,9727,20109,253,134,4,2,8,5,7,5,1,1,0,0,0,0,0,0
10500,9757,19988,218,171,7,5,5,6,12,5,1,2,0,0,0,0,0,0
10600,9807,19361,174,126,6,8,3,5,8,4,2,1,0,0,0,0,0,0
10700,9835,20423,148,94,5,6,6,6,5,2,1,1,0,0,0,0,0,0
10800,9842,20833,142,142,3,12,6,5,5,7,2,3,0,0,0,0,0,0
10900,9855,20435,126,256,7,4,2,5,7,7,3,4,0,0,0,0,0,0
11000,9841,19835,142,172,4,0,5,6,8,7,0,4,0,0,0,0,0,0
11100,9845,20118,132,128,8,3,7,2,5,6,2,2,1,0,0,0,0,0
11200,9868,18894,116,67,5,4,2,2,6,2,3,3,0,0,0,0,0,0
11300,9879,18294,102,52,3,7,9,0,4,2,3,2,0,0,0,0,0,0
11400,9864,18547,112,34,9,7,4,5,11,5,0,2,0,0,0,0,0,0
11500,9862,18098,120,137,6,2,4,8,5,5,3,0,0,0,0,0,0,0
11600,9854,17545,124,59,5,5,8,7,8,7,1,3,0,0,0,0,0,0
11700,9856,16757,125,67,3,5,6,3,7,5,3,4,0,0,0,0,0,0
11800,9855,15304,125,82,4,5,4,4,6,2,6,2,0,0,0,0,0,0
11900,9842,15867,131,237,5,4,8,5,10,4,3,2,1,0,0,0,0,0
12000,9860,14257,119,249,6,3,8,2,3,3,4,2,0,0,0,0,0,0
12100,9862,14238,116,237,9,6,7,5,3,1,3,3,0,0,0,0,0,0
12200,9840,14448,142,348,7,4,8,2,3,2,0,4,0,0,0,0,0,0
12300,9781,14272,176,369,19,4,15,7,6,2,3,2,0,0,0,0,0,0
12400,9750,12500,177,406,28,5,31,11,12,8,2,2,0,0,0,0,0,0
12500,9724,13298,218,509,24,2,25,0,7,4,1,0,1,0,0,0,0,0
12600,9695,12389,244,447,24,5,28,6,6,7,3,3,0,0,0,0,0,0
12700,9707,12490,237,638,21,2,26,3,5,2,3,1,0,0,1,0,0,0
12800,9694,12852,248,688,22,9,27,4,7,4,2,0,0,0,0,0,0,0
12900,9698,13903,247,524,22,3,25,4,5,2,3,0,0,0,0,0,0,0
13000,9691,13610,251,438,21,2,26,3,7,5,4,3,0,0,0,0,0,0
13100,9690,14544,255,428,21,1,25,2,6,12,3,2,0,0,0,0,0,0
13200,9694,14176,253,512,22,1,27,4,2,1,2,2,0,0,0,0,0,0
13300,9688,13785,265,475,19,1,24,2,4,4,0,4,0,0,0,0,0,0
13400,9707,13732,241,697,18,5,25,4,7,5,2,1,0,0,0,0,0,0
13500,9724,14324,223,465,22,1,25,4,2,1,4,1,0,0,0,0,0,0
13600,9729,14698,215,569,24,5,24,6,5,5,3,0,0,0,0,0,0,0
13700,9724,15321,215,543,23,2,27,15,10,8,1,1,0,0,0,0,0,0
13800,9719,14137,225,581,19,2,30,3,4,3,3,2,0,0,0,0,0,0
13900,9689,13932,259,475,21,1,24,9,3,4,4,2,0,0,0,0,0,0
14000,9670,14820,269,593,23,3,30,1,5,5,3,1,0,0,0,0,0,0
14100,9670,14740,266,687,23,1,29,2,9,3,3,1,0,0,0,0,0,0
14200,9692,15297,245,915,22,4,34,4,4,1,2,4,1,0,0,0,0,0
14300,9753,14618,178,771,24,0,36,2,4,5,5,0,0,0,0,0,0,0
14400,9781,13632,155,776,23,3,32,8,6,6,3,1,0,0,0,0,0,0
14500,9754,13431,150,842,22,4,67,4,5,5,2,1,0,0,0,0,0,0
14600,9765,13617,152,827,21,1,57,6,2,1,3,0,0,0,0,0,0,0
14700,9745,13688,158,746,25,1,65,4,4,3,3,2,0,0,0,0,0,0
14800,9767,12685,154,591,17,2,60,13,2,2,0,2,0,0,0,0,0,0
14900,9729,12401,180,496,22,3,60,17,5,1,4,0,0,0,0,0,0,0
15000,9737,12040,177,463,23,5,57,9,4,4,2,0,0,0,0,0,0,0
15100,9759,12137,159,562,19,1,56,14,5,4,2,0,0,0,0,0,0,0
15200,9748,13064,171,709,21,3,56,4,2,1,2,1,0,0,0,0,0,0
15300,9758,12203,183,869,21,3,29,3,5,4,4,2,0,0,0,0,0,0
15400,9762,11892,179,1102,19,2,30,9,6,4,4,0,0,0,0,0,0,0
15500,9758,11738,177,1291,23,2,29,3,9,5,4,3,0,0,0,0,0,0
15600,9751,11127,195,1026,20,4,29,4,3,2,2,2,0,1,0,0,0,0
15700,9739,10459,215,975,13,5,29,5,4,8,0,2,0,0,0,0,0,0
15800,9736,11018,215,1093,1,0,36,20,9,4,3,2,0,0,0,0,0,0
15900,9720,10675,232,849,7,4,32,7,7,7,1,2,1,0,0,0,0,0
16000,9719,11615,238,727,3,6,30,12,8,1,1,1,1,0,0,0,0,0
16100,9741,11945,222,788,5,2,28,11,3,6,1,2,0,0,0,0,0,0
16200,9746,12260,212,755,2,1,32,1,6,2,2,2,0,0,0,0,0,0
16300,9756,12172,210,784,2,2,23,1,4,7,5,1,0,0,0,0,0,0
16400,9712,12834,239,886,10,1,33,3,5,6,1,1,0,0,0,0,0,0
16500,9707,13134,248,857,10,0,23,0,7,8,5,2,0,0,0,0,0,0
16600,9654,12480,303,1123,6,3,28,5,6,8,3,2,0,0,0,0,0,0
16700,9656,12260,307,1368,3,2,24,2,6,6,4,1,0,0,0,0,0,0
16800,9675,11680,273,1396,7,3,31,4,10,8,4,1,0,0,0,0,0,0
16900,9758,9522,204,1285,6,3,25,1,6,8,1,1,0,0,0,0,0,0
17000,9812,10541,148,1401,4,4,24,4,8,1,3,1,1,0,0,0,0,0
17100,9819,10967,147,1499,1,2,25,1,4,1,3,0,1,0,0,0,0,0
17200,9757,10372,202,1410,7,2,26,0,5,1,3,1,0,0,0,0,0,0
17300,9744,11266,215,1508,5,5,28,3,8,1,0,2,0,0,0,0,0,0
17400,9742,11753,216,1296,4,2,30,4,6,1,2,0,0,0,0,0,0,0
17500,9702,10793,249,1228,5,8,36,5,5,1,3,1,0,0,0,0,0,0
17600,9670,11696,273,1325,8,7,34,4,12,0,3,0,0,0,0,0,0,0
17700,9656,10875,292,1143,9,2,39,5,2,4,2,0,0,0,0,0,0,0
17800,9672,12324,289,979,6,2,29,1,3,3,1,3,0,0,0,0,0,0
17900,9678,11743,278,994,7,0,29,3,3,0,5,3,0,0,0,0,0,0
18000,9682,12079,275,1002,8,1,23,6,7,2,5,2,0,0,0,0,0,0
18100,9690,12244,286,1133,4,2,11,3,4,5,4,0,0,0,0,0,1,0
18200,9680,11161,289,1032,4,1,11,1,12,2,3,1,1,0,0,0,0,0
18300,9685,9386,296,1179,4,3,10,3,5,3,0,1,0,0,0,0,0,0
18400,9662,9989,310,1275,7,0,8,2,9,0,4,1,0,0,0,0,0,0
18500,9690,10686,287,1172,2,3,5,1,12,2,4,3,0,0,0,0,0,0
18600,9704,11011,264,1333,8,2,13,7,8,2,3,0,0,0,0,0,0,0
18700,9719,11489,254,1002,6,1,6,3,11,5,4,1,0,0,0,0,0,0
18800,9738,11019,243,960,4,2,6,3,5,3,3,2,1,0,0,0,0,0
18900,9759,11008,227,1045,3,3,4,3,7,2,0,0,0,0,0,0,0,0
19000,9790,10980,187,1090,7,4,10,0,5,2,1,1,0,0,0,0,0,0
19100,9802,11487,181,1403,4,6,8,4,5,1,0,0,0,0,0,0,0,0
19200,9801,10884,178,1419,2,4,10,2,7,3,2,1,0,0,0,0,0,0
19300,9782,12192,191,1134,8,3,10,3,7,4,2,1,0,0,0,0,0,0
19400,9756,10602,220,1098,4,1,11,4,6,3,3,1,0,0,0,0,0,0
19500,9766,10825,215,763,4,3,8,4,6,3,1,0,0,0,0,0,0,0
19600,9761,10749,223,879,4,6,5,1,7,3,0,3,0,0,0,0,0,0
19700,9752,10150,224,955,4,4,11,3,6,4,3,2,0,0,0,0,0,0
19800,9769,9784,210,806,6,6,7,6,7,3,1,1,0,0,0,0,0,0
19900,9781,9324,201,710,6,0,6,2,3,0,3,1,0,0,0,0,0,0
20000,9767,9148,213,745,4,2,9,2,5,1,2,0,0,0,0,0,0,0
20100,9797,9158,190,643,3,2,7,0,3,3,0,1,0,0,0,0,0,0
20200,9782,9882,193,683,5,1,11,4,6,2,3,0,0,0,0,0,0,0
20300,9757,9475,209,737,7,1,22,2,4,2,1,1,0,0,0,0,0,0
20400,9781,9611,184,896,6,3,18,1,8,2,3,0,0,0,0,0,0,0
20500,9786,8654,183,852,4,2,20,6,4,4,2,1,1,0,0,0,0,0
20600,9804,9388,171,764,2,0,16,2,4,2,3,3,0,0,0,0,0,0
20700,9781,9758,176,766,9,2,25,4,7,3,2,3,0,0,0,0,0,0
20800,9749,9533,220,991,4,1,21,1,4,0,2,1,0,0,0,0,0,0
20900,9756,8906,205,907,4,1,24,10,7,0,4,2,0,0,0,0,0,0
21000,9755,9402,203,1183,7,3,28,3,5,4,2,0,0,0,0,0,0,0
21100,9804,9718,160,1373,2,2,28,2,4,1,2,0,0,0,0,0,0,0
21200,9782,9359,183,1107,6,5,24,1,4,2,1,1,0,0,0,0,0,0
21300,9764,8835,193,1348,12,5,22,2,6,1,2,1,1,0,0,0,0,0
21400,9748,8545,206,1284,9,6,25,2,9,4,3,1,0,0,0,0,0,0
21500,9758,8769,202,1045,10,1,24,0,4,3,2,0,0,0,0,0,0,0
21600,9751,9169,201,1057,12,1,29,2,4,4,3,1,0,0,0,0,0,0
21700,9761,9364,192,1182,13,2,25,0,5,5,4,2,0,0,0,0,0,0
21800,9781,8818,179,1095,8,1,26,1,4,6,2,2,0,0,0,0,0,0
21900,9793,9690,174,1222,10,0,21,1,1,4,1,0,0,0,0,0,0,0
22000,9776,9274,182,1189,11,0,25,0,3,2,3,2,0,0,0,0,0,0
22100,9738,8374,212,1113,17,2,22,1,7,2,4,1,0,0,0,0,0,0
22200,9750,7514,206,1033,11,8,25,6,3,1,5,0,0,0,0,0,0,0
22300,9774,8055,191,1004,2,3,29,1,3,1,0,3,1,0,0,0,0,0
22400,9752,7686,203,1120,4,1,23,2,11,2,4,1,3,0,0,0,0,0
22500,9757,7462,204,1059,3,1,22,5,9,1,5,0,0,0,0,0,0,0
22600,9724,7502,236,778,10,5,22,0,5,2,3,1,0,0,0,0,0,0
22700,9707,6757,255,860,5,1,26,3,5,2,2,0,0,0,0,0,0,0
22800,9724,7150,244,710,8,1,17,4,7,4,0,0,0,0,0,0,0,0
22900,9724,7864,247,630,6,2,16,6,4,3,3,1,0,0,0,0,0,0
23000,9699,7003,277,612,5,3,9,0,7,2,3,1,0,0,0,0,0,0
23100,9707,7939,275,655,7,3,9,4,2,7,0,0,0,0,0,0,0,0
23200,9692,7742,288,715,5,1,5,2,6,2,4,0,0,0,0,0,0,0
23300,9713,7766,260,653,8,1,9,3,8,3,2,1,0,0,0,0,0,0
23400,9705,8595,273,619,5,5,7,1,7,2,3,2,0,0,0,0,0,0
23500,9740,8228,244,567,8,3,6,1,0,0,2,2,0,0,0,0,0,0
23600,9748,7762,226,661,9,5,8,1,6,3,3,2,0,0,0,0,0,0
23700,9754,7637,224,685,10,3,6,3,3,4,3,2,0,0,0,0,0,0
23800,9742,8009,229,805,5,2,10,7,4,2,7,0,3,0,0,0,0,0
23900,9736,8425,242,752,7,0,7,0,4,1,2,0,2,0,0,0,0,0
24000,9703,8257,267,744,12,2,10,3,7,2,1,0,0,0,0,0,0,0
24100,9706,7226,269,831,14,0,5,2,2,2,4,1,0,0,0,0,0,0
24200,9763,7234,215,809,11,2,7,4,1,1,3,0,0,0,0,0,0,0
24300,9774,7745,203,741,10,0,7,1,4,0,2,3,0,0,0,0,0,0
24400,9769,7978,207,734,10,5,4,0,9,5,1,2,0,0,0,0,0,0
24500,9760,7295,211,816,12,2,12,2,3,2,2,1,0,0,0,0,0,0
24600,9739,7907,239,811,7,4,6,1,6,2,3,0,0,0,0,0,0,0
24700,9726,7066,253,719,5,2,7,0,7,2,2,0,0,0,0,0,0,0
24800,9694,8063,277,658,10,1,8,2,10,1,1,2,0,0,0,0,0,0
24900,9684,7321,295,889,7,1,5,3,6,2,3,1,0,0,0,0,0,0
25000,9679,6871,299,1014,5,2,10,1,3,2,4,1,0,0,0,0,0,0
25100,9663,6280,313,1119,2,1,11,1,7,3,4,1,0,0,0,0,0,0
25200,9677,7235,291,1125,7,4,11,2,8,9,6,0,0,1,0,0,0,0
25300,9728,7001,256,1210,4,1,10,1,2,4,0,1,0,0,0,0,0,0
25400,9743,7322,231,1294,9,3,9,2,6,5,1,2,1,0,0,0,0,0
25500,9744,7785,240,1194,3,3,6,3,5,4,2,0,0,0,0,0,0,0
25600,9755,6939,232,976,3,3,6,1,1,4,3,0,0,0,0,0,0,0
25700,9752,7672,222,1185,6,2,7,2,9,2,4,2,0,0,0,0,0,0
25800,9770,7393,216,931,2,3,5,4,7,2,0,1,0,1,0,0,0,0
25900,9783,7887,206,1010,1,3,6,1,3,4,1,0,0,0,0,0,0,0
26000,9764,7832,221,1132,2,6,9,0,2,3,2,0,0,0,0,0,0,0
26100,9750,7372,226,750,6,5,8,2,7,4,3,1,0,0,0,0,0,0
26200,9764,7099,221,715,2,2,4,2,6,1,3,1,0,0,0,0,0,0
26300,9823,7127,156,693,3,2,10,0,6,1,2,0,0,0,0,0,0,0
26400,9845,5755,140,776,3,1,7,0,2,4,3,0,0,0,0,0,0,0
26500,9830,6249,150,803,3,3,10,0,6,3,1,1,0,0,0,0,0,0
26600,9815,6943,165,836,7,2,9,3,2,3,2,0,0,0,0,0,0,0
26700,9826,6104,158,724,1,0,8,1,5,1,2,2,0,0,0,0,0,0
26800,9837,6165,152,403,2,3,5,3,3,1,1,1,0,0,0,0,0,0
26900,9831,5714,150,432,6,2,2,1,7,1,4,0,0,0,0,0,0,0
27000,9819,7639,156,475,6,4,9,2,6,2,4,1,0,1,0,0,0,0
27100,9808,7538,159,422,10,2,13,1,5,2,5,0,0,0,0,0,0,0
27200,9801,8416,175,384,6,0,7,2,8,1,3,1,0,0,0,0,0,0
27300,9770,7883,214,514,3,5,7,1,5,3,1,2,0,0,0,0,0,0
27400,9762,7829,215,473,5,2,7,5,10,4,1,1,0,0,0,0,0,0
27500,9833,8424,144,449,5,3,10,6,5,3,3,1,0,0,0,0,0,0
27600,9850,7288,132,430,1,1,9,1,5,1,3,1,0,0,0,0,0,0
27700,9880,6310,106,389,3,4,5,1,3,2,3,0,0,0,0,0,0,0
27800,9909,6631,76,337,3,1,8,2,2,0,2,0,0,0,0,0,0,0
27900,9913,7533,77,312,4,0,3,3,2,0,1,3,0,0,0,0,0,0
28000,9908,8002,76,310,5,0,7,2,4,3,0,1,0,0,0,0,0,0
28100,9900,7127,81,360,5,2,7,1,2,1,4,0,1,0,0,0,0,0
28200,9915,7475,70,535,2,2,8,0,3,0,2,3,0,0,0,0,0,0
28300,9923,7832,59,616,4,1,5,1,8,0,1,0,0,0,0,0,0,0
28400,9939,7807,55,609,2,1,4,1,0,0,0,0,0,0,0,0,0,0
28500,9918,6364,67,733,5,1,3,0,7,5,0,0,0,0,0,0,0,0
28600,9927,6397,62,589,3,3,1,1,5,5,2,1,0,0,0,0,0,0
28700,9923,5622,67,465,1,0,2,0,3,1,4,0,0,0,0,0,0,0
28800,9894,6961,93,284,5,1,4,0,3,0,1,0,0,0,0,0,0,0
28900,9876,7278,109,137,6,1,5,2,2,1,2,0,0,0,0,0,0,0
29000,9881,6652,106,113,4,3,3,3,4,0,2,0,0,0,0,0,0,0
29100,9887,6696,101,110,5,1,1,1,5,1,1,1,0,0,0,0,0,0
29200,9888,6429,102,110,1,8,2,1,3,1,4,0,0,0,0,0,0,0
29300,9898,5986,97,68,3,4,1,1,1,1,0,1,0,0,0,0,0,0
29400,9891,6456,94,62,3,0,0,1,9,1,3,0,0,0,0,0,0,0
29500,9900,5909,89,62,4,0,3,0,1,0,3,0,0,0,0,0,0,0
29600,9903,5880,86,55,1,0,5,1,2,0,1,2,2,0,0,0,0,0
29700,9903,6005,89,62,2,2,0,2,4,2,2,1,0,0,0,0,0,0
29800,9910,5436,85,71,0,0,3,3,2,1,0,3,0,0,0,0,0,0
29900,9893,5119,93,52,3,2,5,2,3,0,3,1,0,0,0,0,0,0
30000,9888,5802,103,39,4,1,0,1,4,1,1,0,0,0,0,0,0,0
30100,9904,6452,87,50,2,0,3,0,2,0,2,0,0,0,0,0,0,0
30200,9915,6985,73,28,3,10,1,0,5,0,3,0,0,0,0,0,0,0
30300,9898,7046,84,25,3,1,6,3,8,3,1,2,0,0,0,0,0,0
30400,9912,6101,79,25,3,3,2,2,3,0,1,0,0,0,0,0,0,0
30500,9905,4959,83,25,4,0,3,1,3,2,2,0,0,0,0,0,0,0
30600,9893,5346,87,31,4,0,5,2,8,3,3,0,0,0,0,0,0,0
30700,9913,6268,79,58,2,1,1,2,4,0,1,0,0,0,0,0,0,0
30800,9909,6291,83,59,5,0,0,0,2,2,1,0,0,0,0,0,0,0
30900,9906,6615,87,63,2,3,2,6,2,0,1,0,0,0,0,0,0,0
31000,9874,6908,111,57,4,1,3,2,7,2,1,0,0,0,0,0,0,0
31100,9883,6560,105,68,6,0,1,0,5,1,0,1,0,0,0,0,0,0
31200,9863,6372,115,66,6,0,9,0,7,1,0,1,0,0,0,0,0,0
31300,9883,5728,105,53,3,1,3,4,4,0,2,0,0,0,0,0,0,0
31400,9887,6322,102,56,5,1,4,2,1,0,1,1,0,0,0,0,0,0
31500,9886,5914,100,61,8,1,1,0,4,1,1,0,0,0,0,0,0,0
31600,9898,5597,98,53,2,1,0,4,1,1,0,0,0,0,1,0,0,0
31700,9891,5275,103,42,2,1,0,9,3,1,1,0,0,0,0,0,0,0
31800,9884,4432,105,69,2,1,6,6,2,2,1,0,0,0,0,0,0,0
31900,9880,5563,104,28,2,0,3,5,9,5,2,0,0,1,0,0,0,0
32000,9886,5815,105,38,5,1,1,6,1,1,2,0,0,0,0,0,0,0
32100,9842,7066,146,28,4,3,3,1,4,4,1,0,0,0,0,0,0,0
32200,9849,6331,140,34,3,1,5,3,2,2,1,0,0,0,0,0,0,0
32300,9825,5726,164,42,1,0,7,4,2,0,1,1,0,0,0,0,0,0
32400,9809,5142,175,32,3,2,5,0,8,1,0,0,0,0,0,0,0,0
32500,9814,5282,179,32,1,0,2,1,2,1,2,0,0,0,0,0,0,0
32600,9820,5075,170,31,5,2,2,3,3,2,0,0,0,0,0,0,0,0
32700,9816,5006,172,27,4,1,5,0,3,0,0,1,0,0,0,0,0,0
32800,9825,4992,161,30,5,2,2,1,3,2,4,0,0,0,0,0,0,0
32900,9831,5215,159,32,3,1,1,2,4,0,2,1,0,0,0,0,0,0
33000,9843,5606,149,26,2,3,2,0,1,5,3,0,0,0,0,0,0,0
33100,9834,5963,154,34,2,1,4,4,4,0,2,0,0,0,0,0,0,0
33200,9835,6094,157,122,0,0,2,0,5,3,1,1,0,0,0,0,0,0
33300,9845,6085,143,102,5,1,3,0,2,0,2,0,0,0,0,0,0,0
33400,9845,6738,151,52,1,0,1,2,2,2,0,0,0,0,0,0,0,0
33500,9816,5765,175,66,2,2,3,0,3,4,1,0,0,0,0,0,0,0
33600,9814,5402,175,95,1,2,3,0,7,2,0,0,0,0,0,0,0,0
33700,9815,5470,177,51,3,1,2,0,1,3,2,0,0,0,0,0,0,0
33800,9814,4820,175,62,4,0,2,0,2,2,3,0,0,0,0,0,0,0
33900,9820,5364,170,71,4,0,0,1,6,0,0,1,0,0,0,0,0,0
34000,9822,5524,171,48,1,0,3,0,3,2,0,0,0,0,0,0,0,0
34100,9785,5687,174,44,34,1,2,1,3,2,2,0,0,0,0,0,0,0
34200,9774,5688,177,29,44,0,2,0,3,1,0,1,0,0,0,0,0,0
34300,9785,5533,169,30,41,4,3,1,1,1,1,0,0,0,0,0,0,0
34400,9781,4741,170,33,43,1,4,0,2,1,0,0,0,0,0,0,0,0
34500,9786,5395,166,33,40,2,2,0,3,0,3,0,0,0,0,0,0,0
34600,9770,5805,177,35,43,0,1,0,7,1,2,0,0,0,0,0,0,0
34700,9747,4258,207,29,41,0,3,1,2,0,0,0,0,0,0,0,0,0
34800,9771,5087,180,35,42,2,3,1,3,0,1,0,0,0,0,0,0,0
34900,9778,6119,167,56,44,0,3,0,6,1,2,1,0,0,0,0,0,0
35000,9784,5646,159,48,47,0,6,3,3,0,1,0,0,0,0,0,0,0
35100,9841,5693,108,19,41,0,5,2,5,0,0,0,0,0,0,0,0,0
35200,9888,6088,61,4,41,2,6,0,3,2,1,0,0,0,0,0,0,0
35300,9881,5619,75,9,43,0,1,0,0,1,0,1,0,0,0,0,0,0
35400,9884,4879,67,15,44,0,3,0,2,1,0,0,0,0,0,0,0,0
35500,9880,3674,72,17,41,0,1,0,3,0,3,0,0,0,0,0,0,0
35600,9882,3860,70,15,43,1,2,1,3,0,0,0,0,0,0,0,0,0
35700,9878,4231,75,5,40,0,3,0,4,1,0,0,0,0,0,0,0,0
35800,9877,5025,78,82,41,3,1,0,3,0,0,2,0,0,0,0,0,0
35900,9864,4571,87,26,42,4,3,2,2,0,2,0,0,0,0,0,0,0
36000,9871,4418,77,4,46,0,1,2,3,0,2,0,0,0,0,0,0,0
36100,9822,4858,75,2,82,0,16,0,3,0,2,1,0,0,0,0,0,0
36200,9828,4562,69,3,77,1,18,3,6,1,2,0,0,0,0,0,0,0
36300,9838,4979,67,3,80,2,12,1,3,1,0,0,0,0,0,0,0,0
36400,9836,6742,59,1,81,1,14,0,8,1,2,0,0,0,0,0,0,0
36500,9844,5561,57,24,77,1,18,3,3,0,1,0,0,0,0,0,0,0
36600,9837,4521,64,1,76,0,19,2,2,0,2,1,0,0,0,0,0,0
36700,9844,4433,60,1,79,3,15,1,0,0,2,1,0,0,0,0,0,0
36800,9846,4240,59,2,81,4,10,4,1,3,3,0,0,0,0,0,0,0
36900,9836,3589,62,0,77,1,20,0,0,1,5,0,0,0,0,0,0,0
37000,9835,4324,62,49,79,2,17,1,5,1,2,0,0,0,0,0,0,0
37100,9826,4052,61,125,80,0,24,2,6,1,3,0,0,0,0,0,0,0
37200,9842,4717,56,22,80,1,20,3,2,1,0,0,0,0,0,0,0,0
37300,9841,3998,59,10,77,0,18,2,2,0,3,0,0,0,0,0,0,0
37400,9864,3864,36,6,81,1,13,0,6,1,0,1,0,0,0,0,0,0
37500,9881,3773,24,8,77,1,12,0,3,1,3,0,0,1,0,0,0,0
37600,9878,4153,27,25,79,2,10,0,5,0,1,3,0,0,0,0,0,0
37700,9862,3698,27,23,78,1,27,0,4,5,2,1,0,0,0,0,0,0
37800,9854,3062,42,24,80,0,18,4,4,0,2,0,0,0,0,0,0,0
37900,9837,3165,48,17,83,0,21,3,10,1,1,0,0,0,0,0,0,0
38000,9874,4047,52,6,53,0,15,1,2,1,4,0,0,0,0,0,0,0
38100,9886,4933,57,4,40,0,14,1,1,0,2,0,0,0,0,0,0,0
38200,9875,3931,52,3,42,1,25,0,4,0,2,0,0,0,0,0,0,0
38300,9881,3882,49,3,41,0,21,1,6,1,2,0,0,0,0,0,0,0
38400,9892,4038,45,0,45,0,16,0,2,1,0,0,0,0,0,0,0,0
38500,9875,4355,49,0,48,1,18,1,8,1,2,2,0,0,0,0,0,0
38600,9874,4782,50,20,45,1,21,0,9,1,1,1,0,0,0,0,0,0
38700,9890,4402,45,25,46,0,16,0,2,1,1,0,0,0,0,0,0,0
38800,9910,3497,27,15,42,0,19,0,1,0,1,0,0,0,0,0,0,0
38900,9901,4062,24,6,46,0,22,0,2,2,5,0,0,0,0,0,0,0
39000,9906,3575,24,9,42,0,25,0,3,0,0,0,0,0,0,0,0,0
39100,9893,4186,27,46,46,0,23,0,8,5,3,1,0,0,0,0,0,0
39200,9899,3632,18,5,45,0,27,0,9,2,2,0,0,0,0,0,0,0
39300,9923,4213,13,10,43,0,17,0,2,0,2,0,0,0,0,0,0,0
39400,9911,3728,15,9,45,1,23,2,5,1,1,0,0,0,0,0,0,0
39500,9919,4139,17,2,41,0,15,0,7,1,1,0,0,0,0,0,0,0
39600,9895,4083,38,4,44,1,15,0,7,1,1,0,0,0,0,0,0,0
39700,9872,4482,56,1,42,0,21,1,9,1,0,1,0,0,0,0,0,0
39800,9884,3848,34,1,50,1,26,0,5,2,1,0,0,0,0,0,0,0
39900,9900,3678,33,12,40,2,19,0,6,3,2,0,0,0,0,0,0,0
40000,9900,3426,36,21,41,0,17,1,4,2,2,0,0,0,0,0,0,0
40100,9879,3892,52,3,44,1,22,0,2,1,1,0,0,0,0,0,0,0
40200,9878,4335,55,3,42,2,17,0,5,0,3,1,0,0,0,0,0,0
40300,9871,3577,61,12,39,5,24,0,4,1,1,0,0,0,0,0,0,0
40400,9862,3820,63,7,41,6,23,1,8,0,2,0,1,0,0,0,0,0
40500,9884,3814,54,0,40,3,16,0,6,0,0,0,0,0,0,0,0,0
40600,9880,4060,56,6,38,0,18,2,6,0,2,0,0,0,0,0,0,0
40700,9871,4617,57,18,45,0,21,4,5,0,1,0,0,0,0,0,0,0
40800,9882,4259,52,8,40,0,22,0,2,2,2,0,0,0,0,0,0,0
40900,9877,4381,54,1,41,1,21,1,3,0,4,2,0,0,0,0,0,0
41000,9881,3799,51,5,40,1,21,3,6,2,1,0,0,0,0,0,0,0
41100,9886,3435,52,0,40,0,17,0,4,1,1,0,0,0,0,0,0,0
41200,9873,3386,56,3,43,0,25,1,2,2,1,0,0,0,0,0,0,0
41300,9876,4386,58,1,45,0,15,0,3,0,3,0,0,0,0,0,0,0
41400,9892,4476,56,8,38,1,11,2,2,3,1,0,0,0,0,0,0,0
41500,9893,4863,55,14,41,1,7,4,3,1,1,1,0,0,0,0,0,0
41600,9888,4566,52,10,42,0,10,0,6,0,2,0,0,0,0,0,0,0
41700,9887,4092,51,5,45,1,7,1,8,1,2,0,0,0,0,0,0,0
41800,9902,4105,52,4,40,0,4,1,1,1,1,0,0,0,0,0,0,0
41900,9895,4021,52,6,36,0,14,0,2,0,1,0,0,0,0,0,0,0
42000,9897,4443,55,13,40,0,5,1,3,0,0,0,0,0,0,0,0,0
42100,9896,4366,52,6,39,0,6,0,5,1,2,0,0,0,0,0,0,0
42200,9895,4153,51,2,42,0,8,4,3,0,1,1,0,0,0,0,0,0
42300,9881,3684,61,4,42,2,8,2,8,0,0,0,0,0,0,0,0,0
42400,9880,3814,73,2,37,1,3,0,4,0,3,1,0,0,0,0,0,0
42500,9887,3625,59,9,43,1,7,3,3,0,1,0,0,0,0,0,0,0
42600,9911,4641,40,17,39,1,4,0,4,0,2,0,0,0,0,0,0,0
42700,9910,4330,40,5,40,0,7,0,3,0,0,0,0,0,0,0,0,0
42800,9907,3870,41,12,42,0,7,2,2,0,0,0,1,0,0,0,0,0
42900,9891,3742,47,4,44,0,10,0,7,0,1,0,0,0,0,0,0,0
43000,9908,3047,39,0,43,1,7,1,3,1,0,0,0,0,0,0,0,0
43100,9912,3029,43,16,42,0,0,1,2,0,1,2,0,0,0,0,0,0
43200,9908,3264,46,5,38,0,1,1,5,2,2,2,0,0,0,0,0,0
43300,9904,3144,45,11,43,1,0,10,7,0,1,1,0,0,0,0,0,0
43400,9903,3440,49,29,40,3,4,4,4,2,0,1,0,0,0,0,0,0
43500,9896,3720,50,12,43,6,3,0,8,1,0,1,0,0,0,0,0,0
43600,9894,4721,56,5,40,1,2,1,5,0,3,0,0,0,0,0,0,0
43700,9875,3653,68,23,47,1,4,1,5,0,1,0,0,0,0,0,0,0
43800,9883,3898,65,15,45,1,1,0,3,0,3,0,0,0,0,0,0,0
43900,9902,3600,66,1,27,0,3,0,2,0,0,0,0,0,0,0,0,0
44000,9925,3697,60,5,6,1,3,1,3,0,3,1,0,0,0,0,0,0
44100,9924,3791,65,0,3,0,4,0,2,0,2,0,0,0,0,0,0,0
44200,9932,3738,57,4,2,1,3,1,3,0,3,1,0,0,0,0,0,0
44300,9934,3251,50,7,6,0,3,0,3,0,4,0,0,0,0,0,0,0
44400,9935,3693,52,15,5,1,5,1,2,1,1,0,0,0,0,0,0,0
44500,9940,4024,52,19,3,3,0,0,3,0,2,0,0,0,0,0,0,0
44600,9941,4081,47,13,5,0,4,0,3,1,0,0,0,0,0,0,0,0
44700,9934,4297,51,2,3,2,2,2,8,0,2,1,0,0,0,0,0,0
44800,9929,3900,62,5,2,0,2,2,4,0,1,0,0,0,0,0,0,0
44900,9912,4553,79,2,2,1,0,1,4,0,2,0,1,0,0,0,0,0
45000,9915,4124,76,4,4,0,1,1,4,1,0,0,0,0,0,0,0,0
45100,9922,3014,72,2,1,1,3,0,2,1,0,0,0,0,0,0,0,0
45200,9908,3468,78,3,7,0,3,4,2,1,2,0,0,0,0,0,0,0
45300,9908,4722,74,3,9,1,1,2,7,1,1,0,0,0,0,0,0,0
45400,9920,4380,66,2,7,1,2,3,5,0,0,1,0,0,0,0,0,0
45500,9920,4527,69,11,4,3,0,0,5,1,2,0,0,0,0,0,0,0
45600,9898,3906,82,2,8,0,8,3,3,0,1,0,0,0,0,0,0,0
45700,9904,3595,86,2,1,0,5,0,3,0,1,0,0,0,0,0,0,0
45800,9905,3596,83,2,3,1,3,1,3,1,3,0,0,0,0,0,0,0
45900,9908,3662,86,0,2,0,1,0,3,0,0,0,0,0,0,0,0,0
46000,9910,3947,81,3,3,1,2,0,4,0,0,0,0,0,0,0,0,0
46100,9895,3521,98,2,4,0,1,0,2,1,0,0,0,0,0,0,0,0
46200,9901,2921,94,1,1,1,2,0,2,0,0,1,0,0,0,0,0,0
46300,9890,3711,100,8,1,0,4,3,4,0,1,1,0,0,0,0,0,0
46400,9883,3208,100,17,5,0,5,1,2,2,5,0,0,0,0,0,0,0
46500,9886,2975,101,15,4,0,3,0,5,0,1,0,0,0,0,0,0,0
46600,9881,3247,104,18,3,0,5,0,6,0,1,0,0,0,0,0,0,0
46700,9889,3075,97,10,6,0,1,0,2,0,5,0,0,0,0,0,0,0
46800,9880,3564,106,7,3,1,5,0,1,0,5,2,0,0,0,0,0,0
46900,9893,3376,97,0,3,0,2,2,4,1,1,1,0,0,0,0,0,0
47000,9885,3683,100,4,6,1,2,0,6,1,1,1,0,0,0,0,0,0
47100,9899,3856,95,1,3,1,0,0,3,2,0,1,0,0,0,0,0,0
47200,9910,4024,79,3,2,0,3,0,4,0,2,0,0,0,0,0,0,0
47300,9911,4634,82,2,0,0,1,0,5,0,1,0,0,0,0,0,0,0
47400,9907,4574,84,16,1,1,5,1,3,3,0,0,0,0,0,0,0,0
47500,9907,3758,74,3,6,1,7,0,5,1,1,0,0,0,0,0,0,0
47600,9904,3165,77,0,3,0,4,0,8,0,4,0,0,0,0,0,0,0
47700,9910,3941,77,1,2,0,3,0,4,0,4,0,0,0,0,0,0,0
47800,9920,4463,73,3,3,0,3,0,0,1,1,0,0,0,0,0,0,0
47900,9911,3491,78,1,1,0,5,0,1,1,4,1,0,0,0,0,0,0
48000,9912,3431,77,0,1,1,2,0,5,0,3,1,0,0,0,0,0,0
48100,9920,4092,64,3,3,1,6,0,5,1,2,0,0,0,0,0,0,0
48200,9923,4212,68,6,5,1,0,0,2,0,2,0,0,0,0,0,0,0
48300,9902,4003,77,8,3,0,8,4,8,0,2,0,0,0,0,0,0,0
48400,9926,3776,64,2,1,1,3,2,6,3,0,1,0,0,0,0,0,0
48500,9919,3866,66,1,2,0,3,0,8,1,2,0,0,0,0,0,0,0
48600,9909,3735,64,9,17,1,5,0,4,1,1,0,0,0,0,0,0,0
48700,9912,3680,64,2,15,0,1,1,7,2,1,0,0,0,0,0,0,0
48800,9915,2939,58,2,16,0,2,0,4,0,5,0,0,0,0,0,0,0
48900,9915,3097,65,0,13,1,4,3,1,1,2,0,0,0,0,0,0,0
49000,9917,2957,61,6,13,1,2,1,5,1,2,1,0,0,0,0,0,0
49100,9914,2599,64,3,14,0,3,1,2,2,3,0,0,0,0,0,0,0
49200,9942,2630,40,0,12,1,1,1,2,0,3,0,0,0,0,0,0,0
49300,9950,3200,30,6,12,2,3,4,2,1,3,0,0,0,0,0,0,0
49400,9949,3436,30,70,11,0,2,1,7,0,1,0,0,0,0,0,0,0
49500,9956,2442,36,3,2,0,1,0,4,0,1,1,0,0,0,0,0,0
49600,9961,2713,30,4,1,1,2,0,5,0,1,0,0,0,0,0,0,0
49700,9952,3175,32,3,6,0,4,2,6,0,0,0,0,0,0,0,0,0
49800,9954,3153,33,0,4,0,4,0,3,1,2,0,0,0,0,0,0,0
49900,9934,2988,49,8,8,0,7,1,2,4,0,0,0,0,0,0,0,0
50000,9939,3113,50,3,1,0,6,0,4,0,0,0,0,0,0,0,0,0
50100,9943,2977,45,0,3,0,6,0,3,0,0,0,0,0,0,0,0,0
50200,9936,2654,45,4,6,0,7,0,5,2,1,0,0,0,0,0,0,0
50300,9950,3213,42,0,5,1,1,0,2,0,0,0,0,0,0,0,0,0
50400,9946,2883,45,1,2,0,1,5,6,1,0,0,0,0,0,0,0,0
50500,9949,3856,41,0,3,0,1,0,6,0,0,1,0,0,0,0,0,0
50600,9923,3801,66,4,5,1,2,4,2,0,2,0,0,0,0,0,0,0
50700,9913,3783,70,2,6,0,3,1,8,0,0,0,0,0,0,0,0,0
50800,9916,3700,72,0,4,2,2,0,4,0,2,0,0,0,0,0,0,0
50900,9912,3835,73,3,6,1,4,0,4,0,1,0,0,0,0,0,0,0
51000,9915,3661,74,2,2,2,5,3,3,0,1,0,0,0,0,0,0,0
51100,9928,4644,68,2,0,3,1,0,2,0,1,0,0,0,0,0,0,0
51200,9915,4346,71,6,6,1,0,0,6,0,2,1,0,0,0,0,0,0
51300,9920,3936,71,9,1,0,2,1,5,1,1,0,0,0,0,0,0,0
51400,9914,3594,70,3,6,1,8,1,2,0,0,0,0,0,0,0,0,0
51500,9922,3597,70,14,3,1,4,2,1,1,0,0,0,0,0,0,0,0
51600,9930,4199,66,5,2,0,1,0,1,0,0,0,0,0,0,0,0,0
51700,9927,4412,61,2,2,1,4,0,4,0,2,1,0,0,0,0,0,0
51800,9927,3664,63,4,1,0,6,1,1,0,2,1,0,0,0,0,0,0
51900,9912,3197,76,1,4,0,2,2,5,2,1,1,0,0,0,0,0,0
52000,9914,3340,76,1,4,0,4,3,2,1,0,0,0,0,0,0,0,0
52100,9912,3596,77,4,3,0,5,0,2,0,1,0,0,0,0,0,0,0
52200,9911,3128,77,10,3,0,2,1,6,2,1,0,0,0,0,0,0,0
52300,9917,3703,76,8,3,1,1,0,3,1,0,0,0,0,0,0,0,0
52400,9902,3426,78,0,3,0,11,1,3,5,3,0,0,0,0,0,0,0
52500,9908,3357,79,1,3,3,6,2,3,0,1,0,0,0,0,0,0,0
52600,9906,3214,83,22,3,0,4,0,3,0,1,0,0,0,0,0,0,0
52700,9915,2808,77,4,4,0,3,0,1,1,0,0,0,0,0,0,0,0
52800,9919,2912,72,17,0,1,7,0,2,1,0,0,0,0,0,0,0,0
52900,9900,3289,88,28,4,1,4,2,4,0,0,0,0,0,0,0,0,0
53000,9920,3133,68,22,3,2,3,1,4,2,2,0,0,0,0,0,0,0
53100,9918,2985,67,8,3,1,6,0,4,0,2,0,0,0,0,0,0,0
53200,9916,3569,71,1,4,1,3,3,5,0,1,1,0,0,0,0,0,0
53300,9919,3977,61,6,5,0,8,1,4,1,3,0,0,0,0,0,0,0
53400,9924,3208,57,2,4,0,4,3,6,0,5,0,0,0,0,0,0,0
53500,9926,2836,63,11,3,2,3,3,2,1,3,1,0,0,0,0,0,0
53600,9938,2985,48,0,7,1,3,3,3,2,1,0,0,0,0,0,0,0
53700,9942,3116,50,5,5,0,1,0,1,0,1,0,0,0,0,0,0,0
53800,9950,3044,41,3,1,0,2,5,5,1,1,0,0,0,0,0,0,0
53900,9937,3739,53,4,4,0,1,6,5,3,0,0,0,0,0,0,0,0
54000,9949,4214,43,6,2,0,1,1,3,0,2,0,0,0,0,0,0,0
54100,9950,3862,43,8,2,0,3,0,2,1,0,0,0,0,0,0,0,0
54200,9945,3941,44,5,2,0,1,1,7,1,1,0,0,0,0,0,0,0
54300,9952,3957,41,14,0,0,4,1,3,0,0,1,0,0,0,0,0,0
54400,9951,3613,39,23,0,6,3,0,6,1,1,0,0,0,0,0,0,0
54500,9954,3788,33,27,8,29,0,2,4,2,1,1,0,0,0,0,0,0
54600,9952,3686,37,16,1,1,4,0,6,2,0,0,0,0,0,0,0,0
54700,9942,3660,44,19,2,1,8,3,2,1,2,1,0,0,0,0,0,0
54800,9945,3617,41,13,1,1,3,1,2,0,8,0,0,0,0,0,0,0
54900,9959,3481,33,64,1,1,2,0,4,0,1,0,0,0,0,0,0,0
55000,9947,3382,39,122,3,1,4,1,6,2,1,0,0,0,0,0,0,0
55100,9959,3672,32,43,2,0,3,1,4,1,0,0,0,0,0,0,0,0
55200,9963,3300,29,11,0,0,2,1,5,1,1,0,0,0,0,0,0,0
55300,9960,3506,28,3,5,0,1,0,2,0,4,0,0,0,0,0,0,0
55400,9958,3709,30,11,2,2,6,0,1,0,3,0,0,0,0,0,0,0
55500,9964,3041,25,8,2,6,3,2,5,0,1,0,0,0,0,0,0,0
55600,9952,2849,32,13,5,3,3,6,5,0,3,0,0,0,0,0,0,0
55700,9964,2851,27,12,0,5,2,1,5,5,2,1,0,0,0,0,0,0
55800,9959,2305,32,6,3,4,2,1,2,0,2,2,0,0,0,0,0,0
55900,9969,2775,24,1,2,0,1,0,1,0,3,0,0,0,0,0,0,0
56000,9963,2609,26,1,3,0,1,0,7,0,0,0,0,0,0,0,0,0
56100,9953,2708,33,1,2,0,3,0,9,1,0,1,0,0,0,0,0,0
56200,9944,3440,43,1,2,0,4,1,5,1,1,0,0,0,1,0,0,0
56300,9955,3198,38,1,1,0,3,1,3,1,0,0,0,0,0,0,0,0
56400,9947,3564,36,0,5,0,3,2,6,2,3,0,0,0,0,0,0,0
56500,9949,3619,31,1,7,0,6,5,6,0,1,0,0,0,0,0,0,0
56600,9946,3882,44,0,2,0,3,0,5,3,0,0,0,0,0,0,0,0
56700,9937,3354,55,0,1,2,1,1,3,1,3,0,0,0,0,0,0,0
56800,9940,3530,46,0,6,2,6,0,2,0,0,0,0,0,0,0,0,0
56900,9941,3668,49,0,3,0,1,0,6,1,0,1,0,1,0,0,0,0
57000,9940,4118,41,1,12,0,2,0,3,4,2,0,0,0,0,0,0,0
57100,9950,3610,40,7,4,0,3,0,3,1,0,0,0,0,0,0,0,0
57200,9945,3368,47,6,2,0,2,0,4,0,0,0,0,0,0,0,0,0
57300,9931,3613,60,4,2,1,3,1,3,1,1,0,0,0,0,0,0,0
57400,9932,3782,57,2,3,0,4,0,4,1,0,0,0,0,0,0,0,0
57500,9964,3716,26,2,2,2,2,4,3,1,3,0,0,0,0,0,0,0
57600,9977,3841,21,0,0,1,2,1,0,1,0,2,0,0,0,0,0,0
57700,9976,3755,16,1,3,0,4,1,1,0,0,0,0,0,0,0,0,0
57800,9978,3460,11,4,1,0,2,0,6,3,2,0,0,0,0,0,0,0
57900,9976,4243,9,14,4,0,2,0,7,1,2,0,0,0,0,0,0,0
58000,9984,3856,8,2,4,0,2,0,1,2,1,0,0,0,0,0,0,0
58100,9988,4185,6,0,2,0,2,1,2,0,0,1,0,0,0,0,0,0
58200,9970,3706,17,7,1,0,3,0,8,1,1,0,0,0,0,0,0,0
58300,9981,3425,10,40,1,0,4,0,1,0,3,1,0,0,0,0,0,0
58400,9985,3125,6,1,4,1,0,1,4,0,1,1,0,0,0,0,0,0
58500,9982,3751,10,5,5,0,1,1,2,0,0,0,0,0,0,0,0,0
58600,9966,3749,20,5,2,1,3,0,3,2,6,0,0,0,0,0,0,0
58700,9962,3594,21,1,3,0,4,0,9,1,1,0,0,0,0,0,0,0
58800,9974,3207,16,7,4,0,3,1,2,0,1,0,0,0,0,0,0,0
58900,9982,2291,9,2,5,1,0,1,2,2,2,1,0,0,0,0,0,0
59000,9977,2820,12,10,6,1,0,0,5,1,0,0,0,0,0,0,0,0
59100,9983,3358,9,15,3,1,2,6,1,0,2,0,0,0,0,0,0,0
59200,9968,3320,18,27,3,0,6,1,3,0,2,1,0,0,0,0,0,0
59300,9981,2991,12,21,2,0,2,0,3,0,0,0,0,0,0,0,0,0
59400,9973,3201,14,6,5,0,3,5,4,2,1,0,0,0,0,0,0,0
59500,9972,3206,15,13,5,0,1,2,3,1,4,0,0,0,0,0,0,0
59600,9980,4117,13,13,2,1,1,3,4,1,0,0,0,0,0,0,0,0
59700,9971,3754,17,3,6,0,1,1,3,0,2,0,0,0,0,0,0,0
59800,9986,3912,7,4,3,1,1,0,3,1,0,0,0,0,0,0,0,0
59900,9978,3821,11,5,4,0,1,2,5,2,1,0,0,0,0,0,0,0
60000,9983,3978,8,34,3,0,5,0,1,0,0,0,0,0,0,0,0,0
60100,9979,4269,7,9,4,1,4,2,1,0,2,0,3,0,0,0,0,0
60200,9971,4374,14,0,4,0,5,0,5,1,1,0,0,0,0,0,0,0
60300,9980,4197,11,2,4,1,1,1,3,2,1,0,0,0,0,0,0,0
60400,9979,3968,10,4,3,0,3,0,5,0,0,0,0,0,0,0,0,0
60500,9984,3985,8,5,2,0,4,0,1,1,1,0,0,0,0,0,0,0
60600,9986,4104,7,3,3,0,1,0,1,0,2,0,0,0,0,0,0,0
60700,9977,3776,12,13,3,3,4,0,2,4,2,0,0,0,0,0,0,0
60800,9974,3455,11,24,1,0,7,5,5,1,2,1,0,0,0,0,0,0
60900,9977,3233,11,2,3,0,4,1,5,0,0,0,0,0,0,0,0,0
61000,9979,3607,7,20,4,0,4,2,4,0,2,0,0,0,0,0,0,0
61100,9983,3450,6,17,6,1,2,3,2,1,1,0,0,0,0,0,0,0
61200,9978,3873,8,9,7,0,0,1,5,0,2,1,0,0,0,0,0,0
61300,9984,3444,9,5,2,2,3,0,2,1,0,0,0,0,0,0,0,0
61400,9978,3024,7,0,6,0,4,2,3,0,2,0,0,0,0,0,0,0
61500,9971,3564,12,0,4,2,3,1,4,1,6,0,0,0,0,0,0,0
61600,9975,3532,13,2,8,0,1,0,2,1,1,0,0,0,0,0,0,0
61700,9962,3490,29,0,2,1,2,3,3,1,2,0,0,0,0,0,0,0
61800,9953,3647,39,2,0,1,4,1,2,0,2,0,0,0,0,0,0,0
61900,9960,3738,35,3,1,2,0,0,1,0,3,0,0,0,0,0,0,0
62000,9953,3596,39,7,2,0,2,1,0,0,3,0,1,0,0,0,0,0
62100,9951,3742,41,8,4,5,0,1,4,1,0,1,0,0,0,0,0,0
62200,9934,3410,49,12,7,4,3,0,6,0,1,0,0,0,0,0,0,0
62300,9924,3984,57,10,9,0,4,0,6,1,0,1,0,0,0,0,0,0
62400,9923,3338,60,46,6,1,6,0,4,1,1,1,0,0,0,0,0,0
62500,9886,3137,98,29,8,7,4,0,2,2,2,0,0,0,0,0,0,0
62600,9859,3117,122,11,10,3,5,1,2,0,2,0,0,0,0,0,0,0
62700,9863,3523,122,7,9,1,1,1,3,1,2,0,0,0,0,0,0,0
62800,9865,3380,122,6,7,0,2,3,4,1,0,0,0,0,0,0,0,0
62900,9863,3262,122,3,7,1,2,2,4,0,2,0,0,0,0,0,0,0
63000,9861,3957,120,6,8,1,2,0,9,1,0,0,0,0,0,0,0,0
63100,9880,3788,108,15,8,1,1,0,3,2,0,0,0,0,0,0,0,0
63200,9909,3851,81,16,6,0,2,0,1,0,1,0,0,0,0,0,0,0
63300,9909,3272,79,37,6,0,1,0,4,0,1,1,0,0,0,0,0,0
63400,9905,3175,85,21,7,1,1,0,2,1,0,0,0,0,0,0,0,0
63500,9908,3181,82,42,8,1,1,3,0,0,1,0,0,0,0,0,0,0
63600,9901,4034,84,83,9,0,2,1,3,3,1,0,0,0,0,0,0,0
63700,9908,3932,79,81,8,0,1,1,3,1,1,0,0,0,0,0,0,0
63800,9921,3419,65,6,7,1,2,0,3,0,2,0,0,0,0,0,0,0
63900,9906,4041,81,4,8,0,1,1,4,0,0,1,0,0,0,0,0,0
64000,9907,3876,78,3,10,0,3,0,2,1,0,0,0,0,0,0,0,0
64100,9901,3819,89,3,8,1,1,0,0,1,1,0,0,0,0,0,0,0
64200,9860,4287,131,0,3,0,0,1,6,0,0,0,0,0,0,0,0,0
64300,9845,3162,144,2,4,0,3,0,3,2,1,0,0,0,0,0,0,0
64400,9862,3440,133,6,1,0,1,0,1,0,2,0,0,0,0,0,0,0
64500,9846,4055,142,5,1,0,3,1,6,0,2,3,0,0,0,0,0,0
64600,9860,3436,135,0,1,1,1,4,3,1,0,0,0,0,0,0,0,0
64700,9860,3736,132,4,3,2,1,1,2,0,2,0,0,0,0,0,0,0
64800,9858,3892,133,1,1,0,4,0,3,1,1,1,0,0,0,0,0,0
64900,9864,3921,131,0,0,3,0,3,4,0,1,0,0,0,0,0,0,0
65000,9849,3286,142,1,1,3,2,0,5,4,1,1,0,0,0,0,0,0
65100,9842,3044,150,4,3,1,3,0,2,0,0,1,0,0,0,0,0,0
65200,9844,3027,146,7,1,3,3,0,4,0,2,0,0,0,0,0,0,0
65300,9847,3009,140,8,1,5,5,1,6,1,1,0,0,0,0,0,0,0
65400,9854,3300,140,2,2,7,2,0,2,0,0,1,0,0,0,0,0,0
65500,9840,3112,148,16,3,8,2,0,6,0,1,0,0,0,0,0,0,0
65600,9849,2801,145,3,3,4,1,0,1,0,1,0,0,0,0,0,0,0
65700,9861,2844,135,1,1,5,1,0,0,0,2,0,0,0,0,0,0,0
65800,9844,2570,140,7,5,0,8,0,3,0,0,0,0,0,0,0,0,0
65900,9859,3500,132,0,4,0,2,0,2,0,1,0,0,0,0,0,0,0
66000,9870,3473,124,3,0,0,1,0,4,0,1,0,0,0,0,0,0,0
66100,9861,3203,124,4,0,1,7,1,5,0,3,0,0,0,0,0,0,0
66200,9905,3839,87,3,4,0,1,3,2,0,1,1,0,0,0,0,0,0
66300,9940,3579,50,0,3,1,4,0,2,1,1,0,0,0,0,0,0,0
66400,9960,3767,33,6,2,0,1,0,3,1,1,0,0,0,0,0,0,0
66500,9977,3934,12,0,3,0,2,1,4,0,2,0,0,0,0,0,0,0
66600,9985,3687,8,1,0,0,2,0,5,0,0,0,0,0,0,0,0,0
66700,9986,4109,9,0,2,0,3,1,0,0,0,0,0,0,0,1,0,0
66800,9979,3513,9,2,3,0,6,1,1,0,2,1,0,0,0,0,0,0
66900,9985,3472,7,0,3,0,1,0,3,0,1,0,0,0,0,0,0,0
67000,9985,3354,7,0,1,0,1,0,5,0,1,3,0,0,0,0,0,0
67100,9981,3302,8,1,3,0,2,0,4,0,2,0,0,0,0,0,0,0
67200,9981,2501,12,1,1,0,1,0,4,0,1,0,0,0,0,0,0,0
67300,9986,2041,11,0,1,0,1,0,0,0,1,0,0,0,0,0,0,0
67400,9990,2763,5,0,1,1,1,1,2,0,1,1,0,0,0,0,0,0
67500,9989,3118,6,3,2,0,0,0,1,0,2,1,0,0,0,0,0,0
67600,9982,2807,13,6,0,0,0,0,2,0,3,0,0,0,0,0,0,0
67700,9961,3406,31,2,3,3,1,0,4,0,0,0,0,0,0,0,0,0
67800,9956,3499,39,2,0,1,1,1,2,0,2,0,0,0,0,0,0,0
67900,9951,4109,39,2,2,0,4,0,3,1,1,0,0,0,0,0,0,0
68000,9935,3746,58,1,1,0,2,0,4,0,0,0,0,0,0,0,0,0
68100,9884,2857,104,5,5,0,1,1,5,0,1,0,0,0,0,0,0,0
68200,9889,3182,103,46,2,0,0,0,5,0,1,0,0,0,0,0,0,0
68300,9883,3192,108,18,1,0,3,0,4,1,1,0,0,0,0,0,0,0
68400,9893,2892,104,0,2,0,0,0,0,0,1,0,0,0,0,0,0,0
68500,9892,3309,101,0,1,1,0,1,6,0,0,0,0,0,0,0,0,0
68600,9885,3786,108,0,0,0,3,2,3,1,1,0,0,0,0,0,0,0
68700,9885,3536,105,0,1,1,3,0,4,0,2,1,0,0,0,0,0,0
68800,9891,4195,102,1,3,1,0,0,3,1,1,0,0,0,0,0,0,0
68900,9889,3493,103,0,5,0,0,1,1,0,2,0,0,0,0,0,0,0
69000,9889,3521,107,1,1,0,0,0,1,2,2,0,0,0,0,0,0,0
69100,9876,3350,103,1,3,0,4,0,11,4,3,0,0,0,0,0,0,0
69200,9899,3844,93,6,0,6,2,0,2,1,4,1,0,0,0,0,0,0
69300,9913,3570,75,2,2,2,3,0,4,0,3,0,0,0,0,0,0,0
69400,9907,3522,81,7,5,1,4,0,3,0,0,0,0,0,0,0,0,0
69500,9894,3973,97,5,3,1,0,0,5,1,1,0,0,0,0,0,0,0
69600,9844,3567,146,2,3,0,3,1,3,0,1,0,0,0,0,0,0,0
69700,9845,3632,140,1,3,0,2,1,6,0,4,0,0,0,0,0,0,0
69800,9850,3645,142,1,2,0,1,0,5,0,0,0,0,0,0,0,0,0
69900,9846,3437,142,1,4,0,1,0,3,0,3,0,1,0,0,0,0,0
70000,9848,3872,144,1,2,1,0,0,4,0,2,0,0,0,0,0,0,0
70100,9851,3788,140,4,4,0,1,0,2,0,2,0,0,0,0,0,0,0
70200,9848,4563,146,5,1,0,3,0,0,0,2,2,0,0,0,0,0,0
70300,9842,4099,153,14,1,0,2,0,2,0,0,0,0,0,0,0,0,0
70400,9831,3807,148,11,6,2,4,0,7,0,3,0,1,0,0,0,0,0
70500,9841,3988,149,4,3,0,3,1,4,0,0,0,0,0,0,0,0,0
70600,9839,3355,145,13,5,1,1,0,6,0,4,1,0,0,0,0,0,0
70700,9850,3058,143,8,0,0,2,0,5,1,0,0,0,0,0,0,0,0
70800,9868,2412,117,2,3,2,6,0,4,1,2,0,0,0,0,0,0,0
70900,9906,2879,83,3,4,1,4,0,3,1,0,0,0,0,0,0,0,0
71000,9907,2730,89,17,1,1,1,0,1,2,1,0,0,0,0,0,0,0
71100,9888,3160,96,6,6,0,3,0,7,1,0,2,0,0,0,0,0,0
71200,9901,3564,91,3,3,0,0,0,3,1,2,0,0,0,0,0,0,0
71300,9910,3907,79,0,5,0,2,1,3,0,1,0,0,0,0,0,0,0
71400,9918,3468,74,0,5,0,0,3,3,0,0,0,0,0,0,0,0,0
71500,9910,4423,76,0,5,0,2,0,5,0,2,0,0,0,0,0,0,0
71600,9917,4578,73,0,3,2,1,2,3,1,3,1,0,0,0,0,0,0
71700,9912,3388,77,21,2,1,2,1,5,3,2,2,0,0,0,0,0,0
71800,9919,3367,78,26,0,0,2,0,1,0,0,1,0,0,0,0,0,0
71900,9919,3439,72,14,2,2,2,0,4,1,1,0,0,0,0,0,0,0
72000,9924,3713,73,4,0,0,0,0,3,0,0,0,0,0,0,0,0,0
72100,9920,3879,71,2,3,0,1,0,2,0,3,0,0,0,0,0,0,0
72200,9912,3701,75,0,4,0,3,0,5,0,1,0,0,0,0,0,0,0
72300,9965,3856,23,42,1,0,2,0,9,1,0,0,0,0,0,0,0,0
72400,9985,3726,6,109,2,0,1,3,2,3,4,1,0,0,0,0,0,0
72500,9986,4152,7,107,2,0,1,1,4,1,0,0,0,0,0,0,0,0
72600,9988,3456,7,24,3,1,0,0,1,0,1,0,0,0,0,0,0,0
72700,9978,3186,10,3,4,0,1,2,7,0,0,0,0,0,0,0,0,0
72800,9982,4295,8,5,2,0,0,0,5,0,3,0,0,0,0,0,0,0
72900,9979,4631,7,5,7,0,0,0,4,1,3,0,0,0,0,0,0,0
73000,9986,4050,6,3,3,1,0,0,4,0,1,0,0,0,0,0,0,0
73100,9987,3775,3,13,5,0,0,0,5,0,0,0,0,0,0,0,0,0
73200,9983,4830,9,7,1,0,2,0,4,1,1,0,0,0,0,0,0,0
73300,9986,4510,3,12,1,0,2,0,7,0,1,0,0,0,0,0,0,0
73400,9926,4154,12,110,51,0,4,0,4,0,3,0,0,0,0,0,0,0
73500,9900,4210,25,3,70,0,1,1,2,1,2,2,0,0,0,0,0,0
73600,9853,4002,68,12,68,0,4,0,4,5,2,1,1,0,0,0,0,0
73700,9852,3412,73,43,68,0,3,0,1,0,3,1,0,0,0,0,0,0
73800,9816,3467,112,100,68,1,1,0,3,1,0,0,0,0,0,0,0,0
73900,9787,3876,139,16,71,0,2,0,1,2,0,0,0,0,0,0,0,0
74000,9780,3733,142,5,69,2,1,0,7,0,1,0,0,0,0,0,0,0
74100,9781,3375,140,1,71,0,2,0,5,0,1,0,0,0,0,0,0,0
74200,9786,2787,140,3,69,0,1,0,3,0,0,1,1,0,0,0,0,0
74300,9782,3135,142,0,69,2,1,0,4,0,2,0,0,0,0,0,0,0
74400,9780,2560,144,1,68,0,2,0,3,0,3,1,0,0,0,0,0,0
74500,9780,2968,150,2,68,1,1,1,1,1,0,0,0,0,0,0,0,0
74600,9748,3283,169,2,73,1,1,0,7,2,2,0,0,0,0,0,0,0
74700,9758,3123,160,7,70,2,6,3,6,0,0,1,0,0,0,0,0,0
74800,9758,3639,170,3,68,0,3,3,1,0,0,0,0,0,0,0,0,0
74900,9759,3614,168,11,68,2,0,0,3,0,2,0,0,0,0,0,0,0
75000,9761,3339,166,8,67,2,2,0,3,0,1,0,0,0,0,0,0,0
75100,9760,3751,168,5,69,1,2,2,1,0,0,0,0,0,0,0,0,0
75200,9740,3104,178,2,72,1,0,0,9,0,1,0,0,0,0,0,0,0
75300,9761,3258,165,0,68,0,2,0,3,1,1,0,0,0,0,0,0,0
75400,9777,3190,146,0,68,0,4,1,1,0,4,2,0,0,0,0,0,0
75500,9778,2781,150,3,68,0,0,0,3,0,1,0,0,0,0,0,0,0
75600,9779,3260,152,2,67,0,1,3,0,0,1,0,0,0,0,0,0,0
75700,9780,2852,139,3,73,0,3,1,5,0,0,0,0,0,0,0,0,0
75800,9783,1827,142,4,70,2,4,0,0,0,1,0,0,0,0,0,0,0
75900,9776,1675,149,3,69,0,0,1,4,0,2,0,0,0,0,0,0,0
76000,9783,2617,142,7,68,1,3,2,4,1,0,0,0,0,0,0,0,0
76100,9721,2078,200,8,69,0,4,1,3,0,3,0,0,0,0,0,0,0
76200,9640,2158,285,4,69,1,2,0,3,0,1,0,0,0,0,0,0,0
76300,9702,2486,217,2,67,0,4,1,8,1,2,0,0,0,0,0,0,0
76400,9715,3136,208,14,70,1,4,0,2,3,1,1,0,0,0,0,0,0
76500,9719,3393,208,7,69,0,2,0,1,1,1,0,0,0,0,0,0,0
76600,9721,3267,205,2,69,0,2,1,3,2,0,0,0,0,0,0,0,0
76700,9663,2788,263,6,69,1,3,0,1,0,1,2,0,0,0,0,0,0
76800,9654,2605,275,7,70,0,0,0,0,0,1,0,0,0,0,0,0,0
76900,9652,2638,272,7,68,0,1,0,5,0,2,1,0,0,0,0,0,0
77000,9659,2913,266,12,70,2,1,0,3,2,1,1,0,0,0,0,0,0
77100,9652,3876,271,5,70,1,2,0,1,0,4,0,0,0,0,0,0,0
77200,9675,4150,246,1,69,0,3,0,4,1,3,0,0,0,0,0,0,0
77300,9724,4507,204,15,67,2,1,0,3,0,1,1,0,0,0,0,0,0
77400,9712,3572,212,7,71,0,3,2,1,1,1,0,0,0,0,0,0,0
77500,9714,2963,216,1,68,0,0,1,0,0,2,0,0,0,0,0,0,0
77600,9686,3121,237,6,67,0,4,1,3,1,3,0,0,0,0,0,0,0
77700,9739,3912,184,4,70,0,2,0,4,0,1,0,0,0,0,0,0,0
77800,9744,3470,184,3,68,0,0,1,2,0,2,0,0,0,0,0,0,0
77900,9738,3228,191,2,66,1,2,4,1,3,2,0,0,0,0,0,0,0
78000,9789,3555,132,2,71,0,1,0,6,0,1,0,0,0,0,0,0,0
78100,9799,3213,122,16,72,1,0,4,5,3,2,0,0,0,0,0,0,0
78200,9787,3456,132,5,70,0,5,1,4,2,2,1,0,0,0,0,0,0
78300,9797,3616,126,5,69,0,1,0,3,0,3,0,1,0,0,0,0,0
78400,9792,3049,126,3,68,0,1,4,13,1,0,0,0,0,0,0,0,0
78500,9793,2741,130,9,68,0,4,1,3,0,2,0,0,0,0,0,0,0
78600,9791,3035,131,61,70,1,2,0,4,1,2,0,0,0,0,0,0,0
78700,9754,3004,143,8,101,0,0,0,1,2,1,0,0,0,0,0,0,0
78800,9724,3361,136,1,133,1,1,1,3,0,3,0,0,0,0,0,0,0
78900,9722,3746,136,6,136,1,0,1,4,0,1,0,1,0,0,0,0,0
79000,9749,3474,112,2,135,1,3,1,1,0,0,1,0,0,0,0,0,0
79100,9737,3666,117,42,135,0,6,2,4,0,1,0,0,0,0,0,0,0
79200,9738,3682,111,47,139,0,4,0,8,0,0,0,0,0,0,0,0,0
79300,9743,3488,112,2,135,0,3,0,5,1,1,0,0,0,1,0,0,0
79400,9722,2998,132,0,134,1,7,0,5,0,0,0,0,0,0,0,0,0
79500,9743,3163,121,6,127,0,4,0,4,2,1,0,0,0,0,0,0,0
79600,9821,3658,104,5,68,0,1,0,5,0,1,0,0,0,0,0,0,0
79700,9835,3578,88,2,69,0,3,0,5,0,0,0,0,0,0,0,0,0
79800,9837,3284,84,3,71,0,3,1,3,2,2,0,0,0,0,0,0,0
79900,9838,3663,87,4,70,0,0,3,2,0,3,0,0,0,0,0,0,0
80000,9825,3832,99,2,69,1,2,1,3,0,2,0,0,0,0,0,0,0
80100,9734,3263,189,9,70,1,1,0,4,1,2,0,0,0,0,0,0,0
80200,9765,2855,207,41,19,0,4,0,4,2,1,0,0,0,0,0,0,0
80300,9787,3272,199,18,6,0,4,0,3,0,1,0,0,0,0,0,0,0
80400,9782,3050,203,2,7,0,3,1,4,0,1,1,0,0,0,0,0,0
80500,9766,3427,215,3,11,0,3,1,4,0,1,1,0,0,0,0,0,0
80600,9778,3239,212,3,6,0,0,0,0,3,4,0,0,0,0,0,0,0
80700,9762,3150,217,12,9,1,8,0,3,0,1,1,0,0,0,0,0,0
80800,9765,2978,220,27,10,1,1,1,4,1,0,0,0,0,0,0,0,0
80900,9771,2881,217,4,7,1,1,1,3,1,1,1,0,0,0,0,0,0
81000,9761,3343,223,5,6,0,4,0,2,0,4,0,0,0,0,0,0,0
81100,9691,2501,285,14,12,0,2,2,8,0,2,0,0,0,0,0,0,0
81200,9673,2272,307,3,9,0,3,0,7,0,1,0,0,0,0,0,0,0
81300,9750,2915,239,0,7,0,2,0,1,0,1,1,0,0,0,0,0,0
81400,9740,3368,238,1,10,2,7,4,3,1,2,0,0,0,0,0,0,0
81500,9747,3881,238,4,8,5,4,2,2,0,0,1,0,0,1,0,0,0
81600,9741,2929,238,4,9,1,2,0,8,0,2,0,0,0,0,0,0,0
81700,9751,3336,237,4,8,1,2,0,2,2,0,0,0,0,0,0,0,0
81800,9747,3339,235,5,9,0,3,0,6,0,0,0,0,0,0,0,0,0
81900,9741,3594,234,7,8,0,5,1,9,1,3,0,0,0,0,0,0,0
82000,9737,4079,250,1,8,0,1,0,3,1,1,0,0,0,0,0,0,0
82100,9689,3510,297,2,6,1,3,0,4,2,1,2,0,0,0,0,0,0
82200,9683,3678,301,3,10,0,3,0,2,1,1,0,0,0,0,0,0,0
82300,9672,3027,305,0,9,1,3,0,9,0,2,0,0,0,0,0,0,0
82400,9735,2967,250,2,8,0,2,3,4,0,1,0,0,0,0,0,0,0
82500,9750,2993,236,47,7,1,1,1,2,0,4,0,0,0,0,0,0,0
82600,9806,2813,177,44,9,1,2,0,4,2,2,0,0,0,0,0,0,0
82700,9819,2986,163,41,11,0,0,0,6,0,1,0,0,0,0,0,0,0
82800,9825,2924,166,14,5,1,0,0,2,1,2,0,0,0,0,0,0,0
82900,9823,3850,158,0,8,0,3,1,6,0,2,0,0,0,0,0,0,0
83000,9831,4485,150,4,10,0,3,1,4,0,2,0,0,0,0,0,0,0
83100,9831,4252,145,2,9,2,7,1,7,1,1,0,0,0,0,0,0,0
83200,9824,3687,160,13,8,1,2,3,3,1,3,0,0,0,0,0,0,0
83300,9784,3162,200,101,6,0,4,6,5,7,1,0,0,0,0,0,0,0
83400,9796,3939,185,37,8,1,2,1,6,1,3,1,0,0,0,0,0,0
83500,9803,4020,182,24,8,1,1,1,1,0,5,0,0,0,0,0,0,0
83600,9794,3869,194,17,5,5,0,0,5,0,2,1,0,0,0,0,0,0
83700,9780,4367,209,3,7,2,0,0,2,1,2,0,0,0,0,0,0,0
83800,9780,4119,200,2,10,0,5,0,3,2,2,0,0,0,0,0,0,0
83900,9776,3824,212,0,7,1,1,0,4,0,0,0,0,0,0,0,0,0
84000,9800,3724,188,53,8,0,2,1,2,0,0,1,0,0,0,0,0,0
84100,9823,3946,161,0,7,0,3,0,4,3,2,0,0,0,0,0,0,0
84200,9824,3787,166,7,7,1,1,2,2,0,0,0,0,0,0,0,0,0
84300,9818,3596,164,1,6,0,7,0,3,0,2,0,0,0,0,0,0,0
84400,9826,3741,161,3,8,0,0,2,4,0,1,0,0,0,0,0,0,0
84500,9813,4164,165,1,12,0,5,0,4,1,1,1,0,0,0,0,0,0
84600,9750,3898,204,3,42,0,1,3,1,0,2,0,0,0,0,0,0,0
84700,9708,3527,209,1,76,1,0,1,6,1,1,0,0,0,0,0,0,0
84800,9709,3051,209,2,77,0,0,1,4,0,1,0,0,0,0,0,0,0
84900,9670,2425,243,3,74,0,0,0,12,0,1,1,0,0,0,0,0,0
85000,9594,2683,303,4,76,0,17,2,7,0,3,0,0,0,0,0,0,0
85100,9569,2495,325,0,78,2,20,0,6,0,2,0,0,0,0,0,0,0
85200,9573,2251,326,4,76,3,22,4,2,0,1,1,0,0,0,0,0,0
85300,9540,2083,358,0,75,0,20,1,5,1,2,1,0,0,0,0,0,0
85400,9509,1875,396,0,74,0,18,1,1,1,2,0,0,0,0,0,0,0
85500,9498,2220,400,2,79,1,20,0,3,1,0,0,0,0,0,0,0,0
85600,9481,2710,419,0,75,0,17,0,6,0,2,0,0,0,0,0,0,0
85700,9539,2406,366,5,73,2,19,0,3,0,0,0,0,0,0,0,0,0
85800,9538,2390,359,2,77,3,22,1,4,0,0,0,0,0,0,0,0,0
85900,9576,2642,325,0,75,1,21,0,1,1,2,0,0,0,0,0,0,0
86000,9569,2387,338,0,73,0,18,0,1,1,1,0,0,0,0,0,0,0
86100,9614,2840,294,1,73,1,19,1,0,1,0,0,0,0,0,0,0,0
86200,9655,3105,245,2,76,0,22,0,2,1,0,0,0,0,0,0,0,0
86300,9666,3145,230,0,77,0,19,2,6,0,2,1,0,0,0,0,0,0
86400,9667,3274,236,2,73,0,19,1,4,1,1,1,0,0,0,0,0,0
86500,9660,3580,241,2,73,0,19,0,5,1,2,3,0,0,0,0,0,0
86600,9726,3685,204,16,59,2,5,1,3,1,3,1,0,0,0,0,0,0
86700,9777,4022,213,7,3,0,1,0,3,0,3,0,0,0,0,0,0,0
86800,9752,4427,234,20,3,1,3,0,3,0,5,0,0,0,0,0,0,0
86900,9751,3930,234,23,4,0,8,2,3,0,0,0,0,0,0,0,0,0
87000,9736,3686,252,11,1,0,1,0,6,0,4,1,0,0,0,0,0,0
87100,9756,4069,232,0,2,1,2,0,5,1,3,1,0,0,0,0,0,0
87200,9777,3526,209,5,3,2,3,0,4,0,4,0,0,0,0,0,0,0
87300,9786,3476,201,5,5,0,0,3,7,0,1,1,0,0,0,0,0,0
87400,9788,4159,202,3,4,1,1,0,4,1,1,0,0,0,0,0,0,0
87500,9785,4861,197,2,5,1,4,0,8,0,1,0,0,0,0,0,0,0
87600,9786,4490,201,3,3,2,0,1,6,3,4,0,0,0,0,0,0,0
87700,9807,3881,184,16,5,0,1,0,3,0,0,0,0,0,0,0,0,0
87800,9824,3741,160,25,6,0,1,0,4,1,4,0,0,0,1,0,0,0
87900,9822,4134,163,16,6,0,2,0,6,0,1,0,0,0,0,0,0,0
88000,9829,4062,167,17,2,2,0,1,1,1,1,1,0,0,0,0,0,0
88100,9817,3432,174,8,2,0,1,3,5,1,1,0,0,0,0,0,0,0
88200,9822,3560,169,2,3,1,3,0,3,0,0,0,0,0,0,0,0,0
88300,9815,3606,172,9,7,0,0,1,5,0,1,0,0,0,0,0,0,0
88400,9764,3609,223,5,3,0,3,1,6,0,1,0,0,0,0,0,0,0
88500,9749,3046,233,1,4,0,7,0,7,2,0,0,0,0,0,0,0,0
88600,9751,3229,238,5,2,0,6,1,2,1,1,0,0,0,0,0,0,0
88700,9741,3642,246,8,0,0,6,0,5,0,2,0,0,0,0,0,0,0
88800,9797,4105,191,2,4,0,3,0,4,1,1,0,0,0,0,0,0,0
88900,9808,3862,181,7,2,0,4,0,1,1,4,0,0,0,0,0,0,0
89000,9809,3052,178,12,4,1,4,1,3,1,2,1,0,0,0,0,0,0
89100,9809,3614,174,0,6,0,5,0,5,3,1,0,0,0,0,0,0,0
89200,9778,4762,180,1,35,1,1,0,3,0,3,1,0,0,0,0,0,0
89300,9775,4273,144,0,70,1,3,8,6,0,2,0,0,0,0,0,0,0
89400,9806,3365,112,6,71,0,1,8,9,5,1,1,0,0,0,0,0,0
89500,9816,3751,100,6,70,4,4,2,7,0,3,0,0,0,0,0,0,0
89600,9829,3793,96,12,69,0,1,2,3,2,2,0,0,0,0,0,0,0
89700,9827,3803,96,10,69,0,2,0,5,0,1,0,0,0,0,0,0,0
89800,9800,4027,127,14,70,2,0,0,2,1,1,2,0,0,0,0,0,0
89900,9801,4344,125,11,68,1,1,1,5,2,0,0,0,0,0,0,0,0
90000,9797,4222,125,11,70,2,0,2,6,1,2,1,0,0,0,0,0,0
90100,9790,4398,133,7,67,0,5,0,4,0,1,0,0,0,0,0,0,0
90200,9782,3650,130,2,71,2,5,3,7,1,4,0,1,0,0,0,0,0
90300,9787,2913,139,7,70,0,1,0,3,0,0,0,0,0,0,0,0,0
90400,9783,2714,136,5,71,0,2,3,5,0,3,0,0,0,0,0,0,0
90500,9807,3148,116,13,69,1,1,0,6,0,1,0,0,0,0,0,0,0
90600,9789,3423,134,15,70,2,2,1,5,2,0,1,0,0,0,0,0,0
90700,9759,3537,167,35,69,1,0,0,3,2,2,0,0,0,0,0,0,0
90800,9799,3427,164,25,24,1,6,0,6,2,1,0,0,0,0,0,0,0
90900,9851,3712,137,18,7,0,3,2,1,1,1,0,0,0,0,0,0,0
91000,9872,4269,118,6,1,1,2,0,4,0,2,0,1,0,0,0,0,0
91100,9841,4034,154,0,3,0,1,1,0,2,1,1,0,0,0,0,0,0
91200,9818,4040,172,0,3,1,1,3,2,2,4,0,0,0,0,0,0,0
91300,9839,3972,156,11,0,1,2,1,2,0,1,0,0,0,0,0,0,0
91400,9876,3911,110,2,2,2,9,0,2,0,1,0,0,0,0,0,0,0
91500,9876,4408,117,3,3,2,2,3,1,0,1,1,0,0,0,0,0,0
91600,9897,3548,95,4,4,0,1,0,3,0,0,0,0,0,0,0,0,0
91700,9920,3613,73,4,4,0,1,1,2,0,0,0,0,0,0,0,0,0
91800,9919,3743,72,10,1,0,3,0,4,1,1,0,0,0,0,0,0,0
91900,9909,3898,81,6,2,1,1,1,4,0,3,1,0,0,0,0,0,0
92000,9905,4979,88,58,2,1,0,1,4,0,1,0,0,0,0,0,0,0
92100,9908,4719,85,7,0,0,4,0,1,0,1,1,1,0,0,0,0,0
92200,9904,4909,86,0,1,0,5,0,2,1,2,1,0,0,0,0,0,0
92300,9889,3824,107,1,0,1,1,0,3,4,0,0,0,0,0,0,0,0
92400,9859,4084,137,2,1,1,0,1,2,0,1,0,0,0,0,0,0,0
92500,9864,3970,131,3,0,0,2,0,2,0,1,0,0,0,0,0,0,0
92600,9860,3439,132,17,3,0,1,0,2,0,2,0,0,0,0,0,0,0
92700,9866,4612,128,101,4,0,1,1,1,4,0,1,0,0,0,0,0,0
92800,9858,4696,128,14,5,0,2,0,5,1,2,0,0,0,0,0,0,0
92900,9887,4596,102,102,2,1,3,1,3,0,3,0,0,0,0,0,0,0
93000,9905,5419,81,107,4,0,3,3,5,2,2,0,0,0,0,0,0,0
93100,9907,4245,82,11,1,0,4,0,4,1,2,0,0,0,0,0,0,0
93200,9905,4366,84,2,5,1,2,0,3,1,1,0,0,0,0,0,0,0
93300,9906,4556,84,3,3,1,4,0,2,2,1,0,0,0,0,0,0,0
93400,9841,4105,145,3,1,0,4,2,8,0,1,0,0,0,0,0,0,0
93500,9847,4507,140,12,2,1,2,3,4,0,5,0,0,0,0,0,0,0
93600,9859,3953,130,7,1,0,4,0,3,1,3,0,0,0,0,0,0,0
93700,9900,3924,87,1,1,2,5,0,5,1,2,0,0,0,0,0,0,0
93800,9910,3307,84,1,0,0,2,1,1,0,3,0,0,0,0,0,0,0
93900,9913,3494,75,1,3,0,6,0,2,0,1,0,0,0,0,0,0,0
94000,9917,3448,75,2,0,0,5,0,3,0,0,2,0,0,0,0,0,0
94100,9907,3325,71,19,6,1,7,0,7,0,2,0,0,0,0,0,0,0
94200,9919,3769,71,13,4,0,6,0,0,0,0,1,0,0,0,0,0,0
94300,9911,4067,69,3,4,2,10,0,5,3,1,0,0,0,0,0,0,0
94400,9919,4364,74,3,1,0,1,0,3,0,2,0,0,0,0,0,0,0
94500,9905,3409,83,8,5,1,5,1,1,1,1,0,0,0,0,0,0,0
94600,9860,3615,125,3,1,1,7,3,4,2,2,0,1,0,0,0,0,0
94700,9859,3620,126,4,0,3,7,2,5,0,3,0,0,1,0,0,0,0
94800,9857,3804,130,4,2,0,5,1,6,1,0,0,0,0,0,0,0,0
94900,9862,3598,129,35,3,1,4,0,1,1,1,0,0,0,0,0,0,0
95000,9863,3250,128,25,1,0,4,1,4,0,0,1,0,0,0,0,0,0
95100,9852,3395,139,1,4,1,3,1,2,4,0,0,0,0,0,0,0,0
95200,9851,3681,138,13,2,0,2,1,5,1,2,1,0,0,0,0,0,0
95300,9874,3905,119,10,1,0,1,0,5,0,0,0,0,0,0,0,0,0
95400,9918,4481,75,8,0,1,4,1,3,2,0,1,0,0,0,0,0,0
95500,9922,3943,70,11,1,3,6,0,1,0,0,1,0,0,0,0,0,0
95600,9916,3635,71,7,2,0,5,1,3,0,2,0,0,0,1,0,0,0
95700,9919,3538,72,12,2,0,5,2,0,0,1,0,0,0,1,0,0,0
95800,9922,2831,70,29,0,0,5,1,3,0,0,2,0,0,0,0,0,0
95900,9900,2613,84,8,5,5,5,0,6,0,0,0,0,0,0,0,0,0
96000,9885,2738,95,6,3,3,8,0,6,0,3,0,0,0,0,0,0,0
96100,9838,2501,151,1,0,0,4,0,5,0,2,0,0,0,0,0,0,0
96200,9848,2982,146,3,3,1,1,2,2,1,0,0,0,0,0,0,0,0
96300,9842,3590,148,7,2,0,6,1,2,2,0,0,0,0,0,0,0,0
96400,9841,3642,150,0,1,0,4,5,2,0,2,0,0,0,0,0,0,0
96500,9831,4127,157,2,1,0,7,0,3,2,1,0,0,0,0,0,0,0
96600,9832,4442,152,56,4,1,9,0,3,1,0,0,0,0,0,0,0,0
96700,9834,4556,151,5,3,0,9,3,2,1,1,1,0,0,0,0,0,0
96800,9836,3799,153,0,2,1,5,0,3,0,1,0,0,0,0,0,0,0
96900,9843,4296,148,1,4,0,0,1,4,0,1,1,0,0,0,0,0,0
97000,9836,3904,154,0,1,0,3,0,6,0,0,0,0,0,0,0,0,0
97100,9836,3677,156,6,3,1,1,0,2,1,2,0,0,0,0,0,0,0
97200,9829,4237,162,20,2,1,1,2,3,0,3,0,0,0,0,0,0,0
97300,9825,3709,165,6,3,3,1,0,3,1,3,0,0,0,0,0,0,0
97400,9792,3012,198,1,1,0,5,3,2,0,2,0,0,0,0,0,0,0
97500,9758,2834,232,3,3,2,3,0,2,0,2,2,0,0,0,0,0,0
97600,9758,3386,232,3,3,1,5,0,2,0,0,1,0,0,0,0,0,0
97700,9713,3887,277,3,5,1,1,0,3,0,1,0,0,0,0,0,0,0
97800,9703,3790,287,16,1,1,5,0,2,0,2,0,0,0,0,0,0,0
97900,9716,3549,270,5,4,1,4,0,5,1,1,0,0,0,0,0,0,0
98000,9713,4181,273,6,3,1,2,0,6,1,2,0,1,0,0,0,0,0
98100,9705,4683,285,8,3,0,3,0,4,0,0,0,0,0,0,0,0,0
98200,9673,5036,315,11,3,1,3,0,5,0,1,0,0,0,0,0,0,0
98300,9687,4190,301,23,4,1,3,0,2,4,3,0,0,0,0,0,0,0
98400,9690,4270,298,7,3,2,3,0,3,1,2,0,1,0,0,0,0,0
98500,9714,4250,276,6,2,2,2,1,3,3,3,0,0,0,0,0,0,0
98600,9727,4951,257,14,3,1,7,0,5,1,1,0,0,0,0,0,0,0
98700,9756,4791,228,16,3,2,4,1,7,0,2,0,0,0,0,0,0,0
98800,9772,4358,216,16,2,1,3,1,4,1,3,0,0,0,0,0,0,0
98900,9773,4449,221,1,2,0,0,1,3,2,0,0,1,0,0,0,0,0
99000,9761,4301,230,29,1,0,4,0,3,0,1,0,0,0,0,0,0,0
99100,9772,4656,219,1,4,1,2,0,3,0,0,0,0,0,0,0,0,0
99200,9738,4677,258,19,1,2,1,3,2,1,0,1,0,0,0,0,0,0
99300,9656,4374,333,4,1,0,4,0,1,2,5,0,0,0,0,0,0,0
99400,9637,3829,353,6,6,1,2,0,2,0,0,1,0,0,0,0,0,0
99500,9628,3870,362,5,1,1,4,1,4,1,1,0,0,0,0,0,0,0
99600,9588,3971,406,42,3,0,2,1,0,0,1,0,0,0,0,0,0,0
99700,9569,3544,422,10,3,0,0,1,3,2,3,1,0,0,0,0,0,0
99800,9551,3856,442,4,4,0,1,2,1,0,1,0,0,0,0,0,0,0
99900,9552,3800,435,5,5,0,4,0,4,1,0,0,0,0,0,0,0,0
100000,9576,4002,416,0,2,1,2,0,4,1,0,0,0,0,0,0,0,0
