update,host_task_NOT,sym_task_NOT,host_task_NAND,sym_task_NAND,host_task_AND,sym_task_AND,host_task_ORN,sym_task_ORN,host_task_OR,sym_task_OR,host_task_ANDN,sym_task_ANDN,host_task_NOR,sym_task_NOR,host_task_XOR,sym_task_XOR,host_task_EQU,sym_task_EQU
0,0,0,0,0,0,0,0,0,0,0,0,0,0,0,0,0,0,0
100,10000,38360,0,1,0,8,1,0,1,3,0,2,0,0,0,0,0,0
200,9996,33300,0,3,0,7,0,5,2,5,2,5,0,1,0,0,0,0
300,9996,33191,0,2,2,4,0,3,2,3,0,1,0,0,0,0,0,0
400,9993,33239,0,2,1,3,2,2,4,6,0,2,0,0,0,0,0,0
500,9995,33125,0,7,3,8,2,4,0,11,0,3,0,0,0,0,0,0
600,9988,28206,0,3,1,4,1,1,7,5,3,3,0,0,0,0,0,0
700,9993,26005,1,1,2,2,0,3,4,3,0,1,0,0,0,0,0,0
800,9995,25935,0,5,2,7,2,3,1,2,0,2,0,0,0,0,0,0
900,9995,25920,1,2,1,4,0,3,1,8,2,2,0,0,0,0,0,0
1000,9989,25932,4,4,3,1,4,3,0,4,0,3,0,1,0,0,0,0
1100,9995,23277,0,4,1,5,1,1,3,7,0,4,0,0,0,0,0,0
1200,9994,20446,0,2,2,2,1,1,3,1,0,3,0,0,0,0,0,0
1300,9992,20404,1,4,3,3,0,5,3,2,0,3,1,0,0,0,0,0
1400,9998,20442,0,8,2,5,0,3,0,1,0,1,0,0,0,0,0,0
1500,9991,20352,0,6,1,0,3,2,4,5,1,1,0,0,0,0,0,0
1600,9993,19418,0,8,2,3,2,1,1,7,2,1,0,0,0,0,0,0
1700,9984,16281,2,12,3,5,3,2,4,0,2,0,2,0,0,0,0,0
1800,9990,16373,1,9,3,2,3,0,2,3,1,2,0,0,0,0,0,0
1900,9994,16206,1,5,3,2,2,2,0,4,0,3,0,0,0,0,0,0
2000,9989,16326,0,2,2,3,5,1,3,3,1,3,0,0,0,0,0,0
2100,9992,16172,0,3,2,1,0,1,4,4,1,3,1,0,0,0,0,0
2200,9990,13016,3,1,4,2,0,2,2,1,1,2,0,0,0,0,0,0
2300,9987,12998,2,6,1,1,2,1,2,1,6,2,0,0,0,0,0,0
2400,9985,12956,3,9,1,3,7,2,1,1,3,3,0,0,0,0,0,0
2500,9996,12957,2,11,1,4,0,1,1,2,0,3,0,0,0,0,0,0
2600,9991,12888,0,10,2,1,4,2,2,1,0,1,1,0,0,0,0,0
2700,9984,11072,7,7,2,1,4,3,2,3,0,0,1,0,0,0,0,0
2800,9984,10579,6,7,3,1,2,0,3,2,2,1,0,0,0,0,0,0
2900,9981,10714,4,3,3,2,5,4,6,0,1,1,0,0,0,0,0,0
3000,9987,10762,5,6,1,2,3,1,3,1,1,0,0,0,0,0,0,0
3100,9988,10742,5,3,4,2,1,0,2,4,0,0,0,0,0,0,0,0
3200,9978,9544,10,7,3,0,2,0,5,2,2,1,0,0,0,0,0,0
3300,9986,8559,10,6,1,3,0,1,2,4,1,0,0,1,0,0,0,0
3400,9982,8747,10,8,2,2,5,1,1,1,0,0,0,0,0,0,0,0
3500,9982,8756,9,7,3,2,2,0,1,2,3,0,0,0,0,0,0,0
3600,9976,8741,13,9,1,1,1,8,8,0,1,3,0,0,0,0,0,0
3700,9981,8259,12,9,1,0,0,3,3,2,3,1,0,0,0,0,0,0
3800,9981,7284,13,8,0,0,4,1,1,2,1,1,0,0,0,0,0,0
3900,9977,7352,14,5,1,0,2,6,5,2,1,1,0,0,0,0,0,0
4000,9973,7387,14,8,3,0,2,3,7,2,1,3,0,0,0,0,0,0
4100,9969,7255,12,6,3,0,8,2,6,2,2,0,0,0,0,0,0,0
4200,9977,7241,13,0,3,3,3,0,2,3,2,2,0,0,0,0,0,0
4300,9970,6113,14,5,2,2,6,1,7,2,1,1,0,0,0,0,0,0
4400,9969,6182,18,7,2,0,2,1,7,2,2,3,0,0,0,0,0,0
4500,9979,6334,15,2,0,1,1,1,4,2,1,0,0,0,0,0,0,0
4600,9975,6315,21,10,0,1,3,1,0,5,1,0,0,0,0,0,0,0
4700,9975,6328,17,14,2,2,0,1,6,3,0,2,0,0,0,0,0,0
4800,9966,5486,23,21,1,1,2,3,7,0,1,0,0,0,0,0,0,0
4900,9965,5314,24,13,2,1,4,3,4,1,1,0,0,0,0,0,0,0
5000,9963,5465,23,12,3,0,2,0,7,0,2,0,0,0,0,0,0,0
5100,9959,5401,25,12,1,0,11,1,4,1,0,0,0,0,0,0,0,0
5200,9961,5459,25,15,6,0,6,0,1,2,1,0,0,0,0,0,0,0
5300,9969,5076,22,12,2,3,3,2,3,3,1,2,0,0,0,0,0,0
5400,9963,4941,21,17,3,1,6,0,3,1,4,0,0,0,0,0,0,0
5500,9965,5264,16,16,1,1,10,1,8,2,0,0,0,0,0,0,0,0
5600,9962,5483,23,32,0,0,8,0,5,1,2,2,0,0,0,0,0,0
5700,9958,5411,26,43,2,1,7,2,4,2,3,1,0,1,0,0,0,0
5800,9956,5085,30,30,1,0,13,0,0,3,0,0,0,0,0,0,0,0
5900,9955,4751,30,45,0,0,12,3,3,3,0,2,0,0,0,0,0,0
6000,9955,5135,32,29,2,0,6,1,4,3,1,1,0,0,0,0,0,0
6100,9951,5723,29,40,7,2,8,5,3,3,2,1,0,0,0,0,0,0
6200,9959,6293,28,130,0,3,8,5,3,2,2,0,0,0,0,0,0,0
6300,9942,7079,36,132,5,0,9,19,7,2,1,1,0,0,0,0,0,0
6400,9955,6721,24,91,4,7,10,25,5,1,2,2,0,0,0,0,0,0
6500,9963,7505,20,131,2,3,9,32,3,4,3,2,0,0,0,0,0,0
6600,9953,8514,24,266,2,10,12,26,8,12,1,1,0,1,0,0,0,0
6700,9961,8781,23,421,3,12,9,16,4,1,0,3,0,1,0,0,0,0
6800,9954,9200,26,464,2,6,8,20,7,9,2,3,1,0,0,0,0,0
6900,9959,8500,22,456,6,6,7,28,2,5,2,2,2,0,0,0,0,0
7000,9964,8809,19,452,3,25,9,3,4,3,1,3,0,1,0,0,0,0
7100,9956,9749,25,419,4,47,10,41,5,8,0,1,0,0,0,0,0,0
7200,9955,10049,26,506,3,40,11,35,4,5,1,1,0,0,0,0,0,0
7300,9959,10813,23,378,4,20,8,14,5,4,1,4,0,0,0,0,0,0
7400,9961,12284,22,189,4,7,9,10,3,6,1,1,0,0,0,0,0,0
7500,9946,19644,40,116,5,4,6,9,1,5,2,2,0,0,0,0,0,0
7600,9944,30078,41,117,3,4,7,13,4,5,1,1,0,0,0,0,0,0
7700,9949,30844,40,172,0,6,4,9,6,6,0,1,1,0,0,0,0,0
7800,9938,30004,45,143,2,8,3,7,8,8,3,0,1,0,0,0,0,0
7900,9944,28319,42,131,5,4,3,14,3,9,2,6,1,0,0,0,0,0
8000,9933,28928,52,131,4,2,0,7,10,8,1,2,0,0,0,0,0,0
8100,9942,30684,45,93,1,10,8,7,3,6,1,1,0,0,0,0,0,0
8200,9941,28502,46,119,3,2,3,15,5,12,1,2,1,0,0,0,0,0
8300,9952,31854,43,95,0,5,2,10,3,3,0,0,0,0,0,0,0,0
8400,9935,32433,55,71,2,4,1,13,6,5,1,2,0,0,0,0,0,0
8500,9939,29924,47,87,2,5,8,4,3,2,1,1,0,0,0,0,0,0
8600,9920,30789,49,52,4,1,16,9,6,2,2,0,3,0,0,0,0,0
8700,9919,34049,57,83,5,3,14,7,0,8,4,1,1,0,0,0,0,0
8800,9926,33692,50,57,1,4,17,16,4,5,0,0,2,0,0,0,0,0
8900,9925,31870,52,143,2,1,12,9,4,7,3,0,2,0,0,0,0,0
9000,9918,29743,63,105,4,6,11,11,4,4,0,2,0,0,0,0,0,0
9100,9907,29027,75,106,2,1,8,13,4,3,1,0,3,0,0,0,0,0
9200,9909,31674,73,115,3,5,8,0,6,4,1,0,0,0,0,0,0,0
9300,9908,32287,76,171,3,3,5,5,5,5,2,3,1,0,0,0,0,0
9400,9895,30064,80,151,6,6,8,2,9,9,0,1,2,0,0,0,0,0
9500,9882,27562,89,256,2,1,12,8,11,6,1,1,3,0,0,0,0,0
9600,9890,28547,90,150,4,2,7,17,5,3,1,3,3,0,0,0,0,0
9700,9897,29597,83,133,5,1,6,7,6,7,2,0,1,0,0,0,0,0
9800,9880,32418,87,147,8,2,8,8,13,8,3,1,1,0,0,0,0,0
9900,9891,31754,87,175,7,7,2,17,5,10,4,1,4,0,0,0,0,0
10000,9880,30728,95,177,9,2,9,8,7,5,0,1,0,0,0,0,0,0
10100,9893,32716,89,125,7,4,4,7,6,10,0,4,1,0,0,0,0,0
10200,9893,32625,89,111,8,6,2,16,7,15,1,0,0,0,0,0,0,0
10300,9894,33052,86,218,5,8,7,11,5,5,3,1,0,0,0,0,0,0
10400,9890,32084,89,213,6,3,7,5,6,7,2,0,0,0,0,0,0,0
10500,9881,32674,97,143,14,6,4,10,2,8,1,3,1,0,0,0,0,0
10600,9894,32562,84,126,8,3,7,3,5,6,1,1,1,0,0,0,0,0
10700,9876,32951,94,187,10,4,11,5,8,9,1,1,0,0,0,0,0,0
10800,9876,32971,89,98,7,4,12,6,11,12,4,3,1,0,0,0,0,0
10900,9858,31638,118,60,10,10,8,6,2,5,4,0,0,0,0,0,0,0
11000,9834,29811,139,92,9,1,10,9,6,2,2,3,0,0,0,0,0,0
11100,9837,30221,121,165,7,5,17,10,12,7,5,1,1,0,0,0,0,0
11200,9826,32752,144,177,8,5,6,12,9,8,6,4,1,0,0,0,0,0
11300,9845,34461,126,173,10,4,10,11,5,2,4,1,0,0,0,0,0,0
11400,9852,33475,124,154,8,4,6,4,9,3,1,7,0,0,0,0,0,0
11500,9849,34170,124,199,9,5,11,9,6,10,1,3,0,0,0,0,0,0
11600,9820,33352,143,224,9,2,12,4,10,2,6,2,0,0,0,0,0,0
11700,9807,32956,161,239,7,4,13,13,10,14,1,1,1,0,0,0,0,0
11800,9791,33534,182,299,10,2,7,12,9,5,0,2,1,0,0,0,0,0
11900,9759,33018,206,260,13,4,9,10,7,9,4,2,2,0,0,0,0,0
12000,9766,33254,196,272,13,1,12,10,10,5,3,2,0,1,0,0,0,0
12100,9750,32081,210,319,11,2,13,8,11,4,5,0,0,0,0,0,0,0
12200,9735,33405,225,348,15,7,7,11,13,9,4,0,1,0,0,0,0,0
12300,9694,34428,273,365,16,3,9,11,5,9,3,2,0,1,0,0,0,0
12400,9624,30277,348,534,17,4,4,21,4,4,3,2,0,0,0,0,0,0
12500,9617,29399,349,506,21,5,2,26,5,5,5,1,0,0,1,0,0,0
12600,9617,29537,348,468,15,1,7,9,7,3,6,2,0,0,0,0,0,0
12700,9576,29875,381,461,22,6,14,9,5,9,2,2,0,0,0,0,0,0
12800,9571,29180,386,425,22,0,7,16,9,5,5,3,0,0,0,0,0,0
12900,9560,28658,407,462,15,5,8,2,8,4,2,1,0,1,0,0,0,0
13000,9604,31614,358,432,10,5,17,8,10,10,1,0,0,0,0,0,0,0
13100,9625,31497,341,354,13,4,16,3,3,5,2,1,0,0,0,0,0,0
13200,9578,32632,376,307,16,3,20,13,7,3,3,0,0,0,0,0,0,0
13300,9559,30565,391,336,22,3,13,9,9,17,6,0,0,2,0,0,0,0
13400,9531,29712,414,262,23,2,16,11,13,17,3,1,0,0,0,0,0,0
13500,9497,30452,455,419,28,3,9,9,6,6,5,0,0,0,0,0,0,0
13600,9428,32007,527,403,28,7,11,7,3,5,3,3,0,0,0,0,0,0
13700,9389,29260,582,343,17,1,6,11,4,5,2,2,0,0,0,0,0,0
13800,9405,30349,562,378,23,2,5,7,3,3,2,1,0,0,0,0,0,0
13900,9415,30446,551,342,18,3,7,9,4,4,5,3,0,0,0,0,0,0
14000,9404,30141,562,371,18,3,9,4,3,5,4,1,0,0,0,0,0,0
14100,9443,30207,524,341,19,2,7,12,7,2,0,2,0,0,0,0,0,0
14200,9421,28789,538,330,27,3,8,16,4,5,2,2,0,0,0,0,0,0
14300,9425,28379,540,374,21,4,6,5,4,4,4,2,0,0,0,0,0,0
14400,9454,29142,506,346,23,3,6,5,8,2,3,1,0,0,0,0,0,0
14500,9472,28709,486,311,28,6,8,9,2,8,2,1,2,0,0,0,0,0
14600,9404,28524,554,322,24,3,6,11,8,6,3,5,1,0,0,0,0,0
14700,9434,28338,543,381,8,4,6,14,6,4,3,3,0,0,0,0,0,0
14800,9528,26934,452,358,7,2,6,7,5,4,2,0,0,0,0,0,0,0
14900,9539,25442,433,363,6,3,11,2,8,2,3,1,0,0,0,0,0,0
15000,9536,25337,432,316,17,1,7,3,3,5,5,0,0,0,0,0,0,0
15100,9551,24787,424,378,14,3,3,7,4,5,2,4,2,0,0,0,0,0
15200,9506,23284,463,263,18,2,6,13,4,3,3,2,0,0,0,0,0,0
15300,9526,23546,444,202,14,4,13,6,2,10,1,1,0,0,0,0,0,0
15400,9605,24443,356,201,17,0,15,4,5,7,2,2,0,0,0,0,0,0
15500,9628,24782,333,228,13,3,12,3,7,6,7,1,0,0,0,0,0,0
15600,9632,24452,337,327,15,1,5,11,6,2,5,1,0,0,0,0,0,0
15700,9731,23128,245,319,16,3,2,14,3,4,3,2,0,0,0,0,0,0
15800,9726,22340,253,313,10,5,7,5,2,2,2,0,0,0,0,0,0,0
15900,9721,21389,261,237,9,4,3,9,4,8,2,0,0,0,0,0,0,0
16000,9750,20056,230,221,11,1,4,1,4,3,1,0,0,0,0,0,0,0
16100,9745,20942,229,232,16,2,3,11,4,4,3,0,0,0,0,0,0,0
16200,9789,21398,188,306,14,0,4,9,4,8,1,1,0,0,0,0,0,0
16300,9790,18742,188,361,13,3,4,8,2,2,3,0,0,0,0,0,0,0
16400,9774,18801,192,307,17,2,2,2,12,3,3,1,0,0,0,0,0,0
16500,9792,19282,187,297,7,3,7,6,5,5,1,0,1,0,0,0,0,0
16600,9797,20635,186,383,5,3,6,5,6,7,0,0,0,0,0,0,0,0
16700,9817,20983,162,349,8,1,5,11,6,9,2,1,0,0,0,0,0,0
16800,9833,20144,151,403,3,0,3,6,9,4,0,3,1,0,0,0,0,0
16900,9856,19826,135,325,2,3,3,12,3,3,1,1,0,0,0,0,0,0
17000,9842,19257,136,334,7,4,3,5,9,5,2,1,1,0,0,0,0,0
17100,9809,18807,181,334,2,3,4,5,2,4,2,2,0,0,0,0,0,0
17200,9816,16769,167,390,3,8,2,1,10,2,2,2,0,0,0,0,0,0
17300,9828,17824,158,329,2,11,4,4,6,0,2,2,0,0,0,0,0,0
17400,9840,17305,149,330,3,13,3,3,1,5,4,0,0,0,0,0,0,0
17500,9837,17474,147,267,5,13,7,1,2,4,2,0,0,0,0,0,0,0
17600,9842,15555,153,279,1,10,2,3,2,1,0,0,0,0,0,0,0,0
17700,9816,14418,178,266,1,9,3,6,2,2,0,0,0,0,0,0,0,0
17800,9807,15354,176,230,4,9,6,3,6,1,1,2,0,1,0,0,0,0
17900,9796,14429,188,211,7,10,4,6,5,3,0,1,0,0,0,0,0,0
18000,9815,15595,170,230,1,7,7,3,5,5,2,0,0,0,0,0,0,0
18100,9815,15384,163,225,7,2,6,4,6,0,3,0,0,0,0,0,0,0
18200,9829,13106,159,191,2,0,3,2,6,1,1,0,0,0,0,0,0,0
18300,9829,13106,153,197,5,1,4,4,8,1,1,3,0,0,0,0,0,0
18400,9853,11441,141,233,1,2,1,1,2,0,2,0,0,0,0,0,0,0
18500,9870,12128,121,229,1,3,2,1,3,2,3,1,0,0,0,0,0,0
18600,9896,12050,96,214,3,0,0,10,5,4,0,1,0,0,0,0,0,0
18700,9887,12429,104,205,2,3,5,2,1,3,1,0,0,0,0,0,0,0
18800,9915,10919,77,172,4,0,3,1,1,5,0,2,0,0,0,0,0,0
18900,9907,11152,86,159,3,1,3,2,0,1,1,0,0,0,0,0,0,0
19000,9894,11995,90,120,3,1,6,1,7,1,0,0,0,0,0,0,0,0
19100,9903,12728,84,125,3,0,8,5,2,9,0,0,0,0,0,0,0,0
19200,9914,12561,78,74,3,0,3,0,1,6,1,1,0,0,0,0,0,0
19300,9901,12740,87,59,6,5,2,2,2,4,2,1,0,0,0,0,0,0
19400,9936,12002,55,47,5,4,2,2,1,3,1,1,0,0,0,0,0,0
19500,9950,12803,43,49,3,1,3,2,1,3,0,0,0,0,0,0,0,0
19600,9942,12593,42,142,0,1,6,0,6,3,4,0,0,0,0,0,0,0
19700,9964,10484,25,96,4,1,1,3,4,0,2,0,0,0,0,0,0,0
19800,9974,10933,18,80,2,1,1,2,1,4,3,3,1,0,0,0,0,0
19900,9969,10279,21,93,1,1,3,1,6,3,0,0,0,0,0,0,0,0
20000,9974,10194,21,85,1,2,1,2,2,2,1,1,0,0,0,0,0,0
20100,9960,11407,25,96,6,0,4,0,3,3,2,1,0,0,0,0,0,0
20200,9959,10140,32,81,0,3,5,4,3,4,1,1,0,0,0,0,0,0
20300,9950,8774,32,82,7,0,5,2,6,5,0,1,0,0,0,0,0,0
20400,9970,8421,21,56,4,2,0,5,4,1,1,1,0,0,0,0,0,0
20500,9969,9319,20,47,3,2,2,1,3,2,3,0,0,0,0,0,0,0
20600,9973,7847,20,36,0,0,0,3,3,4,4,0,0,0,0,0,0,0
20700,9975,8788,23,42,2,1,0,0,0,1,0,0,0,0,0,0,0,0
20800,9960,9328,25,41,3,2,1,9,7,2,3,0,0,0,1,0,0,0
20900,9968,9487,21,40,2,1,3,0,6,0,0,1,0,0,0,0,0,0
21000,9964,8401,23,42,8,1,1,2,1,3,2,4,0,0,1,0,0,0
21100,9968,8731,23,36,0,2,1,1,5,3,3,0,0,0,0,0,0,0
21200,9959,7568,29,43,2,0,5,1,4,3,1,0,0,0,0,0,0,0
21300,9963,7313,31,48,4,2,0,1,1,2,1,1,0,0,0,0,0,0
21400,9961,7752,33,39,1,2,3,0,2,1,0,0,0,0,0,0,0,0
21500,9961,6701,31,92,2,0,1,0,4,1,1,0,0,0,0,0,0,0
21600,9958,7527,36,38,2,1,0,3,4,1,0,1,0,0,0,0,0,0
21700,9950,6423,34,34,1,1,9,1,4,1,2,0,0,0,0,0,0,0
21800,9968,6189,26,5,0,1,2,1,2,1,2,0,0,0,0,0,0,0
21900,9969,8333,24,89,1,2,2,0,4,0,0,1,0,0,0,0,0,0
22000,9961,7043,27,9,1,1,5,0,5,3,1,1,0,0,0,0,0,0
22100,9949,6453,38,8,2,6,5,5,6,1,0,2,0,0,0,0,0,0
22200,9950,7159,38,12,4,0,6,1,2,2,0,0,0,0,0,0,0,0
22300,9947,6950,42,11,1,1,6,0,4,5,0,0,0,0,0,0,0,0
22400,9951,6897,40,6,3,0,3,0,3,0,0,0,0,0,0,0,0,0
22500,9950,6396,40,8,2,1,8,2,0,0,0,1,0,0,0,0,0,0
22600,9954,6696,35,2,2,0,7,4,2,4,0,0,0,0,0,0,0,0
22700,9958,5702,33,1,0,2,6,0,3,1,0,1,0,0,0,0,0,0
22800,9950,6179,39,1,0,1,7,0,2,2,2,0,0,0,0,0,0,0
22900,9954,6640,39,6,1,1,2,2,3,0,1,0,0,0,0,0,0,0
23000,9952,5813,44,3,0,1,0,1,2,1,2,0,0,0,0,0,0,0
23100,9945,4844,44,1,3,1,2,0,5,2,1,1,0,0,0,0,0,0
23200,9941,4042,49,4,3,0,1,1,4,1,2,1,0,0,0,0,0,0
23300,9951,4125,42,2,0,3,3,1,2,3,2,0,0,0,0,0,0,0
23400,9939,4239,52,3,1,2,5,0,2,2,1,0,0,0,0,0,0,0
23500,9951,4520,42,3,2,1,1,2,3,1,1,1,0,0,0,0,0,0
23600,9958,4377,30,1,2,1,4,0,3,0,3,0,0,0,0,0,0,0
23700,9959,5130,32,5,1,0,3,1,4,0,1,0,0,0,0,0,0,0
23800,9959,5136,37,2,2,0,1,3,1,0,0,0,0,0,0,0,0,0
23900,9958,5483,35,8,2,0,2,3,1,0,2,0,0,0,0,0,0,0
24000,9964,4595,31,5,1,1,2,3,1,3,1,0,0,0,0,0,0,0
24100,9975,4740,22,7,0,3,0,0,2,0,1,0,0,0,0,0,0,0
24200,9964,4771,25,4,1,2,3,0,5,1,2,0,0,0,0,0,0,0
24300,9954,4537,37,70,0,2,4,0,4,1,1,1,0,0,0,0,0,0
24400,9963,3922,31,5,2,0,1,0,3,3,0,2,0,0,0,0,0,0
24500,9962,3822,31,8,0,0,2,1,4,0,1,0,0,0,0,0,0,0
24600,9960,4600,35,16,2,0,1,0,2,4,0,1,0,0,0,0,0,0
24700,9960,4385,31,17,0,1,2,4,5,0,2,0,0,0,0,0,0,0
24800,9967,4369,30,11,0,0,1,0,1,0,1,1,0,0,0,0,0,0
24900,9970,3877,26,8,2,0,2,1,0,3,0,0,0,0,0,0,0,0
25000,9957,3717,36,4,4,3,1,1,2,3,0,0,0,0,0,0,0,0
25100,9952,3534,34,6,2,2,3,1,7,1,2,0,0,0,0,0,0,0
25200,9955,3352,34,22,1,1,6,2,4,2,0,0,0,0,0,0,0,0
25300,9960,2781,38,21,1,0,0,0,0,2,1,0,0,0,0,0,0,0
25400,9974,3576,24,44,0,0,0,0,1,0,1,0,0,0,0,0,0,0
25500,9970,4226,28,5,1,0,0,1,1,0,0,0,0,0,0,0,0,0
25600,9960,4205,34,6,1,0,0,0,3,0,2,0,0,0,0,0,0,0
25700,9966,3886,33,1,0,1,1,1,0,1,0,0,0,0,0,0,0,0
25800,9963,3681,29,4,0,1,2,3,6,0,0,0,0,0,0,0,0,0
25900,9969,4167,26,3,1,1,1,1,1,0,2,1,0,0,0,0,0,0
26000,9970,4376,25,4,1,0,1,3,1,1,1,1,0,0,0,0,1,0
26100,9968,4553,26,1,1,0,0,3,2,1,3,1,0,0,0,0,0,0
26200,9978,4744,18,0,2,0,1,1,1,0,0,0,0,0,0,0,0,0
26300,9966,4702,25,0,3,1,1,0,5,1,0,1,0,0,0,0,0,0
26400,9971,4339,23,1,2,0,0,3,3,0,1,0,0,0,0,0,0,0
26500,9972,4078,19,4,2,0,2,0,4,0,1,1,0,0,0,0,0,0
26600,9966,3128,27,4,0,1,2,1,3,0,2,0,0,0,0,0,0,0
26700,9971,3468,27,1,1,1,0,1,0,1,1,0,0,0,0,0,0,0
26800,9982,3536,17,5,0,1,1,1,0,0,0,1,0,0,0,0,0,0
26900,9974,3747,21,3,1,0,2,0,2,0,0,1,0,0,0,0,0,0
27000,9973,3547,22,7,2,1,0,1,3,1,0,0,0,0,0,0,0,0
27100,9971,2776,25,6,2,2,0,1,0,4,2,0,0,0,0,0,0,0
27200,9970,2402,24,4,4,0,1,0,1,2,0,0,0,0,0,0,0,0
27300,9974,2467,18,2,0,0,4,1,3,0,1,0,0,0,0,0,0,0
27400,9982,2583,15,4,1,0,1,0,1,0,0,1,0,0,0,0,0,0
27500,9970,3107,21,9,5,1,0,0,3,0,1,0,0,0,0,0,0,0
27600,9987,3376,11,2,1,0,0,1,0,1,1,0,0,0,0,0,0,0
27700,9980,3111,18,5,0,1,1,0,0,0,1,0,0,0,0,0,0,0
27800,9978,2727,19,6,1,0,0,1,1,0,1,0,0,0,0,0,0,0
27900,9978,2574,15,6,1,2,1,0,4,0,1,0,0,0,0,0,0,0
28000,9976,2312,18,0,1,3,0,0,3,1,2,0,0,0,0,0,0,0
28100,9984,2280,12,1,0,0,1,0,2,0,1,0,0,0,0,0,0,0
28200,9980,2667,16,3,2,0,0,0,2,0,0,0,0,0,0,0,0,0
28300,9967,3456,23,0,3,0,1,0,5,0,1,0,0,0,0,0,0,0
28400,9982,4186,13,2,1,0,3,4,1,0,0,1,0,0,0,0,0,0
28500,9978,4058,18,9,1,0,1,3,1,1,1,0,0,0,0,0,0,0
28600,9980,4100,16,0,1,0,2,0,1,3,0,0,0,0,0,0,0,0
28700,9975,3489,18,0,1,1,0,2,6,0,0,0,0,0,0,0,0,0
28800,9979,2959,14,2,0,0,0,0,5,1,2,0,0,0,0,0,0,0
28900,9979,3106,18,2,0,0,1,1,2,0,0,0,0,0,0,0,0,0
29000,9966,3062,25,1,2,1,1,0,6,1,0,0,0,0,0,0,0,0
29100,9961,3347,25,4,1,0,0,0,12,0,1,0,0,0,0,0,0,0
29200,9974,3518,23,3,1,0,0,0,1,0,1,0,0,0,0,0,0,0
29300,9976,2990,19,0,2,1,1,0,2,1,0,0,0,0,0,0,0,0
29400,9972,2443,23,0,0,0,0,0,4,0,1,0,0,0,0,0,0,0
29500,9968,2381,19,2,1,0,9,0,3,1,0,0,0,0,0,0,0,0
29600,9969,2095,24,4,0,0,0,0,3,0,4,0,0,0,0,0,0,0
29700,9976,1889,20,1,2,0,2,1,0,0,0,0,0,0,0,0,0,0
29800,9977,2324,21,0,1,1,0,0,0,0,1,0,0,0,0,0,0,0
29900,9974,2855,23,1,1,1,0,3,1,0,1,0,0,0,0,0,0,0
30000,9971,2651,26,3,0,1,1,0,2,0,0,1,0,0,0,0,0,0
30100,9964,2534,31,3,2,0,1,0,1,0,1,0,0,0,0,0,0,0
30200,9977,2743,16,6,5,0,0,1,2,0,0,0,0,0,0,0,0,0
30300,9962,2346,35,6,0,0,2,1,1,0,0,0,0,0,0,0,0,0
30400,9973,1779,20,2,0,0,3,3,4,0,0,0,0,0,0,0,0,0
30500,9969,1798,22,3,2,0,5,1,1,0,1,0,0,0,0,0,0,0
30600,9976,1364,20,1,1,0,2,0,1,0,0,0,0,0,0,0,0,0
30700,9974,1354,21,2,1,0,1,0,3,0,0,0,0,0,0,0,0,0
30800,9974,1680,22,2,1,0,0,1,2,0,1,0,0,0,0,0,0,0
30900,9973,1571,21,0,2,0,0,0,2,0,2,0,0,0,0,0,0,0
31000,9971,2187,27,6,2,0,0,3,0,1,0,0,0,0,0,0,0,0
31100,9978,2152,20,6,1,0,0,1,1,0,0,0,0,0,0,0,0,0
31200,9975,1902,19,1,2,0,2,0,1,0,1,0,0,0,0,0,0,0
31300,9979,1716,18,3,1,1,1,1,1,1,0,0,0,0,0,0,0,0
31400,9970,2117,20,2,1,1,2,0,7,0,0,0,0,0,0,0,0,0
31500,9976,2248,20,7,0,0,1,0,2,3,1,0,0,0,0,0,0,0
31600,9961,1823,32,1,0,0,1,1,3,0,3,0,0,0,0,0,0,0
31700,9923,1724,76,1,0,1,0,0,1,1,0,0,0,0,0,0,0,0
31800,9926,1620,73,0,0,2,1,1,0,0,0,0,0,0,0,0,0,0
31900,9904,1916,87,0,1,0,2,1,6,0,0,1,0,0,0,0,0,0
32000,9911,1491,81,23,2,1,3,1,2,2,1,1,0,0,0,0,0,0
32100,9956,1352,39,29,0,1,1,0,2,1,2,0,0,0,0,0,0,0
32200,9910,1616,84,22,3,0,0,0,2,3,1,0,0,0,0,0,0,0
32300,9914,1877,83,3,1,0,0,0,1,1,1,0,0,0,0,0,0,0
32400,9904,1739,85,1,3,0,3,0,3,0,2,0,0,0,0,0,0,0
32500,9917,2203,75,1,4,0,2,0,1,1,1,1,0,0,0,0,0,0
32600,9916,2710,72,24,4,1,4,0,2,0,2,0,0,0,0,0,0,0
32700,9919,3116,73,25,0,0,2,1,5,3,0,0,1,0,0,0,0,0
32800,9922,3066,72,13,0,0,4,0,2,0,0,0,0,0,0,0,0,0
32900,9923,2434,74,1,0,1,0,0,1,0,2,0,0,0,0,0,0,0
33000,9926,2706,68,2,1,0,1,1,3,0,1,2,0,0,0,0,0,0
33100,9925,2129,69,26,3,0,1,1,2,0,0,0,0,0,0,0,0,0
33200,9927,1817,67,22,0,0,3,0,2,2,1,1,0,0,0,0,0,0
33300,9923,1984,68,19,3,1,2,0,3,0,1,0,0,0,0,0,0,0
33400,9934,2376,62,5,1,1,1,0,1,0,1,0,0,0,0,0,0,0
33500,9934,2686,63,4,1,1,0,0,2,0,0,0,0,0,0,0,0,0
33600,9932,1984,62,11,0,0,2,0,2,0,2,0,0,0,0,0,0,0
33700,9930,1912,62,11,1,0,2,0,4,0,1,0,0,0,0,0,0,0
33800,9932,1973,64,14,2,1,1,0,1,0,0,0,0,0,0,0,0,0
33900,9932,2050,61,11,3,0,2,0,1,0,1,0,0,0,0,0,0,0
34000,9929,1721,64,3,3,0,1,1,2,0,1,0,0,0,0,0,0,0
34100,9930,2041,64,3,3,0,0,0,3,0,0,0,0,0,0,0,0,0
34200,9937,1598,61,6,1,0,1,2,0,0,0,0,0,0,0,0,0,0
34300,9931,1510,62,0,2,0,1,0,3,0,1,1,0,0,0,0,0,0
34400,9927,1783,62,2,1,0,1,0,9,0,0,0,0,0,0,0,0,0
34500,9929,1855,64,14,2,1,3,1,1,1,1,0,0,0,0,0,0,0
34600,9924,2160,61,14,4,2,5,0,5,0,1,0,0,0,0,0,0,0
34700,9931,2662,61,4,3,0,2,0,3,0,0,0,0,0,0,0,0,0
34800,9932,2462,62,5,2,4,2,0,1,0,1,0,0,0,0,0,0,0
34900,9925,2286,61,2,1,6,3,0,6,0,4,0,0,0,0,0,0,0
35000,9933,2150,61,4,1,1,1,0,3,1,1,0,0,0,0,0,0,0
35100,9926,2241,63,2,3,0,3,0,5,0,0,0,0,0,0,0,0,0
35200,9933,2313,64,10,0,0,1,0,2,1,0,0,0,0,0,0,0,0
35300,9933,1847,62,10,1,0,1,0,2,0,1,0,0,0,0,0,0,0
35400,9936,1664,61,4,0,0,0,0,3,0,0,0,0,0,0,0,0,0
35500,9933,2054,61,0,3,0,0,0,2,0,1,1,0,0,0,0,0,0
35600,9927,2223,61,6,4,1,3,2,4,0,1,0,0,0,0,0,0,0
35700,9928,1680,62,0,0,0,3,0,7,0,0,1,0,0,0,0,0,0
35800,9933,1566,62,13,1,0,1,4,1,0,2,0,0,0,0,0,0,0
35900,9933,1180,61,24,0,0,4,2,2,0,0,0,0,0,0,0,0,0
36000,9930,1111,61,12,3,0,4,0,1,2,1,1,0,0,0,0,0,0
36100,9927,1142,63,7,3,0,1,0,4,1,2,0,0,0,0,0,0,0
36200,9929,1124,61,4,5,0,1,2,3,0,1,0,0,0,0,0,0,0
36300,9927,1360,62,1,4,0,1,2,2,0,1,0,3,0,0,0,0,0
36400,9935,1568,61,4,1,0,1,2,2,0,0,0,0,0,0,0,0,0
36500,9936,1725,63,3,1,0,0,1,0,0,0,0,0,0,0,0,0,0
36600,9932,2226,61,1,4,0,1,0,2,3,0,0,0,0,0,0,0,0
36700,9933,2772,62,0,4,0,0,0,1,0,0,0,0,0,0,0,0,0
36800,9933,3038,63,0,2,1,0,1,1,1,1,1,0,0,0,0,0,0
36900,9933,3408,61,0,2,1,3,2,1,1,0,0,0,0,0,0,0,0
37000,9933,2841,62,0,0,0,1,2,2,0,2,0,0,0,0,0,0,0
37100,9935,2651,61,0,1,1,1,1,1,0,1,2,0,0,0,0,0,0
37200,9923,2573,65,1,2,1,5,2,3,2,2,0,0,0,0,0,0,0
37300,9934,2438,61,6,1,1,2,0,2,1,0,1,0,0,0,0,0,0
37400,9934,2450,62,3,2,0,0,0,1,0,1,0,0,0,0,0,0,0
37500,9935,2674,61,9,0,0,1,1,2,0,1,1,0,0,0,0,0,0
37600,9933,2467,61,7,1,0,2,0,2,0,1,0,0,0,0,0,0,0
37700,9930,2655,62,0,1,0,2,0,3,0,2,0,0,0,0,0,0,0
37800,9934,2184,64,6,2,0,0,0,0,0,0,0,0,0,0,0,0,0
37900,9932,3110,63,1,2,0,0,0,2,0,1,0,0,0,0,0,0,0
38000,9933,3085,62,3,0,0,1,3,2,0,2,0,0,0,0,0,0,0
38100,9931,2461,63,1,0,0,2,1,2,0,1,0,1,0,0,0,0,0
38200,9928,2669,64,2,4,0,3,1,1,1,0,0,0,0,0,0,0,0
38300,9931,2820,63,0,4,2,1,0,0,1,1,0,0,0,0,0,0,0
38400,9932,2709,62,3,0,0,1,1,5,0,0,0,0,0,0,0,0,0
38500,9928,2423,66,4,2,0,1,1,2,0,1,0,0,0,0,0,0,0
38600,9932,2435,64,1,1,0,0,0,1,0,2,0,0,0,0,0,0,0
38700,9935,2822,64,1,0,0,0,1,0,0,1,2,0,0,0,0,0,0
38800,9929,2767,65,3,2,0,0,2,4,1,0,0,0,0,0,0,0,0
38900,9928,3355,64,0,6,1,2,1,0,0,0,0,0,0,0,0,0,0
39000,9928,3000,65,0,3,1,1,2,2,0,1,0,0,0,0,0,0,0
39100,9930,2737,65,1,0,1,2,2,3,0,0,0,0,0,0,0,0,0
39200,9929,2934,68,20,2,0,1,2,0,2,0,0,0,0,0,0,0,0
39300,9928,2648,64,31,3,0,3,0,1,1,1,0,0,0,0,0,0,0
39400,9923,2313,70,11,2,0,2,3,1,2,2,0,0,0,0,0,0,0
39500,9926,2391,71,10,0,0,0,0,2,0,1,0,0,0,0,0,0,0
39600,9917,2251,74,17,1,0,3,1,3,0,2,0,0,0,0,0,0,0
39700,9913,2071,76,3,2,1,1,0,7,0,1,0,0,0,0,0,0,0
39800,9901,1911,88,1,1,1,6,2,2,0,2,0,0,0,0,0,0,0
39900,9907,1774,91,8,1,0,0,0,0,1,1,0,0,0,0,0,0,0
40000,9903,1845,89,2,1,0,3,1,2,0,2,0,0,0,0,0,0,0
40100,9905,1778,93,1,1,0,0,0,0,0,1,0,0,0,0,0,0,0
40200,9902,1945,85,1,3,1,5,0,4,1,1,0,0,1,0,0,0,0
40300,9904,2592,84,0,5,0,1,0,6,0,0,0,0,0,0,0,0,0
40400,9905,1992,84,0,7,0,1,2,1,4,2,0,0,0,0,0,0,0
40500,9908,1428,86,0,1,0,1,8,3,0,1,0,0,0,0,0,0,0
40600,9907,1440,85,0,4,0,1,4,3,1,0,0,0,0,0,0,0,0
40700,9907,1620,86,3,0,1,1,1,4,0,2,0,0,0,0,0,0,0
40800,9909,1916,85,4,1,0,1,0,4,0,0,0,0,0,0,0,0,0
40900,9914,1739,85,12,0,1,0,0,1,0,0,0,0,0,0,0,0,0
41000,9908,2108,83,3,3,1,0,0,3,2,3,1,0,0,0,0,0,0
41100,9915,2826,81,0,0,0,2,0,0,0,2,0,0,0,0,0,0,0
41200,9912,2667,81,1,4,0,0,0,2,0,1,0,0,0,0,0,0,0
41300,9912,2858,78,0,2,1,0,0,7,0,1,0,0,0,0,0,0,0
41400,9911,2661,78,0,1,0,5,0,3,2,2,0,0,0,0,0,0,0
41500,9916,2601,77,1,1,0,2,0,3,0,1,0,0,0,0,0,0,0
41600,9925,1896,70,0,1,0,0,0,2,0,2,0,0,0,0,0,0,0
41700,9970,1952,24,0,2,0,3,0,0,0,1,0,0,0,0,0,0,0
41800,9968,2230,21,0,3,1,4,0,3,2,1,0,0,0,0,0,0,0
41900,9966,2525,23,1,2,0,3,0,5,0,1,1,0,0,0,0,0,0
42000,9969,2333,23,3,1,1,3,0,3,0,1,0,0,0,0,0,0,0
42100,9976,2795,20,1,2,0,1,0,0,0,1,0,0,0,0,0,0,0
42200,9979,2688,20,68,0,0,1,1,0,1,0,0,0,0,0,0,0,0
42300,9989,2742,8,22,0,0,1,0,2,0,0,0,0,0,0,0,0,0
42400,9985,2681,9,0,1,0,2,0,3,0,0,0,0,0,0,0,0,0
42500,9983,2283,8,3,2,1,2,0,3,0,2,0,0,0,0,0,0,0
42600,9983,2093,6,11,4,0,2,0,5,0,0,0,0,0,0,0,0,0
42700,9986,1936,6,9,5,0,0,0,3,2,0,0,0,0,0,0,0,0
42800,9979,2531,7,9,3,0,4,0,7,0,0,0,0,0,0,0,0,0
42900,9986,2382,6,5,1,0,1,0,6,0,0,1,0,0,0,0,0,0
43000,9981,2509,8,2,3,0,2,2,6,1,0,0,0,0,0,0,0,0
43100,9990,2732,6,3,1,1,0,0,1,1,2,0,0,0,0,0,0,0
43200,9986,2901,10,0,3,1,0,0,1,0,0,0,0,0,0,0,0,0
43300,9985,2490,7,1,0,0,6,0,2,1,0,0,0,0,0,0,0,0
43400,9983,2539,9,0,0,0,2,0,3,1,2,1,1,0,0,0,0,0
43500,9983,2689,7,0,2,0,4,1,2,0,2,0,0,0,0,0,0,0
43600,9987,2494,6,3,1,0,4,1,1,0,1,0,0,0,0,0,0,0
43700,9982,2611,7,35,0,0,2,0,7,1,2,2,0,0,0,0,0,0
43800,9981,2356,8,109,1,1,6,1,4,2,0,0,0,0,0,0,0,0
43900,9979,2045,11,108,2,0,5,0,1,0,2,0,0,0,0,0,0,0
44000,9986,2367,7,7,1,1,2,0,4,0,0,0,0,0,0,0,0,0
44100,9988,2626,7,6,2,0,2,0,1,1,0,0,0,0,0,0,0,0
44200,9989,2953,6,100,2,0,2,0,1,4,0,0,0,0,0,0,0,0
44300,9984,3579,7,92,3,0,1,0,4,1,1,0,0,0,0,0,0,0
44400,9988,2825,6,1,1,0,2,0,3,1,0,0,0,0,0,0,0,0
44500,9979,2990,9,0,1,0,2,0,6,0,3,0,0,0,0,0,0,0
44600,9976,2759,15,1,1,0,5,0,0,3,2,1,1,0,0,0,0,0
44700,9977,2676,14,0,1,0,4,0,2,0,2,0,0,0,0,0,0,0
44800,9974,2919,15,3,4,1,4,1,3,0,0,0,0,0,0,0,0,0
44900,9983,2628,12,3,1,0,3,0,0,0,1,0,0,0,0,0,0,0
45000,9986,2345,9,2,1,1,0,0,4,1,0,0,0,0,0,0,0,0
45100,9979,2357,9,1,1,0,4,0,5,1,2,0,0,0,0,0,0,0
45200,9983,2494,8,0,2,0,5,0,2,0,0,0,0,0,0,0,0,0
45300,9984,2639,9,1,1,0,4,4,1,0,1,1,0,0,0,0,0,0
45400,9984,2498,9,1,3,0,4,0,0,0,0,0,0,0,0,0,0,0
45500,9982,2682,10,1,3,0,3,1,2,0,0,0,0,0,0,0,0,0
45600,9986,2957,7,0,3,0,1,0,2,2,1,0,0,0,0,0,0,0
45700,9984,3083,12,0,2,0,1,0,1,1,0,0,0,0,0,0,0,0
45800,9983,2898,6,1,1,3,7,0,3,0,0,1,0,0,0,0,0,0
45900,9985,3068,4,5,2,0,6,0,3,0,0,0,0,0,0,0,0,0
46000,9992,3133,0,0,1,0,4,1,3,1,0,0,0,0,0,0,0,0
46100,9987,2469,0,1,6,0,3,1,3,4,1,0,0,0,0,0,0,0
46200,9991,2413,0,0,2,0,4,1,3,1,0,0,0,0,0,0,0,0
46300,9997,2342,1,0,2,1,0,0,0,0,0,0,0,0,0,0,0,0
46400,9987,2071,5,2,4,0,1,3,3,0,0,1,0,0,0,0,0,0
46500,9994,2207,0,7,4,1,0,0,2,2,0,0,0,0,0,0,0,0
46600,9993,1834,3,7,1,0,1,3,2,0,0,0,0,0,0,0,0,0
46700,9989,2003,1,11,3,0,1,0,3,0,3,0,0,0,0,0,0,0
46800,9990,1677,4,9,2,1,1,1,2,0,1,0,0,0,0,0,0,0
46900,9996,1567,0,4,0,0,2,0,0,0,2,0,0,0,0,0,0,0
47000,9995,1725,1,8,1,0,1,0,0,1,2,0,0,0,0,0,0,0
47100,9997,1860,2,3,1,0,0,0,0,0,0,0,0,0,0,0,0,0
47200,9994,1652,2,4,1,1,1,1,1,1,1,0,0,0,0,0,0,0
47300,9994,1412,3,8,1,1,0,0,1,0,1,0,0,0,0,0,0,0
47400,9994,1683,5,19,1,0,0,1,0,0,0,0,0,0,0,0,0,0
47500,9995,2004,2,17,0,0,2,0,0,0,1,1,0,0,0,0,0,0
47600,9990,1970,5,8,2,1,0,0,3,0,0,1,0,0,0,0,0,0
47700,9996,2233,1,3,1,2,0,0,2,2,0,0,0,0,0,0,0,0
47800,9994,2993,4,16,2,0,0,0,0,1,0,0,0,0,0,0,0,0
47900,9985,3321,4,6,2,0,5,0,3,0,1,1,0,0,0,0,0,0
48000,9991,2687,4,7,1,0,1,0,3,1,0,0,0,0,0,0,0,0
48100,9996,2555,2,0,0,0,1,0,1,0,0,0,0,0,0,0,0,0
48200,9994,1705,2,3,1,1,0,0,2,1,1,0,0,0,0,0,0,0
48300,9993,2084,5,3,0,0,0,1,2,0,0,0,0,0,0,0,0,0
48400,9994,2034,2,3,1,1,0,1,2,2,1,0,0,0,0,0,0,0
48500,9998,2165,2,3,0,0,0,1,0,1,0,0,0,0,0,0,0,0
48600,9990,2055,3,0,1,0,1,0,3,0,1,0,1,0,0,0,0,0
48700,9992,2212,5,0,0,0,2,0,0,0,0,1,1,0,0,0,0,0
48800,9992,2036,3,0,1,0,1,0,3,1,0,0,0,0,0,0,0,0
48900,9994,1856,1,0,2,1,0,0,1,1,2,0,0,0,0,0,0,0
49000,9993,1496,4,21,1,0,0,0,2,2,0,0,0,0,0,0,0,0
49100,9992,1496,4,51,1,0,1,0,2,0,0,0,0,0,0,0,0,0
49200,9996,1855,0,6,0,0,2,3,1,0,1,0,0,0,0,0,0,0
49300,9991,2061,4,0,2,0,2,1,1,0,0,0,0,0,0,0,0,0
49400,9992,2212,4,0,1,0,3,0,0,0,0,0,0,0,0,0,0,0
49500,9997,2454,0,0,1,0,2,0,0,0,0,0,0,0,0,0,0,0
49600,9988,2081,4,3,2,0,1,0,5,0,0,0,0,0,0,0,0,0
49700,9991,2740,2,3,1,0,2,0,2,0,2,0,0,0,0,0,0,0
49800,9991,2767,7,0,2,0,0,0,0,0,0,0,0,0,0,0,0,0
49900,9986,2605,6,2,3,0,2,0,2,1,1,0,0,0,0,0,0,0
50000,9985,2742,5,54,3,0,3,1,3,1,1,0,0,0,0,0,0,0
50100,9994,2606,1,66,1,0,1,0,3,1,0,0,0,0,0,0,0,0
50200,9994,2769,1,16,1,1,1,1,1,0,2,0,0,0,0,0,0,0
50300,9987,2321,2,0,0,1,5,0,4,1,2,0,0,0,0,0,0,0
50400,9994,2414,0,5,3,0,2,3,1,0,0,0,0,0,0,0,0,0
50500,9991,1945,0,0,1,0,1,3,7,0,0,1,0,0,0,0,0,0
50600,9992,2229,1,2,4,0,0,1,1,0,2,0,0,0,0,0,0,0
50700,9995,2305,1,0,2,0,1,1,0,0,1,0,0,0,0,0,0,0
50800,9996,2402,1,4,0,0,0,1,1,0,1,0,1,0,0,0,0,0
50900,9995,2028,2,0,1,0,1,0,0,0,1,0,0,0,0,0,0,0
51000,9993,2040,1,3,1,0,2,0,3,0,0,0,0,0,0,0,0,0
51100,9994,1694,3,0,1,0,0,0,2,1,0,1,0,0,0,0,0,0
51200,9998,1295,0,1,2,1,0,0,0,0,0,0,0,0,0,0,0,0
51300,9994,1352,2,0,1,0,0,0,2,0,1,0,0,0,0,0,0,0
51400,9993,1206,2,1,0,0,1,2,2,1,2,0,0,0,0,0,0,0
51500,9993,1232,0,0,1,1,0,0,1,1,5,0,0,0,0,0,0,0
51600,9993,1171,0,0,2,1,1,0,4,0,0,0,0,0,0,0,0,0
51700,9994,1224,0,0,1,0,4,0,0,1,1,0,0,0,0,0,0,0
51800,9997,1124,0,0,2,0,0,0,1,0,0,1,0,0,0,0,0,0
51900,9993,1266,2,0,2,1,2,0,1,0,0,0,0,0,0,0,0,0
52000,9984,1487,6,1,3,0,4,1,1,0,2,0,0,0,0,0,0,0
52100,9979,1935,19,1,0,1,0,0,0,1,2,0,0,0,0,0,0,0
52200,9964,2133,32,0,1,0,1,0,0,0,2,0,0,0,0,0,0,0
52300,9965,2109,28,0,1,0,2,0,3,1,1,1,0,0,0,0,0,0
52400,9965,2051,25,0,2,0,2,0,6,0,0,0,0,0,0,0,0,0
52500,9968,1874,25,5,2,0,1,1,4,1,0,0,0,0,0,0,0,0
52600,9965,1889,25,0,0,0,3,3,7,0,0,0,0,0,0,0,0,0
52700,9969,1781,25,0,3,0,3,2,0,0,0,0,0,0,0,0,0,0
52800,9972,1543,25,0,1,2,1,1,0,1,1,1,0,0,0,0,0,0
52900,9969,1661,28,0,1,2,0,0,2,1,0,1,0,0,0,0,0,0
53000,9974,1388,25,0,0,0,1,0,0,0,0,0,0,0,0,0,0,0
53100,9964,2024,25,2,3,1,1,1,6,0,1,0,0,0,0,0,0,0
53200,9961,1677,33,1,3,0,1,0,2,0,0,0,0,0,0,0,0,0
53300,9962,1399,38,1,0,0,0,0,0,0,0,1,0,0,0,0,0,0
53400,9956,1795,39,0,2,0,2,0,1,0,0,0,0,0,0,0,0,0
53500,9958,2173,37,4,0,0,4,0,1,0,0,1,0,0,0,0,0,0
53600,9955,2065,39,5,1,0,2,0,3,0,0,0,0,0,0,0,0,0
53700,9955,2286,38,7,3,0,1,1,3,0,0,0,0,0,0,0,0,0
53800,9961,2291,38,3,0,1,1,0,0,1,0,0,0,0,0,0,0,0
53900,9959,1583,38,6,1,2,1,0,0,2,1,0,0,0,0,0,0,0
54000,9954,1365,39,5,0,0,3,0,2,0,2,0,0,0,0,0,0,0
54100,9955,1723,39,1,1,1,2,0,1,1,2,1,0,0,0,0,0,0
54200,9954,2349,41,0,0,0,0,0,3,0,2,0,0,0,0,0,0,0
54300,9958,2766,38,0,1,0,1,0,0,0,1,0,1,0,0,0,0,0
54400,9973,2565,14,0,3,0,6,1,3,0,1,0,0,0,0,0,0,0
54500,9983,2607,15,0,0,1,0,0,2,2,0,0,0,0,0,0,0,0
54600,9982,3307,14,0,0,0,3,0,1,0,0,0,0,0,0,0,0,0
54700,9978,3200,14,1,3,1,1,0,4,0,0,1,0,0,0,0,0,0
54800,9980,2643,13,2,1,1,3,0,1,1,2,0,0,0,0,0,0,0
54900,9979,2528,14,0,2,0,4,0,1,1,0,0,0,0,0,0,0,0
55000,9976,2559,17,3,2,0,3,1,2,0,0,0,0,0,0,0,0,0
55100,9981,2783,13,5,1,0,4,0,0,1,1,0,0,0,0,0,0,0
55200,9984,2681,13,1,1,0,1,0,1,0,0,0,0,0,0,0,0,0
55300,9981,2399,13,1,0,0,1,0,3,1,2,0,0,0,0,0,0,0
55400,9982,2558,13,25,4,1,0,0,1,1,0,1,0,0,0,0,0,0
55500,9981,2835,13,82,2,1,1,0,1,0,2,0,0,0,0,0,0,0
55600,9980,2362,13,4,2,0,3,0,1,0,1,0,0,0,0,0,0,0
55700,9972,2225,20,0,1,1,1,0,6,1,0,0,0,0,0,0,0,0
55800,9983,2725,13,2,2,0,0,0,1,1,1,0,0,0,0,0,0,0
55900,9980,2761,13,4,1,1,2,2,2,0,1,0,1,0,0,0,0,0
56000,9971,2496,22,1,1,3,2,0,3,0,1,0,0,0,0,0,0,0
56100,9956,2199,41,0,2,0,0,1,1,0,0,0,0,0,0,0,0,0
56200,9953,1692,42,0,3,0,2,0,0,0,0,0,0,0,0,0,0,0
56300,9957,1990,41,0,2,1,0,1,0,1,0,0,0,0,0,0,0,0
56400,9947,1934,44,0,7,0,0,1,2,0,0,0,0,0,0,0,0,0
56500,9953,1684,41,4,3,0,1,1,2,0,0,0,0,0,0,0,0,0
56600,9950,1709,45,2,1,0,2,0,2,0,0,0,0,0,0,0,0,0
56700,9946,1937,46,0,4,1,0,0,2,0,2,0,0,0,0,0,0,0
56800,9947,2376,47,1,0,0,1,0,1,0,4,1,0,0,0,0,0,0
56900,9951,3101,46,0,2,0,0,0,0,1,1,0,0,0,0,0,0,0
57000,9951,3411,44,7,3,1,0,0,2,0,0,0,0,0,0,0,0,0
57100,9950,3346,48,6,0,2,2,3,0,0,0,0,0,0,0,0,0,0
57200,9947,2883,45,0,1,0,4,0,3,0,0,0,0,0,0,0,0,0
57300,9943,2390,46,0,1,0,2,0,4,0,4,0,0,0,0,0,0,0
57400,9949,2492,42,0,2,0,2,1,5,0,0,1,0,0,0,0,0,0
57500,9951,2199,41,2,1,1,1,0,3,0,3,0,0,0,0,0,0,0
57600,9953,2157,41,1,2,0,0,0,4,0,0,0,0,0,0,0,0,0
57700,9950,1912,43,3,2,3,2,0,1,0,2,0,0,0,0,0,0,0
57800,9953,2094,43,0,0,0,0,0,1,0,3,0,0,0,0,0,0,0
57900,9952,1853,46,1,0,0,0,0,2,1,0,0,0,0,0,0,0,0
58000,9945,2032,43,0,2,0,2,1,6,1,2,0,0,0,0,0,0,0
58100,9955,1950,42,1,2,0,1,0,0,0,0,0,0,0,0,0,0,0
58200,9951,2007,39,1,4,0,0,0,5,2,1,0,0,0,0,0,0,0
58300,9992,1709,3,3,3,0,1,3,1,0,0,0,0,0,0,0,0,0
58400,9991,1863,4,10,1,0,2,0,1,2,1,0,0,0,0,0,0,0
58500,9994,2152,0,8,1,0,3,0,2,0,0,0,0,0,0,0,0,0
58600,9997,2427,0,2,1,1,0,3,2,1,0,0,0,0,0,0,0,0
58700,9994,2025,1,2,0,1,4,1,0,0,1,0,0,0,0,0,0,0
58800,9990,1549,2,2,0,0,1,1,5,0,2,0,0,0,0,0,0,0
58900,9982,1829,10,0,4,1,1,0,1,0,2,0,0,0,0,0,0,0
59000,9974,2155,20,0,2,1,2,3,2,0,0,0,0,0,0,0,0,0
59100,9974,2232,21,0,1,1,1,0,2,1,1,0,0,0,0,0,0,0
59200,9966,2147,25,2,2,0,5,4,2,0,0,0,0,0,0,0,0,0
59300,9969,2370,21,0,3,0,2,5,3,1,2,0,0,0,0,0,0,0
59400,9966,2742,21,1,3,1,1,2,7,0,2,0,0,0,0,0,0,0
59500,9972,2692,23,1,0,1,4,1,0,0,1,0,0,0,0,0,0,0
59600,9977,3133,17,1,0,0,2,2,3,0,1,0,0,0,0,0,0,0
59700,9986,2620,2,2,2,0,5,0,2,0,3,0,0,0,0,0,0,0
59800,9990,1968,0,8,3,0,1,1,4,0,1,0,1,0,0,0,0,0
59900,9987,1402,5,0,2,0,3,0,2,0,1,0,0,0,0,0,0,0
60000,9996,1391,0,30,2,0,2,0,0,1,0,0,0,0,0,0,0,0
60100,9990,1931,0,2,2,0,4,9,4,1,0,0,0,0,0,0,0,0
60200,9988,2552,1,0,5,0,2,19,4,0,0,0,0,0,0,0,0,0
60300,9987,2452,0,1,1,0,1,17,7,0,4,0,0,0,0,0,0,0
60400,9989,2293,1,0,3,0,1,9,6,0,0,0,0,0,0,0,0,0
60500,9993,1749,2,2,0,0,3,1,2,0,0,0,0,0,0,0,0,0
60600,9992,1557,0,0,0,0,3,0,5,0,0,0,0,0,0,0,0,0
60700,9993,2013,0,27,1,2,3,0,2,0,1,0,0,0,0,0,0,0
60800,9992,2291,1,102,1,0,2,3,1,0,3,0,0,0,0,0,0,0
60900,9988,2970,0,4,1,1,3,1,6,0,2,1,0,0,0,0,0,0
61000,9990,2566,4,0,0,0,2,0,4,0,0,0,0,0,0,0,0,0
61100,9989,2244,3,0,1,0,3,0,3,0,1,0,0,0,0,0,0,0
61200,9989,2323,4,0,2,0,0,0,1,0,4,0,0,0,0,0,0,0
61300,9988,2228,2,25,1,0,6,5,2,1,1,0,0,0,0,0,0,0
61400,9988,1854,4,29,3,1,3,18,2,1,0,0,0,0,0,0,0,0
61500,9994,1499,0,29,4,0,0,2,1,1,1,0,0,0,0,0,0,0
61600,9979,1427,3,28,5,0,3,0,5,0,5,0,0,0,0,0,0,0
61700,9994,1728,2,29,0,0,1,2,2,0,1,1,0,0,0,0,0,0
61800,9995,2211,0,31,1,3,1,0,2,1,1,1,0,0,0,0,0,0
61900,9995,2352,3,4,0,0,1,0,0,2,1,0,0,0,0,0,0,0
62000,9992,2410,2,4,2,1,2,0,1,1,1,0,0,0,0,0,0,0
62100,9992,2268,3,1,2,0,1,2,2,0,0,0,0,0,0,0,0,0
62200,9993,1951,0,3,1,1,1,0,4,1,1,0,0,0,0,0,0,0
62300,9988,2097,1,6,1,0,3,4,5,0,2,0,0,0,0,0,0,0
62400,9990,1707,5,4,0,1,1,2,2,0,2,0,0,0,0,0,0,0
62500,9988,1739,1,4,3,0,3,0,4,0,1,0,0,0,0,0,0,0
62600,9996,1740,0,6,1,0,0,0,2,1,1,0,0,0,0,0,0,0
62700,9986,1946,4,6,2,0,7,1,0,0,1,0,0,0,0,0,0,0
62800,9986,2224,3,7,5,0,3,0,2,0,1,0,0,0,0,0,0,0
62900,9988,2791,7,0,0,1,1,0,4,1,0,1,0,0,0,0,0,0
63000,9987,2669,6,2,2,0,2,0,3,0,0,0,0,0,0,0,0,0
63100,9988,2448,5,0,5,1,1,0,0,1,1,0,0,0,0,0,0,0
63200,9986,2336,2,2,0,0,6,2,3,0,3,0,0,0,0,0,0,0
63300,9991,3049,2,87,3,1,1,0,2,2,1,0,0,0,0,0,0,0
63400,9995,2608,0,70,3,1,2,0,0,1,0,0,0,0,0,0,0,0
63500,9996,2521,0,0,0,1,1,3,2,2,1,1,0,0,0,0,0,0
63600,9992,2809,0,0,2,0,4,1,2,2,0,0,0,0,0,0,0,0
63700,9988,2707,1,2,3,1,6,0,2,0,0,0,0,0,0,0,0,0
63800,9989,3223,2,4,2,0,3,1,2,0,2,0,0,0,0,0,0,0
63900,9990,3099,0,8,4,1,0,0,5,0,1,0,0,0,0,0,0,0
64000,9990,2495,2,2,0,0,1,0,5,0,2,0,0,0,0,0,0,0
64100,9989,2632,4,5,3,1,2,8,1,0,1,1,0,0,0,0,0,0
64200,9984,2581,5,25,2,0,5,10,4,1,0,1,0,0,0,0,0,0
64300,9989,2875,2,18,1,0,3,15,4,2,1,0,0,0,0,0,0,0
64400,9986,2996,5,34,7,0,1,13,1,0,0,0,0,0,0,0,0,0
64500,9983,2766,4,10,8,0,1,6,2,0,2,0,0,0,0,0,0,0
64600,9976,3022,13,3,9,0,0,8,2,0,0,1,0,0,0,0,0,0
64700,9956,2696,33,4,6,1,2,0,3,0,0,1,0,0,0,0,0,0
64800,9949,2596,38,1,6,1,1,0,6,0,0,0,0,0,0,0,0,0
64900,9962,2330,32,1,3,1,2,0,0,0,1,0,0,0,0,0,0,0
65000,9967,2244,28,0,2,0,3,0,0,0,0,0,0,0,0,0,0,0
65100,9964,2645,30,4,1,0,2,0,2,1,1,1,0,0,0,0,0,0
65200,9967,2721,28,1,1,0,4,0,0,1,0,0,0,0,0,0,0,0
65300,9963,2107,30,3,2,0,2,0,2,0,1,1,0,0,0,0,0,0
65400,9962,1840,29,2,5,0,0,0,3,0,1,0,0,1,0,0,0,0
65500,9965,2100,28,0,2,0,0,1,2,2,3,0,0,0,0,0,0,0
65600,9965,2208,30,8,1,0,1,0,3,0,0,0,0,0,0,0,0,0
65700,9969,2352,28,6,2,0,0,1,1,0,0,0,0,0,0,0,0,0
65800,9963,2454,29,8,1,0,4,0,3,1,0,0,0,0,0,0,0,0
65900,9963,1785,28,0,2,0,2,0,5,0,0,0,0,0,0,0,0,0
66000,9962,1629,29,0,1,0,1,0,7,1,0,1,0,0,0,0,0,0
66100,9960,1030,30,2,2,0,2,0,6,0,0,0,0,0,0,0,0,0
66200,9962,866,28,1,4,0,2,1,4,0,0,0,0,0,0,0,0,0
66300,9964,844,32,0,1,1,2,0,0,0,1,1,0,0,0,0,0,0
66400,9966,815,31,0,1,0,1,1,1,1,0,0,0,0,0,0,0,0
66500,9963,1020,30,3,1,1,1,0,5,0,0,1,0,0,0,0,0,0
66600,9967,1174,28,1,3,0,0,0,1,3,1,0,0,0,0,0,0,0
66700,9963,1417,30,2,0,0,1,0,5,0,1,0,0,0,0,0,0,0
66800,9957,1539,33,0,3,2,2,0,3,2,2,0,0,0,0,0,0,0
66900,9960,1475,28,0,1,0,6,1,3,0,2,0,0,0,0,0,0,0
67000,9970,1870,29,0,1,0,0,0,0,1,0,0,0,0,0,0,0,0
67100,9965,2293,28,3,2,0,4,0,0,0,1,0,0,0,0,0,0,0
67200,9958,2046,29,0,3,0,3,0,6,0,1,0,0,0,0,0,0,0
67300,9968,2017,28,1,0,2,2,0,2,0,0,0,0,0,0,0,0,0
67400,9966,1950,30,0,1,0,2,0,1,1,0,1,0,0,0,0,0,0
67500,9962,2461,29,0,1,1,1,1,5,1,2,0,0,0,0,0,0,0
67600,9967,2263,29,3,0,0,1,0,3,0,0,0,0,0,0,0,0,0
67700,9970,2179,20,0,3,0,2,0,3,0,1,0,1,0,0,0,0,0
67800,9992,2069,0,0,0,0,2,0,4,1,2,0,0,0,0,0,0,0
67900,9985,2258,2,2,2,0,2,3,6,0,3,0,0,0,0,0,0,0
68000,9986,2391,6,6,4,0,0,0,3,0,1,0,0,0,0,0,0,0
68100,9993,2170,1,1,1,2,4,1,1,3,0,0,0,0,0,0,0,0
68200,9994,2692,2,1,1,0,0,0,2,0,1,0,0,0,0,0,0,0
68300,9991,2331,1,3,1,0,3,0,3,0,1,0,0,0,0,0,0,0
68400,9985,1780,10,5,0,0,1,0,3,1,1,0,0,0,0,0,0,0
68500,9978,2524,15,0,3,0,2,0,2,0,0,0,0,0,0,0,0,0
68600,9979,2715,13,5,1,0,5,1,0,0,2,0,0,0,0,0,0,0
68700,9979,2625,12,1,1,0,1,1,3,0,4,0,0,0,0,0,0,0
68800,9979,2535,14,0,0,0,4,0,3,0,0,0,0,0,0,0,0,0
68900,9986,2371,8,0,1,0,2,0,1,0,2,0,0,0,0,0,0,0
69000,9987,1923,4,9,2,0,2,2,4,0,1,0,0,0,0,0,0,0
69100,9992,2187,4,0,1,0,1,0,0,0,2,1,0,0,0,0,0,0
69200,9992,2050,5,5,2,0,0,2,0,0,1,0,0,0,0,0,0,0
69300,9987,2048,8,10,2,0,0,0,3,1,0,1,0,0,0,0,0,0
69400,9986,2272,5,8,0,0,2,0,6,0,1,3,0,0,0,0,0,0
69500,9989,2087,3,5,2,1,4,0,1,0,1,0,0,0,0,0,0,0
69600,9981,2254,5,11,6,1,2,1,5,2,1,0,0,0,0,0,0,0
69700,9990,2170,4,0,0,7,3,0,1,0,2,0,0,0,0,0,0,0
69800,9988,2409,6,0,2,0,2,0,1,0,1,0,0,0,0,0,0,0
69900,9989,2685,5,2,2,0,1,1,2,3,1,0,0,0,0,0,0,0
70000,9988,1924,7,0,2,1,0,0,3,0,0,0,0,0,0,0,0,0
70100,9987,1659,9,0,1,0,1,0,1,1,1,0,0,0,0,0,0,0
70200,9981,1576,9,0,4,0,4,0,1,0,1,0,0,0,0,0,0,0
70300,9985,1767,7,10,3,0,2,0,3,3,0,0,0,0,0,0,0,0
70400,9984,2072,11,16,1,0,2,3,2,0,0,0,0,0,0,0,0,0
70500,9989,2284,3,17,3,0,2,1,2,0,1,0,0,0,0,0,0,0
70600,9980,2474,6,10,4,0,4,0,5,1,1,0,0,0,0,0,0,0
70700,9992,2180,3,16,1,0,1,1,3,0,0,0,0,0,0,0,0,0
70800,9988,2368,7,11,2,1,0,0,2,1,1,0,0,0,0,0,0,0
70900,9986,2620,5,0,2,0,2,1,2,0,3,0,0,0,0,0,0,0
71000,9986,2329,5,3,0,0,6,0,2,1,1,0,0,0,0,0,0,0
71100,9987,2351,8,13,2,1,2,0,1,0,0,0,0,0,0,0,0,0
71200,9981,2148,7,11,4,1,6,3,1,3,1,0,0,0,0,0,0,0
71300,9994,1828,4,4,2,0,0,1,0,0,0,0,0,0,0,0,0,0
71400,9981,2161,8,3,6,0,1,0,2,0,2,0,0,0,0,0,0,0
71500,9989,1970,7,63,1,0,1,0,2,0,0,1,0,0,0,0,0,0
71600,9979,1925,11,0,1,0,1,0,7,0,1,1,0,0,0,0,0,0
71700,9987,2125,7,3,4,1,0,0,2,0,0,0,0,0,0,0,0,0
71800,9991,2013,6,42,1,0,1,0,0,0,1,0,0,0,0,0,0,0
71900,9981,2633,12,9,1,0,1,0,4,0,1,1,0,0,0,0,0,0
72000,9987,2457,5,8,4,0,2,0,1,0,1,0,0,0,0,0,0,0
72100,9982,2348,4,22,3,1,4,0,6,0,1,0,0,0,0,0,0,0
72200,9987,1907,5,7,0,0,2,0,3,1,3,0,0,0,0,0,0,0
72300,9990,1380,6,2,2,0,0,0,1,0,1,0,0,0,0,0,0,0
72400,9989,1620,6,2,1,0,3,0,1,1,0,0,0,0,0,0,0,0
72500,9988,1925,4,6,5,0,2,0,1,0,0,0,0,0,0,0,0,0
72600,9981,1929,11,7,2,0,6,0,0,0,0,0,0,0,0,0,0,0
72700,9994,1924,4,6,0,0,1,0,1,0,0,0,0,0,0,0,0,0
72800,9986,2340,5,1,1,1,4,0,4,1,0,0,0,0,0,0,0,0
72900,9996,2591,3,0,1,1,0,0,0,0,0,0,0,0,0,0,0,0
73000,9988,2384,7,0,1,0,1,0,2,0,1,1,0,0,0,0,0,0
73100,9990,1974,5,0,1,0,1,0,2,0,1,0,0,0,0,0,0,0
73200,9992,2302,3,2,2,1,1,0,1,0,1,0,0,0,0,0,0,0
73300,9994,2289,2,1,0,1,1,4,3,0,0,0,0,0,0,0,0,0
73400,9996,2283,2,2,1,0,0,0,1,1,0,0,0,0,0,0,0,0
73500,9995,2658,0,0,1,0,1,1,0,0,3,0,0,0,0,0,0,0
73600,9989,2496,0,0,2,1,5,0,1,0,3,0,0,0,0,0,0,0
73700,9994,2232,0,0,1,0,0,0,3,0,2,1,0,0,0,0,0,0
73800,9997,1868,0,2,1,0,1,0,1,1,0,0,0,0,0,0,0,0
73900,9996,2003,0,9,1,0,2,0,1,0,0,0,0,0,0,0,0,0
74000,9993,2315,0,5,0,0,3,0,4,1,0,0,0,0,0,0,0,0
74100,9986,2764,5,0,2,0,4,0,2,0,1,0,0,0,0,0,0,0
74200,9990,2695,0,1,1,0,4,0,3,0,2,0,0,0,0,0,0,0
74300,9995,2927,1,0,0,0,1,0,2,0,1,0,0,0,0,0,0,0
74400,9994,2897,0,66,0,0,0,0,4,0,2,0,0,0,0,0,0,0
74500,9997,2268,0,87,0,0,2,0,1,0,0,0,0,0,0,0,0,0
74600,9999,2107,0,0,0,0,1,0,0,0,0,0,0,0,0,0,0,0
74700,9989,2087,1,0,5,0,1,1,2,0,2,0,0,0,0,0,0,0
74800,9998,2777,0,1,0,0,2,1,0,1,0,0,0,0,0,0,0,0
74900,9994,2985,2,3,2,0,1,2,1,0,0,0,0,0,0,0,0,0
75000,9994,3066,1,4,2,0,2,4,1,0,0,0,0,0,0,0,0,0
75100,9994,2182,0,0,1,0,3,0,1,0,1,0,0,0,0,0,0,0
75200,9990,2159,4,0,1,0,2,0,3,1,0,0,0,0,0,0,0,0
75300,9993,1983,0,0,1,0,2,1,4,1,0,2,0,0,0,0,0,0
75400,9984,1697,0,0,2,0,6,1,7,1,1,0,0,0,0,0,0,0
75500,9980,1626,0,0,4,3,7,0,9,0,0,1,0,0,0,0,0,0
75600,9976,1760,22,0,0,0,2,0,0,3,0,0,0,0,0,0,0,0
75700,9968,1737,23,1,3,0,1,0,3,0,2,0,0,0,0,0,0,0
75800,9964,1635,23,1,1,0,4,0,7,2,1,0,0,0,0,0,0,0
75900,9964,1614,22,0,2,0,10,0,1,0,1,0,0,0,0,0,0,0
76000,9959,1932,23,12,0,0,12,1,5,0,1,0,0,0,0,0,0,0
76100,9963,2176,21,45,2,0,11,0,0,1,3,1,0,0,0,0,0,0
76200,9961,2228,23,51,2,0,12,0,2,1,0,0,0,0,0,0,0,0
76300,9964,2122,21,54,2,0,12,0,1,0,0,0,0,0,0,0,0,0
76400,9955,1715,24,0,2,0,13,0,6,0,0,0,0,0,0,0,0,0
76500,9957,1582,23,4,3,0,15,0,0,0,1,2,1,0,0,0,0,0
76600,9961,2077,22,2,1,1,10,1,5,0,1,0,0,0,0,0,0,0
76700,9967,2062,21,2,1,0,9,0,1,0,1,1,0,0,0,0,0,0
76800,9962,2285,22,0,3,0,7,0,4,1,2,0,0,0,0,0,0,0
76900,9967,2209,25,5,0,1,7,0,1,0,0,0,0,0,0,0,0,0
77000,9966,2815,25,0,0,0,7,0,2,2,0,0,0,0,0,0,0,0
77100,9960,2825,21,2,0,0,12,0,5,0,2,0,0,0,0,0,0,0
77200,9963,2113,21,9,1,0,15,0,0,0,0,0,0,0,0,0,0,0
77300,9959,1983,21,17,2,0,12,1,5,1,1,0,0,0,0,0,0,0
77400,9963,1687,23,7,3,1,8,1,3,1,0,0,0,0,0,0,0,0
77500,9965,1725,22,5,1,0,8,0,4,1,0,0,0,0,0,0,0,0
77600,9963,1921,22,19,2,0,8,0,2,1,2,1,1,0,0,0,0,0
77700,9941,2198,42,5,2,1,11,0,4,0,0,0,0,0,0,0,0,0
77800,9942,2538,43,0,2,0,12,1,1,0,0,0,0,0,0,0,0,0
77900,9944,2285,42,3,1,0,11,0,1,2,1,0,0,0,0,0,0,0
78000,9932,2851,49,3,1,0,15,1,2,0,1,0,0,0,0,0,0,0
78100,9936,2271,52,2,1,0,8,2,1,0,2,0,0,0,0,0,0,0
78200,9942,2069,45,0,0,0,10,15,2,1,1,0,0,0,0,0,0,0
78300,9931,1938,58,12,1,1,5,25,3,3,2,0,0,0,0,0,0,0
78400,9936,1872,57,11,1,0,5,1,1,0,0,1,0,0,0,0,0,0
78500,9935,2366,52,12,1,1,6,0,6,0,0,0,0,0,0,0,0,0
78600,9934,2546,57,13,1,0,6,37,1,0,1,0,0,0,0,0,0,0
78700,9944,2411,47,7,0,0,6,21,3,0,0,0,0,0,0,0,0,0
78800,9967,2012,22,4,1,0,9,0,0,0,1,0,0,0,0,0,0,0
78900,9992,2497,3,0,0,0,2,1,3,0,0,0,0,0,0,0,0,0
79000,9985,2019,12,2,1,1,1,0,0,0,1,1,0,0,0,0,0,0
79100,9986,2765,12,0,1,1,0,4,0,1,1,0,0,0,0,0,0,0
79200,9975,2703,13,11,3,0,7,1,1,0,1,0,0,0,0,0,0,0
79300,9996,2738,2,0,1,0,1,0,0,0,0,1,0,0,0,0,0,0
79400,9976,2468,11,2,1,0,8,1,4,0,0,0,0,0,0,0,0,0
79500,9982,2365,7,2,0,0,5,0,5,0,1,0,0,0,0,0,0,0
79600,9981,2345,13,8,1,1,0,0,4,0,1,0,0,0,0,0,0,0
79700,9976,2363,20,11,1,0,1,0,2,0,0,0,0,0,0,0,0,0
79800,9987,2652,11,11,0,0,1,0,0,0,1,0,0,0,0,0,0,0
79900,9985,2440,13,18,1,0,0,0,1,1,0,0,0,0,0,0,0,0
80000,9979,2673,18,61,1,0,2,1,0,1,0,1,0,0,0,0,0,0
80100,9967,2564,23,69,3,0,2,0,3,2,2,0,0,0,0,0,0,0
80200,9985,2505,9,6,0,1,4,2,1,0,1,2,0,0,0,0,0,0
80300,9984,2082,12,1,1,0,1,3,0,0,2,0,0,0,0,0,0,0
80400,9974,2029,17,6,2,0,4,0,2,1,1,0,0,0,0,0,0,0
80500,9988,2402,9,12,0,1,0,3,2,2,1,0,0,0,0,0,0,0
80600,9987,2936,9,4,1,0,0,3,2,0,1,0,0,0,0,0,0,0
80700,9986,2322,9,15,1,1,0,0,2,0,1,0,1,0,0,0,0,0
80800,9987,1846,9,45,2,1,1,0,0,0,1,0,0,0,0,0,0,0
80900,9988,1755,3,54,3,2,2,0,2,0,2,0,0,0,0,0,0,0
81000,9986,2238,7,13,1,0,1,0,4,0,1,1,0,0,0,0,0,0
81100,9988,2144,4,2,2,1,5,1,1,0,0,0,0,0,0,0,0,0
81200,9990,2458,3,3,1,1,4,1,2,0,0,0,0,0,0,0,0,0
81300,9993,2225,3,3,2,0,1,4,1,4,0,0,0,0,0,0,0,0
81400,9984,1980,7,0,1,1,2,0,6,1,0,0,0,0,0,0,0,0
81500,9984,1824,8,0,1,1,3,0,3,1,1,0,0,0,0,0,0,0
81600,9986,2043,4,0,1,0,2,0,7,0,0,0,0,0,0,0,0,0
81700,9979,2166,6,0,6,1,4,0,2,0,3,0,0,0,0,0,0,0
81800,9995,3036,0,0,1,0,1,3,3,0,0,0,0,0,0,0,0,0
81900,9997,2171,1,2,0,1,1,0,0,0,1,0,0,0,0,0,0,0
82000,9995,2193,0,0,1,0,0,6,3,1,1,0,0,0,0,0,0,0
82100,9994,2193,0,0,3,0,1,0,0,1,2,0,0,0,0,0,0,0
82200,9996,2713,0,0,2,1,0,0,2,0,0,0,0,0,0,0,0,0
82300,9990,2667,2,0,4,0,2,0,1,0,1,0,0,0,0,0,0,0
82400,9989,2976,0,3,1,1,3,10,6,1,1,0,0,0,0,0,0,0
82500,9996,3079,1,2,0,6,1,0,2,0,0,0,0,0,0,0,0,0
82600,9994,3130,1,0,2,6,2,1,1,0,0,0,0,0,0,0,0,0
82700,9997,2946,0,3,1,8,1,1,1,1,0,0,0,0,0,0,0,0
82800,9994,2441,2,1,0,5,1,0,2,0,1,0,0,0,0,0,0,0
82900,9993,2694,0,3,1,4,1,0,5,1,0,0,0,0,0,0,0,0
83000,9990,2825,0,9,2,0,1,2,6,3,1,1,0,0,0,0,0,0
83100,9996,2946,0,8,1,0,1,0,0,2,2,3,0,0,0,0,0,0
83200,9993,3020,0,2,2,1,0,1,3,0,2,0,0,0,0,0,0,0
83300,9994,2643,0,0,2,0,1,0,2,0,1,0,0,0,0,0,0,0
83400,9994,3014,0,0,1,1,1,0,2,0,2,1,0,0,0,0,0,0
83500,9995,3086,1,2,1,1,2,0,1,0,0,0,0,0,0,0,0,0
83600,9996,2537,0,1,0,0,3,1,0,1,1,1,0,0,0,0,0,0
83700,9995,2466,0,4,1,1,0,0,4,0,0,0,0,0,0,0,0,0
83800,9991,2354,4,3,2,0,2,0,1,0,0,0,0,0,0,0,0,0
83900,9989,2319,1,0,5,0,3,0,2,0,0,0,0,0,0,0,0,0
84000,9990,2040,4,0,1,2,3,1,1,0,1,0,0,0,0,0,0,0
84100,9998,2137,1,1,0,0,1,0,0,0,0,0,0,0,0,0,0,0
84200,9995,1943,0,0,2,1,3,1,0,0,0,0,0,0,0,0,0,0
84300,9993,2103,0,5,3,1,2,0,2,0,0,0,0,0,0,0,0,0
84400,9998,2500,0,3,0,0,1,0,0,0,1,0,0,0,0,0,0,0
84500,9991,2495,2,0,1,0,0,1,6,1,0,0,0,0,0,0,0,0
84600,9998,2083,1,0,0,0,0,0,0,0,1,0,0,0,0,0,0,0
84700,9991,1775,4,0,1,0,0,0,4,0,0,1,0,0,0,0,0,0
84800,9995,1587,1,0,0,0,4,1,0,1,0,0,0,0,0,0,0,0
84900,9998,1702,1,0,0,0,0,2,1,0,0,0,0,0,0,0,0,0
85000,9991,1958,1,0,1,0,4,3,3,0,0,0,0,0,0,0,0,0
85100,9994,2393,0,0,1,0,0,1,5,0,0,1,0,0,0,0,0,0
85200,9991,2297,0,0,3,1,3,0,2,3,1,0,0,0,0,0,0,0
85300,9996,2640,1,0,1,1,1,0,0,1,1,0,0,0,0,0,0,0
85400,9993,2411,0,7,0,0,1,0,6,0,0,1,0,0,0,0,0,0
85500,9994,2012,0,57,2,1,0,1,3,0,1,0,0,0,0,0,0,0
85600,9999,2212,0,8,0,0,0,1,0,0,1,1,0,0,0,0,0,0
85700,9994,2370,1,9,1,0,1,1,2,1,1,0,0,0,0,0,0,0
85800,9995,2355,1,9,2,0,1,2,1,0,0,0,0,0,0,0,0,0
85900,9986,2412,0,2,0,0,7,0,6,2,1,0,0,0,0,0,0,0
86000,9998,2465,0,1,0,0,0,0,2,0,0,1,0,0,0,0,0,0
86100,9994,2456,1,2,4,0,0,0,1,0,0,1,0,0,0,0,0,0
86200,9996,2444,0,0,2,0,1,0,1,0,0,0,0,0,0,0,0,0
86300,9997,2601,0,0,1,0,1,0,0,1,1,0,0,0,0,0,0,0
86400,9993,2452,0,0,1,0,4,0,2,0,0,0,0,0,0,0,0,0
86500,9998,2519,0,0,0,0,1,0,1,0,0,1,0,0,0,0,0,0
86600,9993,2483,1,2,1,0,1,1,0,1,4,0,0,0,0,0,0,0
86700,9990,2448,1,16,1,0,4,0,3,0,1,0,0,0,0,0,0,0
86800,9994,1947,2,14,1,0,1,0,2,0,0,0,0,0,0,0,0,0
86900,9990,2023,3,3,3,1,1,0,3,0,0,0,0,0,0,0,0,0
87000,9993,1892,1,2,1,0,3,0,1,1,1,1,0,0,0,0,0,0
87100,9990,1684,3,4,0,0,2,2,5,0,0,0,0,0,0,0,0,0
87200,9989,1847,6,7,1,0,3,0,1,0,0,0,0,0,0,0,0,0
87300,9986,1661,8,4,3,0,1,1,2,0,0,0,0,0,0,0,0,0
87400,9991,2014,8,0,0,0,0,0,1,0,0,0,0,0,0,0,0,0
87500,9989,2277,5,2,1,1,3,0,2,0,0,0,0,0,0,0,0,0
87600,9997,2604,1,0,1,0,1,0,0,1,0,0,0,0,0,0,0,0
87700,9986,2654,2,1,2,0,4,0,4,0,2,0,0,0,0,0,0,0
87800,9995,1990,0,0,0,0,1,0,3,1,1,0,0,0,0,0,0,0
87900,9994,2371,2,4,3,1,0,0,1,0,0,0,0,0,0,0,0,0
88000,9992,2462,4,1,0,0,2,0,2,0,0,0,0,0,0,0,0,0
88100,9996,2289,2,0,1,1,0,3,0,0,1,0,0,0,0,0,0,0
88200,9992,2575,1,3,1,0,1,0,2,1,3,0,0,0,0,0,0,0
88300,9998,3021,2,0,0,1,0,1,0,1,0,0,0,0,0,0,0,0
88400,9992,3260,2,6,3,0,0,1,3,0,0,0,0,0,0,0,0,0
88500,9993,2871,0,0,2,1,0,0,3,0,1,0,1,0,0,0,0,0
88600,9985,2160,5,2,3,0,0,0,4,0,3,0,0,0,0,0,0,0
88700,9990,2479,5,0,1,3,3,1,0,1,1,0,0,0,0,0,0,0
88800,9984,2245,6,0,3,0,2,0,4,0,1,0,0,0,0,0,0,0
88900,9988,2320,3,25,1,0,2,0,5,1,1,0,0,0,0,0,0,0
89000,9989,1688,3,34,1,0,1,0,4,0,2,0,0,0,0,0,0,0
89100,9986,1737,3,1,3,0,1,0,4,0,3,0,0,0,0,0,0,0
89200,9987,1937,0,0,0,1,6,0,6,3,1,0,0,0,0,0,0,0
89300,9984,2179,4,4,3,0,4,0,4,1,1,0,0,0,0,0,0,0
89400,9994,1765,4,5,0,2,0,0,1,1,1,0,0,0,0,0,0,0
89500,9995,1791,1,0,2,0,0,0,1,0,1,0,0,0,0,0,0,0
89600,9991,1879,4,19,2,2,1,1,0,0,2,0,0,0,0,0,0,0
89700,9986,1951,3,24,2,0,7,0,2,0,0,2,0,0,0,0,0,0
89800,9990,2266,0,24,1,0,7,1,1,1,1,0,0,0,0,0,0,0
89900,9974,2256,15,23,2,0,7,0,2,1,0,0,0,0,0,0,0,0
90000,9943,2504,40,9,4,1,7,0,4,0,2,0,0,0,0,0,0,0
90100,9967,2819,14,3,3,2,7,0,7,0,2,1,0,0,0,0,0,0
90200,9962,2346,22,0,4,0,9,0,3,0,0,0,0,0,0,0,0,0
90300,9990,2137,2,0,1,0,5,3,1,0,1,0,0,0,0,0,0,0
90400,9994,2238,0,0,0,0,2,0,2,0,2,0,0,0,0,0,0,0
90500,9990,2154,3,3,3,0,0,0,4,0,0,0,0,0,0,0,0,0
90600,9994,2082,3,5,2,1,0,0,1,1,0,0,0,0,0,0,0,0
90700,9991,2684,3,1,1,0,3,0,0,0,2,1,0,0,0,0,0,0
90800,9990,3028,8,1,0,0,0,0,1,3,1,0,0,0,0,0,0,0
90900,9986,2405,10,0,0,0,3,0,0,1,1,0,0,0,0,0,0,0
91000,9982,2840,7,2,4,1,2,3,5,1,0,0,0,0,0,0,0,0
91100,9988,2427,10,0,0,0,1,1,0,0,1,0,0,0,0,0,0,0
91200,9987,2000,6,0,0,0,3,0,3,0,1,0,0,0,0,0,0,0
91300,9990,2541,2,1,3,1,3,0,2,0,0,0,0,0,0,0,0,0
91400,9990,2172,6,0,1,0,1,0,0,1,2,0,0,0,0,0,0,0
91500,9992,1910,1,12,1,0,2,1,2,1,2,0,0,0,0,0,0,0
91600,9987,2077,3,19,2,0,0,0,6,0,2,0,0,0,0,0,0,0
91700,9982,1616,7,14,3,1,4,0,3,0,1,1,0,0,0,0,0,0
91800,9992,1795,4,19,0,0,2,1,2,0,0,0,0,0,0,0,0,0
91900,9987,2210,10,2,0,0,0,0,2,1,0,0,1,0,0,0,0,0
92000,9984,2348,4,5,2,0,6,0,4,0,0,0,0,0,0,0,0,0
92100,9992,2132,5,2,2,0,0,0,1,0,0,0,0,0,0,0,0,0
92200,9983,2172,6,0,0,0,3,0,7,3,1,0,0,0,0,0,0,0
92300,9989,2495,5,0,0,0,5,3,0,0,1,0,0,0,0,0,0,0
92400,9984,2146,8,0,4,0,2,0,2,1,0,0,0,0,0,0,0,0
92500,9994,1769,3,1,1,0,0,2,1,0,1,0,0,0,0,0,0,0
92600,9992,1778,3,2,1,0,0,3,2,0,2,0,0,0,0,0,0,0
92700,9988,1881,6,8,2,0,1,0,1,0,2,1,0,0,0,0,0,0
92800,9986,2551,4,4,2,0,1,0,6,0,1,0,0,0,0,0,0,0
92900,9990,2946,3,1,1,0,3,0,2,1,1,0,0,0,0,0,0,0
93000,9984,3326,7,1,2,0,1,1,5,0,1,0,0,0,0,0,0,0
93100,9986,2876,6,0,1,0,5,0,1,1,1,0,0,0,0,0,0,0
93200,9992,2892,3,0,1,1,1,0,2,0,1,0,0,0,0,0,0,0
93300,9990,2761,1,4,2,0,0,0,6,1,1,0,0,0,0,0,0,0
93400,9990,2732,2,0,4,1,0,2,4,1,0,0,0,0,0,0,0,0
93500,9995,2427,2,8,1,0,1,3,1,0,0,0,0,0,0,0,0,0
93600,9992,2497,0,2,2,1,0,0,5,2,1,0,0,0,0,0,0,0
93700,9988,2134,4,0,4,0,3,0,0,0,1,0,0,0,0,0,0,0
93800,9988,2663,1,3,1,1,6,1,2,0,2,0,0,0,0,0,0,0
93900,9994,2972,0,4,1,0,5,1,0,1,0,0,0,0,0,0,0,0
94000,9994,2198,0,70,1,1,4,0,1,1,0,0,0,0,0,0,0,0
94100,9993,1846,0,104,1,0,2,0,3,0,1,0,0,0,0,0,0,0
94200,9990,1806,5,23,1,0,1,0,3,4,0,1,0,0,0,0,0,0
94300,9993,2525,4,3,0,0,1,0,2,0,0,0,0,0,0,0,0,0
94400,9997,2834,0,16,2,1,0,0,1,1,0,0,0,0,0,0,0,0
94500,9989,2572,4,7,1,0,4,0,2,2,0,1,0,0,0,0,0,0
94600,9995,1942,1,0,0,0,3,0,1,0,0,1,0,0,0,0,0,0
94700,9990,1962,0,1,2,0,3,1,3,0,2,0,0,0,0,0,0,0
94800,9994,2170,1,0,2,0,2,0,0,0,1,0,0,0,0,0,0,0
94900,9992,2830,2,2,1,0,3,1,1,1,1,0,0,0,0,0,0,0
95000,9996,2880,1,2,1,0,1,1,1,0,0,0,0,0,0,0,0,0
95100,9995,2793,0,0,0,0,4,1,0,0,1,0,0,0,0,0,0,0
95200,9989,2264,3,1,2,0,4,1,1,0,1,0,0,0,0,0,0,0
95300,9989,2226,0,0,2,0,5,1,2,0,2,0,0,0,0,0,0,0
95400,9993,2449,0,1,1,0,4,0,2,1,0,0,0,0,0,0,0,0
95500,9993,2647,0,1,1,0,2,0,4,0,0,1,0,0,0,0,0,0
95600,9992,2715,1,1,2,0,2,1,3,0,0,0,0,0,0,0,0,0
95700,9995,2634,1,1,0,1,3,1,0,0,1,0,0,0,0,0,0,0
95800,9996,2336,0,0,1,1,2,0,1,1,0,0,0,0,0,0,0,0
95900,9996,2406,1,2,1,1,0,0,1,0,1,0,0,0,0,0,0,0
96000,9992,2515,2,0,0,0,3,1,3,0,0,1,0,0,0,0,0,0
96100,9991,2382,0,1,4,0,2,1,3,1,0,0,0,0,0,0,0,0
96200,9988,2120,4,0,0,0,4,0,2,1,2,1,0,0,0,0,0,0
96300,9962,2251,28,2,1,0,4,0,5,1,0,0,0,0,0,0,0,0
96400,9963,2940,28,5,2,0,2,0,4,0,1,0,0,0,0,0,0,0
96500,9987,3016,5,13,2,0,4,1,1,0,1,0,0,0,0,0,0,0
96600,9990,3393,5,1,1,0,2,1,2,2,0,1,0,0,0,0,0,0
96700,9991,2523,4,4,1,0,1,1,3,1,0,0,0,0,0,0,0,0
96800,9977,2289,16,10,1,1,2,0,4,2,0,0,0,0,0,0,0,0
96900,9970,2543,23,1,1,2,3,3,1,0,2,0,0,0,0,0,0,0
97000,9965,2424,28,0,0,1,3,1,3,0,1,0,0,0,0,0,0,0
97100,9983,2373,14,0,0,2,1,0,2,0,0,1,0,0,0,0,0,0
97200,9983,2578,5,0,3,0,5,0,2,1,2,1,0,0,0,0,0,0
97300,9990,2852,5,0,0,1,3,0,2,0,0,0,0,0,0,0,0,0
97400,9977,2507,7,0,4,0,9,1,2,1,1,0,0,0,0,0,0,0
97500,9985,2970,4,0,3,0,4,0,1,0,3,0,0,0,0,0,0,0
97600,9983,3044,5,0,5,1,1,1,3,0,3,0,0,0,0,0,0,0
97700,9989,3132,8,0,0,1,1,0,2,2,0,0,0,0,0,0,0,0
97800,9987,2394,5,2,2,0,1,0,5,0,0,0,0,0,0,0,0,0
97900,9987,2565,5,5,2,0,2,3,3,2,1,1,0,0,0,0,0,0
98000,9985,2845,7,3,3,1,3,0,2,0,0,0,0,0,0,0,0,0
98100,9986,3020,6,0,2,0,3,0,2,0,1,0,0,0,0,0,0,0
98200,9988,3436,5,0,5,0,1,0,0,0,1,1,0,0,0,0,0,0
98300,9987,3659,6,5,3,0,3,0,0,0,1,1,0,0,0,0,0,0
98400,9990,3267,5,4,2,0,1,0,1,1,1,0,0,0,0,0,0,0
98500,9987,2782,6,0,0,0,4,1,1,0,2,0,0,0,0,0,0,0
98600,9991,2295,4,0,2,1,1,0,0,0,2,0,0,0,0,0,0,0
98700,9993,2433,5,0,0,0,1,0,1,1,0,0,0,0,0,0,0,0
98800,9988,2597,8,0,2,0,0,0,2,1,0,0,0,0,0,0,0,0
98900,9986,2749,5,0,3,2,0,0,5,0,1,1,0,0,0,0,0,0
99000,9988,2989,7,1,0,1,1,1,2,1,2,0,0,0,0,0,0,0
99100,9992,3044,5,2,2,0,1,1,0,1,0,1,0,0,0,0,0,0
99200,9992,3333,5,3,0,0,3,1,0,1,0,0,0,0,0,0,0,0
99300,9992,3538,5,21,0,0,1,0,1,0,1,0,0,0,0,0,0,0
99400,9988,3133,6,46,1,0,3,0,2,0,0,0,0,0,0,0,0,0
99500,9989,2810,6,5,1,2,1,0,1,1,2,0,0,0,0,0,0,0
99600,9985,2180,8,0,2,1,3,0,2,0,0,0,0,0,0,0,0,0
99700,9988,1949,5,0,1,1,3,1,1,0,2,0,0,0,0,0,0,0
99800,9985,1581,7,0,1,1,5,4,1,3,1,0,0,0,0,0,0,0
99900,9984,1864,9,10,2,0,0,1,4,0,1,0,0,0,0,0,0,0
100000,9984,1953,8,4,2,0,4,4,1,1,1,0,0,0,0,0,0,0
