update,host_task_NOT,sym_task_NOT,host_task_NAND,sym_task_NAND,host_task_AND,sym_task_AND,host_task_ORN,sym_task_ORN,host_task_OR,sym_task_OR,host_task_ANDN,sym_task_ANDN,host_task_NOR,sym_task_NOR,host_task_XOR,sym_task_XOR,host_task_EQU,sym_task_EQU
0,0,0,0,0,0,0,0,0,0,0,0,0,0,0,0,0,0,0
100,9998,0,0,0,1,0,0,0,2,0,1,0,0,0,0,0,0,0
200,9991,0,0,0,4,0,0,0,3,0,2,0,0,0,0,0,0,0
300,9992,0,0,0,4,0,0,0,3,0,1,0,0,0,0,0,0,0
400,9995,0,0,0,2,0,0,0,2,0,1,0,0,0,0,0,0,0
500,9993,0,0,0,3,0,1,0,3,0,0,0,0,0,0,0,0,0
600,9993,0,2,0,2,0,1,0,1,0,1,0,0,0,0,0,0,0
700,9989,0,4,0,2,0,4,0,1,0,0,0,0,0,0,0,0,0
800,9988,0,4,0,3,0,1,0,3,0,1,0,0,0,0,0,0,0
900,9989,0,4,0,1,0,1,0,4,0,1,0,0,0,0,0,0,0
1000,9990,0,4,0,2,0,2,0,1,0,1,0,0,0,0,0,0,0
1100,9987,0,4,0,2,0,0,0,6,0,1,0,0,0,0,0,0,0
1200,9992,0,5,0,0,0,3,0,0,0,0,0,0,0,0,0,0,0
1300,9983,0,4,0,3,0,3,0,5,0,2,0,0,0,0,0,0,0
1400,9991,0,4,0,1,0,1,0,2,0,1,0,0,0,0,0,0,0
1500,9984,0,5,0,3,0,4,0,3,0,1,0,0,0,0,0,0,0
1600,9987,0,5,0,3,0,3,0,2,0,0,0,0,0,0,0,0,0
1700,9988,0,4,0,2,0,2,0,1,0,3,0,0,0,0,0,0,0
1800,9991,0,4,0,1,0,0,0,3,0,1,0,0,0,0,0,0,0
1900,9991,0,4,0,1,0,3,0,1,0,0,0,0,0,0,0,0,0
2000,9982,0,5,0,3,0,5,0,4,0,1,0,0,0,0,0,0,0
2100,9990,0,5,0,2,0,2,0,1,0,0,0,0,0,0,0,0,0
2200,9988,0,5,0,2,0,4,0,1,0,0,0,0,0,0,0,0,0
2300,9974,0,11,0,3,0,5,0,4,0,3,0,0,0,0,0,0,0
2400,9983,0,8,0,2,0,5,0,2,0,0,0,0,0,0,0,0,0
2500,9982,0,8,0,1,0,5,0,4,0,0,0,0,0,0,0,0,0
2600,9977,0,8,0,1,0,7,0,6,0,1,0,0,0,0,0,0,0
2700,9978,0,12,0,2,0,2,0,5,0,1,0,0,0,0,0,0,0
2800,9976,0,13,0,3,0,5,0,2,0,1,0,0,0,0,0,0,0
2900,9982,0,12,0,0,0,5,0,1,0,0,0,0,0,0,0,0,0
3000,9970,0,17,0,1,0,7,0,2,0,2,0,1,0,0,0,0,0
3100,9977,0,13,0,1,0,5,0,4,0,0,0,0,0,0,0,0,0
3200,9976,0,14,0,3,0,4,0,3,0,0,0,0,0,0,0,0,0
3300,9971,0,17,0,2,0,5,0,4,0,1,0,0,0,0,0,0,0
3400,9967,0,19,0,2,0,6,0,4,0,2,0,0,0,0,0,0,0
3500,9970,0,22,0,1,0,7,0,0,0,0,0,0,0,0,0,0,0
3600,9975,0,17,0,3,0,2,0,0,0,3,0,0,0,0,0,0,0
3700,9973,0,18,0,1,0,3,0,3,0,2,0,0,0,0,0,0,0
3800,9977,0,10,0,1,0,6,0,6,0,0,0,0,0,0,0,0,0
3900,9972,0,14,0,2,0,7,0,3,0,2,0,0,0,0,0,0,0
4000,9974,0,13,0,0,0,8,0,5,0,0,0,0,0,0,0,0,0
4100,9972,0,11,0,3,0,5,0,8,0,1,0,0,0,0,0,0,0
4200,9971,0,15,0,2,0,7,0,4,0,1,0,0,0,0,0,0,0
4300,9978,0,15,0,1,0,2,0,2,0,2,0,0,0,0,0,0,0
4400,9966,0,20,0,1,0,12,0,0,0,1,0,0,0,0,0,0,0
4500,9966,0,17,0,2,0,7,0,5,0,2,0,1,0,0,0,0,0
4600,9966,0,13,0,5,0,9,0,6,0,1,0,0,0,0,0,0,0
4700,9966,0,14,0,3,0,12,0,4,0,1,0,0,0,0,0,0,0
4800,9961,0,19,0,3,0,7,0,9,0,1,0,0,0,0,0,0,0
4900,9968,0,23,0,2,0,3,0,4,0,0,0,0,0,0,0,0,0
5000,9955,0,27,0,2,0,12,0,4,0,0,0,0,0,0,0,0,0
5100,9964,0,28,0,0,0,6,0,1,0,1,0,0,0,0,0,0,0
5200,9951,0,35,0,3,0,7,0,4,0,0,0,0,0,0,0,0,0
5300,9951,0,38,0,1,0,7,0,0,0,3,0,0,0,0,0,0,0
5400,9940,0,43,0,1,0,13,0,0,0,3,0,0,0,0,0,0,0
5500,9940,0,45,0,2,0,12,0,1,0,0,0,0,0,0,0,0,0
5600,9930,0,47,0,4,0,13,0,4,0,2,0,0,0,0,0,0,0
5700,9933,0,46,0,2,0,14,0,5,0,0,0,0,0,0,0,0,0
5800,9921,0,53,0,5,0,12,0,6,0,3,0,0,0,0,0,0,0
5900,9911,0,61,0,3,0,14,0,10,0,1,0,0,0,0,0,0,0
6000,9910,0,66,0,3,0,13,0,5,0,3,0,0,0,0,0,0,0
6100,9906,0,71,0,4,0,10,0,6,0,3,0,0,0,0,0,0,0
6200,9903,0,72,0,5,0,15,0,4,0,1,0,0,0,0,0,0,0
6300,9895,0,81,0,1,0,16,0,5,0,2,0,0,0,0,0,0,0
6400,9902,0,82,0,1,0,8,0,7,0,0,0,0,0,0,0,0,0
6500,9902,0,79,0,1,0,10,0,7,0,1,0,0,0,0,0,0,0
6600,9900,0,77,0,3,0,12,0,8,0,0,0,0,0,0,0,0,0
6700,9888,0,89,0,4,0,15,0,2,0,2,0,0,0,0,0,0,0
6800,9882,0,98,0,4,0,10,0,5,0,1,0,0,0,0,0,0,0
6900,9877,0,104,0,0,0,12,0,2,0,4,0,1,0,0,0,0,0
7000,9867,0,114,0,1,0,8,0,8,0,2,0,0,0,0,0,0,0
7100,9872,0,106,0,3,0,13,0,5,0,1,0,0,0,0,0,0,0
7200,9867,0,113,0,3,0,9,0,7,0,0,0,1,0,0,0,0,0
7300,9869,0,111,0,2,0,10,0,6,0,2,0,0,0,0,0,0,0
7400,9887,0,97,0,2,0,11,0,1,0,2,0,0,0,0,0,0,0
7500,9870,0,105,0,5,0,13,0,6,0,1,0,0,0,0,0,0,0
7600,9867,0,105,0,2,0,12,0,13,0,1,0,0,0,0,0,0,0
7700,9877,0,108,0,1,0,9,0,3,0,2,0,0,0,0,0,0,0
7800,9859,0,112,0,4,0,13,0,10,0,1,0,1,0,0,0,0,0
7900,9858,0,107,0,0,0,26,0,6,0,3,0,0,0,0,0,0,0
8000,9856,0,112,0,3,0,21,0,2,0,6,0,0,0,0,0,0,0
8100,9847,0,118,0,4,0,23,0,5,0,3,0,0,0,0,0,0,0
8200,9846,0,119,0,5,0,23,0,3,0,3,0,1,0,0,0,0,0
8300,9846,0,117,0,6,0,24,0,4,0,3,0,0,0,0,0,0,0
8400,9845,0,119,0,4,0,24,0,6,0,2,0,0,0,0,0,0,0
8500,9826,0,137,0,3,0,24,0,7,0,2,0,1,0,0,0,0,0
8600,9839,0,130,0,2,0,18,0,9,0,0,0,2,0,0,0,0,0
8700,9860,0,116,0,1,0,15,0,6,0,2,0,0,0,0,0,0,0
8800,9860,0,118,0,1,0,14,0,6,0,1,0,0,0,0,0,0,0
8900,9876,0,97,0,2,0,12,0,11,0,2,0,0,0,0,0,0,0
9000,9856,0,110,0,6,0,22,0,5,0,1,0,0,0,0,0,0,0
9100,9836,0,133,0,6,0,18,0,4,0,2,0,1,0,0,0,0,0
9200,9845,0,127,0,3,0,9,0,9,0,7,0,0,0,0,0,0,0
9300,9838,0,136,0,4,0,11,0,6,0,5,0,0,0,0,0,0,0
9400,9818,0,159,0,3,0,9,0,7,0,4,0,0,0,0,0,0,0
9500,9800,0,179,0,7,0,6,0,5,0,3,0,0,0,0,0,0,0
9600,9755,0,212,0,5,0,12,0,13,0,3,0,0,0,0,0,0,0
9700,9775,0,193,0,8,0,12,0,10,0,2,0,0,0,0,0,0,0
9800,9784,0,188,0,7,0,8,0,4,0,6,0,3,0,0,0,0,0
9900,9766,0,202,0,10,0,10,0,9,0,3,0,0,0,0,0,0,0
10000,9772,0,207,0,4,0,10,0,4,0,3,0,0,0,0,0,0,0
10100,9768,0,214,0,2,0,9,0,2,0,5,0,0,0,0,0,0,0
10200,9756,0,213,0,8,0,8,0,11,0,4,0,0,0,0,0,0,0
10300,9770,0,210,0,8,0,9,0,2,0,0,0,1,0,0,0,0,0
10400,9698,0,279,0,8,0,8,0,6,0,1,0,0,0,0,0,0,0
10500,9657,0,310,0,9,0,10,0,10,0,4,0,0,0,0,0,0,0
10600,9693,0,285,0,11,0,7,0,2,0,2,0,0,0,0,0,0,0
10700,9686,0,292,0,4,0,12,0,5,0,1,0,0,0,0,0,0,0
10800,9690,0,290,0,6,0,6,0,5,0,3,0,0,0,0,0,0,0
10900,9684,0,299,0,5,0,8,0,3,0,1,0,0,0,0,0,0,0
11000,9694,0,284,0,4,0,6,0,9,0,3,0,0,0,0,0,0,0
11100,9714,0,265,0,5,0,12,0,2,0,1,0,1,0,0,0,0,0
11200,9708,0,272,0,6,0,7,0,4,0,3,0,0,0,0,0,0,0
11300,9671,0,309,0,3,0,10,0,4,0,2,0,0,0,0,0,1,0
11400,9670,0,311,0,4,0,7,0,6,0,2,0,0,0,0,0,0,0
11500,9663,0,315,0,4,0,9,0,8,0,1,0,0,0,0,0,0,0
11600,9643,0,338,0,3,0,9,0,4,0,3,0,0,0,0,0,0,0
11700,9657,0,320,0,3,0,8,0,9,0,3,0,0,0,0,0,0,0
11800,9633,0,351,0,1,0,4,0,7,0,3,0,1,0,0,0,0,0
11900,9664,0,322,0,2,0,6,0,3,0,3,0,0,0,0,0,0,0
12000,9678,0,291,0,6,0,14,0,9,0,2,0,0,0,0,0,0,0
12100,9728,0,256,0,5,0,3,0,7,0,1,0,0,0,0,0,0,0
12200,9736,0,239,0,6,0,6,0,9,0,4,0,0,0,0,0,0,0
12300,9743,0,242,0,6,0,2,0,5,0,2,0,0,0,0,0,0,0
12400,9744,0,237,0,6,0,6,0,6,0,1,0,0,0,0,0,0,0
12500,9728,0,244,0,7,0,9,0,8,0,4,0,0,0,0,0,0,0
12600,9755,0,230,0,4,0,8,0,2,0,1,0,0,0,0,0,0,0
12700,9746,0,240,0,2,0,6,0,5,0,1,0,0,0,0,0,0,0
12800,9744,0,238,0,4,0,9,0,5,0,0,0,0,0,0,0,0,0
12900,9737,0,236,0,6,0,7,0,11,0,3,0,0,0,0,0,0,0
13000,9774,0,203,0,8,0,5,0,10,0,0,0,0,0,0,0,0,0
13100,9777,0,209,0,5,0,5,0,1,0,2,0,0,0,0,0,1,0
13200,9794,0,196,0,3,0,1,0,1,0,5,0,0,0,0,0,0,0
13300,9800,0,183,0,5,0,8,0,2,0,2,0,0,0,0,0,0,0
13400,9784,0,197,0,6,0,8,0,4,0,1,0,0,0,0,0,0,0
13500,9787,0,197,0,2,0,7,0,4,0,3,0,0,0,0,0,0,0
13600,9768,0,199,0,3,0,11,0,10,0,9,0,0,0,0,0,0,0
13700,9778,0,198,0,8,0,12,0,4,0,0,0,0,0,0,0,0,0
13800,9752,0,217,0,8,0,14,0,6,0,3,0,0,0,0,0,0,0
13900,9779,0,204,0,5,0,6,0,4,0,2,0,0,0,0,0,0,0
14000,9747,0,234,0,5,0,8,0,6,0,0,0,0,0,0,0,0,0
14100,9795,0,188,0,2,0,10,0,5,0,0,0,0,0,0,0,0,0
14200,9789,0,188,0,7,0,9,0,3,0,4,0,0,0,0,0,0,0
14300,9791,0,194,0,6,0,5,0,3,0,1,0,0,0,0,0,0,0
14400,9803,0,177,0,4,0,5,0,7,0,4,0,0,0,0,0,0,0
14500,9811,0,169,0,5,0,2,0,9,0,3,0,1,0,0,0,0,0
14600,9830,0,153,0,5,0,6,0,5,0,1,0,0,0,0,0,0,0
14700,9795,0,182,0,4,0,7,0,6,0,6,0,0,0,0,0,0,0
14800,9776,0,209,0,4,0,4,0,5,0,2,0,0,0,0,0,0,0
14900,9778,0,206,0,1,0,7,0,6,0,2,0,0,0,0,0,0,0
15000,9781,0,206,0,2,0,5,0,3,0,3,0,0,0,0,0,0,0
15100,9737,0,239,0,5,0,8,0,7,0,4,0,0,0,0,0,0,0
15200,9776,0,204,0,4,0,11,0,4,0,1,0,0,0,0,0,0,0
15300,9740,0,216,0,3,0,31,0,8,0,1,0,1,0,0,0,0,0
15400,9728,0,233,0,4,0,29,0,4,0,2,0,0,0,0,0,0,0
15500,9740,0,227,0,3,0,28,0,1,0,1,0,0,0,0,0,0,0
15600,9724,0,237,0,4,0,29,0,4,0,2,0,0,0,0,0,0,0
15700,9728,0,228,0,6,0,26,0,5,0,7,0,0,0,0,0,0,0
15800,9774,0,171,0,12,0,29,0,8,0,6,0,0,0,0,0,0,0
15900,9762,0,193,0,9,0,29,0,5,0,1,0,1,0,0,0,0,0
16000,9783,0,173,0,11,0,28,0,3,0,2,0,0,0,0,0,0,0
16100,9811,0,142,0,10,0,28,0,6,0,3,0,0,0,0,0,0,0
16200,9825,0,129,0,9,0,29,0,6,0,2,0,0,0,0,0,0,0
16300,9832,0,132,0,3,0,23,0,4,0,3,0,3,0,0,0,0,0
16400,9834,0,133,0,9,0,16,0,5,0,2,0,1,0,0,0,0,0
16500,9830,0,135,0,10,0,8,0,12,0,5,0,0,0,0,0,0,0
16600,9845,0,132,0,13,0,6,0,3,0,1,0,0,0,0,0,0,0
16700,9845,0,128,0,11,0,9,0,2,0,5,0,0,0,0,0,0,0
16800,9840,0,126,0,13,0,8,0,9,0,4,0,0,0,0,0,0,0
16900,9825,0,158,0,8,0,4,0,1,0,4,0,0,0,0,0,0,0
17000,9813,0,168,0,11,0,5,0,2,0,1,0,0,0,0,0,0,0
17100,9813,0,157,0,11,0,12,0,6,0,1,0,0,0,0,0,0,0
17200,9816,0,165,0,8,0,4,0,5,0,2,0,0,0,0,0,0,0
17300,9809,0,165,0,9,0,8,0,6,0,3,0,0,0,0,0,0,0
17400,9802,0,175,0,10,0,5,0,7,0,1,0,0,0,0,0,0,0
17500,9836,0,147,0,7,0,8,0,1,0,1,0,0,0,0,0,0,0
17600,9822,0,150,0,13,0,7,0,6,0,2,0,0,0,0,0,0,0
17700,9818,0,161,0,8,0,4,0,6,0,1,0,2,0,0,0,0,0
17800,9812,0,162,0,11,0,10,0,4,0,1,0,0,0,0,0,0,0
17900,9832,0,145,0,9,0,6,0,6,0,2,0,0,0,0,0,0,0
18000,9848,0,136,0,6,0,5,0,3,0,2,0,0,0,0,0,0,0
18100,9840,0,132,0,8,0,9,0,7,0,2,0,2,0,0,0,0,0
18200,9844,0,132,0,10,0,6,0,7,0,1,0,0,0,0,0,0,0
18300,9809,0,170,0,12,0,7,0,1,0,1,0,0,0,0,0,0,0
18400,9805,0,172,0,13,0,6,0,3,0,1,0,0,0,0,0,0,0
18500,9806,0,168,0,12,0,8,0,4,0,1,0,1,0,0,0,0,0
18600,9794,0,182,0,12,0,4,0,6,0,2,0,0,0,0,0,0,0
18700,9756,0,207,0,15,0,8,0,7,0,4,0,3,0,0,0,0,0
18800,9769,0,209,0,12,0,6,0,3,0,1,0,0,0,0,0,0,0
18900,9766,0,212,0,13,0,3,0,4,0,2,0,0,0,0,0,0,0
19000,9773,0,202,0,15,0,2,0,5,0,3,0,0,0,0,0,0,0
19100,9770,0,216,0,9,0,3,0,2,0,0,0,0,0,0,0,0,0
19200,9774,0,199,0,12,0,3,0,8,0,4,0,0,0,0,0,0,0
19300,9784,0,200,0,9,0,2,0,2,0,3,0,0,0,0,0,0,0
19400,9752,0,228,0,13,0,3,0,3,0,1,0,0,0,0,0,0,0
19500,9702,0,275,0,15,0,3,0,3,0,2,0,0,0,0,0,0,0
19600,9708,0,267,0,13,0,2,0,5,0,4,0,1,0,0,0,0,0
19700,9701,0,272,0,18,0,2,0,5,0,2,0,0,0,0,0,0,0
19800,9688,0,277,0,12,0,19,0,2,0,2,0,0,0,0,0,0,0
19900,9669,0,280,0,13,0,31,0,6,0,1,0,0,0,0,0,0,0
20000,9660,0,303,0,8,0,25,0,3,0,1,0,0,0,0,0,0,0
20100,9653,0,299,0,12,0,31,0,5,0,0,0,0,0,0,0,0,0
20200,9679,0,282,0,9,0,23,0,6,0,1,0,0,0,0,0,0,0
20300,9688,0,264,0,12,0,28,0,7,0,1,0,0,0,0,0,0,0
20400,9721,0,238,0,11,0,24,0,5,0,1,0,0,0,0,0,0,0
20500,9749,0,211,0,8,0,24,0,7,0,1,0,0,0,0,0,0,0
20600,9762,0,202,0,9,0,26,0,1,0,0,0,0,0,0,0,0,0
20700,9757,0,201,0,9,0,26,0,3,0,3,0,0,0,0,0,1,0
20800,9755,0,206,0,8,0,28,0,2,0,1,0,0,0,0,0,0,0
20900,9753,0,204,0,10,0,28,0,3,0,2,0,0,0,0,0,0,0
21000,9702,0,261,0,8,0,25,0,3,0,1,0,0,0,0,0,0,0
21100,9695,0,262,0,9,0,29,0,4,0,1,0,0,0,0,0,0,0
21200,9673,0,283,0,8,0,33,0,3,0,0,0,0,0,0,0,0,0
21300,9677,0,280,0,9,0,31,0,3,0,0,0,0,0,0,0,0,0
21400,9675,0,285,0,5,0,31,0,3,0,1,0,0,0,0,0,0,0
21500,9672,0,280,0,9,0,31,0,6,0,2,0,0,0,0,0,0,0
21600,9655,0,304,0,6,0,33,0,1,0,1,0,0,0,0,0,0,0
21700,9625,0,332,0,8,0,32,0,2,0,1,0,0,0,0,0,0,0
21800,9677,0,272,0,11,0,38,0,2,0,0,0,0,0,0,0,0,0
21900,9685,0,275,0,6,0,31,0,2,0,1,0,0,0,0,0,0,0
22000,9692,0,269,0,10,0,28,0,1,0,0,0,0,0,0,0,0,0
22100,9704,0,252,0,7,0,32,0,4,0,1,0,0,0,0,0,0,0
22200,9721,0,254,0,10,0,14,0,0,0,1,0,0,0,0,0,0,0
22300,9720,0,264,0,7,0,3,0,5,0,1,0,0,0,0,0,0,0
22400,9727,0,253,0,10,0,6,0,4,0,0,0,0,0,0,0,0,0
22500,9727,0,243,0,9,0,9,0,10,0,2,0,0,0,0,0,0,0
22600,9744,0,234,0,8,0,9,0,5,0,0,0,0,0,0,0,0,0
22700,9747,0,238,0,8,0,6,0,0,0,1,0,0,0,0,0,0,0
22800,9758,0,218,0,11,0,8,0,5,0,0,0,0,0,0,0,0,0
22900,9733,0,243,0,9,0,8,0,3,0,4,0,0,0,0,0,0,0
23000,9728,0,254,0,7,0,5,0,4,0,2,0,0,0,0,0,0,0
23100,9738,0,246,0,9,0,5,0,2,0,0,0,0,0,0,0,0,0
23200,9761,0,223,0,6,0,6,0,4,0,0,0,0,0,0,0,0,0
23300,9776,0,212,0,6,0,4,0,1,0,1,0,0,0,0,0,0,0
23400,9769,0,220,0,6,0,2,0,2,0,1,0,0,0,0,0,0,0
23500,9776,0,211,0,3,0,7,0,3,0,0,0,0,0,0,0,0,0
23600,9781,0,198,0,8,0,5,0,3,0,5,0,0,0,0,0,0,0
23700,9829,0,157,0,4,0,4,0,3,0,3,0,0,0,0,0,0,0
23800,9835,0,148,0,12,0,2,0,3,0,0,0,0,0,0,0,0,0
23900,9822,0,149,0,13,0,4,0,10,0,1,0,1,0,0,0,0,0
24000,9815,0,162,0,12,0,1,0,9,0,1,0,0,0,0,0,0,0
24100,9824,0,151,0,13,0,1,0,10,0,1,0,0,0,0,0,0,0
24200,9813,0,165,0,12,0,2,0,8,0,0,0,0,0,0,0,0,0
24300,9815,0,156,0,17,0,2,0,8,0,2,0,0,0,0,0,0,0
24400,9835,0,143,0,13,0,2,0,6,0,1,0,0,0,0,0,0,0
24500,9785,0,193,0,11,0,0,0,10,0,1,0,0,0,0,0,0,0
24600,9766,0,207,0,12,0,8,0,6,0,1,0,0,0,0,0,0,0
24700,9788,0,183,0,14,0,9,0,3,0,2,0,1,0,0,0,0,0
24800,9775,0,179,0,12,0,22,0,9,0,3,0,0,0,0,0,0,0
24900,9806,0,156,0,11,0,15,0,11,0,1,0,0,0,0,0,0,0
25000,9807,0,154,0,13,0,16,0,6,0,4,0,0,0,0,0,0,0
25100,9798,0,156,0,19,0,16,0,11,0,0,0,0,0,0,0,0,0
25200,9789,0,165,0,20,0,15,0,10,0,1,0,0,0,0,0,0,0
25300,9778,0,180,0,19,0,14,0,9,0,0,0,0,0,0,0,0,0
25400,9760,0,189,0,19,0,16,0,15,0,1,0,0,0,0,0,0,0
25500,9755,0,205,0,17,0,15,0,8,0,0,0,0,0,0,0,0,0
25600,9765,0,188,0,19,0,20,0,5,0,3,0,0,0,0,0,0,0
25700,9773,0,189,0,11,0,15,0,11,0,1,0,0,0,0,0,0,0
25800,9762,0,187,0,17,0,18,0,16,0,0,0,0,0,0,0,0,0
25900,9770,0,179,0,22,0,18,0,11,0,0,0,0,0,0,0,0,0
26000,9810,0,160,0,11,0,10,0,7,0,2,0,0,0,0,0,0,0
26100,9827,0,160,0,2,0,1,0,9,0,1,0,0,0,0,0,0,0
26200,9834,0,151,0,6,0,0,0,7,0,2,0,0,0,0,0,0,0
26300,9867,0,110,0,7,0,3,0,11,0,2,0,0,0,0,0,0,0
26400,9885,0,93,0,6,0,5,0,8,0,3,0,0,0,0,0,0,0
26500,9907,0,81,0,5,0,1,0,3,0,3,0,0,0,0,0,0,0
26600,9897,0,84,0,7,0,2,0,9,0,1,0,0,0,0,0,0,0
26700,9904,0,83,0,6,0,0,0,7,0,0,0,0,0,0,0,0,0
26800,9901,0,81,0,5,0,5,0,7,0,1,0,0,0,0,0,0,0
26900,9917,0,69,0,5,0,2,0,7,0,0,0,0,0,0,0,0,0
27000,9909,0,69,0,7,0,3,0,9,0,3,0,0,0,0,0,0,0
27100,9917,0,65,0,7,0,2,0,8,0,1,0,0,0,0,0,0,0
27200,9917,0,71,0,4,0,3,0,4,0,1,0,0,0,0,0,0,0
27300,9912,0,67,0,7,0,6,0,8,0,0,0,0,0,0,0,0,0
27400,9902,0,83,0,2,0,2,0,11,0,0,0,0,0,0,0,0,0
27500,9916,0,73,0,5,0,0,0,6,0,0,0,0,0,0,0,0,0
27600,9923,0,60,0,1,0,3,0,9,0,4,0,0,0,0,0,0,0
27700,9918,0,67,0,1,0,3,0,7,0,4,0,0,0,0,0,0,0
27800,9920,0,71,0,1,0,6,0,1,0,1,0,0,0,0,0,0,0
27900,9916,0,75,0,4,0,2,0,2,0,1,0,0,0,0,0,0,0
28000,9898,0,95,0,1,0,3,0,1,0,2,0,0,0,0,0,0,0
28100,9898,0,94,0,3,0,2,0,0,0,3,0,0,0,0,0,0,0
28200,9914,0,83,0,1,0,1,0,1,0,0,0,0,0,0,0,0,0
28300,9904,0,85,0,2,0,6,0,1,0,1,0,1,0,0,0,0,0
28400,9904,0,85,0,2,0,2,0,5,0,2,0,0,0,0,0,0,0
28500,9894,0,91,0,2,0,3,0,8,0,2,0,0,0,0,0,0,0
28600,9890,0,96,0,3,0,3,0,6,0,2,0,0,0,0,0,0,0
28700,9902,0,89,0,1,0,3,0,4,0,1,0,0,0,0,0,0,0
28800,9904,0,88,0,0,0,4,0,3,0,1,0,0,0,0,0,0,0
28900,9904,0,90,0,2,0,1,0,1,0,2,0,0,0,0,0,0,0
29000,9908,0,82,0,1,0,3,0,5,0,1,0,0,0,0,0,0,0
29100,9912,0,81,0,1,0,3,0,0,0,3,0,0,0,0,0,0,0
29200,9907,0,81,0,3,0,4,0,4,0,1,0,0,0,0,0,0,0
29300,9909,0,81,0,5,0,0,0,4,0,1,0,0,0,0,0,0,0
29400,9907,0,85,0,1,0,3,0,4,0,0,0,0,0,0,0,0,0
29500,9901,0,95,0,1,0,0,0,3,0,0,0,0,0,0,0,0,0
29600,9887,0,102,0,2,0,6,0,2,0,1,0,0,0,0,0,0,0
29700,9896,0,103,0,0,0,1,0,0,0,0,0,0,0,0,0,0,0
29800,9895,0,96,0,1,0,3,0,3,0,2,0,0,0,0,0,0,0
29900,9889,0,100,0,4,0,3,0,3,0,1,0,0,0,0,0,0,0
30000,9896,0,101,0,1,0,1,0,0,0,1,0,0,0,0,0,0,0
30100,9882,0,103,0,4,0,3,0,6,0,2,0,0,0,0,0,0,0
30200,9896,0,94,0,3,0,3,0,3,0,1,0,0,0,0,0,0,0
30300,9895,0,96,0,3,0,1,0,3,0,2,0,0,0,0,0,0,0
30400,9908,0,86,0,1,0,3,0,1,0,1,0,0,0,0,0,0,0
30500,9921,0,70,0,3,0,1,0,5,0,0,0,0,0,0,0,0,0
30600,9920,0,72,0,2,0,3,0,3,0,0,0,0,0,0,0,0,0
30700,9923,0,69,0,1,0,2,0,3,0,1,0,1,0,0,0,0,0
30800,9932,0,66,0,1,0,0,0,1,0,0,0,0,0,0,0,0,0
30900,9925,0,66,0,4,0,3,0,2,0,0,0,0,0,0,0,0,0
31000,9967,0,29,0,0,0,1,0,2,0,1,0,0,0,0,0,0,0
31100,9962,0,23,0,6,0,3,0,4,0,2,0,0,0,0,0,0,0
31200,9969,0,26,0,3,0,0,0,1,0,1,0,0,0,0,0,0,0
31300,9976,0,21,0,1,0,2,0,0,0,0,0,0,0,0,0,0,0
31400,9972,0,21,0,1,0,4,0,0,0,2,0,0,0,0,0,0,0
31500,9982,0,16,0,1,0,1,0,0,0,0,0,0,0,0,0,0,0
31600,9968,0,24,0,2,0,2,0,3,0,1,0,0,0,0,0,0,0
31700,9981,0,15,0,2,0,0,0,2,0,0,0,0,0,0,0,0,0
31800,9981,0,13,0,2,0,0,0,2,0,2,0,0,0,0,0,0,0
31900,9986,0,13,0,1,0,0,0,0,0,0,0,0,0,0,0,0,0
32000,9981,0,12,0,3,0,0,0,3,0,1,0,0,0,0,0,0,0
32100,9916,0,79,0,2,0,1,0,2,0,0,0,0,0,0,0,0,0
32200,9920,0,72,0,3,0,3,0,2,0,0,0,0,0,0,0,0,0
32300,9921,0,73,0,0,0,1,0,2,0,3,0,0,0,0,0,0,0
32400,9924,0,70,0,3,0,1,0,1,0,1,0,0,0,0,0,0,0
32500,9919,0,72,0,2,0,3,0,4,0,0,0,0,0,0,0,0,0
32600,9928,0,70,0,1,0,1,0,0,0,0,0,0,0,0,0,0,0
32700,9921,0,72,0,0,0,3,0,4,0,0,0,0,0,0,0,0,0
32800,9922,0,69,0,2,0,3,0,3,0,1,0,0,0,0,0,0,0
32900,9926,0,71,0,1,0,1,0,1,0,0,0,0,0,0,0,0,0
33000,9927,0,71,0,1,0,0,0,1,0,0,0,0,0,0,0,0,0
33100,9923,0,72,0,1,0,1,0,2,0,1,0,0,0,0,0,0,0
33200,9921,0,67,0,0,0,6,0,4,0,2,0,0,0,0,0,0,0
33300,9922,0,68,0,1,0,3,0,6,0,0,0,0,0,0,0,0,0
33400,9918,0,73,0,1,0,3,0,5,0,0,0,0,0,0,0,0,0
33500,9929,0,69,0,1,0,0,0,0,0,1,0,0,0,0,0,0,0
33600,9921,0,70,0,3,0,0,0,6,0,0,0,0,0,0,0,0,0
33700,9920,0,68,0,4,0,4,0,3,0,1,0,0,0,0,0,0,0
33800,9926,0,69,0,2,0,2,0,0,0,1,0,0,0,0,0,0,0
33900,9919,0,72,0,2,0,1,0,2,0,4,0,0,0,0,0,0,0
34000,9922,0,69,0,1,0,2,0,3,0,3,0,0,0,0,0,0,0
34100,9925,0,74,0,1,0,0,0,0,0,0,0,0,0,0,0,0,0
34200,9903,0,87,0,4,0,1,0,3,0,2,0,0,0,0,0,0,0
34300,9915,0,78,0,1,0,4,0,2,0,0,0,0,0,0,0,0,0
34400,9915,0,78,0,2,0,1,0,3,0,1,0,0,0,0,0,0,0
34500,9909,0,79,0,1,0,7,0,3,0,1,0,0,0,0,0,0,0
34600,9907,0,85,0,2,0,5,0,0,0,1,0,0,0,0,0,0,0
34700,9911,0,81,0,1,0,1,0,5,0,1,0,0,0,0,0,0,0
34800,9914,0,75,0,2,0,1,0,6,0,2,0,0,0,0,0,0,0
34900,9927,0,67,0,2,0,1,0,1,0,2,0,0,0,0,0,0,0
35000,9924,0,67,0,0,0,4,0,3,0,2,0,0,0,0,0,0,0
35100,9927,0,68,0,1,0,0,0,4,0,0,0,0,0,0,0,0,0
35200,9925,0,66,0,2,0,2,0,4,0,1,0,0,0,0,0,0,0
35300,9914,0,77,0,3,0,2,0,3,0,1,0,0,0,0,0,0,0
35400,9926,0,67,0,0,0,2,0,4,0,1,0,0,0,0,0,0,0
35500,9920,0,73,0,3,0,0,0,4,0,0,0,0,0,0,0,0,0
35600,9930,0,65,0,0,0,3,0,2,0,0,0,0,0,0,0,0,0
35700,9922,0,76,0,0,0,0,0,2,0,0,0,0,0,0,0,0,0
35800,9917,0,80,0,2,0,1,0,0,0,0,0,0,0,0,0,0,0
35900,9921,0,75,0,1,0,0,0,2,0,1,0,0,0,0,0,0,0
36000,9916,0,77,0,2,0,2,0,3,0,0,0,0,0,0,0,0,0
36100,9920,0,76,0,0,0,2,0,2,0,0,0,0,0,0,0,0,0
36200,9915,0,78,0,4,0,1,0,1,0,1,0,0,0,0,0,0,0
36300,9906,0,79,0,4,0,1,0,8,0,2,0,0,0,0,0,0,0
36400,9923,0,72,0,2,0,2,0,1,0,0,0,0,0,0,0,0,0
36500,9909,0,79,0,3,0,4,0,2,0,3,0,0,0,0,0,0,0
36600,9913,0,75,0,1,0,2,0,7,0,2,0,0,0,0,0,0,0
36700,9914,0,75,0,4,0,2,0,5,0,0,0,0,0,0,0,0,0
36800,9914,0,75,0,3,0,2,0,5,0,1,0,0,0,0,0,0,0
36900,9916,0,76,0,2,0,4,0,2,0,0,0,0,0,0,0,0,0
37000,9913,0,78,0,1,0,3,0,3,0,2,0,0,0,0,0,0,0
37100,9915,0,79,0,2,0,1,0,1,0,2,0,0,0,0,0,0,0
37200,9907,0,76,0,3,0,9,0,5,0,0,0,0,0,0,0,0,0
37300,9913,0,78,0,1,0,4,0,1,0,3,0,0,0,0,0,0,0
37400,9913,0,81,0,1,0,0,0,4,0,1,0,0,0,0,0,0,0
37500,9917,0,76,0,1,0,3,0,2,0,1,0,0,0,0,0,0,0
37600,9919,0,73,0,4,0,1,0,2,0,1,0,0,0,0,0,0,0
37700,9914,0,83,0,1,0,1,0,1,0,0,0,0,0,0,0,0,0
37800,9908,0,83,0,2,0,4,0,1,0,2,0,0,0,0,0,0,0
37900,9919,0,74,0,2,0,3,0,1,0,1,0,0,0,0,0,0,0
38000,9919,0,75,0,1,0,0,0,2,0,3,0,0,0,0,0,0,0
38100,9910,0,75,0,1,0,9,0,3,0,2,0,0,0,0,0,0,0
38200,9918,0,68,0,1,0,9,0,3,0,1,0,0,0,0,0,0,0
38300,9953,0,39,0,0,0,3,0,3,0,2,0,0,0,0,0,0,0
38400,9983,0,15,0,0,0,1,0,1,0,0,0,0,0,0,0,0,0
38500,9974,0,18,0,1,0,1,0,6,0,0,0,0,0,0,0,0,0
38600,9982,0,13,0,1,0,2,0,1,0,1,0,0,0,0,0,0,0
38700,9976,0,15,0,4,0,2,0,2,0,1,0,0,0,0,0,0,0
38800,9971,0,19,0,3,0,5,0,1,0,1,0,0,0,0,0,0,0
38900,9972,0,16,0,3,0,2,0,2,0,5,0,0,0,0,0,0,0
39000,9976,0,18,0,3,0,1,0,2,0,0,0,0,0,0,0,0,0
39100,9977,0,14,0,4,0,1,0,3,0,1,0,0,0,0,0,0,0
39200,9978,0,16,0,2,0,1,0,3,0,0,0,0,0,0,0,0,0
39300,9976,0,14,0,2,0,3,0,5,0,0,0,0,0,0,0,0,0
39400,9973,0,18,0,2,0,2,0,5,0,0,0,0,0,0,0,0,0
39500,9975,0,17,0,1,0,3,0,4,0,0,0,0,0,0,0,0,0
39600,9974,0,15,0,3,0,1,0,4,0,3,0,0,0,0,0,0,0
39700,9973,0,21,0,0,0,3,0,3,0,0,0,0,0,0,0,0,0
39800,9970,0,25,0,0,0,2,0,1,0,2,0,0,0,0,0,0,0
39900,9969,0,22,0,1,0,4,0,2,0,2,0,0,0,0,0,0,0
40000,9966,0,28,0,3,0,0,0,3,0,0,0,0,0,0,0,0,0
40100,9964,0,27,0,2,0,4,0,2,0,1,0,0,0,0,0,0,0
40200,9968,0,24,0,0,0,3,0,4,0,1,0,0,0,0,0,0,0
40300,9964,0,26,0,2,0,3,0,4,0,1,0,0,0,0,0,0,0
40400,9974,0,22,0,3,0,1,0,0,0,0,0,0,0,0,0,0,0
40500,9969,0,17,0,2,0,5,0,7,0,0,0,0,0,0,0,0,0
40600,9978,0,16,0,2,0,2,0,2,0,0,0,0,0,0,0,0,0
40700,9970,0,22,0,2,0,3,0,3,0,0,0,0,0,0,0,0,0
40800,9907,0,84,0,4,0,1,0,2,0,2,0,0,0,0,0,0,0
40900,9917,0,73,0,0,0,4,0,5,0,1,0,0,0,0,0,0,0
41000,9922,0,71,0,2,0,2,0,2,0,1,0,0,0,0,0,0,0
41100,9919,0,69,0,2,0,2,0,4,0,4,0,0,0,0,0,0,0
41200,9918,0,74,0,0,0,5,0,2,0,1,0,0,0,0,0,0,0
41300,9924,0,68,0,2,0,2,0,4,0,0,0,0,0,0,0,0,0
41400,9925,0,67,0,1,0,3,0,3,0,1,0,0,0,0,0,0,0
41500,9929,0,67,0,3,0,0,0,1,0,0,0,0,0,0,0,0,0
41600,9922,0,67,0,1,0,3,0,6,0,1,0,0,0,0,0,0,0
41700,9922,0,73,0,1,0,0,0,3,0,1,0,0,0,0,0,0,0
41800,9918,0,70,0,2,0,5,0,5,0,0,0,0,0,0,0,0,0
41900,9920,0,71,0,5,0,2,0,2,0,0,0,0,0,0,0,0,0
42000,9921,0,72,0,4,0,0,0,2,0,1,0,0,0,0,0,0,0
42100,9927,0,70,0,2,0,0,0,0,0,1,0,0,0,0,0,0,0
42200,9923,0,72,0,1,0,2,0,0,0,0,0,2,0,0,0,0,0
42300,9919,0,74,0,1,0,1,0,4,0,1,0,0,0,0,0,0,0
42400,9916,0,76,0,1,0,2,0,2,0,3,0,0,0,0,0,0,0
42500,9920,0,71,0,0,0,4,0,5,0,0,0,0,0,0,0,0,0
42600,9926,0,70,0,1,0,2,0,0,0,1,0,0,0,0,0,0,0
42700,9919,0,75,0,1,0,2,0,3,0,0,0,0,0,0,0,0,0
42800,9919,0,74,0,2,0,2,0,2,0,1,0,0,0,0,0,0,0
42900,9920,0,70,0,5,0,1,0,4,0,0,0,0,0,0,0,0,0
43000,9922,0,73,0,2,0,1,0,2,0,0,0,0,0,0,0,0,0
43100,9916,0,72,0,6,0,1,0,3,0,2,0,0,0,0,0,0,0
43200,9920,0,73,0,1,0,3,0,1,0,2,0,0,0,0,0,0,0
43300,9919,0,69,0,1,0,5,0,5,0,1,0,0,0,0,0,0,0
43400,9920,0,70,0,2,0,1,0,5,0,2,0,0,0,0,0,0,0
43500,9924,0,67,0,1,0,2,0,4,0,2,0,0,0,0,0,0,0
43600,9942,0,54,0,0,0,1,0,3,0,0,0,0,0,0,0,0,0
43700,9991,0,3,0,3,0,1,0,1,0,1,0,0,0,0,0,0,0
43800,9990,0,7,0,1,0,1,0,0,0,1,0,0,0,0,0,0,0
43900,9988,0,8,0,0,0,2,0,0,0,2,0,0,0,0,0,0,0
44000,9978,0,12,0,3,0,0,0,7,0,0,0,0,0,0,0,0,0
44100,9979,0,13,0,2,0,4,0,2,0,0,0,0,0,0,0,0,0
44200,9980,0,14,0,2,0,1,0,2,0,1,0,0,0,0,0,0,0
44300,9992,0,4,0,1,0,0,0,3,0,0,0,0,0,0,0,0,0
44400,9991,0,4,0,2,0,0,0,3,0,0,0,0,0,0,0,0,0
44500,9996,0,0,0,1,0,1,0,2,0,0,0,0,0,0,0,0,0
44600,9988,0,5,0,2,0,2,0,3,0,0,0,0,0,0,0,0,0
44700,9994,0,0,0,2,0,0,0,4,0,0,0,0,0,0,0,0,0
44800,9992,0,2,0,4,0,0,0,1,0,1,0,0,0,0,0,0,0
44900,9991,0,0,0,3,0,3,0,3,0,0,0,0,0,0,0,0,0
45000,9993,0,1,0,0,0,6,0,0,0,0,0,0,0,0,0,0,0
45100,9988,0,0,0,3,0,7,0,1,0,1,0,0,0,0,0,0,0
45200,9993,0,0,0,1,0,2,0,4,0,0,0,0,0,0,0,0,0
45300,9988,0,0,0,2,0,5,0,4,0,1,0,0,0,0,0,0,0
45400,9995,0,0,0,2,0,0,0,1,0,2,0,0,0,0,0,0,0
45500,9995,0,0,0,1,0,2,0,1,0,1,0,0,0,0,0,0,0
45600,9994,0,0,0,3,0,1,0,2,0,0,0,0,0,0,0,0,0
45700,9989,0,1,0,1,0,0,0,5,0,4,0,0,0,0,0,0,0
45800,9992,0,0,0,3,0,1,0,3,0,1,0,0,0,0,0,0,0
45900,9995,0,0,0,0,0,1,0,3,0,1,0,0,0,0,0,0,0
46000,9995,0,0,0,0,0,3,0,2,0,0,0,0,0,0,0,0,0
46100,9989,0,0,0,0,0,4,0,7,0,0,0,0,0,0,0,0,0
46200,9993,0,1,0,4,0,1,0,1,0,0,0,0,0,0,0,0,0
46300,9991,0,0,0,1,0,4,0,4,0,0,0,0,0,0,0,0,0
46400,9992,0,0,0,1,0,3,0,3,0,1,0,0,0,0,0,0,0
46500,9996,0,0,0,1,0,1,0,1,0,1,0,0,0,0,0,0,0
46600,9992,0,0,0,2,0,3,0,3,0,0,0,0,0,0,0,0,0
46700,9995,0,0,0,2,0,0,0,3,0,0,0,0,0,0,0,0,0
46800,9991,0,0,0,3,0,2,0,3,0,0,0,1,0,0,0,0,0
46900,9994,0,0,0,0,0,0,0,5,0,0,0,0,0,0,0,1,0
47000,9996,0,0,0,1,0,2,0,1,0,0,0,0,0,0,0,0,0
47100,9996,0,0,0,0,0,3,0,1,0,0,0,0,0,0,0,0,0
47200,9996,0,1,0,0,0,1,0,1,0,1,0,0,0,0,0,0,0
47300,9995,0,1,0,2,0,0,0,0,0,2,0,0,0,0,0,0,0
47400,9993,0,0,0,1,0,3,0,1,0,1,0,1,0,0,0,0,0
47500,9992,0,0,0,5,0,1,0,1,0,1,0,0,0,0,0,0,0
47600,9987,0,0,0,0,0,7,0,6,0,0,0,0,0,0,0,0,0
47700,9970,0,7,0,1,0,18,0,2,0,2,0,0,0,0,0,0,0
47800,9974,0,2,0,1,0,20,0,2,0,1,0,0,0,0,0,0,0
47900,9982,0,0,0,0,0,17,0,1,0,0,0,0,0,0,0,0,0
48000,9968,0,1,0,4,0,19,0,7,0,1,0,0,0,0,0,0,0
48100,9977,0,0,0,4,0,17,0,2,0,0,0,0,0,0,0,0,0
48200,9981,0,0,0,1,0,17,0,1,0,0,0,0,0,0,0,0,0
48300,9972,0,0,0,2,0,20,0,4,0,2,0,0,0,0,0,0,0
48400,9978,0,0,0,0,0,17,0,4,0,1,0,0,0,0,0,0,0
48500,9993,0,0,0,2,0,2,0,3,0,0,0,0,0,0,0,0,0
48600,9996,0,0,0,0,0,0,0,2,0,2,0,0,0,0,0,0,0
48700,9993,0,0,0,1,0,2,0,4,0,0,0,0,0,0,0,0,0
48800,9991,0,1,0,2,0,2,0,2,0,2,0,0,0,0,0,0,0
48900,9993,0,2,0,3,0,0,0,1,0,1,0,0,0,0,0,0,0
49000,9987,0,0,0,1,0,1,0,8,0,3,0,0,0,0,0,0,0
49100,9995,0,0,0,4,0,0,0,0,0,1,0,0,0,0,0,0,0
49200,9990,0,3,0,1,0,0,0,4,0,2,0,0,0,0,0,0,0
49300,9992,0,1,0,2,0,2,0,3,0,0,0,0,0,0,0,0,0
49400,9991,0,0,0,0,0,2,0,6,0,1,0,0,0,0,0,0,0
49500,9991,0,1,0,1,0,1,0,5,0,1,0,0,0,0,0,0,0
49600,9994,0,0,0,3,0,0,0,2,0,1,0,0,0,0,0,0,0
49700,9990,0,1,0,4,0,0,0,1,0,4,0,0,0,0,0,0,0
49800,9996,0,3,0,0,0,0,0,1,0,0,0,0,0,0,0,0,0
49900,9931,0,65,0,2,0,0,0,2,0,0,0,0,0,0,0,0,0
50000,9928,0,66,0,2,0,2,0,1,0,1,0,0,0,0,0,0,0
50100,9929,0,68,0,2,0,1,0,0,0,0,0,0,0,0,0,0,0
50200,9926,0,69,0,2,0,3,0,0,0,0,0,0,0,0,0,0,0
50300,9922,0,66,0,2,0,5,0,4,0,1,0,0,0,0,0,0,0
50400,9923,0,70,0,2,0,2,0,2,0,1,0,0,0,0,0,0,0
50500,9927,0,67,0,3,0,0,0,3,0,0,0,0,0,0,0,0,0
50600,9926,0,67,0,1,0,3,0,2,0,1,0,0,0,0,0,0,0
50700,9929,0,68,0,1,0,1,0,1,0,0,0,0,0,0,0,0,0
50800,9925,0,67,0,1,0,6,0,0,0,1,0,0,0,0,0,0,0
50900,9922,0,68,0,2,0,2,0,5,0,1,0,0,0,0,0,0,0
51000,9961,0,25,0,2,0,8,0,4,0,0,0,0,0,0,0,0,0
51100,9991,0,0,0,0,0,6,0,3,0,0,0,0,0,0,0,0,0
51200,9984,0,0,0,3,0,7,0,6,0,0,0,0,0,0,0,0,0
51300,9982,0,3,0,5,0,6,0,4,0,0,0,0,0,0,0,0,0
51400,9983,0,0,0,4,0,7,0,5,0,1,0,0,0,0,0,0,0
51500,9987,0,2,0,3,0,7,0,1,0,0,0,0,0,0,0,0,0
51600,9973,0,12,0,3,0,9,0,2,0,1,0,0,0,0,0,0,0
51700,9973,0,12,0,0,0,6,0,9,0,0,0,0,0,0,0,0,0
51800,9980,0,11,0,1,0,7,0,0,0,1,0,0,0,0,0,0,0
51900,9980,0,10,0,1,0,6,0,2,0,1,0,0,0,0,0,0,0
52000,9975,0,10,0,2,0,9,0,3,0,1,0,0,0,0,0,0,0
52100,9980,0,10,0,1,0,6,0,2,0,1,0,0,0,0,0,0,0
52200,9969,0,11,0,1,0,9,0,6,0,1,0,3,0,0,0,0,0
52300,9974,0,13,0,0,0,8,0,5,0,0,0,0,0,0,0,0,0
52400,9973,0,14,0,2,0,8,0,2,0,1,0,0,0,0,0,0,0
52500,9976,0,10,0,3,0,6,0,5,0,0,0,0,0,0,0,0,0
52600,9976,0,13,0,0,0,7,0,3,0,1,0,0,0,0,0,0,0
52700,9986,0,0,0,1,0,7,0,4,0,2,0,0,0,0,0,0,0
52800,9982,0,1,0,3,0,9,0,4,0,0,0,1,0,0,0,0,0
52900,9986,0,1,0,3,0,8,0,1,0,1,0,0,0,0,0,0,0
53000,9984,0,0,0,5,0,6,0,3,0,2,0,0,0,0,0,0,0
53100,9988,0,1,0,0,0,4,0,7,0,0,0,0,0,0,0,0,0
53200,9983,0,7,0,2,0,6,0,2,0,0,0,0,0,0,0,0,0
53300,9990,0,1,0,2,0,2,0,4,0,1,0,0,0,0,0,0,0
53400,9994,0,0,0,0,0,3,0,3,0,0,0,0,0,0,0,0,0
53500,9990,0,3,0,2,0,1,0,1,0,3,0,0,0,0,0,0,0
53600,9994,0,0,0,1,0,3,0,1,0,1,0,0,0,0,0,0,0
53700,9991,0,3,0,1,0,1,0,4,0,0,0,0,0,0,0,0,0
53800,9997,0,0,0,2,0,0,0,1,0,0,0,0,0,0,0,0,0
53900,9994,0,0,0,0,0,1,0,5,0,0,0,0,0,0,0,0,0
54000,9994,0,1,0,1,0,0,0,4,0,0,0,0,0,0,0,0,0
54100,9985,0,3,0,2,0,4,0,5,0,1,0,0,0,0,0,0,0
54200,9999,0,1,0,0,0,0,0,0,0,0,0,0,0,0,0,0,0
54300,9994,0,0,0,0,0,2,0,3,0,1,0,0,0,0,0,0,0
54400,9987,0,8,0,0,0,0,0,1,0,4,0,0,0,0,0,0,0
54500,9979,0,12,0,2,0,0,0,6,0,1,0,0,0,0,0,0,0
54600,9980,0,11,0,3,0,1,0,5,0,0,0,0,0,0,0,0,0
54700,9980,0,9,0,4,0,1,0,6,0,0,0,0,0,0,0,0,0
54800,9991,0,1,0,2,0,0,0,5,0,1,0,0,0,0,0,0,0
54900,9991,0,1,0,2,0,1,0,4,0,1,0,0,0,0,0,0,0
55000,9994,0,0,0,1,0,0,0,4,0,1,0,0,0,0,0,0,0
55100,9995,0,2,0,1,0,1,0,1,0,0,0,0,0,0,0,0,0
55200,9991,0,0,0,0,0,4,0,4,0,1,0,0,0,0,0,0,0
55300,9993,0,0,0,4,0,1,0,2,0,0,0,0,0,0,0,0,0
55400,9990,0,2,0,2,0,2,0,3,0,1,0,0,0,0,0,0,0
55500,9988,0,7,0,0,0,1,0,4,0,0,0,0,0,0,0,0,0
55600,9996,0,0,0,0,0,2,0,2,0,0,0,0,0,0,0,0,0
55700,9994,0,1,0,3,0,1,0,1,0,0,0,0,0,0,0,0,0
55800,9993,0,2,0,3,0,1,0,1,0,0,0,0,0,0,0,0,0
55900,9995,0,1,0,0,0,1,0,2,0,1,0,0,0,0,0,0,0
56000,9996,0,0,0,2,0,0,0,1,0,1,0,0,0,0,0,0,0
56100,9994,0,3,0,1,0,1,0,0,0,1,0,0,0,0,0,0,0
56200,9994,0,0,0,4,0,0,0,2,0,0,0,0,0,0,0,0,0
56300,9989,0,3,0,3,0,2,0,2,0,1,0,0,0,0,0,0,0
56400,9994,0,1,0,1,0,0,0,1,0,3,0,0,0,0,0,0,0
56500,9993,0,1,0,2,0,1,0,3,0,0,0,0,0,0,0,0,0
56600,9992,0,1,0,3,0,1,0,3,0,0,0,0,0,0,0,0,0
56700,9993,0,4,0,2,0,0,0,1,0,0,0,0,0,0,0,0,0
56800,9989,0,5,0,0,0,1,0,3,0,1,0,1,0,0,0,0,0
56900,9997,0,1,0,1,0,1,0,0,0,0,0,0,0,0,0,0,0
57000,9991,0,1,0,1,0,2,0,4,0,1,0,0,0,0,0,0,0
57100,9990,0,1,0,2,0,3,0,1,0,3,0,0,0,0,0,0,0
57200,9995,0,2,0,0,0,2,0,0,0,1,0,0,0,0,0,0,0
57300,9992,0,3,0,2,0,0,0,2,0,1,0,0,0,0,0,0,0
57400,9991,0,2,0,4,0,2,0,1,0,0,0,0,0,0,0,0,0
57500,9991,0,4,0,2,0,0,0,1,0,2,0,0,0,0,0,0,0
57600,9993,0,1,0,1,0,2,0,1,0,2,0,0,0,0,0,0,0
57700,9992,0,0,0,2,0,0,0,6,0,0,0,0,0,0,0,0,0
57800,9989,0,0,0,3,0,2,0,4,0,2,0,0,0,0,0,0,0
57900,9998,0,0,0,0,0,1,0,1,0,0,0,0,0,0,0,0,0
58000,9992,0,1,0,0,0,3,0,4,0,0,0,0,0,0,0,0,0
58100,9995,0,2,0,1,0,1,0,0,0,1,0,0,0,0,0,0,0
58200,9990,0,2,0,0,0,4,0,4,0,0,0,0,0,0,0,0,0
58300,9994,0,2,0,3,0,0,0,1,0,0,0,0,0,0,0,0,0
58400,9996,0,1,0,1,0,0,0,2,0,0,0,0,0,0,0,0,0
58500,9928,0,67,0,3,0,1,0,0,0,1,0,0,0,0,0,0,0
58600,9907,0,80,0,4,0,3,0,6,0,0,0,0,0,0,0,0,0
58700,9914,0,80,0,2,0,2,0,2,0,0,0,0,0,0,0,0,0
58800,9914,0,82,0,1,0,0,0,3,0,0,0,0,0,0,0,0,0
58900,9912,0,82,0,0,0,4,0,1,0,1,0,0,0,0,0,0,0
59000,9903,0,84,0,4,0,4,0,4,0,1,0,0,0,0,0,0,0
59100,9916,0,81,0,0,0,0,0,2,0,1,0,0,0,0,0,0,0
59200,9917,0,80,0,1,0,1,0,1,0,0,0,0,0,0,0,0,0
59300,9915,0,80,0,1,0,1,0,3,0,0,0,0,0,0,0,0,0
59400,9951,0,41,0,2,0,5,0,0,0,1,0,0,0,0,0,0,0
59500,9993,0,4,0,0,0,1,0,0,0,2,0,0,0,0,0,0,0
59600,9993,0,4,0,0,0,0,0,3,0,0,0,0,0,0,0,0,0
59700,9991,0,5,0,0,0,2,0,2,0,0,0,0,0,0,0,0,0
59800,9990,0,4,0,2,0,1,0,0,0,3,0,0,0,0,0,0,0
59900,9990,0,4,0,3,0,2,0,1,0,0,0,0,0,0,0,0,0
60000,9989,0,7,0,1,0,1,0,2,0,0,0,0,0,0,0,0,0
60100,9986,0,8,0,1,0,1,0,2,0,2,0,0,0,0,0,0,0
60200,9989,0,4,0,3,0,1,0,2,0,1,0,0,0,0,0,0,0
60300,9985,0,7,0,3,0,1,0,3,0,1,0,0,0,0,0,0,0
60400,9978,0,12,0,2,0,3,0,4,0,1,0,0,0,0,0,0,0
60500,9985,0,6,0,4,0,1,0,3,0,1,0,0,0,0,0,0,0
60600,9985,0,8,0,2,0,1,0,2,0,2,0,0,0,0,0,0,0
60700,9989,0,4,0,2,0,1,0,3,0,1,0,0,0,0,0,0,0
60800,9990,0,5,0,2,0,2,0,1,0,0,0,0,0,0,0,0,0
60900,9988,0,10,0,0,0,0,0,2,0,0,0,0,0,0,0,0,0
61000,9991,0,6,0,2,0,0,0,0,0,1,0,0,0,0,0,0,0
61100,9994,0,4,0,1,0,0,0,1,0,0,0,0,0,0,0,0,0
61200,9992,0,4,0,0,0,1,0,2,0,1,0,0,0,0,0,0,0
61300,9990,0,4,0,1,0,2,0,3,0,0,0,0,0,0,0,0,0
61400,9992,0,5,0,1,0,0,0,1,0,1,0,0,0,0,0,0,0
61500,9986,0,4,0,4,0,0,0,5,0,1,0,0,0,0,0,0,0
61600,9983,0,7,0,5,0,4,0,1,0,0,0,0,0,0,0,0,0
61700,9993,0,1,0,0,0,3,0,0,0,3,0,0,0,0,0,0,0
61800,9992,0,0,0,0,0,2,0,5,0,1,0,0,0,0,0,0,0
61900,9993,0,2,0,3,0,0,0,0,0,2,0,0,0,0,0,0,0
62000,9989,0,4,0,1,0,4,0,2,0,0,0,0,0,0,0,0,0
62100,9994,0,1,0,1,0,2,0,2,0,0,0,0,0,0,0,0,0
62200,9988,0,0,0,3,0,0,0,8,0,1,0,0,0,0,0,0,0
62300,9993,0,2,0,0,0,3,0,2,0,0,0,0,0,0,0,0,0
62400,9987,0,0,0,0,0,7,0,6,0,0,0,0,0,0,0,0,0
62500,9993,0,0,0,2,0,3,0,2,0,0,0,0,0,0,0,0,0
62600,9991,0,0,0,1,0,5,0,1,0,2,0,0,0,0,0,0,0
62700,9991,0,1,0,4,0,0,0,3,0,1,0,0,0,0,0,0,0
62800,9997,0,0,0,0,0,0,0,2,0,1,0,0,0,0,0,0,0
62900,9997,0,0,0,1,0,0,0,2,0,0,0,0,0,0,0,0,0
63000,9993,0,1,0,4,0,1,0,1,0,0,0,0,0,0,0,0,0
63100,9993,0,4,0,2,0,0,0,1,0,0,0,0,0,0,0,0,0
63200,9991,0,0,0,3,0,4,0,2,0,0,0,0,0,0,0,0,0
63300,9990,0,2,0,1,0,5,0,2,0,0,0,0,0,0,0,0,0
63400,9993,0,1,0,1,0,2,0,2,0,1,0,0,0,0,0,0,0
63500,9992,0,0,0,2,0,1,0,3,0,2,0,0,0,0,0,0,0
63600,9993,0,0,0,2,0,2,0,0,0,3,0,0,0,0,0,0,0
63700,9990,0,4,0,2,0,1,0,3,0,0,0,0,0,0,0,0,0
63800,9993,0,2,0,2,0,2,0,1,0,0,0,0,0,0,0,0,0
63900,9995,0,1,0,0,0,2,0,0,0,2,0,0,0,0,0,0,0
64000,9991,0,1,0,2,0,1,0,5,0,0,0,0,0,0,0,0,0
64100,9973,0,18,0,1,0,4,0,3,0,1,0,0,0,0,0,0,0
64200,9980,0,17,0,0,0,0,0,2,0,1,0,0,0,0,0,0,0
64300,9972,0,20,0,1,0,0,0,4,0,3,0,0,0,0,0,0,0
64400,9977,0,18,0,4,0,0,0,0,0,1,0,0,0,0,0,0,0
64500,9967,0,21,0,5,0,2,0,4,0,1,0,0,0,0,0,0,0
64600,9977,0,19,0,1,0,2,0,1,0,0,0,0,0,0,0,0,0
64700,9979,0,12,0,1,0,3,0,4,0,1,0,0,0,0,0,0,0
64800,9976,0,13,0,1,0,5,0,2,0,3,0,0,0,0,0,0,0
64900,9984,0,11,0,3,0,0,0,1,0,1,0,0,0,0,0,0,0
65000,9985,0,9,0,1,0,3,0,2,0,0,0,0,0,0,0,0,0
65100,9985,0,13,0,0,0,1,0,0,0,1,0,0,0,0,0,0,0
65200,9970,0,15,0,8,0,2,0,4,0,1,0,0,0,0,0,0,0
65300,9965,0,14,0,13,0,1,0,7,0,0,0,0,0,0,0,0,0
65400,9969,0,15,0,8,0,3,0,3,0,2,0,0,0,0,0,0,0
65500,9966,0,15,0,10,0,6,0,2,0,1,0,0,0,0,0,0,0
65600,9968,0,13,0,10,0,2,0,5,0,2,0,0,0,0,0,0,0
65700,9969,0,15,0,7,0,3,0,4,0,2,0,0,0,0,0,0,0
65800,9975,0,17,0,0,0,6,0,1,0,1,0,0,0,0,0,0,0
65900,9977,0,15,0,3,0,4,0,1,0,0,0,0,0,0,0,0,0
66000,9978,0,16,0,3,0,1,0,1,0,1,0,0,0,0,0,0,0
66100,9979,0,14,0,0,0,2,0,2,0,3,0,0,0,0,0,0,0
66200,9978,0,16,0,0,0,2,0,2,0,2,0,0,0,0,0,0,0
66300,9981,0,16,0,2,0,1,0,0,0,0,0,0,0,0,0,0,0
66400,9955,0,19,0,16,0,6,0,2,0,2,0,0,0,0,0,0,0
66500,9960,0,14,0,19,0,4,0,3,0,0,0,0,0,0,0,0,0
66600,9964,0,16,0,17,0,1,0,2,0,0,0,0,0,0,0,0,0
66700,9956,0,13,0,19,0,8,0,3,0,1,0,0,0,0,0,0,0
66800,9958,0,13,0,21,0,6,0,1,0,1,0,0,0,0,0,0,0
66900,9961,0,12,0,18,0,2,0,6,0,1,0,0,0,0,0,0,0
67000,9958,0,11,0,18,0,9,0,3,0,1,0,0,0,0,0,0,0
67100,9959,0,14,0,17,0,3,0,4,0,3,0,0,0,0,0,0,0
67200,9967,0,14,0,17,0,0,0,0,0,2,0,0,0,0,0,0,0
67300,9957,0,15,0,17,0,2,0,8,0,1,0,0,0,0,0,0,0
67400,9972,0,13,0,9,0,1,0,5,0,0,0,0,0,0,0,0,0
67500,9978,0,12,0,3,0,5,0,2,0,0,0,0,0,0,0,0,0
67600,9961,0,25,0,4,0,5,0,3,0,2,0,0,0,0,0,0,0
67700,9976,0,14,0,1,0,5,0,2,0,2,0,0,0,0,0,0,0
67800,9963,0,13,0,4,0,8,0,9,0,3,0,0,0,0,0,0,0
67900,9972,0,15,0,4,0,7,0,0,0,2,0,0,0,0,0,0,0
68000,9975,0,14,0,1,0,5,0,4,0,1,0,0,0,0,0,0,0
68100,9976,0,14,0,1,0,4,0,3,0,2,0,0,0,0,0,0,0
68200,9973,0,15,0,4,0,2,0,5,0,1,0,0,0,0,0,0,0
68300,9975,0,16,0,2,0,4,0,2,0,1,0,0,0,0,0,0,0
68400,9962,0,22,0,2,0,6,0,5,0,3,0,0,0,0,0,0,0
68500,9965,0,23,0,6,0,4,0,1,0,1,0,0,0,0,0,0,0
68600,9968,0,23,0,0,0,5,0,2,0,2,0,0,0,0,0,0,0
68700,9958,0,25,0,3,0,10,0,4,0,0,0,0,0,0,0,0,0
68800,9966,0,22,0,3,0,6,0,1,0,2,0,0,0,0,0,0,0
68900,9963,0,19,0,3,0,10,0,4,0,1,0,0,0,0,0,0,0
69000,9966,0,26,0,2,0,2,0,4,0,0,0,0,0,0,0,0,0
69100,9968,0,23,0,2,0,4,0,2,0,1,0,0,0,0,0,0,0
69200,9977,0,11,0,6,0,2,0,3,0,1,0,0,0,0,0,0,0
69300,9958,0,31,0,1,0,6,0,3,0,1,0,0,0,0,0,0,0
69400,9950,0,34,0,4,0,8,0,1,0,3,0,0,0,0,0,0,0
69500,9880,0,106,0,3,0,8,0,2,0,1,0,0,0,0,0,0,0
69600,9876,0,115,0,2,0,4,0,3,0,0,0,0,0,0,0,0,0
69700,9873,0,116,0,1,0,7,0,1,0,2,0,0,0,0,0,0,0
69800,9869,0,121,0,0,0,5,0,4,0,1,0,0,0,0,0,0,0
69900,9859,0,132,0,3,0,2,0,0,0,4,0,0,0,0,0,0,0
70000,9850,0,132,0,6,0,1,0,8,0,3,0,0,0,0,0,0,0
70100,9860,0,130,0,1,0,2,0,4,0,3,0,0,0,0,0,0,0
70200,9863,0,128,0,2,0,4,0,1,0,2,0,0,0,0,0,0,0
70300,9854,0,125,0,4,0,9,0,3,0,5,0,0,0,0,0,0,0
70400,9863,0,127,0,5,0,2,0,2,0,1,0,0,0,0,0,0,0
70500,9852,0,130,0,3,0,8,0,2,0,5,0,0,0,0,0,0,0
70600,9851,0,128,0,8,0,4,0,3,0,6,0,0,0,0,0,0,0
70700,9840,0,131,0,11,0,11,0,2,0,5,0,0,0,0,0,0,0
70800,9768,0,205,0,11,0,9,0,1,0,6,0,0,0,0,0,0,0
70900,9765,0,215,0,11,0,4,0,2,0,3,0,0,0,0,0,0,0
71000,9757,0,217,0,16,0,8,0,1,0,1,0,0,0,0,0,0,0
71100,9755,0,221,0,12,0,4,0,6,0,2,0,0,0,0,0,0,0
71200,9744,0,232,0,12,0,6,0,6,0,0,0,0,0,0,0,0,0
71300,9748,0,230,0,11,0,6,0,5,0,0,0,0,0,0,0,0,0
71400,9766,0,218,0,11,0,4,0,1,0,0,0,0,0,0,0,0,0
71500,9754,0,221,0,16,0,7,0,0,0,2,0,0,0,0,0,0,0
71600,9757,0,220,0,13,0,4,0,3,0,3,0,0,0,0,0,0,0
71700,9764,0,219,0,12,0,1,0,3,0,1,0,0,0,0,0,0,0
71800,9764,0,219,0,13,0,4,0,0,0,0,0,0,0,0,0,0,0
71900,9767,0,217,0,13,0,0,0,2,0,1,0,0,0,0,0,0,0
72000,9762,0,213,0,15,0,1,0,7,0,2,0,0,0,0,0,0,0
72100,9783,0,203,0,13,0,1,0,0,0,0,0,0,0,0,0,0,0
72200,9782,0,205,0,11,0,1,0,1,0,0,0,0,0,0,0,0,0
72300,9757,0,217,0,13,0,9,0,4,0,0,0,0,0,0,0,0,0
72400,9757,0,213,0,10,0,15,0,4,0,1,0,0,0,0,0,0,0
72500,9786,0,187,0,13,0,10,0,3,0,1,0,0,0,0,0,0,0
72600,9789,0,188,0,11,0,9,0,2,0,1,0,0,0,0,0,0,0
72700,9769,0,203,0,14,0,10,0,3,0,1,0,0,0,0,0,0,0
72800,9786,0,186,0,16,0,9,0,3,0,0,0,0,0,0,0,0,0
72900,9787,0,189,0,11,0,10,0,1,0,2,0,0,0,0,0,0,0
73000,9790,0,186,0,12,0,9,0,3,0,0,0,0,0,0,0,0,0
73100,9786,0,186,0,14,0,9,0,4,0,1,0,0,0,0,0,0,0
73200,9790,0,186,0,8,0,10,0,3,0,3,0,0,0,0,0,0,0
73300,9808,0,179,0,1,0,9,0,3,0,0,0,0,0,0,0,0,0
73400,9838,0,150,0,3,0,9,0,0,0,0,0,0,0,0,0,0,0
73500,9896,0,94,0,0,0,9,0,1,0,0,0,0,0,0,0,0,0
73600,9894,0,92,0,2,0,9,0,1,0,2,0,0,0,0,0,0,0
73700,9896,0,92,0,2,0,10,0,0,0,0,0,0,0,0,0,0,0
73800,9892,0,91,0,2,0,11,0,3,0,1,0,0,0,0,0,0,0
73900,9895,0,90,0,1,0,10,0,3,0,1,0,0,0,0,0,0,0
74000,9896,0,89,0,0,0,12,0,1,0,2,0,0,0,0,0,0,0
74100,9889,0,98,0,1,0,11,0,1,0,0,0,0,0,0,0,0,0
74200,9891,0,94,0,0,0,10,0,3,0,2,0,0,0,0,0,0,0
74300,9877,0,105,0,2,0,11,0,2,0,3,0,0,0,0,0,0,0
74400,9881,0,108,0,1,0,9,0,1,0,0,0,0,0,0,0,0,0
74500,9868,0,117,0,2,0,10,0,2,0,1,0,0,0,0,0,0,0
74600,9861,0,126,0,2,0,10,0,1,0,0,0,0,0,0,0,0,0
74700,9857,0,126,0,3,0,11,0,3,0,0,0,0,0,0,0,0,0
74800,9885,0,101,0,1,0,10,0,3,0,0,0,0,0,0,0,0,0
74900,9883,0,101,0,3,0,10,0,3,0,0,0,0,0,0,0,0,0
75000,9888,0,99,0,2,0,9,0,1,0,1,0,0,0,0,0,0,0
75100,9886,0,102,0,1,0,8,0,3,0,0,0,0,0,0,0,0,0
75200,9874,0,109,0,4,0,9,0,4,0,0,0,0,0,0,0,0,0
75300,9879,0,109,0,2,0,9,0,0,0,1,0,0,0,0,0,0,0
75400,9876,0,106,0,2,0,12,0,3,0,1,0,0,0,0,0,0,0
75500,9871,0,108,0,3,0,14,0,4,0,0,0,0,0,0,0,0,0
75600,9872,0,112,0,2,0,11,0,2,0,1,0,0,0,0,0,0,0
75700,9878,0,107,0,2,0,11,0,2,0,0,0,0,0,0,0,0,0
75800,9876,0,106,0,3,0,10,0,4,0,1,0,0,0,0,0,0,0
75900,9873,0,105,0,4,0,9,0,6,0,3,0,0,0,0,0,0,0
76000,9862,0,113,0,5,0,14,0,5,0,1,0,0,0,0,0,0,0
76100,9878,0,110,0,1,0,9,0,1,0,1,0,0,0,0,0,0,0
76200,9876,0,112,0,1,0,9,0,1,0,1,0,0,0,0,0,0,0
76300,9875,0,109,0,2,0,10,0,2,0,2,0,0,0,0,0,0,0
76400,9865,0,110,0,6,0,12,0,6,0,1,0,0,0,0,0,0,0
76500,9877,0,105,0,3,0,10,0,4,0,1,0,0,0,0,0,0,0
76600,9880,0,103,0,4,0,10,0,2,0,1,0,0,0,0,0,0,0
76700,9889,0,97,0,1,0,10,0,2,0,1,0,0,0,0,0,0,0
76800,9878,0,104,0,1,0,10,0,4,0,3,0,0,0,0,0,0,0
76900,9875,0,109,0,2,0,8,0,5,0,1,0,0,0,0,0,0,0
77000,9872,0,105,0,1,0,19,0,3,0,0,0,0,0,0,0,0,0
77100,9877,0,107,0,1,0,13,0,1,0,1,0,0,0,0,0,0,0
77200,9883,0,104,0,2,0,9,0,2,0,0,0,0,0,0,0,0,0
77300,9882,0,101,0,2,0,11,0,2,0,2,0,0,0,0,0,0,0
77400,9885,0,101,0,1,0,10,0,2,0,1,0,0,0,0,0,0,0
77500,9888,0,99,0,1,0,9,0,2,0,1,0,0,0,0,0,0,0
77600,9871,0,105,0,4,0,16,0,3,0,1,0,0,0,0,0,0,0
77700,9877,0,102,0,6,0,11,0,2,0,2,0,0,0,0,0,0,0
77800,9858,0,128,0,2,0,8,0,3,0,1,0,0,0,0,0,0,0
77900,9857,0,128,0,1,0,11,0,3,0,0,0,0,0,0,0,0,0
78000,9855,0,128,0,2,0,12,0,2,0,1,0,0,0,0,0,0,0
78100,9856,0,128,0,0,0,10,0,1,0,5,0,0,0,0,0,0,0
78200,9860,0,124,0,2,0,11,0,3,0,0,0,0,0,0,0,0,0
78300,9837,0,150,0,1,0,9,0,1,0,2,0,0,0,0,0,0,0
78400,9855,0,139,0,0,0,2,0,3,0,1,0,0,0,0,0,0,0
78500,9846,0,138,0,4,0,4,0,6,0,2,0,0,0,0,0,0,0
78600,9856,0,139,0,3,0,0,0,2,0,0,0,0,0,0,0,0,0
78700,9859,0,138,0,1,0,0,0,2,0,0,0,0,0,0,0,0,0
78800,9854,0,141,0,2,0,0,0,2,0,1,0,0,0,0,0,0,0
78900,9851,0,139,0,3,0,2,0,1,0,2,0,2,0,0,0,0,0
79000,9848,0,142,0,3,0,2,0,2,0,3,0,0,0,0,0,0,0
79100,9867,0,124,0,2,0,4,0,1,0,2,0,0,0,0,0,0,0
79200,9939,0,59,0,0,0,0,0,0,0,2,0,0,0,0,0,0,0
79300,9932,0,63,0,1,0,1,0,3,0,0,0,0,0,0,0,0,0
79400,9929,0,62,0,3,0,2,0,4,0,0,0,0,0,0,0,0,0
79500,9955,0,39,0,2,0,2,0,2,0,0,0,0,0,0,0,0,0
79600,9949,0,43,0,4,0,2,0,1,0,1,0,0,0,0,0,0,0
79700,9958,0,40,0,0,0,0,0,2,0,0,0,0,0,0,0,0,0
79800,9947,0,44,0,6,0,1,0,2,0,0,0,0,0,0,0,0,0
79900,9951,0,42,0,3,0,2,0,2,0,0,0,0,0,0,0,0,0
80000,9944,0,44,0,3,0,4,0,3,0,2,0,0,0,0,0,0,0
80100,9963,0,25,0,4,0,4,0,3,0,1,0,0,0,0,0,0,0
80200,9955,0,35,0,4,0,3,0,3,0,0,0,0,0,0,0,0,0
80300,9954,0,33,0,9,0,3,0,0,0,1,0,0,0,0,0,0,0
80400,9967,0,27,0,2,0,2,0,0,0,2,0,0,0,0,0,0,0
80500,9957,0,32,0,3,0,3,0,4,0,1,0,0,0,0,0,0,0
80600,9972,0,21,0,1,0,2,0,3,0,1,0,0,0,0,0,0,0
80700,9969,0,26,0,1,0,1,0,3,0,0,0,0,0,0,0,0,0
80800,9967,0,23,0,2,0,1,0,5,0,2,0,0,0,0,0,0,0
80900,9960,0,29,0,4,0,5,0,2,0,0,0,0,0,0,0,0,0
81000,9962,0,32,0,1,0,1,0,2,0,2,0,0,0,0,0,0,0
81100,9952,0,37,0,3,0,2,0,4,0,2,0,0,0,0,0,0,0
81200,9969,0,26,0,2,0,2,0,1,0,0,0,0,0,0,0,0,0
81300,9958,0,29,0,5,0,1,0,3,0,4,0,0,0,0,0,0,0
81400,9961,0,29,0,4,0,0,0,5,0,1,0,0,0,0,0,0,0
81500,9958,0,28,0,4,0,6,0,1,0,3,0,0,0,0,0,0,0
81600,9967,0,25,0,1,0,1,0,5,0,1,0,0,0,0,0,0,0
81700,9967,0,27,0,0,0,3,0,2,0,1,0,0,0,0,0,0,0
81800,9968,0,25,0,2,0,2,0,3,0,0,0,0,0,0,0,0,0
81900,9970,0,24,0,2,0,2,0,2,0,0,0,0,0,0,0,0,0
82000,9972,0,17,0,4,0,4,0,3,0,0,0,0,0,0,0,0,0
82100,9981,0,12,0,3,0,1,0,3,0,0,0,0,0,0,0,0,0
82200,9970,0,22,0,2,0,1,0,4,0,1,0,0,0,0,0,0,0
82300,9959,0,29,0,6,0,1,0,4,0,1,0,0,0,0,0,0,0
82400,9961,0,32,0,1,0,2,0,2,0,2,0,0,0,0,0,0,0
82500,9949,0,33,0,4,0,11,0,2,0,1,0,0,0,0,0,0,0
82600,9964,0,22,0,3,0,8,0,2,0,1,0,0,0,0,0,0,0
82700,9958,0,23,0,4,0,11,0,1,0,3,0,0,0,0,0,0,0
82800,9966,0,21,0,0,0,9,0,3,0,1,0,0,0,0,0,0,0
82900,9956,0,20,0,5,0,13,0,4,0,2,0,0,0,0,0,0,0
83000,9961,0,22,0,2,0,12,0,3,0,0,0,0,0,0,0,0,0
83100,9970,0,17,0,3,0,8,0,2,0,0,0,0,0,0,0,0,0
83200,9967,0,18,0,2,0,9,0,3,0,1,0,0,0,0,0,0,0
83300,9963,0,23,0,1,0,8,0,3,0,2,0,0,0,0,0,0,0
83400,9967,0,22,0,2,0,6,0,1,0,2,0,0,0,0,0,0,0
83500,9964,0,18,0,5,0,8,0,3,0,2,0,0,0,0,0,0,0
83600,9968,0,18,0,4,0,5,0,2,0,3,0,0,0,0,0,0,0
83700,9971,0,17,0,0,0,5,0,3,0,3,0,1,0,0,0,0,0
83800,9972,0,19,0,2,0,2,0,5,0,0,0,0,0,0,0,0,0
83900,9966,0,15,0,2,0,12,0,2,0,3,0,0,0,0,0,0,0
84000,9970,0,17,0,2,0,7,0,3,0,1,0,0,0,0,0,0,0
84100,9962,0,26,0,2,0,7,0,2,0,1,0,0,0,0,0,0,0
84200,9963,0,25,0,1,0,8,0,2,0,1,0,0,0,0,0,0,0
84300,9977,0,14,0,1,0,6,0,1,0,1,0,0,0,0,0,0,0
84400,9975,0,20,0,0,0,3,0,1,0,1,0,0,0,0,0,0,0
84500,9972,0,12,0,4,0,10,0,1,0,1,0,0,0,0,0,0,0
84600,9973,0,19,0,0,0,5,0,0,0,3,0,0,0,0,0,0,0
84700,9960,0,24,0,6,0,8,0,1,0,1,0,0,0,0,0,0,0
84800,9963,0,23,0,2,0,7,0,1,0,4,0,0,0,0,0,0,0
84900,9962,0,20,0,4,0,8,0,4,0,2,0,0,0,0,0,0,0
85000,9970,0,22,0,1,0,5,0,2,0,0,0,0,0,0,0,0,0
85100,9977,0,16,0,4,0,1,0,2,0,0,0,0,0,0,0,0,0
85200,9963,0,22,0,6,0,4,0,4,0,1,0,0,0,0,0,0,0
85300,9900,0,92,0,1,0,5,0,1,0,1,0,0,0,0,0,0,0
85400,9883,0,105,0,0,0,8,0,3,0,1,0,0,0,0,0,0,0
85500,9874,0,120,0,2,0,2,0,2,0,0,0,0,0,0,0,0,0
85600,9869,0,118,0,3,0,4,0,4,0,2,0,0,0,0,0,0,0
85700,9877,0,111,0,2,0,7,0,1,0,2,0,0,0,0,0,0,0
85800,9875,0,113,0,4,0,5,0,2,0,1,0,0,0,0,0,0,0
85900,9875,0,107,0,5,0,10,0,2,0,1,0,0,0,0,0,0,0
86000,9877,0,110,0,9,0,2,0,1,0,1,0,0,0,0,0,0,0
86100,9866,0,112,0,9,0,7,0,5,0,1,0,0,0,0,0,0,0
86200,9870,0,110,0,8,0,11,0,1,0,0,0,0,0,0,0,0,0
86300,9872,0,114,0,7,0,6,0,1,0,0,0,0,0,0,0,0,0
86400,9880,0,105,0,9,0,4,0,1,0,1,0,0,0,0,0,0,0
86500,9872,0,105,0,11,0,7,0,4,0,1,0,0,0,0,0,0,0
86600,9866,0,110,0,9,0,10,0,4,0,1,0,0,0,0,0,0,0
86700,9871,0,110,0,10,0,8,0,1,0,0,0,0,0,0,0,0,0
86800,9863,0,109,0,7,0,17,0,1,0,3,0,0,0,0,0,0,0
86900,9856,0,110,0,9,0,22,0,2,0,1,0,0,0,0,0,0,0
87000,9864,0,109,0,8,0,14,0,3,0,2,0,0,0,0,0,0,0
87100,9866,0,103,0,8,0,18,0,4,0,1,0,0,0,0,0,0,0
87200,9860,0,112,0,4,0,20,0,3,0,1,0,0,0,0,0,0,0
87300,9873,0,108,0,5,0,11,0,3,0,0,0,0,0,0,0,0,0
87400,9851,0,116,0,12,0,16,0,4,0,1,0,0,0,0,0,0,0
87500,9837,0,135,0,7,0,18,0,3,0,0,0,0,0,0,0,0,0
87600,9844,0,124,0,10,0,20,0,2,0,0,0,0,0,0,0,0,0
87700,9835,0,130,0,10,0,21,0,2,0,2,0,0,0,0,0,0,0
87800,9838,0,127,0,13,0,19,0,3,0,0,0,0,0,0,0,0,0
87900,9839,0,128,0,6,0,20,0,6,0,1,0,0,0,0,0,0,0
88000,9840,0,129,0,9,0,21,0,1,0,0,0,0,0,0,0,0,0
88100,9840,0,130,0,5,0,21,0,3,0,1,0,0,0,0,0,0,0
88200,9855,0,119,0,2,0,19,0,5,0,0,0,0,0,0,0,0,0
88300,9847,0,126,0,5,0,20,0,2,0,0,0,0,0,0,0,0,0
88400,9856,0,124,0,8,0,10,0,1,0,1,0,0,0,0,0,0,0
88500,9865,0,121,0,7,0,4,0,3,0,0,0,0,0,0,0,0,0
88600,9861,0,121,0,8,0,8,0,2,0,0,0,0,0,0,0,0,0
88700,9888,0,92,0,5,0,9,0,6,0,0,0,0,0,0,0,0,0
88800,9936,0,49,0,10,0,2,0,3,0,0,0,0,0,0,0,0,0
88900,9937,0,45,0,7,0,9,0,2,0,0,0,0,0,0,0,0,0
89000,9932,0,43,0,9,0,7,0,5,0,4,0,0,0,0,0,0,0
89100,9946,0,42,0,7,0,3,0,1,0,1,0,0,0,0,0,0,0
89200,9938,0,50,0,0,0,3,0,6,0,3,0,0,0,0,0,0,0
89300,9936,0,45,0,0,0,10,0,8,0,1,0,0,0,0,0,0,0
89400,9940,0,46,0,2,0,6,0,5,0,1,0,0,0,0,0,0,0
89500,9950,0,42,0,1,0,4,0,2,0,1,0,0,0,0,0,0,0
89600,9942,0,46,0,5,0,3,0,3,0,1,0,0,0,0,0,0,0
89700,9941,0,47,0,1,0,6,0,4,0,1,0,0,0,0,0,0,0
89800,9945,0,46,0,2,0,5,0,2,0,0,0,0,0,0,0,0,0
89900,9935,0,52,0,3,0,4,0,4,0,2,0,0,0,0,0,0,0
90000,9962,0,31,0,2,0,4,0,1,0,0,0,0,0,0,0,0,0
90100,9960,0,31,0,2,0,3,0,2,0,2,0,0,0,0,0,0,0
90200,9954,0,36,0,1,0,5,0,2,0,2,0,0,0,0,0,0,0
90300,9949,0,45,0,2,0,3,0,1,0,0,0,0,0,0,0,0,0
90400,9943,0,41,0,3,0,3,0,8,0,2,0,0,0,0,0,0,0
90500,9947,0,39,0,1,0,8,0,5,0,0,0,0,0,0,0,0,0
90600,9941,0,37,0,4,0,14,0,2,0,2,0,0,0,0,0,0,0
90700,9949,0,34,0,1,0,8,0,7,0,1,0,0,0,0,0,0,0
90800,9955,0,33,0,0,0,7,0,5,0,0,0,0,0,0,0,0,0
90900,9966,0,23,0,1,0,7,0,3,0,0,0,0,0,0,0,0,0
91000,9964,0,23,0,2,0,5,0,2,0,4,0,0,0,0,0,0,0
91100,9964,0,24,0,1,0,9,0,1,0,1,0,0,0,0,0,0,0
91200,9962,0,25,0,6,0,6,0,1,0,0,0,0,0,0,0,0,0
91300,9960,0,29,0,1,0,6,0,4,0,0,0,0,0,0,0,0,0
91400,9957,0,26,0,0,0,14,0,1,0,2,0,0,0,0,0,0,0
91500,9966,0,28,0,2,0,3,0,0,0,1,0,0,0,0,0,0,0
91600,9961,0,28,0,1,0,4,0,4,0,2,0,0,0,0,0,0,0
91700,9970,0,24,0,0,0,4,0,2,0,0,0,0,0,0,0,0,0
91800,9962,0,32,0,0,0,5,0,1,0,0,0,0,0,0,0,0,0
91900,9961,0,29,0,2,0,5,0,1,0,2,0,0,0,0,0,0,0
92000,9980,0,11,0,1,0,4,0,3,0,1,0,0,0,0,0,0,0
92100,9982,0,9,0,1,0,7,0,1,0,0,0,0,0,0,0,0,0
92200,9985,0,6,0,1,0,7,0,1,0,0,0,0,0,0,0,0,0
92300,9981,0,7,0,3,0,3,0,5,0,1,0,0,0,0,0,0,0
92400,9988,0,4,0,1,0,3,0,2,0,2,0,0,0,0,0,0,0
92500,9977,0,13,0,4,0,4,0,2,0,0,0,0,0,0,0,0,0
92600,9987,0,8,0,0,0,4,0,1,0,0,0,0,0,0,0,0,0
92700,9973,0,17,0,5,0,3,0,2,0,0,0,0,0,0,0,0,0
92800,9979,0,16,0,1,0,0,0,4,0,0,0,0,0,0,0,0,0
92900,9981,0,11,0,4,0,0,0,3,0,1,0,0,0,0,0,0,0
93000,9989,0,8,0,1,0,0,0,0,0,2,0,0,0,0,0,0,0
93100,9987,0,5,0,1,0,3,0,3,0,1,0,0,0,0,0,0,0
93200,9988,0,4,0,0,0,3,0,5,0,0,0,0,0,0,0,0,0
93300,9986,0,5,0,3,0,1,0,4,0,1,0,0,0,0,0,0,0
93400,9987,0,9,0,1,0,3,0,0,0,0,0,0,0,0,0,0,0
93500,9989,0,7,0,1,0,0,0,3,0,0,0,0,0,0,0,0,0
93600,9986,0,5,0,1,0,4,0,3,0,1,0,0,0,0,0,0,0
93700,9986,0,9,0,1,0,0,0,4,0,0,0,0,0,0,0,0,0
93800,9989,0,3,0,3,0,1,0,2,0,2,0,0,0,0,0,0,0
93900,9987,0,5,0,1,0,5,0,2,0,0,0,0,0,0,0,0,0
94000,9984,0,6,0,2,0,2,0,6,0,0,0,0,0,0,0,0,0
94100,9988,0,7,0,2,0,1,0,2,0,0,0,0,0,0,0,0,0
94200,9991,0,5,0,2,0,2,0,0,0,0,0,0,0,0,0,0,0
94300,9983,0,9,0,3,0,0,0,3,0,2,0,0,0,0,0,0,0
94400,9991,0,1,0,1,0,1,0,1,0,5,0,0,0,0,0,0,0
94500,9973,0,17,0,6,0,2,0,2,0,0,0,0,0,0,0,0,0
94600,9970,0,21,0,3,0,3,0,3,0,0,0,0,0,0,0,0,0
94700,9979,0,16,0,1,0,0,0,1,0,3,0,0,0,0,0,0,0
94800,9982,0,14,0,1,0,2,0,1,0,0,0,0,0,0,0,0,0
94900,9970,0,24,0,2,0,2,0,1,0,1,0,0,0,0,0,0,0
95000,9963,0,26,0,3,0,1,0,2,0,5,0,0,0,0,0,0,0
95100,9967,0,26,0,4,0,0,0,1,0,2,0,0,0,0,0,0,0
95200,9960,0,30,0,0,0,4,0,5,0,1,0,0,0,0,0,0,0
95300,9964,0,28,0,2,0,2,0,3,0,1,0,0,0,0,0,0,0
95400,9964,0,30,0,1,0,1,0,3,0,1,0,0,0,0,0,0,0
95500,9964,0,30,0,0,0,5,0,0,0,1,0,0,0,0,0,0,0
95600,9967,0,27,0,0,0,3,0,2,0,1,0,0,0,0,0,0,0
95700,9967,0,30,0,1,0,1,0,1,0,0,0,0,0,0,0,0,0
95800,9962,0,31,0,3,0,1,0,3,0,0,0,0,0,0,0,0,0
95900,9976,0,16,0,2,0,4,0,1,0,1,0,0,0,0,0,0,0
96000,9979,0,13,0,5,0,0,0,3,0,0,0,0,0,0,0,0,0
96100,9977,0,15,0,2,0,0,0,6,0,0,0,0,0,0,0,0,0
96200,9976,0,12,0,3,0,0,0,9,0,0,0,0,0,0,0,0,0
96300,9986,0,9,0,2,0,2,0,1,0,0,0,0,0,0,0,0,0
96400,9974,0,25,0,0,0,0,0,1,0,0,0,0,0,0,0,0,0
96500,9973,0,22,0,2,0,2,0,0,0,1,0,0,0,0,0,0,0
96600,9972,0,21,0,1,0,2,0,1,0,3,0,0,0,0,0,0,0
96700,9970,0,20,0,4,0,2,0,4,0,0,0,0,0,0,0,0,0
96800,9977,0,21,0,1,0,1,0,0,0,0,0,0,0,0,0,0,0
96900,9968,0,30,0,0,0,1,0,1,0,0,0,0,0,0,0,0,0
97000,9964,0,27,0,5,0,1,0,3,0,0,0,0,0,0,0,0,0
97100,9955,0,34,0,5,0,1,0,2,0,3,0,0,0,0,0,0,0
97200,9941,0,42,0,6,0,4,0,5,0,2,0,0,0,0,0,0,0
97300,9952,0,42,0,2,0,0,0,2,0,2,0,0,0,0,0,0,0
97400,9952,0,39,0,3,0,0,0,6,0,0,0,0,0,0,0,0,0
97500,9943,0,40,0,8,0,2,0,6,0,1,0,0,0,0,0,0,0
97600,9947,0,42,0,4,0,2,0,4,0,1,0,0,0,0,0,0,0
97700,9945,0,43,0,6,0,2,0,3,0,1,0,0,0,0,0,0,0
97800,9951,0,41,0,3,0,1,0,4,0,0,0,0,0,0,0,0,0
97900,9963,0,31,0,1,0,2,0,3,0,0,0,0,0,0,0,0,0
98000,9958,0,32,0,0,0,6,0,2,0,2,0,0,0,0,0,0,0
98100,9957,0,33,0,3,0,0,0,5,0,2,0,0,0,0,0,0,0
98200,9958,0,32,0,1,0,5,0,4,0,0,0,0,0,0,0,0,0
98300,9960,0,35,0,2,0,1,0,0,0,2,0,0,0,0,0,0,0
98400,9959,0,31,0,4,0,2,0,3,0,1,0,0,0,0,0,0,0
98500,9965,0,32,0,1,0,1,0,0,0,1,0,0,0,0,0,0,0
98600,9964,0,31,0,0,0,1,0,3,0,1,0,0,0,0,0,0,0
98700,9961,0,33,0,1,0,1,0,3,0,1,0,0,0,0,0,0,0
98800,9959,0,31,0,2,0,5,0,3,0,0,0,0,0,0,0,0,0
98900,9954,0,32,0,3,0,2,0,7,0,2,0,0,0,0,0,0,0
99000,9963,0,33,0,0,0,3,0,0,0,1,0,0,0,0,0,0,0
99100,9962,0,33,0,0,0,3,0,2,0,0,0,0,0,0,0,0,0
99200,9963,0,32,0,1,0,2,0,2,0,0,0,0,0,0,0,0,0
99300,9969,0,24,0,2,0,1,0,1,0,3,0,0,0,0,0,0,0
99400,9964,0,25,0,3,0,0,0,7,0,1,0,0,0,0,0,0,0
99500,9972,0,24,0,0,0,1,0,2,0,1,0,0,0,0,0,0,0
99600,9955,0,30,0,3,0,3,0,8,0,1,0,0,0,0,0,0,0
99700,9959,0,32,0,1,0,4,0,4,0,0,0,0,0,0,0,0,0
99800,9968,0,29,0,0,0,2,0,1,0,0,0,0,0,0,0,0,0
99900,9961,0,33,0,2,0,1,0,2,0,1,0,0,0,0,0,0,0
100000,9958,0,31,0,3,0,4,0,4,0,0,0,0,0,0,0,0,0
