update,host_task_NOT,sym_task_NOT,host_task_NAND,sym_task_NAND,host_task_AND,sym_task_AND,host_task_ORN,sym_task_ORN,host_task_OR,sym_task_OR,host_task_ANDN,sym_task_ANDN,host_task_NOR,sym_task_NOR,host_task_XOR,sym_task_XOR,host_task_EQU,sym_task_EQU
0,0,0,0,0,0,0,0,0,0,0,0,0,0,0,0,0,0,0
100,10001,38360,0,0,0,6,0,2,0,4,1,2,0,0,0,0,0,0
200,9994,33277,0,5,1,6,1,1,3,8,1,6,0,0,0,0,0,0
300,9994,33346,0,4,0,4,1,3,4,7,1,4,0,0,0,0,0,0
400,9993,33228,0,2,3,3,1,2,2,5,1,1,0,0,0,0,0,0
500,9996,33139,0,4,1,11,2,4,1,2,0,6,0,0,0,0,0,0
600,9995,28094,0,4,2,3,2,1,1,2,0,3,0,0,0,0,0,0
700,9996,25928,0,2,1,5,0,5,2,7,1,2,0,0,0,0,0,0
800,9994,25961,0,0,1,2,2,1,3,4,0,1,0,0,0,0,0,0
900,9998,25913,0,3,0,4,1,3,1,5,0,1,0,0,0,0,0,0
1000,9993,25931,0,4,1,4,1,4,5,6,0,4,0,0,0,0,0,0
1100,9988,23318,0,6,4,4,2,1,4,4,2,2,0,0,0,0,0,0
1200,9993,20432,0,3,2,3,3,3,2,2,0,2,0,0,0,0,0,0
1300,9993,20388,0,1,1,6,2,3,4,5,0,0,0,0,0,0,0,0
1400,9989,20265,0,4,1,2,5,0,4,2,1,2,0,0,0,0,0,0
1500,9987,20356,0,4,3,4,4,3,5,3,1,1,0,0,0,0,0,0
1600,9992,19317,1,7,3,3,2,1,1,1,1,0,0,0,0,0,0,0
1700,9989,16258,1,5,5,2,0,1,4,3,1,2,0,0,0,0,0,0
1800,9994,16102,0,5,2,1,2,0,1,3,1,1,0,0,0,0,0,0
1900,9992,16100,1,6,0,2,3,3,3,7,1,3,0,0,0,0,0,0
2000,9990,16118,2,3,2,3,0,2,4,2,2,0,0,0,0,0,0,0
2100,9994,16137,0,6,2,5,0,5,3,6,1,3,0,0,0,0,0,0
2200,9987,12849,0,6,4,3,2,5,6,5,1,2,0,0,0,0,0,0
2300,9983,12807,1,3,3,2,6,0,5,4,2,0,0,0,0,0,0,0
2400,9987,12809,2,5,2,4,1,3,7,4,1,0,0,0,0,0,0,0
2500,9987,12721,2,8,5,4,3,2,1,3,2,1,0,0,0,0,0,0
2600,9990,12743,5,7,1,2,3,3,1,5,0,2,0,0,0,0,0,0
2700,9988,11017,2,9,2,2,3,1,5,0,0,0,0,0,0,0,0,0
2800,9990,10567,0,12,5,1,2,1,2,3,1,5,0,0,0,0,0,0
2900,9987,10403,0,12,4,3,2,3,5,5,2,1,0,0,0,0,0,0
3000,9992,10535,0,12,2,1,2,3,2,4,2,1,0,0,0,0,0,0
3100,9984,10389,3,9,3,3,4,1,4,2,2,1,0,0,0,0,0,0
3200,9990,9387,1,7,1,1,3,2,5,2,0,2,0,0,0,0,0,0
3300,9988,8631,7,13,2,0,0,7,1,5,2,1,0,0,0,0,0,0
3400,9983,8829,9,4,4,2,3,5,1,5,0,0,0,0,0,0,0,0
3500,9990,8812,3,4,2,0,1,6,4,1,0,0,0,0,0,0,0,0
3600,9990,8886,4,9,0,1,2,9,4,2,0,0,0,0,0,0,0,0
3700,9983,8364,6,11,1,2,4,2,6,3,0,1,0,0,0,0,0,0
3800,9985,7419,6,8,1,1,2,3,4,2,1,1,1,0,0,0,0,0
3900,9977,7475,12,6,5,2,3,1,1,2,2,1,0,0,0,0,0,0
4000,9976,7397,15,5,5,1,0,1,2,2,2,1,0,0,0,0,0,0
4100,9978,7450,8,5,2,2,3,2,8,2,1,0,0,0,0,0,0,0
4200,9979,7426,7,19,5,0,1,4,8,2,0,1,0,0,0,0,0,0
4300,9974,6195,16,5,3,2,1,4,6,3,0,1,0,0,0,0,0,0
4400,9961,6305,20,10,1,0,8,0,7,5,3,1,0,0,0,0,0,0
4500,9975,6481,20,7,0,3,3,1,2,0,0,0,0,0,0,0,0,0
4600,9977,6538,17,7,1,0,2,3,3,3,0,1,0,0,0,0,0,0
4700,9964,6454,18,13,4,1,4,1,7,4,2,0,1,0,0,0,0,0
4800,9970,5619,13,6,0,1,7,0,7,4,3,0,0,0,0,0,0,0
4900,9972,5635,11,6,2,1,11,0,3,1,1,0,0,0,0,0,0,0
5000,9973,5838,11,9,2,2,8,0,5,0,1,0,0,0,0,0,0,0
5100,9977,6069,13,22,2,2,5,1,3,2,0,0,0,0,0,0,0,0
5200,9978,6150,10,17,2,0,5,0,2,2,1,1,2,0,0,0,0,0
5300,9969,5538,14,19,0,1,9,1,5,3,2,1,1,0,0,0,0,0
5400,9973,5378,14,20,1,0,7,0,5,4,0,1,0,0,0,0,0,0
5500,9974,5784,13,29,1,0,8,2,4,2,0,1,0,0,0,0,0,0
5600,9954,5946,17,38,7,7,11,2,11,1,0,1,0,0,0,0,0,0
5700,9967,6262,17,32,1,2,8,0,5,2,1,1,1,0,0,0,0,0
5800,9963,6307,18,46,3,1,13,1,3,5,0,1,0,0,0,0,0,0
5900,9953,6318,21,39,4,2,17,0,2,2,3,2,0,0,0,0,0,0
6000,9944,7437,27,93,6,1,15,7,5,1,3,2,0,0,0,0,0,0
6100,9952,7718,25,121,2,3,18,29,3,7,0,1,0,0,0,0,0,0
6200,9952,8023,31,102,3,10,12,21,1,6,1,2,0,0,0,0,0,0
6300,9947,9512,27,214,4,11,13,13,9,8,0,3,0,0,0,0,0,0
6400,9932,8497,40,282,3,17,17,12,8,6,0,0,0,0,0,0,0,0
6500,9935,9052,40,301,4,6,15,16,6,8,0,2,0,0,0,0,0,0
6600,9931,10195,39,323,3,6,14,19,9,4,1,2,3,0,0,0,0,0
6700,9913,10020,60,587,2,6,18,20,6,5,1,3,0,0,0,0,0,0
6800,9910,9689,67,755,0,16,18,27,4,5,1,5,0,0,0,0,0,0
6900,9917,9176,60,954,1,5,17,66,4,3,1,1,0,0,0,0,0,0
7000,9910,9651,66,1107,2,19,19,52,2,8,1,1,0,0,0,0,0,0
7100,9906,9423,65,1041,3,37,22,20,4,8,0,2,0,0,0,0,0,0
7200,9907,10402,66,1247,2,33,18,51,6,8,1,1,0,0,0,0,0,0
7300,9883,10678,76,1151,5,59,24,15,10,7,2,1,0,0,0,0,0,0
7400,9912,11261,55,703,4,26,20,76,9,5,0,1,0,0,0,0,0,0
7500,9913,10694,53,454,4,8,24,133,6,11,0,1,0,0,0,0,0,0
7600,9910,11289,60,400,1,8,17,309,10,5,2,4,0,0,0,0,0,0
7700,9912,11558,58,468,1,10,19,540,8,6,2,4,0,0,0,0,0,0
7800,9916,11463,52,625,4,2,20,429,5,4,2,1,1,0,0,0,0,0
7900,9881,10847,85,533,5,2,18,494,10,8,1,1,0,0,0,0,0,0
8000,9878,10549,95,502,3,4,16,694,6,5,1,1,1,2,0,0,0,0
8100,9868,11183,106,409,3,1,17,714,6,4,0,1,0,0,0,0,0,0
8200,9877,12240,99,519,4,4,17,965,2,8,0,1,1,0,0,0,0,0
8300,9870,13129,102,448,5,19,19,1018,3,7,0,2,1,0,0,0,0,0
8400,9860,14017,111,573,5,2,16,1268,7,7,1,2,0,0,0,0,0,0
8500,9861,14052,116,664,0,2,18,1225,3,5,1,0,1,0,0,0,0,0
8600,9827,14020,143,486,5,2,19,638,6,5,0,3,0,0,0,0,0,0
8700,9816,14286,161,438,2,2,14,441,4,7,3,3,0,0,0,0,0,0
8800,9827,14070,149,498,2,6,15,300,7,3,0,1,0,0,0,0,0,0
8900,9829,14989,143,483,3,8,18,267,5,5,1,3,1,0,0,0,0,0
9000,9816,13813,143,440,5,6,22,348,12,6,2,0,0,0,0,0,0,0
9100,9825,14864,150,388,2,2,14,566,7,2,1,1,1,0,0,0,0,0
9200,9818,15531,156,464,4,2,17,732,4,3,1,0,0,0,0,0,0,0
9300,9816,14940,154,499,5,4,17,675,6,4,2,5,0,0,0,0,0,0
9400,9810,13604,158,452,5,2,18,611,9,8,0,1,0,0,0,0,0,0
9500,9831,13998,135,511,1,1,19,613,11,8,1,1,2,0,0,0,0,0
9600,9859,14680,108,409,6,8,19,563,4,7,3,0,1,1,0,0,0,0
9700,9865,14926,108,410,4,4,16,247,6,5,1,3,0,0,0,0,0,0
9800,9855,16161,119,418,2,2,12,275,8,4,3,3,1,0,0,0,0,0
9900,9842,16715,132,485,6,3,11,249,6,6,3,2,0,0,0,0,0,0
10000,9837,16103,136,418,4,3,16,195,5,10,2,2,0,0,0,0,0,0
10100,9808,15676,152,308,7,6,20,248,11,12,2,1,0,0,0,0,0,0
10200,9821,16516,144,454,5,3,19,327,6,10,5,2,0,0,0,0,0,0
10300,9827,17516,143,463,1,3,24,318,3,5,2,1,0,0,0,0,0,0
10400,9782,17135,180,430,4,4,19,342,11,3,4,2,0,0,0,0,0,0
10500,9783,16745,179,459,4,10,19,484,12,3,1,1,2,0,0,0,0,0
10600,9761,14787,193,604,9,6,19,415,11,5,4,3,3,0,0,0,0,0
10700,9761,14721,207,659,6,3,16,369,8,7,2,2,0,0,0,0,0,0
10800,9719,15440,250,599,5,6,15,363,9,2,2,4,0,0,0,0,0,0
10900,9697,15123,275,832,4,5,16,355,7,5,1,1,0,0,0,0,0,0
11000,9711,16401,258,917,5,7,16,471,8,6,2,0,0,0,0,0,0,0
11100,9725,16706,243,934,4,4,14,576,9,9,5,0,0,0,0,0,0,0
11200,9738,16776,222,933,6,11,23,403,8,10,3,3,0,1,0,0,0,0
11300,9773,16897,193,1169,3,7,12,429,15,7,4,3,0,0,0,0,0,0
11400,9739,16493,224,973,5,3,19,211,9,6,4,2,0,0,0,0,0,0
11500,9731,18252,236,834,8,3,14,181,10,6,1,1,0,0,0,0,0,0
11600,9699,18661,258,838,5,4,26,57,8,6,4,2,0,0,0,0,0,0
11700,9693,17926,279,698,1,6,15,38,8,3,3,0,1,0,0,0,0,0
11800,9697,18318,272,807,5,6,19,39,3,16,4,4,0,0,0,0,0,0
11900,9689,18917,274,840,4,4,17,57,13,8,3,4,0,0,0,0,0,0
12000,9680,17643,295,850,2,2,14,51,6,2,2,0,1,0,0,0,0,0
12100,9654,17832,327,853,4,9,5,28,6,11,3,4,1,0,0,0,0,0
12200,9581,17716,391,879,14,3,8,34,3,2,3,0,0,0,0,0,0,0
12300,9600,18866,379,911,7,2,4,26,7,4,2,5,1,0,0,0,0,0
12400,9600,19026,373,884,5,9,9,10,11,5,1,2,1,0,0,0,0,0
12500,9552,17216,426,799,8,4,5,15,7,3,2,5,0,0,0,0,0,0
12600,9521,16697,455,818,8,4,7,13,5,3,4,1,0,0,0,0,0,0
12700,9513,16855,462,867,6,4,7,9,8,6,4,4,0,0,0,0,0,0
12800,9521,16132,450,1023,6,7,7,13,10,3,6,0,0,1,0,0,0,0
12900,9484,16698,491,1034,9,7,7,4,6,4,3,3,0,0,0,0,0,0
13000,9480,15958,490,958,10,3,9,3,5,6,5,2,1,0,0,0,0,0
13100,9498,15327,477,849,8,2,12,10,3,4,2,1,0,0,0,0,0,0
13200,9470,14290,507,966,11,2,5,8,4,5,3,2,0,0,0,0,0,0
13300,9475,14263,499,773,11,5,6,7,8,7,1,3,0,0,0,0,0,0
13400,9482,14869,487,755,7,3,14,10,5,1,5,2,0,1,0,0,0,0
13500,9518,15058,450,860,5,3,18,7,7,8,1,2,1,0,0,0,0,0
13600,9535,14063,427,859,11,5,16,4,9,1,2,1,0,0,0,0,0,0
13700,9544,14920,421,806,7,5,19,5,6,3,3,0,0,0,0,0,0,0
13800,9534,13766,435,934,8,1,12,6,8,8,3,2,0,0,0,0,0,0
13900,9534,13785,438,1217,0,4,20,4,7,0,1,4,0,0,0,0,0,0
14000,9506,12919,451,1261,10,5,22,4,9,2,2,8,0,0,0,0,0,0
14100,9504,13748,465,1075,6,2,19,3,3,3,3,1,0,0,0,0,0,0
14200,9513,13043,454,941,5,13,23,3,5,5,0,2,0,0,0,0,0,0
14300,9522,13684,447,1130,4,7,14,19,11,3,2,2,0,0,0,0,0,0
14400,9480,13737,482,1066,9,4,19,7,10,3,0,0,0,0,0,0,0,0
14500,9480,14393,485,1150,6,4,18,7,8,5,3,1,0,0,0,0,0,0
14600,9468,13574,497,1034,6,3,22,1,6,4,1,1,0,0,0,0,0,0
14700,9474,12505,507,1056,3,4,12,6,4,4,0,4,0,0,0,0,0,0
14800,9489,12317,491,921,3,3,6,13,5,4,6,3,0,0,0,0,0,0
14900,9493,11701,468,898,5,2,22,1,8,1,4,3,0,0,0,0,0,0
15000,9481,12473,491,716,5,3,11,7,8,4,3,0,0,0,1,0,0,0
15100,9469,11447,506,857,0,5,13,15,10,5,1,3,1,0,0,0,0,0
15200,9436,11020,536,758,9,5,10,1,7,3,2,3,0,0,0,0,0,0
15300,9444,10680,532,657,4,3,12,10,5,1,3,1,0,0,0,0,0,0
15400,9486,11128,497,734,1,4,11,5,3,5,2,2,0,0,0,0,0,0
15500,9482,10758,492,842,6,3,10,4,4,13,6,0,0,0,0,0,0,0
15600,9475,10284,503,1092,4,1,10,2,6,2,2,0,0,0,0,0,0,0
15700,9477,9865,502,1094,5,6,12,3,4,4,0,3,0,0,0,0,0,0
15800,9467,10341,500,1043,5,3,14,8,10,4,4,2,0,0,0,0,0,0
15900,9470,9906,507,964,4,3,12,2,5,5,2,5,0,0,0,0,0,0
16000,9485,9929,477,1279,5,4,17,1,13,3,3,0,0,0,0,0,0,0
16100,9503,9082,471,1331,7,3,10,1,5,4,4,1,0,0,0,0,0,0
16200,9515,9111,455,1236,6,5,16,2,6,6,2,1,0,0,0,0,0,0
16300,9524,8210,454,1279,5,4,12,7,1,5,4,1,0,0,0,0,0,0
16400,9500,8990,470,1211,10,3,10,9,7,4,3,2,0,0,0,0,0,0
16500,9485,8723,489,1251,5,3,11,1,6,7,4,2,0,0,0,0,0,0
16600,9497,9133,481,1105,4,3,10,3,4,3,4,2,0,0,0,0,0,0
16700,9477,8645,497,1217,6,3,14,9,5,4,1,0,0,0,0,0,0,0
16800,9441,8667,540,1238,4,3,9,3,3,6,3,0,0,0,0,0,0,0
16900,9480,8253,493,1282,7,4,10,0,7,4,3,2,0,0,0,0,0,0
17000,9544,9257,432,1304,5,2,11,5,7,3,1,2,0,0,0,0,0,0
17100,9555,8907,423,1357,5,4,7,3,6,0,4,0,0,1,0,0,0,0
17200,9561,8148,410,1214,6,1,12,2,8,2,3,4,0,0,0,0,0,0
17300,9570,7449,410,1326,3,3,10,3,5,3,2,4,0,0,0,0,0,0
17400,9572,8210,401,1350,8,6,9,5,9,2,1,1,0,0,0,0,0,0
17500,9550,7849,419,1145,7,3,15,9,8,2,1,2,0,0,0,0,0,0
17600,9564,7231,409,1257,3,3,17,6,5,4,2,0,0,0,0,0,0,0
17700,9567,6881,399,1077,7,2,14,1,9,6,4,2,0,0,0,0,0,0
17800,9545,7116,429,915,4,1,14,2,5,4,3,0,0,0,0,0,0,0
17900,9517,6846,453,1150,3,3,16,3,10,4,1,0,0,0,0,0,0,0
18000,9520,7142,452,1065,1,0,14,1,11,3,2,1,0,0,0,0,0,0
18100,9578,7138,400,954,3,1,16,1,3,5,0,0,0,0,0,0,0,0
18200,9587,8336,388,742,2,1,16,4,4,2,3,0,0,0,0,0,0,0
18300,9576,8538,401,711,4,6,15,5,4,5,0,2,0,0,0,0,0,0
18400,9563,7810,408,687,7,1,11,1,8,3,3,2,0,0,0,0,0,0
18500,9586,7051,386,673,7,1,13,4,5,1,3,0,0,0,0,0,0,0
18600,9614,7081,359,672,7,1,13,3,5,1,2,4,0,0,0,0,0,0
18700,9609,7374,361,624,6,3,14,6,7,3,3,0,0,0,0,0,0,0
18800,9640,7340,338,639,4,1,11,6,5,5,2,2,0,0,0,0,0,0
18900,9615,7060,361,774,5,3,10,5,7,7,2,2,0,0,0,0,0,0
19000,9634,6463,343,746,4,5,13,6,5,3,1,1,0,0,0,0,0,0
19100,9630,6238,341,704,4,2,15,1,9,3,1,0,0,0,0,0,0,0
19200,9602,6520,370,758,2,1,14,1,10,5,2,3,0,0,0,0,0,0
19300,9632,6500,341,799,4,6,12,5,5,5,6,2,0,0,0,0,0,0
19400,9611,6830,361,838,4,2,12,2,11,1,1,0,0,0,0,0,0,0
19500,9588,5915,389,908,6,1,10,2,5,3,2,2,0,0,0,0,0,0
19600,9637,5414,340,1002,3,1,11,1,5,1,4,2,0,0,0,0,0,0
19700,9616,5246,362,736,3,0,13,0,6,6,0,2,0,0,0,0,0,0
19800,9588,5921,385,894,6,2,13,1,8,2,0,2,0,0,0,0,0,0
19900,9573,5880,378,649,4,3,37,2,2,3,5,0,0,0,0,0,1,0
20000,9578,5590,361,577,9,3,42,2,9,3,1,0,0,0,0,0,0,0
20100,9601,5236,352,562,6,1,39,0,2,1,0,0,0,0,0,0,0,0
20200,9557,6002,394,552,3,4,41,1,4,2,1,1,0,0,0,0,0,0
20300,9573,5690,380,569,3,1,38,2,5,2,1,0,0,0,0,0,0,0
20400,9600,6074,355,580,2,0,41,1,2,1,0,4,0,0,0,0,0,0
20500,9588,5714,356,485,3,1,41,3,10,0,2,0,0,0,0,0,0,0
20600,9609,5462,339,376,4,1,44,2,4,2,0,0,0,0,0,0,0,0
20700,9571,4814,376,424,4,6,45,4,4,0,0,0,0,0,0,0,0,0
20800,9566,4945,380,397,4,3,39,2,8,5,3,0,0,0,0,0,0,0
20900,9624,4776,320,310,5,2,40,1,11,4,0,1,0,0,0,0,0,0
21000,9636,4883,313,271,6,1,41,3,3,4,1,0,0,0,0,0,0,0
21100,9653,4907,292,249,7,1,41,0,6,0,1,1,0,0,0,0,0,0
21200,9692,5249,254,241,6,4,41,5,6,4,1,1,0,0,0,0,0,0
21300,9664,4667,281,292,6,2,38,5,10,3,1,0,0,0,0,0,0,0
21400,9633,4402,309,302,4,1,42,3,9,5,3,0,0,0,0,0,0,0
21500,9654,4656,291,311,5,1,40,2,9,2,1,0,0,0,0,0,0,0
21600,9687,4581,259,244,5,2,44,1,3,0,2,3,0,0,0,0,0,0
21700,9702,4286,254,251,1,2,37,11,4,1,2,0,0,0,0,0,0,0
21800,9642,4932,301,303,3,1,44,5,8,3,2,0,0,0,0,0,0,0
21900,9649,4808,306,251,3,0,36,3,5,1,1,1,0,0,0,0,0,0
22000,9683,4963,292,250,5,2,16,3,3,3,1,0,0,0,0,0,0,0
22100,9684,4475,293,272,3,3,16,0,3,3,1,0,0,0,0,0,0,0
22200,9711,3980,261,276,3,5,13,2,8,3,4,2,0,0,0,0,0,0
22300,9742,4432,237,295,5,2,8,14,6,3,2,2,0,0,0,0,0,0
22400,9729,4850,248,346,3,2,9,1,6,3,5,1,0,0,0,0,0,0
22500,9713,4773,263,235,6,0,7,2,10,2,1,0,0,0,0,0,0,0
22600,9725,4735,260,224,4,3,7,1,4,2,0,0,0,0,0,0,0,0
22700,9740,4672,243,253,3,0,9,1,3,2,1,1,0,0,1,0,0,0
22800,9734,4375,245,297,4,4,6,1,7,4,3,0,1,0,0,0,0,0
22900,9743,4210,236,351,3,1,7,4,6,3,5,0,0,0,0,0,0,0
23000,9718,4313,269,287,1,2,4,2,7,2,1,1,0,0,0,0,0,0
23100,9694,4188,294,318,3,0,4,2,5,2,0,0,0,0,0,0,0,0
23200,9639,3808,337,258,7,3,11,2,4,2,2,1,0,0,0,0,0,0
23300,9636,3502,348,330,9,4,3,7,4,6,0,0,0,0,0,0,0,0
23400,9633,4045,345,310,5,2,9,1,5,3,3,3,0,0,0,0,0,0
23500,9643,4605,338,353,4,2,5,1,10,4,0,0,0,0,0,0,0,0
23600,9643,4570,342,331,4,1,5,3,5,1,1,0,0,0,0,0,0,0
23700,9688,4319,292,282,3,1,9,1,4,1,4,0,0,0,0,0,0,0
23800,9749,3961,231,270,3,0,9,3,5,2,3,2,0,0,0,0,0,0
23900,9744,3772,237,262,6,0,6,0,7,1,0,0,0,0,0,0,0,0
24000,9743,3326,236,318,6,0,7,1,6,0,2,0,0,0,0,0,0,0
24100,9743,3575,241,284,4,4,5,3,4,1,3,2,0,0,0,0,0,0
24200,9776,3597,208,267,5,1,2,3,7,0,2,0,0,0,0,0,0,0
24300,9795,3258,193,239,3,2,2,0,5,2,2,0,0,0,0,0,0,0
24400,9797,3609,188,261,2,5,3,2,6,1,4,0,0,0,0,0,0,0
24500,9771,3785,216,241,7,2,3,3,2,3,1,1,0,0,0,0,0,0
24600,9731,4025,240,277,12,1,8,0,8,1,0,1,1,0,0,0,0,0
24700,9790,3864,193,283,3,2,4,1,9,2,1,0,0,0,0,0,0,0
24800,9791,3550,200,322,3,1,2,1,2,2,2,0,0,1,0,0,0,0
24900,9802,3327,185,324,4,1,2,0,3,1,4,0,0,0,0,0,0,0
25000,9794,3451,187,208,4,0,5,1,9,0,1,1,0,0,0,0,0,0
25100,9786,3334,203,211,5,1,1,0,5,2,0,0,0,0,0,0,0,0
25200,9750,3444,238,220,2,0,2,1,5,1,3,1,0,1,0,0,0,0
25300,9741,3527,239,208,5,2,5,1,6,0,4,2,0,0,0,0,0,0
25400,9752,3246,244,120,0,3,0,4,3,2,1,1,0,0,0,0,0,0
25500,9744,3149,239,201,4,3,7,2,4,3,2,1,0,0,0,0,0,0
25600,9753,3315,237,248,2,3,0,7,7,3,1,1,0,0,0,0,0,0
25700,9753,3279,233,234,2,0,7,2,3,1,2,1,0,0,0,0,0,0
25800,9790,3441,188,254,4,0,6,3,9,1,3,2,0,0,0,0,0,0
25900,9792,3382,186,238,4,0,11,1,3,5,4,0,0,0,0,0,0,0
26000,9804,3186,178,186,4,0,5,2,7,0,2,1,0,0,0,0,0,0
26100,9859,2856,126,166,1,2,5,1,6,1,3,2,0,0,0,0,0,0
26200,9859,3152,126,202,4,3,3,2,4,2,4,0,0,0,0,0,0,0
26300,9863,3088,124,249,4,3,2,1,5,0,2,0,0,0,0,0,0,0
26400,9857,2832,130,190,4,2,2,2,5,1,2,1,0,0,0,0,0,0
26500,9855,2960,126,89,4,3,3,3,11,2,1,1,0,0,0,0,0,0
26600,9865,2827,125,120,4,0,3,3,2,2,1,0,0,0,0,0,0,0
26700,9855,2965,131,123,6,3,0,2,7,1,1,3,0,0,0,0,0,0
26800,9851,3105,137,98,6,0,1,1,3,2,2,0,0,0,0,0,0,0
26900,9846,2854,135,122,5,1,4,0,6,0,4,0,0,0,0,0,0,0
27000,9825,2532,169,74,2,2,0,3,4,1,0,2,0,0,0,0,0,0
27100,9801,2435,187,88,3,1,3,2,6,2,0,1,0,0,0,0,0,0
27200,9802,2551,184,172,5,2,3,2,4,1,2,0,0,0,0,0,0,0
27300,9803,2396,182,134,2,3,5,2,6,0,2,0,0,0,0,0,0,0
27400,9803,2318,183,84,3,2,1,0,8,2,2,0,0,0,0,0,0,0
27500,9795,2326,185,243,6,2,2,0,8,2,4,1,0,0,0,0,0,0
27600,9800,2413,186,201,2,3,1,0,7,1,4,0,0,0,0,0,0,0
27700,9795,3043,193,140,4,1,3,0,4,0,1,1,0,0,0,0,0,0
27800,9804,3056,183,84,4,1,1,3,5,2,3,1,0,0,0,0,0,0
27900,9802,2779,184,63,5,0,3,2,5,1,1,1,0,0,0,0,0,0
28000,9808,2950,182,60,2,1,3,1,5,2,0,0,0,0,0,0,0,0
28100,9803,3177,179,46,6,2,3,0,6,4,3,0,0,0,0,0,0,0
28200,9804,2880,176,53,3,2,6,2,7,2,4,1,0,0,0,0,0,0
28300,9802,2831,182,17,3,0,3,0,5,0,4,0,1,0,0,0,0,0
28400,9759,2841,225,15,8,0,2,2,3,1,3,0,0,0,0,0,0,0
28500,9787,2878,194,18,8,1,5,1,5,0,1,0,0,0,0,0,0,0
28600,9828,2970,152,18,4,0,6,0,6,1,4,0,0,0,0,0,0,0
28700,9857,3287,135,23,1,0,3,0,1,0,3,0,0,0,0,0,0,0
28800,9854,3054,130,27,6,0,2,1,7,0,1,1,0,0,0,0,0,0
28900,9848,3425,133,80,5,0,4,0,5,0,5,1,0,0,0,0,0,0
29000,9857,3043,124,63,6,1,2,0,6,0,5,1,0,0,0,0,0,0
29100,9880,2661,109,36,5,1,3,1,1,0,2,1,0,1,0,0,0,0
29200,9902,2058,68,37,8,1,8,0,8,1,5,2,0,0,0,0,1,0
29300,9944,1966,37,35,4,2,6,0,4,2,4,0,1,0,0,0,0,0
29400,9930,2122,58,26,4,0,1,0,3,2,3,0,1,0,0,0,0,0
29500,9917,2638,71,38,1,0,4,2,6,1,1,0,0,0,0,0,0,0
29600,9908,2745,75,46,5,1,3,12,5,0,4,0,0,0,0,0,0,0
29700,9922,2642,67,29,2,2,3,2,3,2,3,0,0,0,0,0,0,0
29800,9923,2722,67,15,2,2,3,1,3,2,2,0,0,0,0,0,0,0
29900,9916,2437,66,47,1,0,7,0,5,1,5,0,0,0,0,0,0,0
30000,9916,2739,71,31,4,1,2,0,6,1,1,1,0,0,0,0,0,0
30100,9914,2649,71,23,6,1,2,0,6,2,1,1,0,0,0,0,0,0
30200,9919,2591,65,19,2,0,1,0,9,2,4,0,0,0,0,0,0,0
30300,9914,2680,74,15,2,0,4,0,5,0,1,0,0,0,0,0,0,0
30400,9900,2578,77,16,5,1,7,1,9,2,2,1,0,0,0,0,0,0
30500,9925,2467,63,15,2,0,5,2,3,2,2,1,0,0,0,0,0,0
30600,9918,2272,69,14,4,0,4,0,4,0,1,0,0,0,0,0,0,0
30700,9911,2269,70,31,4,1,7,0,6,1,2,1,0,0,0,0,0,0
30800,9910,2379,68,26,7,1,8,1,6,0,1,0,0,0,0,0,0,0
30900,9921,2285,61,15,8,1,4,2,4,0,1,0,1,0,0,0,0,0
31000,9919,2515,66,35,4,1,4,0,6,1,0,0,1,0,0,0,0,0
31100,9917,2538,74,34,4,1,0,1,5,0,0,0,0,0,0,0,0,0
31200,9918,2487,65,18,2,0,3,0,6,1,6,0,0,0,0,0,0,0
31300,9922,2387,63,35,4,2,4,0,5,3,2,0,0,0,0,0,0,0
31400,9927,2449,63,66,2,0,4,2,2,1,2,0,0,0,0,0,0,0
31500,9910,2808,62,46,10,2,6,3,10,1,2,0,0,0,0,0,0,0
31600,9909,2902,72,14,5,0,2,2,9,0,3,0,0,0,0,0,0,0
31700,9863,2991,120,12,4,0,6,0,5,1,2,0,0,0,0,0,0,0
31800,9861,2895,116,18,6,1,4,4,7,0,6,0,0,0,0,0,0,0
31900,9863,2530,119,10,8,2,3,0,6,3,1,0,0,0,0,0,0,0
32000,9878,2750,113,9,1,2,3,0,5,0,0,2,0,0,0,0,0,0
32100,9895,2874,94,15,4,2,2,4,4,0,1,0,0,0,0,0,0,0
32200,9910,2635,77,14,7,1,1,3,4,1,1,0,0,0,0,0,0,0
32300,9921,2366,70,19,6,0,1,1,1,0,1,0,0,0,0,0,0,0
32400,9903,2428,86,13,3,0,3,0,4,1,1,0,0,0,0,0,0,0
32500,9907,2612,76,4,4,0,4,0,8,1,0,2,1,0,0,0,0,0
32600,9900,3072,85,1,4,0,3,0,5,3,3,0,0,0,0,0,0,0
32700,9900,3091,79,5,9,0,3,0,7,0,2,0,0,0,0,0,0,0
32800,9901,3180,83,0,6,1,4,0,4,2,2,0,0,0,0,0,0,0
32900,9908,3397,85,2,2,1,1,0,1,3,3,2,0,0,0,0,0,0
33000,9892,3149,92,8,4,0,3,0,3,1,6,1,0,0,0,0,0,0
33100,9883,3138,104,8,5,1,2,1,3,0,3,0,0,0,0,0,0,0
33200,9899,2995,85,2,7,1,0,0,8,2,1,0,0,0,0,0,0,0
33300,9824,2901,167,3,1,1,0,0,4,1,4,2,0,0,0,0,0,0
33400,9797,2642,191,0,2,0,5,0,3,0,2,0,0,0,0,0,0,0
33500,9787,2456,193,4,7,0,5,1,6,0,1,0,0,0,1,0,0,0
33600,9802,2467,183,6,5,1,4,1,5,1,1,0,0,0,0,0,0,0
33700,9739,2557,246,6,2,0,5,0,5,0,3,1,0,0,0,0,0,0
33800,9739,2131,242,5,2,0,5,0,10,1,2,0,0,0,0,0,0,0
33900,9778,2079,200,6,4,0,6,5,10,1,2,0,0,0,0,0,0,0
34000,9771,2234,213,3,3,0,4,0,8,0,1,0,0,0,0,0,0,0
34100,9786,2672,198,2,3,1,6,0,4,0,3,0,0,0,0,0,0,0
34200,9786,2481,199,25,5,0,6,0,3,0,1,1,0,0,0,0,0,0
34300,9737,2344,250,13,2,0,6,0,2,0,3,0,0,0,0,0,0,0
34400,9726,2171,239,1,7,0,21,0,6,1,1,1,0,0,0,0,0,0
34500,9738,1987,239,5,3,0,17,1,3,0,0,0,0,0,0,0,0,0
34600,9750,2128,214,28,6,1,21,0,5,1,4,0,0,0,0,0,0,0
34700,9785,2262,189,83,5,0,15,0,6,1,0,0,0,0,0,0,0,0
34800,9787,2240,177,64,5,0,24,0,6,2,1,0,0,0,0,0,0,0
34900,9795,2204,180,47,4,0,16,0,4,0,1,0,0,0,0,0,0,0
35000,9786,2375,190,21,1,1,12,1,10,4,1,0,0,0,0,0,0,0
35100,9847,2206,139,23,5,2,2,1,6,1,1,0,0,0,0,0,0,0
35200,9894,2338,91,53,4,2,6,0,4,0,1,0,0,0,0,0,0,0
35300,9900,2432,87,44,5,0,4,0,2,0,2,2,0,0,0,0,0,0
35400,9888,2578,92,16,3,2,8,0,6,0,3,1,0,0,0,0,0,0
35500,9911,2431,77,17,3,3,3,0,5,2,1,1,0,0,0,0,0,0
35600,9891,2754,93,10,3,0,6,3,3,0,4,0,0,0,0,0,0,0
35700,9907,2552,86,7,1,2,4,0,0,2,2,0,0,0,0,0,0,0
35800,9891,1912,89,4,5,0,8,1,7,2,0,0,0,1,0,0,0,0
35900,9894,2134,94,6,3,1,3,0,4,2,2,0,0,0,0,0,0,0
36000,9892,2386,94,4,3,1,5,1,4,1,2,1,0,0,0,0,0,0
36100,9895,2448,95,8,4,0,5,1,0,0,1,0,0,0,0,0,0,0
36200,9890,2672,93,25,5,3,4,0,5,0,3,0,0,0,0,0,0,0
36300,9889,3006,99,5,1,1,3,0,5,1,3,0,0,0,0,0,0,0
36400,9894,2880,93,35,3,1,2,0,6,1,1,0,1,0,0,0,0,0
36500,9843,3019,142,28,5,1,4,1,5,0,1,2,0,0,0,0,0,0
36600,9848,2740,140,5,5,0,1,0,6,4,0,1,0,0,0,0,0,0
36700,9841,2310,137,14,6,0,5,1,10,0,1,1,0,0,0,0,0,0
36800,9856,2231,131,7,4,1,4,2,3,1,2,2,0,0,0,0,0,0
36900,9853,2464,137,6,2,0,4,3,3,2,1,1,0,0,0,0,0,0
37000,9852,2517,129,5,4,0,4,1,6,0,5,0,0,0,0,0,0,0
37100,9867,2647,122,20,5,4,2,1,1,1,3,0,0,0,0,0,0,0
37200,9897,2617,85,53,4,2,7,3,4,1,3,1,0,0,0,0,0,0
37300,9907,2736,85,25,2,3,3,1,2,1,1,0,0,0,0,0,0,0
37400,9910,2835,82,11,4,0,2,1,2,2,0,0,0,0,0,0,0,0
37500,9894,2460,83,9,7,0,2,1,10,1,3,0,0,0,1,0,0,0
37600,9891,2097,85,6,5,1,4,1,9,1,6,0,0,0,0,0,0,0
37700,9909,2023,84,10,2,3,4,1,0,0,1,0,0,0,0,0,0,0
37800,9909,2374,85,16,1,1,2,1,3,0,0,0,0,0,0,0,0,0
37900,9899,2104,81,13,5,2,8,0,5,0,2,0,0,0,0,0,0,0
38000,9910,2284,81,5,2,0,2,1,5,1,0,1,0,0,0,0,0,0
38100,9890,2591,100,3,3,0,3,1,4,1,0,0,0,0,0,0,0,0
38200,9851,2173,130,24,3,1,8,0,5,0,3,0,0,0,0,0,0,0
38300,9865,1958,127,48,2,1,4,0,0,2,2,0,0,0,0,0,0,0
38400,9854,1917,124,16,4,2,6,0,7,0,5,1,0,0,0,0,0,0
38500,9869,1943,121,14,1,1,5,2,2,0,1,1,1,0,0,0,0,0
38600,9858,1914,124,22,7,0,4,1,6,2,1,0,0,0,0,0,0,0
38700,9855,1937,123,15,5,1,4,0,10,1,3,0,0,0,0,0,0,0
38800,9856,2025,124,4,5,0,6,1,7,2,2,1,0,0,0,0,0,0
38900,9853,2031,126,13,6,0,9,2,4,1,2,1,0,0,0,0,0,0
39000,9868,2040,122,14,2,0,3,1,4,0,1,0,0,0,0,0,0,0
39100,9859,2077,123,17,5,1,4,2,4,2,4,1,0,0,1,0,0,0
39200,9858,1964,127,6,3,0,4,1,6,0,2,0,0,0,0,0,0,0
39300,9861,1631,124,7,3,1,7,1,4,2,1,0,0,0,0,0,0,0
39400,9859,1792,126,6,3,1,5,0,6,0,0,1,1,0,0,0,0,0
39500,9861,2010,125,10,4,1,5,0,3,1,1,1,1,0,0,0,0,0
39600,9853,2230,131,18,4,0,4,1,6,1,1,0,1,0,0,0,0,0
39700,9808,2492,174,16,5,2,7,2,4,0,2,0,0,0,0,0,0,0
39800,9841,2653,145,7,4,0,5,3,3,1,2,0,0,0,0,0,0,0
39900,9852,2419,132,26,5,2,4,6,7,1,0,1,0,0,0,0,0,0
40000,9857,1911,130,5,6,1,3,5,3,1,1,0,0,0,0,0,0,0
40100,9856,1804,130,0,1,0,9,2,2,3,2,1,0,0,0,0,0,0
40200,9849,2025,126,2,6,0,10,0,6,1,3,0,0,0,0,0,0,0
40300,9866,2138,119,25,3,2,6,1,4,1,2,0,0,0,0,0,0,0
40400,9869,1954,125,0,1,0,5,0,0,1,0,0,0,0,0,0,0,0
40500,9823,2108,162,3,2,0,7,1,4,1,2,0,0,0,0,0,0,0
40600,9808,1996,176,0,2,1,9,1,4,4,1,0,0,0,0,0,0,0
40700,9799,1757,179,2,6,1,8,0,2,1,6,0,0,0,0,0,0,0
40800,9800,1959,178,1,3,1,7,1,8,0,4,1,0,0,0,0,0,0
40900,9779,2210,192,0,8,0,12,4,6,0,3,0,0,0,0,0,0,0
41000,9800,2015,185,5,1,0,10,2,3,1,1,0,0,0,0,0,0,0
41100,9802,1925,184,1,4,0,5,3,4,0,1,2,0,0,0,0,0,0
41200,9795,1760,191,7,3,0,8,4,2,0,1,1,0,0,0,0,0,0
41300,9828,1633,153,28,3,0,8,6,5,1,3,1,0,0,0,0,0,0
41400,9843,1801,136,25,5,1,5,3,8,1,3,0,0,0,0,0,0,0
41500,9852,2094,139,0,3,0,4,0,2,0,0,0,0,0,0,0,0,0
41600,9843,2240,135,2,5,0,9,0,4,0,4,0,0,0,0,0,0,0
41700,9846,2181,136,0,3,0,8,0,5,0,2,0,0,0,0,0,0,0
41800,9832,2166,153,1,6,1,3,0,5,0,1,0,0,0,0,0,0,0
41900,9862,2269,128,14,4,0,3,1,2,0,1,0,0,0,0,0,0,0
42000,9852,2259,137,41,4,0,4,0,2,1,1,0,0,0,0,0,0,0
42100,9856,2555,140,10,1,0,0,3,1,0,2,0,0,0,0,0,0,0
42200,9846,2583,146,11,2,1,1,2,3,1,2,0,0,0,0,0,0,0
42300,9856,2360,136,45,1,0,1,2,5,2,1,0,0,0,0,0,0,0
42400,9851,2214,139,46,2,0,1,1,6,0,1,0,0,0,0,0,0,0
42500,9817,2187,166,72,10,0,2,2,4,0,1,0,0,0,0,0,0,0
42600,9864,2006,128,43,6,1,1,3,0,1,1,0,0,0,0,0,0,0
42700,9851,2112,136,10,7,0,3,3,2,0,1,0,0,0,0,0,0,0
42800,9864,2119,124,1,3,1,4,0,4,1,1,0,0,0,0,0,0,0
42900,9846,1819,142,11,7,0,1,3,3,0,1,1,0,0,0,0,0,0
43000,9811,1954,171,1,5,0,8,5,3,0,2,1,0,0,0,0,0,0
43100,9827,2223,162,2,5,1,1,0,2,2,3,0,0,0,0,0,0,0
43200,9823,2089,167,3,4,0,4,0,0,0,2,0,0,0,0,0,0,0
43300,9817,1993,165,3,6,1,5,1,5,0,2,0,0,0,0,0,0,0
43400,9821,1869,168,1,4,1,5,0,1,0,1,0,0,0,0,0,0,0
43500,9815,1923,168,20,7,0,3,0,5,1,2,0,0,0,0,0,0,0
43600,9823,2291,168,2,5,0,1,1,3,3,0,0,0,0,0,0,0,0
43700,9774,2184,211,6,9,1,1,1,4,1,1,1,0,0,0,0,0,0
43800,9743,1854,240,3,9,1,1,3,4,0,3,1,0,0,0,0,0,0
43900,9728,2126,258,1,8,0,1,1,3,0,2,0,0,0,0,0,0,0
44000,9722,2132,258,8,6,1,7,3,5,0,2,0,0,0,0,0,0,0
44100,9683,1829,308,6,4,0,2,1,1,0,2,1,0,0,0,0,0,0
44200,9712,1741,271,2,5,0,5,0,5,0,2,1,0,0,0,0,0,0
44300,9716,1990,265,6,7,0,4,1,5,0,3,0,0,0,0,0,0,0
44400,9726,1634,254,14,9,0,4,0,4,0,3,1,0,0,0,0,0,0
44500,9749,1485,240,0,5,0,2,1,3,1,1,1,0,0,0,0,0,0
44600,9736,1805,247,0,3,1,3,0,6,0,5,0,0,0,0,0,0,0
44700,9694,1835,295,2,1,0,3,1,5,0,2,0,0,0,0,0,0,0
44800,9722,1992,258,0,2,0,3,0,12,1,3,0,0,0,0,0,0,0
44900,9720,2236,244,2,4,1,6,2,24,1,2,0,0,0,0,0,0,0
45000,9717,2636,249,1,4,1,5,1,22,2,3,0,0,0,0,0,0,0
45100,9716,2912,253,2,3,0,3,1,21,0,4,0,0,0,0,0,0,0
45200,9727,2266,243,0,4,1,4,0,21,1,1,0,0,0,0,0,0,0
45300,9714,1928,245,3,7,0,5,2,27,5,2,0,0,0,0,0,0,0
45400,9684,2007,280,3,4,1,9,2,23,1,0,0,0,0,0,0,0,0
45500,9670,2117,301,3,4,0,3,1,21,1,1,0,0,0,0,0,0,0
45600,9691,2662,281,0,3,1,4,3,20,0,1,0,0,0,0,0,0,0
45700,9711,2679,260,3,0,1,10,0,17,0,2,0,0,0,0,0,0,0
45800,9743,2689,225,0,4,1,7,9,20,0,1,0,0,0,0,0,0,0
45900,9780,2470,194,4,3,1,3,1,18,1,2,0,0,0,0,0,0,0
46000,9768,2191,198,2,5,1,9,0,20,3,0,0,0,0,0,0,0,0
46100,9762,2126,204,10,1,0,10,0,20,1,3,0,0,0,0,0,0,0
46200,9766,2311,203,16,5,1,5,0,20,0,1,1,0,0,0,0,0,0
46300,9794,2508,172,8,3,0,11,3,18,2,2,1,0,0,0,0,0,0
46400,9820,2339,155,2,1,1,5,3,18,1,1,2,0,0,0,0,0,0
46500,9829,1839,145,1,2,0,1,1,20,2,3,0,0,0,0,0,0,0
46600,9817,1830,150,0,5,0,1,1,25,3,2,0,0,0,0,0,0,0
46700,9816,2280,150,50,6,0,5,1,22,0,1,0,0,0,0,0,0,0
46800,9831,2447,137,47,2,0,8,0,19,0,3,1,0,0,0,0,0,0
46900,9827,2136,140,50,4,0,7,1,20,1,2,1,0,0,0,0,0,0
47000,9808,2099,151,64,7,1,10,2,21,2,3,1,0,0,0,0,0,0
47100,9823,2286,149,43,4,1,7,1,13,1,4,0,0,0,0,0,0,0
47200,9821,2342,155,6,6,1,10,0,5,0,3,0,0,0,0,0,0,0
47300,9824,2307,157,5,7,0,9,0,2,0,1,2,0,0,0,0,0,0
47400,9839,2081,147,7,1,1,6,3,5,1,1,0,0,0,1,0,0,0
47500,9840,2434,148,2,0,0,7,0,3,2,2,0,0,0,0,0,0,0
47600,9849,2249,130,1,5,1,9,0,4,0,3,0,0,0,0,0,0,0
47700,9866,2135,105,3,6,4,14,2,5,0,4,1,0,0,0,0,0,0
47800,9886,2315,95,3,3,1,7,7,7,0,2,0,0,0,0,0,0,0
47900,9886,2324,96,8,4,0,8,1,6,0,0,0,0,0,0,0,0,0
48000,9882,2157,96,2,3,0,10,0,7,0,2,1,0,0,0,0,0,0
48100,9889,2568,92,1,6,0,8,3,4,0,1,0,0,0,0,0,0,0
48200,9841,3047,133,3,3,0,10,1,9,1,4,0,0,0,0,0,0,0
48300,9833,2871,146,3,6,1,9,1,5,2,1,0,0,0,0,0,0,0
48400,9833,2675,148,2,2,1,8,0,8,3,1,1,0,0,0,0,0,0
48500,9833,2327,153,1,0,0,6,0,6,0,2,0,0,0,0,0,0,0
48600,9825,2380,151,35,5,1,15,1,1,0,3,0,0,0,0,0,0,0
48700,9820,2229,156,48,4,0,12,2,4,0,4,0,0,0,0,0,0,0
48800,9836,1756,144,12,3,0,6,10,10,2,1,0,0,0,0,0,0,0
48900,9851,1694,132,36,5,0,4,8,5,0,3,0,0,0,0,0,0,0
49000,9845,1660,140,29,2,0,8,7,3,1,2,0,0,0,0,0,0,0
49100,9834,1711,151,10,3,0,4,0,5,0,3,1,0,0,0,0,0,0
49200,9820,1904,167,6,0,0,7,1,3,1,3,1,0,0,0,0,0,0
49300,9809,1917,179,38,1,0,6,0,2,0,3,0,0,0,0,0,0,0
49400,9764,1672,213,36,6,0,11,0,3,0,3,0,0,0,0,0,0,0
49500,9774,1261,205,5,3,1,9,1,7,0,2,2,0,0,0,0,0,0
49600,9765,1235,213,51,6,0,5,2,9,0,2,0,0,0,0,0,0,0
49700,9739,1269,248,75,2,3,7,2,4,0,0,0,0,0,0,0,0,0
49800,9761,1254,223,34,2,0,7,0,6,2,1,0,0,0,0,0,0,0
49900,9764,1420,213,35,5,2,9,2,9,0,0,0,0,0,0,0,0,0
50000,9812,1583,167,102,9,1,8,0,3,2,1,1,0,0,0,0,0,0
50100,9823,1937,156,114,3,1,12,0,4,2,2,0,0,0,0,0,0,0
50200,9811,2095,168,69,7,0,7,1,5,1,2,0,0,0,0,0,0,0
50300,9816,1829,165,50,2,0,9,1,6,0,2,1,0,0,0,0,0,0
50400,9815,1809,168,50,2,1,8,1,6,1,1,1,0,0,0,0,0,0
50500,9827,1714,156,14,1,2,9,0,5,2,2,0,0,0,0,0,0,0
50600,9834,1712,160,5,1,0,3,0,0,3,2,0,0,0,0,0,0,0
50700,9816,1558,168,4,2,0,9,0,3,5,2,0,0,0,0,0,0,0
50800,9806,1301,182,4,3,1,5,0,3,1,1,0,0,0,0,0,0,0
50900,9793,1414,191,4,6,1,4,0,4,1,2,0,0,0,0,0,0,0
51000,9775,1711,204,4,5,1,11,0,5,1,0,1,0,0,0,0,0,0
51100,9756,2018,230,4,1,0,11,1,0,0,1,2,1,0,0,0,0,0
51200,9748,2158,237,5,3,0,6,0,3,0,3,0,0,0,0,0,0,0
51300,9751,1918,229,5,4,1,9,0,5,1,2,2,0,0,0,0,0,0
51400,9775,2144,205,32,4,2,5,1,8,0,2,1,1,0,0,0,0,0
51500,9775,1796,202,52,5,0,5,1,12,0,1,0,0,0,0,0,0,0
51600,9775,2056,201,52,5,0,8,2,7,0,4,1,0,0,0,0,0,0
51700,9791,2472,190,71,4,1,10,1,4,1,1,1,0,0,0,0,0,0
51800,9792,2496,193,39,5,0,3,3,6,4,1,0,0,0,0,0,0,0
51900,9798,2608,188,28,4,1,4,1,5,3,1,0,0,1,0,0,0,0
52000,9785,2508,199,26,1,1,3,1,7,2,5,0,0,0,0,0,0,0
52100,9760,2187,227,34,4,0,5,1,2,0,2,0,0,0,0,0,0,0
52200,9757,2267,230,38,2,0,3,1,6,1,2,0,0,0,0,0,0,0
52300,9823,2211,164,27,5,1,2,3,5,1,1,0,0,0,0,0,0,0
52400,9879,2360,112,62,4,1,2,0,2,3,1,0,0,0,0,0,0,0
52500,9879,2329,109,49,3,2,1,0,4,3,4,0,0,0,0,0,0,0
52600,9875,2492,107,41,5,0,4,0,6,3,3,0,0,0,0,0,0,0
52700,9872,2783,110,11,4,1,5,0,7,0,2,1,0,0,0,0,0,0
52800,9893,2662,97,11,5,1,2,1,1,3,2,0,0,0,0,0,0,0
52900,9897,2515,90,12,4,0,0,2,6,0,3,2,0,0,0,0,0,0
53000,9905,2716,79,3,2,0,10,0,2,0,2,0,0,0,0,0,0,0
53100,9908,2581,76,1,6,0,3,0,5,0,2,0,0,0,0,0,0,0
53200,9917,2301,67,35,6,0,1,0,6,2,3,0,0,0,0,0,0,0
53300,9922,2311,66,46,6,0,1,2,1,5,4,0,0,0,0,0,0,0
53400,9943,2364,51,19,2,4,1,12,1,0,2,0,0,0,0,0,0,0
53500,9942,2639,48,9,2,2,1,9,6,2,0,0,1,0,0,0,0,0
53600,9936,2481,45,7,2,0,7,5,5,0,5,0,0,0,0,0,0,0
53700,9939,2467,45,15,2,2,4,3,9,0,1,0,0,0,0,0,0,0
53800,9951,2406,39,20,3,1,1,7,4,0,2,0,0,0,0,0,0,0
53900,9935,2340,50,19,2,0,4,1,7,1,2,0,0,0,0,0,0,0
54000,9944,2133,49,29,1,0,1,3,4,0,1,1,0,0,0,0,0,0
54100,9945,2031,49,6,1,0,3,5,2,1,0,0,0,0,0,0,0,0
54200,9948,1983,43,15,1,1,5,4,1,0,2,0,0,0,0,0,0,0
54300,9948,1851,42,12,3,1,3,4,3,0,1,0,0,0,0,0,0,0
54400,9955,1775,35,2,3,0,4,1,1,0,2,1,0,0,0,0,0,0
54500,9939,1703,48,5,3,0,5,2,5,0,0,0,0,0,0,0,0,0
54600,9942,1843,47,10,1,1,6,2,3,0,1,0,0,0,0,0,0,0
54700,9940,2156,46,4,3,0,7,4,3,0,1,1,0,0,0,0,0,0
54800,9949,1859,45,1,0,1,2,3,3,0,1,0,0,0,0,0,0,0
54900,9937,1732,54,4,2,0,2,6,5,0,0,0,0,0,0,0,0,0
55000,9937,1815,56,8,0,0,4,5,2,0,1,0,0,0,0,0,0,0
55100,9941,1678,50,16,2,2,4,2,2,1,1,1,0,0,0,0,0,0
55200,9938,1884,54,44,2,0,3,2,2,1,1,0,0,0,0,0,0,0
55300,9926,1980,66,26,3,1,2,4,1,0,2,0,0,0,0,0,0,0
55400,9922,1665,67,14,4,1,4,26,2,2,1,0,0,0,0,0,0,0
55500,9921,1654,67,16,3,0,3,26,4,1,2,0,0,0,0,0,0,0
55600,9922,2024,69,12,1,1,4,15,3,3,1,1,0,0,0,0,0,0
55700,9919,2182,66,2,2,1,4,2,6,1,3,0,0,0,0,0,0,0
55800,9934,2056,57,20,3,1,1,4,4,1,1,0,0,0,0,0,0,0
55900,9907,1959,77,23,4,1,4,1,4,1,4,0,0,0,0,0,0,0
56000,9902,1977,84,19,3,1,3,0,5,1,3,1,0,0,0,0,0,0
56100,9893,1934,93,7,0,0,6,1,7,1,1,0,0,0,0,0,0,0
56200,9897,1641,89,18,4,1,6,0,3,1,0,1,1,0,0,0,0,0
56300,9912,1884,73,10,7,0,1,1,5,2,1,0,1,0,0,0,0,0
56400,9912,2144,75,15,3,0,5,0,3,0,2,1,0,0,0,0,0,0
56500,9903,2420,81,15,3,0,4,2,8,0,1,0,0,0,0,0,0,0
56600,9927,2317,67,15,2,1,2,2,2,1,0,0,0,0,0,0,0,0
56700,9918,2236,69,32,1,3,5,3,6,0,1,0,0,0,0,0,0,0
56800,9925,2474,64,27,3,3,1,0,7,1,0,0,0,0,0,0,0,0
56900,9919,2457,67,18,4,2,2,0,4,0,4,0,0,0,0,0,0,0
57000,9904,2619,80,24,5,0,4,0,2,2,5,1,0,0,0,0,0,0
57100,9934,2234,56,32,4,2,4,0,1,2,1,3,0,0,0,0,0,0
57200,9936,2177,58,11,4,0,0,0,2,1,0,0,0,1,0,0,0,0
57300,9959,2347,30,50,4,0,1,1,4,0,2,2,0,0,0,0,0,0
57400,9931,2278,57,12,3,0,5,3,1,1,3,1,0,0,0,0,0,0
57500,9924,2122,70,5,2,0,2,1,2,1,0,0,0,0,0,0,0,0
57600,9915,2044,72,61,6,1,2,1,2,3,3,0,0,0,0,0,0,0
57700,9913,2323,74,62,5,0,5,3,2,0,1,0,0,0,0,0,0,0
57800,9920,2185,70,50,5,2,3,6,2,1,0,0,0,0,0,0,0,0
57900,9908,2030,79,48,5,2,4,1,3,0,1,1,0,0,0,0,0,0
58000,9921,2066,70,49,4,1,1,1,4,2,0,0,0,0,0,0,0,0
58100,9916,1958,78,47,5,1,0,3,1,0,0,1,0,0,0,0,0,0
58200,9917,1983,76,47,4,0,1,1,1,1,1,1,0,0,0,0,0,0
58300,9903,2021,79,45,6,2,6,1,4,1,2,0,0,0,0,0,0,0
58400,9905,2162,82,49,4,1,5,1,1,1,3,1,0,0,0,0,0,0
58500,9909,2721,74,47,8,0,3,0,6,1,0,1,0,0,0,0,0,0
58600,9906,2317,74,49,5,0,5,0,9,0,1,0,0,0,0,0,0,0
58700,9908,2219,79,50,4,1,3,0,3,0,3,1,0,0,0,0,0,0
58800,9914,2162,72,55,6,2,2,0,3,1,3,2,0,0,0,0,0,0
58900,9907,1783,77,48,1,1,6,1,7,0,2,1,0,0,0,0,0,0
59000,9914,1560,75,48,3,1,2,4,5,1,1,0,0,0,0,0,0,0
59100,9928,1686,62,46,3,0,2,7,2,1,3,0,0,0,0,0,0,0
59200,9959,1705,30,36,4,1,4,3,2,1,1,0,0,0,0,0,0,0
59300,9964,1978,26,19,5,1,1,3,2,1,2,0,0,0,0,0,0,0
59400,9956,2209,29,19,8,0,6,0,0,0,1,0,0,0,0,0,0,0
59500,9952,2373,37,32,5,1,3,0,1,1,2,0,0,0,0,0,0,0
59600,9943,1922,45,44,3,0,3,1,5,2,1,0,0,0,0,0,0,0
59700,9877,1683,110,18,4,0,2,4,3,2,4,0,0,0,0,0,0,0
59800,9829,1664,156,22,5,1,2,0,1,2,7,0,0,0,0,0,0,0
59900,9824,1539,159,53,5,2,5,0,6,0,1,0,0,0,0,0,0,0
60000,9822,1399,162,13,4,1,2,1,9,2,1,0,0,0,0,0,0,0
60100,9820,1178,159,8,4,2,7,0,7,2,3,0,0,0,0,0,0,0
60200,9824,1190,165,11,1,1,4,2,2,1,4,0,0,0,0,0,0,0
60300,9833,1279,158,14,6,0,1,1,1,2,1,0,0,0,0,0,0,0
60400,9838,1428,156,7,1,1,0,1,4,0,1,0,0,0,0,0,0,0
60500,9822,1534,165,20,5,0,2,0,4,1,2,0,0,0,0,0,0,0
60600,9839,1373,156,24,2,0,1,1,2,1,0,0,0,0,0,0,0,0
60700,9841,1421,145,27,4,2,6,3,3,4,1,0,0,0,0,0,0,0
60800,9837,1534,151,35,3,1,4,0,5,0,0,1,0,0,0,0,0,0
60900,9838,1548,147,8,3,1,6,0,5,0,1,0,0,0,0,0,0,0
61000,9811,1808,172,5,8,1,3,0,4,0,2,0,0,0,0,0,0,0
61100,9807,1609,179,2,5,1,5,1,4,1,0,0,0,0,0,0,0,0
61200,9805,1977,176,7,3,0,6,2,9,1,1,0,0,0,0,0,0,0
61300,9809,2234,179,3,2,0,5,4,4,0,1,0,0,0,0,0,0,0
61400,9809,2317,180,19,3,1,6,0,1,1,1,0,0,0,0,0,0,0
61500,9812,2301,173,8,5,0,6,0,3,0,1,0,0,0,0,0,0,0
61600,9819,1947,167,3,6,0,2,1,3,0,3,0,0,0,0,0,0,0
61700,9814,2025,173,3,6,1,3,0,3,0,1,0,0,0,0,0,0,0
61800,9826,2082,166,11,3,1,2,2,3,1,0,0,0,0,0,0,0,0
61900,9867,1910,119,10,3,1,7,0,3,1,1,1,0,0,0,0,0,0
62000,9888,1768,104,10,0,0,4,0,3,1,1,0,0,0,0,0,0,0
62100,9883,1835,104,5,2,0,2,0,6,0,3,0,0,0,0,0,0,0
62200,9855,1884,127,21,7,0,2,2,5,0,4,0,0,0,0,0,0,0
62300,9845,1917,145,8,4,0,2,1,3,0,1,1,0,0,0,0,0,0
62400,9850,1881,140,29,2,1,6,0,2,1,0,1,0,0,0,0,0,0
62500,9842,2016,139,15,4,1,9,0,3,0,3,0,0,0,0,0,0,0
62600,9855,2054,136,38,3,1,4,37,2,1,0,0,0,0,0,0,0,0
62700,9842,1684,139,44,9,0,5,36,5,3,0,0,0,0,0,0,0,0
62800,9856,1702,137,58,2,1,2,38,2,0,1,0,0,0,0,0,0,0
62900,9833,1481,158,90,3,1,2,32,4,3,0,0,0,0,0,0,0,0
63000,9854,1345,134,169,1,0,7,1,2,0,2,1,0,0,0,0,0,0
63100,9845,1380,135,142,4,1,16,3,0,2,0,0,0,0,0,0,0,0
63200,9837,1355,137,51,1,1,20,0,4,4,1,0,0,0,0,0,0,0
63300,9836,1394,133,54,4,0,18,2,6,0,3,0,0,0,0,0,0,0
63400,9840,1325,134,86,0,1,18,0,5,2,3,0,0,0,0,0,0,0
63500,9819,1481,157,93,4,1,16,0,3,2,1,0,0,0,0,0,0,0
63600,9794,1485,181,67,3,0,17,1,4,1,1,0,0,0,0,0,0,0
63700,9808,1644,169,43,1,1,18,0,4,0,0,0,0,0,0,0,0,0
63800,9803,1490,172,43,1,1,17,1,3,0,4,1,0,0,0,0,0,0
63900,9808,1350,166,39,4,0,17,0,4,0,1,0,0,0,0,0,0,0
64000,9818,1544,165,9,2,0,10,2,2,3,3,0,0,0,0,0,0,0
64100,9821,1628,167,7,4,0,6,10,2,0,0,0,0,0,0,0,0,0
64200,9820,1721,172,0,3,2,0,9,2,4,3,0,0,0,0,0,0,0
64300,9830,1820,165,30,0,0,1,1,2,0,2,1,0,0,0,0,0,0
64400,9819,1944,176,31,2,0,2,0,1,0,0,1,0,0,0,0,0,0
64500,9824,1978,168,41,0,2,4,0,1,0,3,0,0,0,0,0,0,0
64600,9827,1790,169,46,0,2,0,0,2,1,2,0,0,0,0,0,0,0
64700,9824,1788,168,35,1,0,3,1,3,1,1,0,0,0,0,0,0,0
64800,9826,1847,168,22,2,1,1,2,2,0,1,0,0,0,0,0,0,0
64900,9821,1898,168,2,1,0,6,3,2,1,2,0,0,0,0,0,0,0
65000,9813,2071,174,1,1,0,3,1,5,0,4,0,0,0,0,0,0,0
65100,9816,2247,174,1,1,1,4,0,5,2,0,1,0,0,0,0,0,0
65200,9818,2472,171,6,1,0,2,2,4,1,4,2,0,0,0,0,0,0
65300,9818,2341,171,1,1,1,7,1,2,0,1,0,0,0,0,0,0,0
65400,9820,2421,170,0,1,0,2,0,6,0,1,0,0,0,0,0,0,0
65500,9812,2196,174,1,6,0,1,0,4,2,3,0,0,0,0,0,0,0
65600,9815,2183,174,39,6,0,0,0,4,1,1,0,0,0,0,0,0,0
65700,9822,2112,174,77,3,4,1,1,0,0,0,1,0,0,0,0,0,0
65800,9838,2167,156,45,2,0,1,1,2,0,0,0,1,0,0,0,0,0
65900,9872,2000,121,43,1,0,2,0,3,2,1,0,0,0,0,0,0,0
66000,9865,2346,130,39,2,1,1,1,2,1,0,0,0,0,0,0,0,0
66100,9863,2208,123,5,4,0,4,0,5,1,1,0,0,0,0,0,0,0
66200,9862,2075,126,9,1,0,6,1,4,0,1,0,0,0,0,0,0,0
66300,9864,1904,122,1,3,0,5,2,3,1,3,0,0,0,0,0,0,0
66400,9865,2137,123,1,5,1,3,1,2,1,2,0,0,0,0,0,0,0
66500,9855,1978,125,1,5,0,5,0,6,3,4,0,0,0,0,0,0,0
66600,9873,2084,121,27,0,0,4,0,1,0,1,0,0,0,0,0,0,0
66700,9865,2480,122,13,4,0,4,0,2,0,3,1,0,0,0,0,0,0
66800,9858,2339,128,8,5,0,5,2,3,1,1,0,0,0,0,0,0,0
66900,9863,2209,128,10,0,1,5,0,2,0,2,0,0,0,0,0,0,0
67000,9858,2268,130,47,3,2,7,0,1,1,1,2,0,0,0,0,0,0
67100,9854,1905,132,90,4,0,6,2,3,0,1,0,0,0,0,0,0,0
67200,9858,2004,128,81,3,1,6,2,4,0,1,0,0,0,0,0,0,0
67300,9853,1998,133,75,5,0,7,0,2,0,0,0,0,0,0,0,0,0
67400,9846,2218,136,63,5,0,8,1,4,0,1,1,0,0,0,0,0,0
67500,9846,2119,137,64,5,13,8,2,0,1,4,2,0,0,0,0,0,0
67600,9848,2362,139,35,2,11,7,0,3,4,1,0,0,0,0,0,0,0
67700,9848,2117,133,19,3,4,9,0,6,3,1,1,0,0,0,0,0,0
67800,9840,1903,147,17,2,0,7,0,4,0,0,0,0,0,0,0,0,0
67900,9852,2216,138,17,2,0,5,1,2,1,1,0,0,0,0,0,0,0
68000,9848,2198,139,8,2,0,4,0,6,0,1,1,0,0,0,0,0,0
68100,9841,2250,139,4,7,2,8,0,2,3,3,1,0,0,0,0,0,0
68200,9847,2047,142,2,2,1,4,2,2,0,3,0,0,0,0,0,0,0
68300,9831,2101,153,82,2,1,4,4,8,1,2,0,0,0,0,0,0,0
68400,9837,2069,144,75,2,1,11,1,1,2,5,0,0,0,0,0,0,0
68500,9855,2165,136,47,4,0,4,2,1,3,0,1,0,0,0,0,0,0
68600,9839,1925,144,92,6,0,9,4,2,0,0,0,0,0,0,0,0,0
68700,9836,2059,147,113,4,0,6,1,4,1,3,0,0,0,0,0,0,0
68800,9836,2143,153,81,5,0,0,0,6,3,0,0,0,0,0,0,0,0
68900,9819,2103,147,37,4,1,18,0,10,0,2,0,0,0,0,0,0,0
69000,9838,2113,146,20,2,0,11,0,1,0,2,0,0,0,0,0,0,0
69100,9828,2169,156,13,2,0,12,0,1,1,1,0,0,0,0,0,0,0
69200,9812,2385,168,8,2,2,13,0,2,1,3,1,0,0,0,0,0,0
69300,9801,2252,181,16,3,3,11,2,3,0,1,0,0,0,0,0,0,0
69400,9794,2132,179,8,1,0,16,2,9,0,1,0,0,0,0,0,0,0
69500,9790,2437,185,30,4,1,16,2,3,0,2,0,0,0,0,0,0,0
69600,9796,2472,182,10,2,0,14,0,5,1,1,0,0,0,0,0,0,0
69700,9800,2306,180,1,2,2,13,0,2,2,3,0,0,0,0,0,0,0
69800,9809,2597,171,33,2,1,15,1,3,4,0,0,0,0,0,0,0,0
69900,9808,2521,181,6,3,1,7,0,0,2,1,0,0,0,0,0,0,0
70000,9812,2089,176,1,2,2,9,1,1,0,0,0,0,0,0,0,0,0
70100,9805,1832,175,0,3,0,10,1,4,0,3,0,0,0,0,0,0,0
70200,9807,1878,180,19,0,1,11,2,1,0,1,0,0,0,0,0,0,0
70300,9798,1976,179,69,9,2,10,0,2,0,2,0,0,0,0,0,0,0
70400,9781,2277,202,34,2,1,9,1,4,0,1,0,1,0,0,0,0,0
70500,9748,2409,226,104,6,0,16,0,3,0,1,0,0,0,0,0,0,0
70600,9763,2353,221,75,2,0,12,4,2,0,0,0,0,0,0,0,0,0
70700,9756,2463,221,51,3,2,17,0,3,1,0,0,0,0,0,0,0,0
70800,9744,2533,221,60,6,0,24,1,3,0,2,1,0,0,0,0,0,0
70900,9760,2405,220,54,1,3,13,1,4,1,2,0,0,0,0,0,0,0
71000,9753,2035,227,47,4,0,13,3,2,1,1,0,0,0,0,0,0,0
71100,9722,2093,261,61,3,0,11,0,1,0,2,0,0,0,0,0,0,0
71200,9713,2253,272,74,1,1,8,1,5,0,1,0,0,0,0,0,0,0
71300,9719,2386,265,78,0,1,13,0,3,1,0,2,0,0,0,0,0,0
71400,9703,2576,274,72,1,0,18,2,2,1,2,0,0,0,0,0,0,0
71500,9712,2542,268,67,1,0,17,2,1,1,1,0,0,0,0,0,0,0
71600,9727,2145,243,75,3,0,19,1,4,3,3,1,1,0,0,0,0,0
71700,9801,2004,172,83,4,2,18,0,2,0,3,0,0,0,0,0,0,0
71800,9833,1743,141,92,3,1,21,0,2,3,0,1,0,0,0,0,0,0
71900,9828,1482,138,80,3,0,25,0,3,1,3,0,0,0,0,0,0,0
72000,9825,1569,146,86,3,0,20,1,4,2,1,0,1,0,0,0,0,0
72100,9839,1803,138,88,1,0,18,2,2,0,2,0,0,0,0,0,0,0
72200,9841,1719,135,55,1,0,20,1,3,0,0,2,0,0,0,0,0,0
72300,9831,1867,138,73,4,3,15,1,6,2,6,0,0,0,0,0,0,0
72400,9775,2069,186,76,2,0,31,1,3,1,2,0,0,0,1,0,0,0
72500,9774,2078,186,80,3,0,27,0,7,1,3,0,0,0,0,0,0,0
72600,9781,1814,189,102,7,1,16,1,7,0,0,1,0,0,0,0,0,0
72700,9771,1623,194,41,1,1,28,0,5,2,1,0,0,0,0,0,0,0
72800,9771,1785,193,65,0,0,31,1,3,1,2,0,0,0,0,0,0,0
72900,9766,1868,186,86,1,2,36,0,6,1,5,1,0,0,0,0,0,0
73000,9777,1816,190,106,2,2,29,0,1,1,1,1,0,0,0,0,0,0
73100,9722,1837,238,124,3,0,33,0,2,1,2,1,0,0,0,0,0,0
73200,9774,1752,193,72,3,1,28,0,1,2,1,0,0,0,0,0,0,0
73300,9743,1847,207,113,2,0,42,1,5,0,1,0,0,0,0,0,0,0
73400,9753,2117,213,71,1,0,29,0,2,1,2,0,0,0,0,0,0,0
73500,9750,2257,211,57,3,0,32,0,2,2,2,1,0,0,0,0,0,0
73600,9760,2123,207,24,3,2,25,0,5,1,0,2,0,0,0,0,0,0
73700,9759,2211,202,75,3,0,26,0,9,0,1,1,0,0,0,0,0,0
73800,9769,2277,198,16,2,1,28,1,2,0,1,2,0,0,0,0,0,0
73900,9758,2073,210,24,4,0,24,0,3,1,1,1,0,0,0,0,0,0
74000,9769,1951,206,36,2,2,22,1,0,1,1,0,0,0,0,0,0,0
74100,9763,1755,205,40,3,2,25,0,2,1,2,0,0,0,0,0,0,0
74200,9836,1662,134,19,4,0,22,1,2,1,2,2,0,1,0,0,0,0
74300,9856,1900,111,38,2,1,25,1,5,0,1,0,0,2,0,0,0,0
74400,9852,1880,116,63,3,1,25,2,4,3,0,0,0,0,0,0,0,0
74500,9845,2108,121,74,0,0,31,2,1,0,2,3,0,0,0,0,0,0
74600,9839,1954,125,92,1,1,30,3,4,1,1,1,0,0,0,0,0,0
74700,9837,2263,129,61,0,0,28,3,2,0,4,0,0,0,0,0,0,0
74800,9826,2042,138,7,2,0,27,0,5,0,2,0,0,0,0,0,0,0
74900,9824,1889,139,6,4,2,27,2,5,0,1,0,0,0,0,0,0,0
75000,9835,1718,120,3,6,0,32,0,6,0,1,0,0,0,0,0,0,0
75100,9838,1862,124,47,3,1,32,0,2,0,1,1,0,0,0,0,0,0
75200,9842,2186,122,77,0,1,29,0,5,0,2,0,0,0,0,0,0,0
75300,9851,2477,114,82,3,2,26,1,5,0,1,1,0,0,0,0,0,0
75400,9868,2302,108,94,1,0,23,0,0,2,0,0,0,0,0,0,0,0
75500,9847,2259,117,67,2,0,27,0,4,0,2,0,1,0,0,0,0,0
75600,9855,2109,111,79,2,1,25,0,5,0,2,0,0,0,0,0,0,0
75700,9862,2167,100,78,5,0,30,0,3,1,0,0,0,0,0,0,0,0
75800,9859,2505,98,81,2,0,36,0,4,0,1,0,0,0,0,0,0,0
75900,9861,2367,98,71,0,1,31,0,9,2,1,0,0,0,0,0,0,0
76000,9867,2495,103,36,3,0,22,13,4,0,1,0,0,0,0,0,0,0
76100,9855,2476,108,45,2,2,33,18,1,1,1,1,0,0,0,0,0,0
76200,9862,2488,109,51,6,0,20,5,1,2,2,0,0,0,0,0,0,0
76300,9852,2597,110,47,3,0,30,2,3,2,2,0,0,0,0,0,0,0
76400,9855,2624,110,41,1,0,28,2,6,0,0,0,0,0,0,0,0,0
76500,9859,2327,110,66,3,0,24,2,3,1,1,0,0,0,0,0,0,0
76600,9861,2260,108,50,1,2,22,1,8,1,0,0,0,0,0,0,0,0
76700,9862,2309,106,39,1,1,29,0,2,0,0,0,0,0,0,0,0,0
76800,9863,2446,101,34,2,0,26,0,6,0,2,1,0,0,0,0,0,0
76900,9867,2267,106,36,2,1,21,2,1,0,3,0,0,0,0,0,0,0
77000,9866,1979,103,47,2,1,22,0,6,0,1,0,0,0,0,0,0,0
77100,9854,1981,108,45,4,2,29,2,2,0,3,0,0,0,0,0,0,0
77200,9861,2176,106,33,1,0,24,0,5,0,3,0,0,0,0,0,0,0
77300,9859,2223,109,5,3,0,25,0,4,1,0,0,0,0,0,0,0,0
77400,9854,2432,107,20,4,1,30,3,5,0,0,0,0,0,0,0,0,0
77500,9844,2398,113,22,5,1,31,0,4,0,3,0,0,0,0,0,0,0
77600,9858,2472,107,4,1,3,31,1,3,0,0,0,0,0,0,0,0,0
77700,9841,2261,112,9,2,0,29,1,13,1,3,0,0,0,0,0,0,0
77800,9879,2100,81,10,1,0,33,1,6,0,0,0,0,0,0,0,0,0
77900,9878,2014,85,2,2,0,28,1,5,1,2,0,0,0,0,0,0,0
78000,9877,2536,85,0,1,1,33,1,3,0,1,0,0,0,0,0,0,0
78100,9878,2227,81,19,1,0,35,0,5,0,0,0,0,0,0,0,0,0
78200,9868,2231,83,15,2,0,43,0,3,0,1,1,0,0,0,0,0,0
78300,9883,2465,85,10,1,0,27,1,4,0,0,0,0,0,0,0,0,0
78400,9870,2480,85,27,4,0,30,0,7,0,4,0,0,0,0,0,0,0
78500,9880,2630,83,11,2,0,30,1,4,1,1,1,0,0,0,0,0,0
78600,9879,2216,86,9,2,0,28,1,4,0,1,0,0,0,0,0,0,0
78700,9909,2290,83,5,3,0,3,0,1,0,1,0,0,0,0,0,0,0
78800,9912,2224,79,2,0,0,7,0,1,0,1,0,0,0,0,0,0,0
78900,9914,1924,75,5,3,1,1,3,7,1,0,1,0,0,0,0,0,0
79000,9906,2268,79,21,1,1,9,0,2,3,3,0,0,0,0,0,0,0
79100,9907,2184,80,0,5,2,5,0,2,1,1,0,0,0,0,0,0,0
79200,9915,2157,79,12,2,1,1,1,3,0,0,0,0,0,0,0,0,0
79300,9918,2035,73,26,0,1,5,0,2,1,2,0,0,0,0,0,0,0
79400,9962,1750,20,24,3,0,7,1,6,1,2,0,0,0,0,0,0,0
79500,9949,2144,37,23,4,0,6,0,3,0,1,0,0,0,0,0,0,0
79600,9968,2054,26,27,2,0,1,0,3,0,0,0,0,0,0,0,0,0
79700,9969,1844,26,36,1,0,1,0,3,0,0,1,0,0,0,0,0,0
79800,9963,2125,28,37,2,0,4,1,0,0,3,0,0,0,0,0,0,0
79900,9962,2176,27,29,2,1,2,0,5,2,2,1,0,0,0,0,0,0
80000,9965,2179,29,10,2,0,0,0,4,0,0,0,0,0,0,0,0,0
80100,9970,2325,21,11,4,0,2,1,3,0,0,0,0,0,0,0,0,0
80200,9964,2281,28,17,0,2,1,0,6,0,1,0,0,0,0,0,0,0
80300,9972,2540,25,9,0,0,0,0,1,0,2,0,0,0,0,0,0,0
80400,9954,2218,40,0,1,1,0,0,4,0,1,1,0,0,0,0,0,0
80500,9917,2433,64,10,5,3,5,4,8,2,1,0,0,0,0,0,0,0
80600,9927,2221,60,16,3,2,6,0,4,1,0,0,0,0,0,0,0,0
80700,9942,2505,50,7,2,2,3,1,3,1,0,0,0,0,0,0,0,0
80800,9945,2739,47,7,2,0,4,0,2,0,0,0,0,0,0,0,0,0
80900,9950,2016,48,0,0,1,2,2,0,1,0,0,0,0,0,0,0,0
81000,9948,1876,42,0,3,0,2,1,3,0,2,0,0,0,0,0,0,0
81100,9948,2015,46,34,3,0,1,1,1,0,1,0,0,0,0,0,0,0
81200,9944,2233,47,19,0,0,5,1,2,1,2,0,0,0,0,0,0,0
81300,9952,2649,45,0,0,1,1,1,2,1,0,0,0,0,0,0,0,0
81400,9947,2397,45,0,1,0,1,1,4,0,2,0,0,0,0,0,0,0
81500,9946,2580,45,1,3,0,3,0,2,1,1,0,0,0,0,0,0,0
81600,9950,2222,40,1,3,1,1,0,5,2,1,0,0,0,0,0,0,0
81700,9953,1868,42,12,2,1,0,1,2,0,1,0,0,0,0,0,0,0
81800,9945,2029,39,38,4,0,4,0,5,0,3,0,0,0,0,0,0,0
81900,9947,2513,45,29,4,0,2,1,1,0,1,0,0,0,0,0,0,0
82000,9958,2584,37,5,3,0,2,0,0,0,0,0,0,0,0,0,0,0
82100,9961,2685,36,12,1,1,0,0,1,2,1,0,0,0,0,0,0,0
82200,9954,2409,39,8,3,2,2,0,2,0,0,0,0,0,0,0,0,0
82300,9947,2581,44,4,3,0,3,0,1,4,2,0,0,0,0,0,0,0
82400,9942,2533,50,1,2,0,3,0,2,2,1,0,0,0,0,0,0,0
82500,9939,2409,49,9,3,4,5,0,3,0,1,0,0,0,0,0,0,0
82600,9941,2229,49,4,1,2,3,1,4,2,2,1,0,0,0,0,0,0
82700,9951,2409,39,20,5,0,4,0,0,0,1,0,0,0,0,0,0,0
82800,9956,2331,28,3,4,0,8,1,4,3,0,0,0,0,0,0,0,0
82900,9946,2216,27,2,1,1,20,0,6,0,0,0,0,0,0,0,0,0
83000,9941,2337,26,1,5,0,24,2,4,2,0,0,0,0,0,0,0,0
83100,9940,2453,30,6,1,2,19,0,4,3,6,0,0,0,0,0,0,0
83200,9938,2583,29,8,3,2,26,0,3,0,1,0,0,0,0,0,0,0
83300,9940,2900,28,0,7,2,23,0,2,0,0,0,0,0,0,0,0,0
83400,9950,2473,29,1,1,1,20,0,0,0,0,0,0,0,0,0,0,0
83500,9924,2196,33,7,2,1,34,1,6,1,1,0,0,0,0,0,0,0
83600,9936,2414,37,0,1,1,25,0,1,1,0,0,0,0,0,0,0,0
83700,9891,2412,75,0,4,0,26,1,4,0,0,0,0,0,0,0,0,0
83800,9889,2302,79,0,3,1,28,0,0,3,1,1,0,0,0,0,0,0
83900,9885,2479,86,2,1,2,25,0,3,1,0,1,0,0,0,0,0,0
84000,9891,2161,81,2,2,0,23,1,2,0,1,0,0,0,0,0,0,0
84100,9884,2448,81,8,4,3,26,0,4,1,1,0,0,0,0,0,0,0
84200,9877,2724,88,8,4,0,28,0,3,1,0,0,0,0,0,0,0,0
84300,9871,2477,96,3,6,1,21,0,4,2,2,0,0,0,0,0,0,0
84400,9874,2488,86,3,2,1,30,0,6,1,2,0,0,0,0,0,0,0
84500,9869,2315,96,19,3,0,24,1,5,0,3,0,0,0,0,0,0,0
84600,9879,2260,94,26,4,0,21,1,1,0,1,1,0,0,0,0,0,0
84700,9874,2520,95,19,2,0,25,1,0,0,4,0,0,0,0,0,0,0
84800,9877,2355,95,21,1,1,24,0,2,0,1,0,0,0,0,0,0,0
84900,9878,2147,94,2,3,0,23,0,0,1,2,0,0,0,0,0,0,0
85000,9896,1831,86,33,1,2,15,2,1,0,1,0,0,0,0,0,0,0
85100,9904,2230,87,35,1,0,5,0,1,1,2,1,0,0,0,0,0,0
85200,9903,2198,83,5,3,1,9,2,1,0,1,0,0,0,0,0,0,0
85300,9901,2439,89,106,1,1,7,1,1,0,1,1,0,0,0,0,0,0
85400,9900,2642,86,209,3,1,7,1,2,0,2,0,0,0,0,0,0,0
85500,9906,2760,82,154,1,0,7,1,2,0,1,0,1,0,0,0,0,0
85600,9895,2637,87,90,5,1,11,3,0,1,2,0,0,0,0,0,0,0
85700,9908,2516,69,69,5,0,12,5,4,0,2,0,0,0,0,0,0,0
85800,9921,2434,67,89,2,1,6,3,2,4,2,0,0,0,0,0,0,0
85900,9926,2195,60,119,3,0,7,4,1,3,3,3,0,0,0,0,0,0
86000,9925,2064,64,192,1,0,8,0,2,1,0,0,0,0,0,0,0,0
86100,9914,1774,69,106,6,1,7,0,4,1,0,0,0,0,0,0,0,0
86200,9930,1541,52,88,8,0,5,2,4,3,1,0,0,0,0,0,0,0
86300,9964,1531,13,92,11,0,6,1,5,0,1,1,0,0,0,0,0,0
86400,9966,1441,11,48,10,0,8,0,4,0,1,0,0,0,0,0,0,0
86500,9970,1463,14,72,7,1,7,2,2,1,0,0,0,0,0,0,0,0
86600,9976,1497,13,170,6,1,5,0,0,0,0,0,0,0,0,0,0,0
86700,9947,1845,32,204,7,0,8,4,4,1,2,0,0,0,0,0,0,0
86800,9948,1771,32,244,7,1,7,6,3,2,3,0,0,0,0,0,0,0
86900,9963,1544,24,208,2,0,6,5,4,0,1,1,0,0,0,0,0,0
87000,9959,1465,32,182,1,0,5,1,3,0,0,0,0,0,0,0,0,0
87100,9955,1474,25,182,4,0,7,2,8,0,1,0,0,0,0,0,0,0
87200,9960,1545,25,197,4,1,7,4,3,1,1,0,0,0,0,0,0,0
87300,9956,1703,25,232,3,0,7,9,6,0,3,0,0,0,0,0,0,0
87400,9957,1870,28,264,4,2,6,3,5,1,0,0,0,0,0,0,0,0
87500,9966,1690,21,292,2,1,6,11,4,3,1,0,0,0,0,0,0,0
87600,9969,1571,23,304,1,2,4,7,1,1,2,0,0,0,0,0,0,0
87700,9962,1595,25,251,2,0,8,9,2,2,1,0,0,0,0,0,0,0
87800,9974,1833,19,269,0,1,4,5,3,0,0,0,0,0,0,0,0,0
87900,9967,1713,19,242,2,0,4,1,6,0,2,1,0,0,0,0,0,0
88000,9964,2075,25,257,1,0,5,5,4,2,1,0,0,0,0,0,0,0
88100,9960,2158,21,200,6,2,6,6,5,1,2,2,0,0,0,0,0,0
88200,9953,2224,35,232,5,1,3,0,4,0,0,0,0,0,0,0,0,0
88300,9953,2518,34,231,2,5,7,1,4,0,0,0,0,0,0,0,0,0
88400,9937,2379,42,243,3,1,14,1,2,1,2,0,0,0,0,0,0,0
88500,9943,2383,42,239,3,0,8,0,3,1,1,0,0,0,0,0,0,0
88600,9939,2534,44,190,4,0,7,1,3,0,3,0,0,0,0,0,0,0
88700,9940,2274,37,218,2,0,16,0,5,3,0,0,0,0,0,0,0,0
88800,9939,2232,34,197,0,1,19,0,6,3,2,0,0,0,0,0,0,0
88900,9951,2188,19,193,7,2,19,0,3,0,1,0,0,0,0,0,0,0
89000,9949,2076,23,285,3,0,22,0,3,2,0,1,0,0,0,0,0,0
89100,9943,2016,29,281,1,0,21,1,5,1,1,0,0,0,0,0,0,0
89200,9948,2060,24,215,2,0,20,1,4,0,2,0,0,0,0,0,0,0
89300,9967,2586,22,109,3,1,7,0,1,1,0,0,0,0,0,0,0,0
89400,9959,2217,27,103,0,2,12,0,2,3,0,0,0,0,0,0,0,0
89500,9968,2142,22,134,3,1,4,0,2,0,1,0,0,0,0,0,0,0
89600,9970,2324,19,118,4,0,3,1,2,0,2,0,0,0,0,0,0,0
89700,9970,2219,17,145,2,1,5,1,4,0,2,1,0,0,0,0,0,0
89800,9966,2149,19,125,0,2,12,3,2,1,1,0,0,0,0,0,0,0
89900,9969,2087,16,110,3,0,6,1,5,1,1,1,0,0,0,0,0,0
90000,9970,2440,19,120,1,0,7,0,2,1,1,0,0,0,0,0,0,0
90100,9975,2584,17,136,1,0,4,10,2,0,1,2,0,0,0,0,0,0
90200,9978,2532,14,104,2,0,3,9,2,0,1,1,0,0,0,0,0,0
90300,9975,2877,15,109,2,0,3,1,5,3,0,0,0,0,0,0,0,0
90400,9973,2878,15,106,2,1,6,3,3,0,1,0,0,0,0,0,0,0
90500,9977,3203,15,109,1,1,1,0,2,0,4,0,0,0,0,0,0,0
90600,9972,3299,19,102,1,0,5,0,2,0,1,1,0,0,0,0,0,0
90700,9971,3351,19,116,5,1,2,0,2,1,1,0,0,0,0,0,0,0
90800,9961,2657,22,115,5,1,6,2,5,0,1,1,0,0,0,0,0,0
90900,9972,2812,15,102,1,1,6,1,6,0,0,0,0,0,0,0,0,0
91000,9975,2833,17,102,3,0,3,2,2,0,0,1,0,0,0,0,0,0
91100,9967,2847,19,99,3,1,3,0,6,0,2,1,0,0,0,0,0,0
91200,9965,3165,26,50,4,1,3,0,0,1,2,0,0,0,0,0,0,0
91300,9963,3016,20,23,5,1,5,0,6,0,1,1,0,0,0,0,0,0
91400,9967,2717,26,15,1,1,2,3,2,1,2,0,0,0,0,0,0,0
91500,9954,2637,35,45,4,0,6,0,1,0,0,2,0,0,0,0,0,0
91600,9961,2304,25,117,2,1,7,3,2,2,3,0,0,0,0,0,0,0
91700,9946,1946,31,142,6,1,10,0,5,2,2,0,0,0,0,0,0,0
91800,9958,1802,28,68,3,0,4,1,3,0,4,0,0,0,0,0,0,0
91900,9950,1956,40,59,1,0,7,1,2,4,0,0,0,0,0,0,0,0
92000,9948,1994,40,55,3,1,6,0,2,0,1,0,0,0,0,0,0,0
92100,9959,2196,34,12,2,1,4,13,1,1,0,0,0,0,0,0,0,0
92200,9959,2715,30,91,3,2,5,12,3,3,0,0,0,0,0,0,0,0
92300,9932,2522,55,152,4,0,5,0,3,1,1,0,0,0,0,0,0,0
92400,9933,2533,53,140,1,1,11,2,2,0,0,0,0,0,0,0,0,0
92500,9943,2499,49,91,2,0,3,0,2,0,1,1,0,1,0,0,0,0
92600,9938,2262,50,162,1,0,6,0,4,1,1,0,0,0,0,0,0,0
92700,9931,2433,48,150,4,1,12,1,4,1,1,0,0,0,0,0,0,0
92800,9935,2840,52,57,3,1,2,0,5,1,3,0,0,0,0,0,0,0
92900,9941,2816,48,139,2,1,1,0,7,4,1,0,0,0,0,0,0,0
93000,9945,3064,49,140,3,2,2,0,1,0,0,1,0,0,0,0,0,0
93100,9944,3483,46,56,5,0,2,1,3,0,0,0,0,0,0,0,0,0
93200,9945,3640,47,40,1,0,6,0,0,0,1,0,0,0,0,0,0,0
93300,9942,3732,48,7,3,0,3,0,4,2,0,0,0,0,0,0,0,0
93400,9943,3486,51,0,1,3,1,0,3,1,1,0,0,0,0,0,0,0
93500,9937,3869,52,2,5,8,2,0,2,1,2,0,0,0,0,0,0,0
93600,9943,4130,51,10,2,1,2,2,2,0,0,0,0,0,0,0,0,0
93700,9955,3503,42,13,2,0,1,1,0,0,0,0,0,0,0,0,0,0
93800,9942,3591,49,9,2,0,4,0,3,2,0,0,0,0,0,0,0,0
93900,9957,3307,36,3,0,1,4,2,3,0,0,1,0,0,0,0,0,0
94000,9956,3206,38,1,1,0,1,1,2,0,2,1,0,0,0,0,0,0
94100,9981,2804,11,5,3,0,2,1,3,0,0,0,0,0,0,0,0,0
94200,9985,3095,9,5,0,0,1,0,4,0,1,2,0,0,0,0,0,0
94300,9984,3587,10,1,3,1,2,1,1,2,0,0,0,0,0,0,0,0
94400,9981,3805,12,3,0,1,2,0,4,0,1,0,0,0,0,0,0,0
94500,9984,2837,12,2,0,0,2,0,0,1,2,0,0,0,0,0,0,0
94600,9986,2777,12,0,2,2,0,0,0,1,0,1,0,0,0,0,0,0
94700,9973,2295,13,2,1,1,4,2,3,0,6,0,0,0,0,0,0,0
94800,9982,2348,11,23,2,1,1,0,4,0,0,0,0,0,0,0,0,0
94900,9968,2831,22,13,2,0,3,2,4,1,1,0,0,0,0,0,0,0
95000,9940,2756,45,4,6,1,4,0,4,1,1,0,0,0,0,0,0,0
95100,9950,2387,41,2,2,0,4,0,3,0,0,0,0,0,0,0,0,0
95200,9945,2437,40,0,6,1,5,1,4,0,0,0,0,0,0,0,0,0
95300,9947,2457,41,4,0,1,8,0,3,3,1,0,0,0,0,0,0,0
95400,9945,2689,46,9,6,0,3,1,0,0,0,0,0,0,0,0,0,0
95500,9940,2598,45,0,4,2,4,4,5,0,2,0,0,0,0,0,0,0
95600,9934,2741,54,3,4,2,4,1,1,0,3,0,0,0,0,0,0,0
95700,9948,3100,50,5,0,0,1,0,1,1,0,0,0,0,0,0,0,0
95800,9946,3019,46,2,3,0,1,0,1,0,3,2,0,0,0,0,0,0
95900,9946,3049,45,3,1,1,5,0,3,0,0,0,0,0,0,0,0,0
96000,9939,3046,49,3,1,1,5,1,5,4,1,0,0,0,0,0,0,0
96100,9945,3066,48,3,1,0,1,0,3,0,2,0,0,0,0,0,0,0
96200,9935,3225,48,8,5,0,5,3,5,0,2,0,0,0,0,0,0,0
96300,9945,3197,47,5,1,0,3,4,3,1,1,0,0,0,0,0,0,0
96400,9940,3076,49,1,1,0,5,1,3,0,2,2,0,0,0,0,0,0
96500,9933,2706,54,6,2,0,8,0,2,0,1,0,0,0,0,0,0,0
96600,9934,2650,54,51,2,1,6,0,4,0,0,0,0,0,0,0,0,0
96700,9934,2745,55,44,4,0,4,0,1,0,2,1,0,0,0,0,0,0
96800,9947,2665,43,13,3,1,2,2,4,1,1,0,0,0,0,0,0,0
96900,9931,2974,53,7,2,1,9,1,4,1,1,0,0,0,0,0,0,0
97000,9938,2803,45,13,3,0,9,3,4,2,1,0,0,0,0,0,0,0
97100,9960,2377,35,3,2,1,3,2,0,0,0,0,0,0,0,0,0,0
97200,9925,2329,62,1,5,1,6,0,2,1,0,1,0,0,0,0,0,0
97300,9864,2313,123,0,3,0,3,2,2,0,5,0,0,0,0,0,0,0
97400,9832,2723,149,2,6,0,8,2,3,0,2,0,0,0,0,0,0,0
97500,9808,2275,170,9,3,0,17,0,0,1,2,0,0,0,0,0,0,0
97600,9763,2752,223,0,1,0,11,0,2,1,0,2,0,0,0,0,0,0
97700,9720,2814,265,0,2,1,11,0,2,1,0,1,0,0,0,0,0,0
97800,9725,2950,269,1,2,0,3,0,0,2,1,0,0,0,0,0,0,0
97900,9714,2863,274,5,1,0,4,0,4,0,3,0,0,0,0,0,0,0
98000,9617,2849,369,3,0,2,10,1,3,0,1,0,0,0,0,0,0,0
98100,9602,2705,374,2,5,1,16,1,3,1,0,0,0,0,0,0,0,0
98200,9635,2857,340,7,2,0,21,0,1,0,1,0,0,0,0,0,0,0
98300,9646,3025,313,0,1,0,37,0,3,1,0,0,0,0,0,0,0,0
98400,9682,3060,275,1,2,1,39,0,1,0,1,0,0,0,0,0,0,0
98500,9692,3188,279,8,1,0,23,0,5,1,0,0,0,0,0,0,0,0
98600,9682,3165,297,64,2,0,13,1,5,1,1,1,0,0,0,0,0,0
98700,9701,3238,275,43,3,0,17,1,4,0,0,1,0,0,0,0,0,0
98800,9769,3431,203,16,1,1,24,0,2,0,1,0,0,0,0,0,0,0
98900,9744,3576,209,19,3,1,39,0,5,1,0,0,0,0,0,0,0,0
99000,9748,2796,210,11,5,0,34,0,1,2,2,0,0,0,0,0,0,0
99100,9773,3150,172,5,4,1,46,0,4,1,1,0,0,0,0,0,0,0
99200,9802,3113,145,7,3,1,46,3,3,0,1,0,0,0,0,0,0,0
99300,9798,2625,143,10,4,2,51,1,2,0,2,0,0,0,0,0,0,0
99400,9787,2220,144,7,3,2,56,0,9,1,1,1,0,0,0,0,0,0
99500,9798,2289,144,18,3,0,47,1,7,1,1,0,0,0,0,0,0,0
99600,9800,2588,145,39,2,2,50,2,3,2,0,0,0,0,0,0,0,0
99700,9819,2688,146,13,2,1,28,0,4,0,1,2,0,0,0,0,0,0
99800,9852,2743,142,3,3,0,0,0,3,1,0,0,0,0,0,0,0,0
99900,9843,3037,145,15,1,1,6,2,4,1,1,0,0,0,0,0,0,0
100000,9840,3052,145,15,1,0,5,0,8,1,1,1,0,0,0,0,0,0
