update,host_task_NOT,sym_task_NOT,host_task_NAND,sym_task_NAND,host_task_AND,sym_task_AND,host_task_ORN,sym_task_ORN,host_task_OR,sym_task_OR,host_task_ANDN,sym_task_ANDN,host_task_NOR,sym_task_NOR,host_task_XOR,sym_task_XOR,host_task_EQU,sym_task_EQU
0,0,0,0,0,0,0,0,0,0,0,0,0,0,0,0,0,0,0
100,10001,0,0,0,0,0,0,0,0,0,1,0,0,0,0,0,0,0
200,9996,0,0,0,1,0,0,0,2,0,1,0,0,0,0,0,0,0
300,9995,0,0,0,2,0,1,0,1,0,1,0,0,0,0,0,0,0
400,9997,0,0,0,1,0,0,0,0,0,2,0,0,0,0,0,0,0
500,9991,0,0,0,1,0,2,0,6,0,0,0,0,0,0,0,0,0
600,9994,0,0,0,1,0,0,0,2,0,3,0,0,0,0,0,0,0
700,9995,0,0,0,2,0,1,0,2,0,0,0,0,0,0,0,0,0
800,9994,0,0,0,1,0,1,0,3,0,1,0,0,0,0,0,0,0
900,9994,0,1,0,0,0,2,0,0,0,3,0,0,0,0,0,0,0
1000,9991,0,2,0,3,0,1,0,1,0,2,0,0,0,0,0,0,0
1100,9990,0,1,0,0,0,1,0,4,0,4,0,0,0,0,0,0,0
1200,9991,0,1,0,4,0,1,0,3,0,0,0,0,0,0,0,0,0
1300,9992,0,0,0,2,0,1,0,4,0,1,0,0,0,0,0,0,0
1400,9986,0,1,0,3,0,3,0,1,0,6,0,0,0,0,0,0,0
1500,9986,0,2,0,3,0,6,0,1,0,2,0,0,0,0,0,0,0
1600,9991,0,3,0,2,0,0,0,4,0,0,0,0,0,0,0,0,0
1700,9988,0,7,0,0,0,1,0,4,0,0,0,0,0,0,0,0,0
1800,9987,0,5,0,1,0,1,0,4,0,2,0,0,0,0,0,0,0
1900,9982,0,8,0,2,0,4,0,3,0,1,0,0,0,0,0,0,0
2000,9985,0,7,0,2,0,3,0,1,0,2,0,0,0,0,0,0,0
2100,9984,0,7,0,2,0,2,0,3,0,2,0,0,0,0,0,0,0
2200,9979,0,11,0,3,0,2,0,2,0,3,0,0,0,0,0,0,0
2300,9981,0,11,0,4,0,1,0,1,0,2,0,0,0,0,0,0,0
2400,9982,0,10,0,4,0,1,0,3,0,0,0,0,0,0,0,0,0
2500,9986,0,10,0,0,0,2,0,2,0,0,0,0,0,0,0,0,0
2600,9985,0,9,0,3,0,1,0,1,0,1,0,0,0,0,0,0,0
2700,9974,0,16,0,2,0,4,0,3,0,1,0,0,0,0,0,0,0
2800,9978,0,16,0,1,0,1,0,3,0,1,0,0,0,0,0,0,0
2900,9975,0,15,0,2,0,3,0,5,0,0,0,0,0,0,0,0,0
3000,9974,0,17,0,3,0,3,0,1,0,1,0,1,0,0,0,0,0
3100,9970,0,21,0,3,0,5,0,1,0,0,0,0,0,0,0,0,0
3200,9966,0,21,0,5,0,5,0,2,0,1,0,0,0,0,0,0,0
3300,9969,0,21,0,1,0,4,0,5,0,0,0,0,0,0,0,0,0
3400,9960,0,29,0,1,0,6,0,4,0,0,0,0,0,0,0,0,0
3500,9965,0,24,0,2,0,3,0,4,0,2,0,0,0,0,0,0,0
3600,9975,0,24,0,0,0,0,0,1,0,0,0,0,0,0,0,0,0
3700,9963,0,31,0,1,0,0,0,4,0,1,0,0,0,0,0,0,0
3800,9954,0,37,0,1,0,2,0,6,0,0,0,0,0,0,0,0,0
3900,9943,0,35,0,2,0,14,0,4,0,2,0,0,0,0,0,0,0
4000,9955,0,35,0,2,0,3,0,3,0,2,0,0,0,0,0,0,0
4100,9944,0,37,0,4,0,11,0,2,0,2,0,0,0,0,0,0,0
4200,9958,0,29,0,4,0,4,0,5,0,0,0,0,0,0,0,0,0
4300,9961,0,33,0,0,0,5,0,1,0,0,0,0,0,0,0,0,0
4400,9962,0,31,0,2,0,2,0,3,0,0,0,0,0,0,0,0,0
4500,9966,0,30,0,1,0,1,0,2,0,0,0,0,0,0,0,0,0
4600,9960,0,30,0,0,0,6,0,4,0,0,0,0,0,0,0,0,0
4700,9952,0,31,0,1,0,7,0,7,0,0,0,2,0,0,0,0,0
4800,9945,0,38,0,3,0,3,0,8,0,3,0,0,0,0,0,0,0
4900,9949,0,43,0,2,0,3,0,3,0,0,0,0,0,0,0,0,0
5000,9948,0,42,0,2,0,0,0,4,0,3,0,1,0,0,0,0,0
5100,9946,0,40,0,6,0,0,0,7,0,1,0,0,0,0,0,0,0
5200,9952,0,39,0,1,0,1,0,6,0,0,0,1,0,0,0,0,0
5300,9955,0,38,0,0,0,1,0,3,0,3,0,0,0,0,0,0,0
5400,9946,0,42,0,3,0,4,0,5,0,0,0,0,0,0,0,0,0
5500,9954,0,35,0,5,0,2,0,3,0,1,0,0,0,0,0,0,0
5600,9946,0,43,0,4,0,3,0,2,0,2,0,0,0,0,0,0,0
5700,9952,0,32,0,4,0,5,0,6,0,1,0,0,0,0,0,0,0
5800,9961,0,34,0,0,0,0,0,3,0,2,0,0,0,0,0,0,0
5900,9942,0,49,0,4,0,5,0,0,0,0,0,0,0,0,0,0,0
6000,9951,0,45,0,1,0,1,0,2,0,0,0,0,0,0,0,0,0
6100,9940,0,46,0,4,0,3,0,7,0,0,0,0,0,0,0,0,0
6200,9944,0,46,0,0,0,1,0,7,0,2,0,0,0,0,0,0,0
6300,9940,0,51,0,4,0,2,0,3,0,0,0,0,0,0,0,0,0
6400,9933,0,53,0,4,0,6,0,1,0,3,0,0,0,0,0,0,0
6500,9924,0,60,0,0,0,10,0,5,0,0,0,1,0,0,0,0,0
6600,9926,0,58,0,3,0,7,0,5,0,1,0,0,0,0,0,0,0
6700,9922,0,67,0,1,0,7,0,3,0,0,0,0,0,0,0,0,0
6800,9922,0,65,0,2,0,7,0,3,0,1,0,0,0,0,0,0,0
6900,9908,0,67,0,4,0,9,0,8,0,4,0,0,0,0,0,0,0
7000,9912,0,74,0,0,0,5,0,6,0,3,0,0,0,0,0,0,0
7100,9907,0,81,0,1,0,7,0,4,0,0,0,0,0,0,0,0,0
7200,9905,0,79,0,3,0,5,0,4,0,4,0,0,0,0,0,0,0
7300,9907,0,76,0,0,0,11,0,5,0,1,0,0,0,0,0,0,0
7400,9883,0,72,0,2,0,34,0,4,0,5,0,0,0,0,0,0,0
7500,9874,0,80,0,2,0,36,0,7,0,1,0,0,0,0,0,0,0
7600,9867,0,89,0,1,0,38,0,3,0,2,0,0,0,0,0,0,0
7700,9855,0,102,0,3,0,35,0,4,0,1,0,0,0,0,0,0,0
7800,9819,0,134,0,0,0,38,0,6,0,3,0,0,0,0,0,0,0
7900,9820,0,132,0,1,0,42,0,4,0,1,0,0,0,0,0,0,0
8000,9826,0,123,0,3,0,47,0,1,0,0,0,0,0,0,0,0,0
8100,9819,0,132,0,2,0,42,0,2,0,3,0,0,0,0,0,0,0
8200,9815,0,130,0,0,0,48,0,3,0,4,0,0,0,0,0,0,0
8300,9825,0,116,0,3,0,48,0,6,0,2,0,0,0,0,0,0,0
8400,9829,0,119,0,3,0,46,0,1,0,2,0,0,0,0,0,0,0
8500,9774,0,166,0,4,0,51,0,3,0,1,0,1,0,0,0,0,0
8600,9740,0,193,0,8,0,49,0,8,0,2,0,0,0,0,0,0,0
8700,9719,0,219,0,15,0,42,0,3,0,2,0,0,0,0,0,0,0
8800,9695,0,225,0,24,0,47,0,8,0,1,0,0,0,0,0,0,0
8900,9667,0,251,0,20,0,55,0,5,0,2,0,0,0,0,0,0,0
9000,9584,0,335,0,20,0,55,0,4,0,2,0,0,0,0,0,0,0
9100,9545,0,340,0,30,0,72,0,11,0,2,0,0,0,0,0,0,0
9200,9540,0,333,0,40,0,80,0,6,0,1,0,0,0,0,0,0,0
9300,9545,0,314,0,47,0,83,0,8,0,3,0,0,0,0,0,0,0
9400,9578,0,296,0,46,0,70,0,8,0,2,0,0,0,0,0,0,0
9500,9567,0,307,0,48,0,71,0,5,0,2,0,0,0,0,0,0,0
9600,9591,0,261,0,54,0,82,0,7,0,5,0,0,0,0,0,0,0
9700,9621,0,255,0,51,0,58,0,10,0,5,0,0,0,0,0,0,0
9800,9630,0,244,0,53,0,59,0,10,0,3,0,1,0,0,0,0,0
9900,9665,0,230,0,41,0,55,0,6,0,3,0,0,0,0,0,0,0
10000,9693,0,220,0,35,0,50,0,2,0,0,0,0,0,0,0,0,0
10100,9671,0,240,0,26,0,48,0,7,0,7,0,1,0,0,0,0,0
10200,9737,0,179,0,25,0,47,0,10,0,2,0,0,0,0,0,0,0
10300,9766,0,152,0,22,0,49,0,8,0,3,0,0,0,0,0,0,0
10400,9755,0,149,0,29,0,59,0,7,0,1,0,0,0,0,0,0,0
10500,9764,0,149,0,26,0,46,0,12,0,3,0,0,0,0,0,0,0
10600,9747,0,176,0,22,0,42,0,8,0,5,0,0,0,0,0,0,0
10700,9734,0,182,0,25,0,44,0,10,0,4,0,1,0,0,0,0,0
10800,9752,0,151,0,24,0,62,0,7,0,3,0,1,0,0,0,0,0
10900,9728,0,149,0,24,0,84,0,9,0,6,0,0,0,0,0,0,0
11000,9737,0,155,0,16,0,82,0,10,0,0,0,0,0,0,0,0,0
11100,9728,0,162,0,13,0,84,0,11,0,2,0,0,0,0,0,0,0
11200,9732,0,153,0,19,0,81,0,10,0,4,0,1,0,0,0,0,0
11300,9732,0,161,0,17,0,83,0,5,0,2,0,0,0,0,0,0,0
11400,9755,0,150,0,10,0,80,0,3,0,2,0,0,0,0,0,0,0
11500,9783,0,145,0,7,0,53,0,7,0,5,0,0,0,0,0,0,0
11600,9774,0,150,0,19,0,47,0,10,0,0,0,0,0,0,0,0,0
11700,9799,0,134,0,11,0,47,0,8,0,1,0,0,0,0,0,0,0
11800,9792,0,138,0,16,0,39,0,9,0,5,0,1,0,0,0,0,0
11900,9822,0,140,0,14,0,13,0,10,0,1,0,0,0,0,0,0,0
12000,9813,0,155,0,13,0,8,0,7,0,4,0,0,0,0,0,0,0
12100,9831,0,142,0,8,0,10,0,8,0,1,0,0,0,0,0,0,0
12200,9813,0,149,0,7,0,11,0,16,0,4,0,0,0,0,0,0,0
12300,9822,0,144,0,11,0,8,0,14,0,1,0,0,0,0,0,0,0
12400,9848,0,116,0,12,0,10,0,11,0,3,0,0,0,0,0,0,0
12500,9866,0,106,0,9,0,13,0,5,0,1,0,0,0,0,0,0,0
12600,9863,0,99,0,14,0,7,0,15,0,2,0,0,0,0,0,0,0
12700,9846,0,115,0,13,0,9,0,15,0,2,0,0,0,0,0,0,0
12800,9839,0,127,0,9,0,8,0,14,0,3,0,0,0,0,0,0,0
12900,9807,0,155,0,13,0,11,0,13,0,1,0,0,0,0,0,0,0
13000,9818,0,152,0,8,0,6,0,12,0,4,0,0,0,0,0,0,0
13100,9816,0,149,0,10,0,5,0,16,0,4,0,0,0,0,0,0,0
13200,9833,0,134,0,11,0,5,0,14,0,3,0,0,0,0,0,0,0
13300,9778,0,187,0,11,0,13,0,11,0,0,0,0,0,0,0,0,0
13400,9816,0,150,0,10,0,2,0,18,0,3,0,1,0,0,0,0,0
13500,9817,0,162,0,2,0,6,0,12,0,1,0,0,0,0,0,0,0
13600,9834,0,145,0,4,0,4,0,13,0,0,0,0,0,0,0,0,0
13700,9837,0,141,0,5,0,11,0,6,0,0,0,0,0,0,0,0,0
13800,9837,0,140,0,5,0,5,0,12,0,1,0,0,0,0,0,0,0
13900,9835,0,145,0,3,0,6,0,7,0,4,0,0,0,0,0,0,0
14000,9824,0,147,0,9,0,7,0,12,0,1,0,0,0,0,0,0,0
14100,9824,0,158,0,1,0,7,0,9,0,1,0,0,0,0,0,0,0
14200,9823,0,160,0,3,0,4,0,9,0,1,0,0,0,0,0,0,0
14300,9780,0,190,0,4,0,5,0,16,0,5,0,0,0,0,0,0,0
14400,9789,0,183,0,10,0,5,0,11,0,1,0,1,0,0,0,0,0
14500,9808,0,171,0,4,0,1,0,11,0,4,0,1,0,0,0,0,0
14600,9832,0,155,0,4,0,3,0,5,0,1,0,0,0,0,0,0,0
14700,9833,0,145,0,5,0,3,0,13,0,1,0,0,0,0,0,0,0
14800,9826,0,149,0,6,0,5,0,12,0,2,0,0,0,0,0,0,0
14900,9832,0,147,0,3,0,3,0,11,0,4,0,0,0,0,0,0,0
15000,9842,0,137,0,2,0,7,0,9,0,3,0,0,0,0,0,0,0
15100,9833,0,146,0,3,0,5,0,12,0,1,0,0,0,0,0,0,0
15200,9852,0,137,0,2,0,2,0,4,0,3,0,0,0,0,0,0,0
15300,9860,0,127,0,4,0,1,0,6,0,2,0,0,0,0,0,0,0
15400,9846,0,127,0,8,0,8,0,9,0,2,0,0,0,0,0,0,0
15500,9870,0,115,0,2,0,6,0,6,0,1,0,0,0,0,0,0,0
15600,9867,0,110,0,3,0,4,0,8,0,8,0,0,0,0,0,0,0
15700,9864,0,114,0,8,0,2,0,9,0,3,0,0,0,0,0,0,0
15800,9832,0,145,0,6,0,6,0,8,0,3,0,0,0,0,0,0,0
15900,9820,0,164,0,5,0,3,0,7,0,1,0,0,0,0,0,0,0
16000,9766,0,208,0,5,0,7,0,8,0,3,0,3,0,0,0,0,0
16100,9774,0,206,0,4,0,8,0,6,0,2,0,0,0,0,0,0,0
16200,9770,0,214,0,2,0,4,0,10,0,0,0,0,0,0,0,0,0
16300,9785,0,202,0,6,0,0,0,7,0,0,0,0,0,0,0,0,0
16400,9772,0,210,0,7,0,3,0,5,0,3,0,0,0,0,0,0,0
16500,9765,0,223,0,2,0,2,0,4,0,4,0,0,0,0,0,0,0
16600,9755,0,226,0,6,0,5,0,6,0,2,0,0,0,0,0,0,0
16700,9772,0,212,0,5,0,3,0,6,0,2,0,0,0,0,0,0,0
16800,9732,0,231,0,3,0,30,0,3,0,1,0,0,0,0,0,0,0
16900,9729,0,225,0,5,0,29,0,9,0,3,0,0,0,0,0,0,0
17000,9706,0,246,0,6,0,36,0,3,0,3,0,0,0,0,0,0,0
17100,9710,0,238,0,3,0,41,0,6,0,2,0,0,0,0,0,0,0
17200,9676,0,233,0,3,0,78,0,6,0,4,0,0,0,0,0,0,0
17300,9676,0,234,0,5,0,73,0,10,0,2,0,0,0,0,0,0,0
17400,9695,0,226,0,2,0,70,0,3,0,4,0,0,0,0,0,0,0
17500,9702,0,230,0,1,0,64,0,3,0,0,0,0,0,0,0,0,0
17600,9703,0,208,0,1,0,81,0,6,0,1,0,0,0,0,0,0,0
17700,9702,0,205,0,5,0,81,0,5,0,2,0,0,0,0,0,0,0
17800,9701,0,209,0,5,0,79,0,6,0,0,0,0,0,0,0,0,0
17900,9711,0,210,0,4,0,72,0,3,0,0,0,0,0,0,0,0,0
18000,9720,0,200,0,5,0,62,0,10,0,2,0,1,0,0,0,0,0
18100,9703,0,223,0,4,0,64,0,4,0,2,0,0,0,0,0,0,0
18200,9680,0,241,0,4,0,70,0,4,0,1,0,0,0,0,0,0,0
18300,9681,0,243,0,2,0,65,0,8,0,0,0,1,0,0,0,0,0
18400,9676,0,228,0,5,0,78,0,10,0,3,0,0,0,0,0,0,0
18500,9700,0,216,0,6,0,69,0,7,0,2,0,0,0,0,0,0,0
18600,9737,0,191,0,2,0,65,0,5,0,0,0,0,0,0,0,0,0
18700,9716,0,198,0,8,0,66,0,9,0,3,0,0,0,0,0,0,0
18800,9737,0,196,0,1,0,60,0,6,0,0,0,0,0,0,0,0,0
18900,9729,0,203,0,2,0,63,0,1,0,2,0,0,0,0,0,0,0
19000,9717,0,198,0,15,0,65,0,4,0,1,0,0,0,0,0,0,0
19100,9682,0,216,0,22,0,69,0,7,0,4,0,0,0,0,0,0,0
19200,9672,0,225,0,27,0,69,0,4,0,3,0,0,0,0,0,0,0
19300,9648,0,250,0,29,0,65,0,4,0,4,0,0,0,0,0,0,0
19400,9631,0,259,0,32,0,66,0,10,0,2,0,0,0,0,0,0,0
19500,9650,0,235,0,28,0,80,0,6,0,1,0,0,0,0,0,0,0
19600,9656,0,220,0,28,0,88,0,5,0,3,0,0,0,0,0,0,0
19700,9631,0,237,0,25,0,91,0,14,0,2,0,0,0,0,0,0,0
19800,9615,0,254,0,30,0,93,0,6,0,2,0,0,0,0,0,0,0
19900,9627,0,241,0,34,0,92,0,3,0,3,0,0,0,0,0,0,0
20000,9631,0,256,0,5,0,98,0,6,0,4,0,0,0,0,0,0,0
20100,9617,0,261,0,12,0,98,0,7,0,5,0,0,0,0,0,0,0
20200,9633,0,260,0,6,0,96,0,2,0,3,0,0,0,0,0,0,0
20300,9618,0,277,0,2,0,96,0,6,0,1,0,0,0,0,0,0,0
20400,9584,0,298,0,7,0,101,0,6,0,4,0,0,0,0,0,0,0
20500,9588,0,305,0,5,0,96,0,6,0,0,0,0,0,0,0,0,0
20600,9577,0,318,0,3,0,96,0,4,0,2,0,0,0,0,0,0,0
20700,9534,0,354,0,7,0,93,0,10,0,2,0,0,0,0,0,0,0
20800,9572,0,320,0,5,0,92,0,11,0,0,0,0,0,0,0,0,0
20900,9644,0,260,0,3,0,87,0,5,0,0,0,1,0,0,0,0,0
21000,9650,0,240,0,6,0,95,0,8,0,1,0,0,0,0,0,0,0
21100,9681,0,226,0,3,0,85,0,4,0,1,0,0,0,0,0,0,0
21200,9646,0,256,0,3,0,84,0,7,0,4,0,0,0,0,0,0,0
21300,9634,0,263,0,7,0,87,0,7,0,1,0,0,0,1,0,0,0
21400,9650,0,256,0,3,0,85,0,5,0,1,0,0,0,0,0,0,0
21500,9671,0,234,0,3,0,86,0,3,0,3,0,0,0,0,0,0,0
21600,9689,0,218,0,1,0,87,0,4,0,1,0,0,0,0,0,0,0
21700,9737,0,165,0,3,0,85,0,9,0,1,0,0,0,0,0,0,0
21800,9760,0,159,0,0,0,77,0,1,0,3,0,0,0,0,0,0,0
21900,9683,0,230,0,3,0,75,0,8,0,1,0,0,0,0,0,0,0
22000,9673,0,248,0,2,0,71,0,3,0,3,0,0,0,0,0,0,0
22100,9680,0,239,0,2,0,69,0,5,0,5,0,0,0,0,0,0,0
22200,9675,0,248,0,7,0,65,0,2,0,3,0,0,0,0,0,0,0
22300,9680,0,236,0,5,0,67,0,9,0,3,0,0,0,0,0,0,0
22400,9698,0,230,0,4,0,60,0,6,0,2,0,0,0,0,0,0,0
22500,9673,0,244,0,4,0,72,0,4,0,3,0,0,0,0,0,0,0
22600,9708,0,208,0,4,0,73,0,6,0,1,0,0,0,0,0,0,0
22700,9718,0,203,0,2,0,72,0,4,0,1,0,0,0,0,0,0,0
22800,9713,0,203,0,2,0,73,0,5,0,4,0,0,0,0,0,0,0
22900,9716,0,204,0,2,0,70,0,7,0,1,0,0,0,0,0,0,0
23000,9700,0,211,0,6,0,78,0,2,0,3,0,0,0,0,0,0,0
23100,9708,0,205,0,6,0,74,0,6,0,1,0,0,0,0,0,0,0
23200,9709,0,208,0,4,0,73,0,4,0,2,0,0,0,0,0,0,0
23300,9715,0,199,0,3,0,80,0,3,0,0,0,0,0,0,0,0,0
23400,9674,0,239,0,5,0,74,0,5,0,3,0,0,0,0,0,0,0
23500,9654,0,265,0,3,0,72,0,4,0,2,0,0,0,0,0,0,0
23600,9671,0,248,0,5,0,70,0,4,0,2,0,0,0,0,0,0,0
23700,9644,0,275,0,6,0,69,0,4,0,2,0,0,0,0,0,0,0
23800,9654,0,258,0,5,0,75,0,7,0,1,0,0,0,0,0,0,0
23900,9637,0,281,0,3,0,73,0,4,0,2,0,0,0,0,0,0,0
24000,9643,0,279,0,4,0,71,0,3,0,0,0,0,0,0,0,0,0
24100,9663,0,252,0,4,0,71,0,8,0,2,0,0,0,0,0,0,0
24200,9672,0,246,0,5,0,69,0,3,0,5,0,0,0,0,0,0,0
24300,9707,0,219,0,6,0,60,0,5,0,3,0,0,0,0,0,0,0
24400,9714,0,221,0,2,0,59,0,0,0,4,0,0,0,0,0,0,0
24500,9667,0,257,0,5,0,63,0,5,0,3,0,0,0,0,0,0,0
24600,9632,0,289,0,6,0,62,0,7,0,3,0,1,0,0,0,0,0
24700,9585,0,345,0,2,0,64,0,3,0,1,0,0,0,0,0,0,0
24800,9599,0,333,0,2,0,57,0,8,0,1,0,0,0,0,0,0,0
24900,9598,0,328,0,5,0,61,0,6,0,2,0,0,0,0,0,0,0
25000,9627,0,302,0,6,0,57,0,6,0,2,0,0,0,0,0,0,0
25100,9613,0,321,0,2,0,60,0,4,0,0,0,0,0,0,0,0,0
25200,9622,0,299,0,4,0,59,0,12,0,4,0,0,0,0,0,0,0
25300,9639,0,291,0,4,0,58,0,8,0,0,0,0,0,0,0,0,0
25400,9679,0,248,0,4,0,60,0,8,0,1,0,0,0,0,0,0,0
25500,9690,0,248,0,1,0,58,0,3,0,0,0,0,0,0,0,0,0
25600,9655,0,278,0,5,0,59,0,2,0,1,0,0,0,0,0,0,0
25700,9681,0,250,0,7,0,55,0,6,0,1,0,0,0,0,0,0,0
25800,9739,0,238,0,6,0,10,0,4,0,2,0,1,0,0,0,0,0
25900,9784,0,195,0,8,0,6,0,2,0,5,0,0,0,0,0,0,0
26000,9792,0,190,0,8,0,3,0,5,0,2,0,0,0,0,0,0,0
26100,9796,0,186,0,10,0,2,0,5,0,1,0,0,0,0,0,0,0
26200,9808,0,177,0,7,0,2,0,3,0,3,0,0,0,0,0,0,0
26300,9816,0,164,0,8,0,2,0,8,0,2,0,0,0,0,0,0,0
26400,9811,0,167,0,12,0,4,0,5,0,1,0,0,0,0,0,0,0
26500,9805,0,168,0,10,0,6,0,6,0,5,0,0,0,0,0,0,0
26600,9822,0,161,0,8,0,2,0,4,0,3,0,0,0,0,0,0,0
26700,9794,0,188,0,7,0,1,0,8,0,2,0,0,0,0,0,0,0
26800,9791,0,195,0,9,0,3,0,0,0,2,0,0,0,0,0,0,0
26900,9786,0,193,0,4,0,6,0,11,0,0,0,0,0,0,0,0,0
27000,9785,0,206,0,5,0,1,0,3,0,0,0,0,0,0,0,0,0
27100,9752,0,225,0,14,0,1,0,6,0,2,0,0,0,0,0,0,0
27200,9759,0,227,0,6,0,3,0,3,0,2,0,0,0,0,0,0,0
27300,9745,0,241,0,9,0,2,0,2,0,1,0,0,0,0,0,0,0
27400,9731,0,252,0,11,0,1,0,0,0,5,0,0,0,0,0,0,0
27500,9732,0,247,0,8,0,5,0,3,0,5,0,0,0,0,0,0,0
27600,9741,0,247,0,1,0,4,0,6,0,1,0,0,0,0,0,0,0
27700,9756,0,230,0,6,0,0,0,6,0,1,0,1,0,0,0,0,0
27800,9780,0,207,0,3,0,2,0,4,0,4,0,0,0,0,0,0,0
27900,9774,0,206,0,4,0,3,0,9,0,4,0,0,0,0,0,0,0
28000,9778,0,212,0,3,0,2,0,4,0,1,0,0,0,0,0,0,0
28100,9774,0,209,0,5,0,2,0,7,0,3,0,0,0,0,0,0,0
28200,9803,0,182,0,3,0,2,0,6,0,4,0,0,0,0,0,0,0
28300,9829,0,161,0,3,0,2,0,4,0,1,0,0,0,0,0,0,0
28400,9839,0,151,0,4,0,0,0,5,0,1,0,0,0,0,0,0,0
28500,9839,0,151,0,5,0,2,0,2,0,0,0,1,0,0,0,0,0
28600,9831,0,162,0,0,0,0,0,7,0,0,0,0,0,0,0,0,0
28700,9778,0,212,0,4,0,1,0,3,0,2,0,0,0,0,0,0,0
28800,9730,0,256,0,7,0,1,0,4,0,2,0,0,0,0,0,0,0
28900,9686,0,298,0,5,0,4,0,6,0,1,0,0,0,0,0,0,0
29000,9767,0,224,0,3,0,3,0,1,0,2,0,0,0,0,0,0,0
29100,9750,0,236,0,4,0,0,0,7,0,3,0,0,0,0,0,0,0
29200,9729,0,261,0,2,0,7,0,0,0,1,0,0,0,0,0,0,0
29300,9741,0,245,0,5,0,2,0,4,0,2,0,1,0,0,0,0,0
29400,9771,0,213,0,3,0,3,0,3,0,7,0,0,0,0,0,0,0
29500,9739,0,249,0,3,0,2,0,4,0,3,0,0,0,0,0,0,0
29600,9733,0,259,0,1,0,1,0,4,0,2,0,0,0,0,0,0,0
29700,9735,0,256,0,2,0,4,0,2,0,1,0,0,0,0,0,0,0
29800,9715,0,271,0,3,0,6,0,5,0,0,0,0,0,0,0,0,0
29900,9690,0,292,0,5,0,8,0,3,0,2,0,0,0,0,0,0,0
30000,9692,0,299,0,3,0,2,0,2,0,2,0,0,0,0,0,0,0
30100,9695,0,283,0,4,0,9,0,5,0,4,0,0,0,0,0,0,0
30200,9676,0,316,0,4,0,0,0,3,0,1,0,0,0,0,0,0,0
30300,9671,0,322,0,1,0,3,0,2,0,1,0,0,0,0,0,0,0
30400,9658,0,326,0,5,0,8,0,0,0,3,0,0,0,0,0,0,0
30500,9679,0,302,0,3,0,7,0,8,0,1,0,0,0,0,0,0,0
30600,9722,0,261,0,4,0,7,0,5,0,1,0,0,0,0,0,0,0
30700,9716,0,268,0,5,0,4,0,3,0,4,0,0,0,0,0,0,0
30800,9766,0,214,0,6,0,7,0,7,0,0,0,0,0,0,0,0,0
30900,9783,0,200,0,6,0,4,0,6,0,1,0,0,0,0,0,0,0
31000,9781,0,199,0,7,0,4,0,6,0,3,0,0,0,0,0,0,0
31100,9783,0,202,0,7,0,7,0,1,0,0,0,0,0,0,0,0,0
31200,9788,0,201,0,1,0,5,0,3,0,2,0,0,0,0,0,0,0
31300,9798,0,187,0,4,0,8,0,2,0,1,0,0,0,0,0,0,0
31400,9820,0,167,0,3,0,5,0,4,0,1,0,0,0,0,0,0,0
31500,9798,0,194,0,2,0,3,0,3,0,0,0,0,0,0,0,0,0
31600,9835,0,155,0,3,0,5,0,2,0,0,0,0,0,0,0,0,0
31700,9821,0,169,0,2,0,3,0,5,0,0,0,0,0,0,0,0,0
31800,9814,0,174,0,5,0,3,0,4,0,0,0,0,0,0,0,0,0
31900,9810,0,180,0,2,0,4,0,2,0,2,0,0,0,0,0,0,0
32000,9770,0,217,0,3,0,4,0,3,0,3,0,0,0,0,0,0,0
32100,9765,0,223,0,2,0,3,0,3,0,4,0,0,0,0,0,0,0
32200,9757,0,228,0,5,0,3,0,5,0,2,0,0,0,0,0,0,0
32300,9755,0,227,0,6,0,4,0,7,0,1,0,0,0,0,0,0,0
32400,9758,0,232,0,3,0,3,0,1,0,3,0,0,0,0,0,0,0
32500,9741,0,237,0,5,0,14,0,3,0,0,0,0,0,0,0,0,0
32600,9687,0,274,0,11,0,22,0,5,0,1,0,0,0,0,0,0,0
32700,9694,0,270,0,7,0,25,0,2,0,2,0,0,0,0,0,0,0
32800,9692,0,273,0,4,0,19,0,7,0,5,0,0,0,0,0,0,0
32900,9676,0,294,0,3,0,19,0,8,0,0,0,0,0,0,0,0,0
33000,9662,0,307,0,7,0,21,0,2,0,1,0,0,0,0,0,0,0
33100,9671,0,300,0,6,0,19,0,3,0,1,0,0,0,0,0,0,0
33200,9665,0,302,0,3,0,20,0,7,0,3,0,0,0,0,0,0,0
33300,9658,0,316,0,2,0,18,0,4,0,2,0,0,0,0,0,0,0
33400,9661,0,310,0,3,0,20,0,5,0,1,0,0,0,0,0,0,0
33500,9692,0,282,0,5,0,19,0,2,0,0,0,0,0,0,0,0,0
33600,9684,0,285,0,3,0,20,0,8,0,0,0,0,0,0,0,0,0
33700,9687,0,291,0,2,0,17,0,2,0,1,0,0,0,0,0,0,0
33800,9659,0,301,0,4,0,25,0,6,0,5,0,0,0,0,0,0,0
33900,9680,0,289,0,3,0,22,0,5,0,1,0,0,0,0,0,0,0
34000,9715,0,257,0,5,0,17,0,5,0,1,0,0,0,0,0,0,0
34100,9776,0,200,0,1,0,18,0,3,0,2,0,0,0,0,0,0,0
34200,9805,0,170,0,2,0,17,0,6,0,0,0,0,0,0,0,0,0
34300,9823,0,143,0,11,0,19,0,2,0,2,0,0,0,0,0,0,0
34400,9833,0,133,0,8,0,18,0,8,0,0,0,0,0,0,0,0,0
34500,9858,0,119,0,2,0,17,0,4,0,0,0,0,0,0,0,0,0
34600,9851,0,125,0,2,0,16,0,3,0,3,0,0,0,0,0,0,0
34700,9859,0,108,0,5,0,23,0,5,0,0,0,0,0,0,0,0,0
34800,9857,0,104,0,4,0,32,0,0,0,3,0,0,0,0,0,0,0
34900,9848,0,120,0,4,0,22,0,3,0,3,0,0,0,0,0,0,0
35000,9849,0,123,0,5,0,22,0,1,0,0,0,0,0,0,0,0,0
35100,9863,0,105,0,4,0,22,0,5,0,1,0,0,0,0,0,0,0
35200,9842,0,128,0,1,0,24,0,5,0,0,0,0,0,0,0,0,0
35300,9849,0,122,0,4,0,22,0,2,0,1,0,0,0,0,0,0,0
35400,9813,0,152,0,1,0,23,0,10,0,1,0,0,0,0,0,0,0
35500,9817,0,162,0,1,0,19,0,0,0,1,0,0,0,0,0,0,0
35600,9797,0,172,0,1,0,23,0,5,0,2,0,0,0,0,0,0,0
35700,9814,0,163,0,5,0,14,0,3,0,1,0,0,0,0,0,0,0
35800,9836,0,140,0,4,0,11,0,7,0,2,0,0,0,0,0,0,0
35900,9833,0,147,0,0,0,17,0,2,0,1,0,0,0,0,0,0,0
36000,9799,0,184,0,1,0,14,0,1,0,1,0,0,0,0,0,0,0
36100,9798,0,173,0,4,0,19,0,3,0,3,0,0,0,0,0,0,0
36200,9794,0,183,0,1,0,19,0,1,0,2,0,0,0,0,0,0,0
36300,9799,0,179,0,3,0,17,0,2,0,0,0,0,0,0,0,0,0
36400,9806,0,159,0,7,0,18,0,9,0,1,0,0,0,0,0,0,0
36500,9824,0,156,0,2,0,14,0,4,0,0,0,0,0,0,0,0,0
36600,9850,0,131,0,0,0,15,0,2,0,2,0,0,0,0,0,0,0
36700,9846,0,131,0,2,0,13,0,5,0,3,0,0,0,0,0,0,0
36800,9813,0,163,0,2,0,19,0,1,0,2,0,0,0,0,0,0,0
36900,9820,0,145,0,3,0,25,0,6,0,1,0,0,0,0,0,0,0
37000,9795,0,179,0,1,0,17,0,6,0,2,0,0,0,0,0,0,0
37100,9803,0,175,0,0,0,19,0,2,0,1,0,0,0,0,0,0,0
37200,9817,0,160,0,0,0,19,0,2,0,2,0,0,0,0,0,0,0
37300,9821,0,156,0,3,0,16,0,3,0,1,0,0,0,0,0,0,0
37400,9830,0,153,0,1,0,13,0,2,0,1,0,0,0,0,0,0,0
37500,9837,0,143,0,3,0,12,0,4,0,1,0,0,0,0,0,0,0
37600,9845,0,135,0,2,0,16,0,0,0,2,0,0,0,0,0,0,0
37700,9868,0,105,0,4,0,18,0,3,0,2,0,0,0,0,0,0,0
37800,9872,0,107,0,4,0,12,0,5,0,0,0,0,0,0,0,0,0
37900,9862,0,107,0,4,0,17,0,8,0,2,0,0,0,0,0,0,0
38000,9867,0,106,0,6,0,16,0,2,0,3,0,0,0,0,0,0,0
38100,9879,0,104,0,2,0,9,0,3,0,2,0,1,0,0,0,0,0
38200,9897,0,86,0,1,0,12,0,2,0,2,0,0,0,0,0,0,0
38300,9913,0,79,0,0,0,6,0,1,0,1,0,0,0,0,0,0,0
38400,9906,0,82,0,1,0,6,0,1,0,4,0,0,0,0,0,0,0
38500,9919,0,68,0,2,0,5,0,3,0,3,0,0,0,0,0,0,0
38600,9922,0,67,0,3,0,2,0,5,0,1,0,0,0,0,0,0,0
38700,9921,0,66,0,3,0,5,0,5,0,0,0,0,0,0,0,0,0
38800,9923,0,62,0,3,0,9,0,2,0,1,0,0,0,0,0,0,0
38900,9927,0,65,0,2,0,6,0,0,0,0,0,0,0,0,0,0,0
39000,9925,0,65,0,3,0,2,0,5,0,0,0,0,0,0,0,0,0
39100,9922,0,65,0,2,0,3,0,7,0,1,0,0,0,0,0,0,0
39200,9928,0,66,0,1,0,1,0,3,0,1,0,0,0,0,0,0,0
39300,9927,0,63,0,0,0,3,0,6,0,1,0,0,0,0,0,0,0
39400,9927,0,67,0,0,0,4,0,1,0,1,0,0,0,0,0,0,0
39500,9920,0,66,0,2,0,6,0,6,0,0,0,0,0,0,0,0,0
39600,9926,0,66,0,3,0,2,0,2,0,1,0,0,0,0,0,0,0
39700,9928,0,63,0,0,0,5,0,3,0,0,0,1,0,0,0,0,0
39800,9926,0,68,0,1,0,5,0,0,0,0,0,0,0,0,0,0,0
39900,9921,0,64,0,1,0,9,0,3,0,2,0,0,0,0,0,0,0
40000,9921,0,63,0,3,0,10,0,3,0,0,0,0,0,0,0,0,0
40100,9923,0,68,0,1,0,4,0,4,0,0,0,0,0,0,0,0,0
40200,9924,0,69,0,3,0,0,0,4,0,0,0,0,0,0,0,0,0
40300,9927,0,68,0,3,0,1,0,0,0,1,0,0,0,0,0,0,0
40400,9930,0,64,0,3,0,2,0,1,0,0,0,0,0,0,0,0,0
40500,9929,0,63,0,3,0,0,0,3,0,2,0,0,0,0,0,0,0
40600,9926,0,64,0,4,0,6,0,0,0,0,0,0,0,0,0,0,0
40700,9929,0,62,0,3,0,5,0,1,0,0,0,0,0,0,0,0,0
40800,9935,0,61,0,3,0,0,0,0,0,1,0,0,0,0,0,0,0
40900,9927,0,66,0,3,0,1,0,2,0,1,0,0,0,0,0,0,0
41000,9934,0,60,0,2,0,1,0,1,0,2,0,0,0,0,0,0,0
41100,9930,0,60,0,0,0,5,0,4,0,1,0,0,0,0,0,0,0
41200,9931,0,57,0,2,0,2,0,5,0,3,0,0,0,0,0,0,0
41300,9936,0,57,0,2,0,2,0,2,0,1,0,0,0,0,0,0,0
41400,9935,0,57,0,1,0,5,0,2,0,0,0,0,0,0,0,0,0
41500,9948,0,42,0,2,0,3,0,3,0,2,0,0,0,0,0,0,0
41600,9985,0,6,0,4,0,4,0,1,0,0,0,0,0,0,0,0,0
41700,9991,0,1,0,2,0,5,0,1,0,0,0,0,0,0,0,0,0
41800,9990,0,1,0,0,0,5,0,3,0,1,0,0,0,0,0,0,0
41900,9991,0,0,0,3,0,3,0,3,0,0,0,0,0,0,0,0,0
42000,9988,0,3,0,1,0,6,0,0,0,2,0,0,0,0,0,0,0
42100,9990,0,0,0,3,0,5,0,1,0,1,0,0,0,0,0,0,0
42200,9986,0,3,0,2,0,4,0,3,0,2,0,0,0,0,0,0,0
42300,9991,0,0,0,1,0,5,0,2,0,1,0,0,0,0,0,0,0
42400,9986,0,0,0,0,0,9,0,4,0,1,0,0,0,0,0,0,0
42500,9988,0,1,0,1,0,6,0,3,0,1,0,0,0,0,0,0,0
42600,9995,0,0,0,0,0,2,0,3,0,0,0,0,0,0,0,0,0
42700,9990,0,0,0,1,0,6,0,3,0,0,0,0,0,0,0,0,0
42800,9988,0,1,0,2,0,5,0,2,0,2,0,0,0,0,0,0,0
42900,9986,0,2,0,2,0,6,0,1,0,3,0,0,0,0,0,0,0
43000,9986,0,1,0,0,0,8,0,5,0,0,0,0,0,0,0,0,0
43100,9994,0,0,0,0,0,4,0,2,0,0,0,0,0,0,0,0,0
43200,9997,0,1,0,0,0,1,0,1,0,0,0,0,0,0,0,0,0
43300,9988,0,0,0,2,0,8,0,2,0,0,0,0,0,0,0,0,0
43400,9985,0,2,0,1,0,9,0,3,0,0,0,0,0,0,0,0,0
43500,9989,0,0,0,2,0,3,0,6,0,0,0,0,0,0,0,0,0
43600,9990,0,3,0,0,0,3,0,3,0,1,0,0,0,0,0,0,0
43700,9993,0,2,0,1,0,2,0,1,0,1,0,0,0,0,0,0,0
43800,9998,0,2,0,0,0,0,0,0,0,0,0,0,0,0,0,0,0
43900,9984,0,3,0,3,0,4,0,4,0,2,0,0,0,0,0,0,0
44000,9983,0,6,0,2,0,6,0,1,0,2,0,0,0,0,0,0,0
44100,9989,0,2,0,3,0,4,0,0,0,2,0,0,0,0,0,0,0
44200,9985,0,5,0,3,0,4,0,3,0,0,0,0,0,0,0,0,0
44300,9994,0,2,0,1,0,1,0,0,0,2,0,0,0,0,0,0,0
44400,9989,0,3,0,2,0,5,0,1,0,0,0,0,0,0,0,0,0
44500,9982,0,1,0,5,0,7,0,4,0,1,0,0,0,0,0,0,0
44600,9987,0,3,0,3,0,4,0,1,0,2,0,0,0,0,0,0,0
44700,9979,0,4,0,1,0,13,0,2,0,1,0,0,0,0,0,0,0
44800,9888,0,101,0,3,0,5,0,0,0,2,0,1,0,0,0,0,0
44900,9891,0,100,0,1,0,5,0,3,0,0,0,0,0,0,0,0,0
45000,9889,0,100,0,0,0,7,0,3,0,1,0,0,0,0,0,0,0
45100,9805,0,184,0,1,0,10,0,0,0,0,0,0,0,0,0,0,0
45200,9792,0,200,0,0,0,5,0,2,0,1,0,0,0,0,0,0,0
45300,9845,0,146,0,0,0,7,0,2,0,0,0,0,0,0,0,0,0
45400,9888,0,101,0,2,0,6,0,3,0,0,0,0,0,0,0,0,0
45500,9888,0,100,0,4,0,6,0,1,0,1,0,0,0,0,0,0,0
45600,9894,0,100,0,2,0,4,0,0,0,0,0,0,0,0,0,0,0
45700,9881,0,103,0,2,0,7,0,5,0,2,0,0,0,0,0,0,0
45800,9892,0,102,0,0,0,3,0,1,0,2,0,0,0,0,0,0,0
45900,9891,0,101,0,0,0,4,0,2,0,2,0,0,0,0,0,0,0
46000,9893,0,101,0,1,0,4,0,0,0,1,0,0,0,0,0,0,0
46100,9889,0,101,0,2,0,4,0,3,0,1,0,0,0,0,0,0,0
46200,9883,0,100,0,3,0,10,0,4,0,0,0,0,0,0,0,0,0
46300,9887,0,100,0,3,0,5,0,3,0,2,0,0,0,0,0,0,0
46400,9889,0,101,0,1,0,5,0,2,0,2,0,0,0,0,0,0,0
46500,9890,0,101,0,0,0,6,0,3,0,0,0,0,0,0,0,0,0
46600,9889,0,101,0,2,0,6,0,1,0,1,0,0,0,0,0,0,0
46700,9888,0,102,0,0,0,5,0,3,0,2,0,0,0,0,0,0,0
46800,9887,0,104,0,0,0,8,0,0,0,1,0,0,0,0,0,0,0
46900,9889,0,100,0,1,0,7,0,2,0,1,0,0,0,0,0,0,0
47000,9889,0,103,0,1,0,5,0,1,0,1,0,0,0,0,0,0,0
47100,9892,0,100,0,0,0,7,0,0,0,1,0,0,0,0,0,0,0
47200,9883,0,100,0,4,0,6,0,5,0,1,0,1,0,0,0,0,0
47300,9888,0,102,0,2,0,6,0,2,0,0,0,0,0,0,0,0,0
47400,9890,0,100,0,1,0,8,0,1,0,0,0,0,0,0,0,0,0
47500,9891,0,100,0,1,0,4,0,2,0,2,0,0,0,0,0,0,0
47600,9890,0,101,0,1,0,4,0,4,0,0,0,0,0,0,0,0,0
47700,9877,0,109,0,0,0,9,0,3,0,2,0,0,0,0,0,0,0
47800,9893,0,100,0,1,0,5,0,0,0,1,0,0,0,0,0,0,0
47900,9886,0,104,0,0,0,8,0,1,0,1,0,0,0,0,0,0,0
48000,9886,0,102,0,1,0,6,0,4,0,1,0,0,0,0,0,0,0
48100,9896,0,100,0,1,0,2,0,0,0,1,0,0,0,0,0,0,0
48200,9889,0,103,0,1,0,3,0,2,0,2,0,0,0,0,0,0,0
48300,9886,0,102,0,0,0,8,0,2,0,2,0,0,0,0,0,0,0
48400,9889,0,101,0,0,0,6,0,3,0,1,0,0,0,0,0,0,0
48500,9887,0,100,0,2,0,8,0,2,0,0,0,1,0,0,0,0,0
48600,9881,0,103,0,3,0,6,0,2,0,5,0,0,0,0,0,0,0
48700,9886,0,104,0,1,0,7,0,2,0,0,0,0,0,0,0,0,0
48800,9890,0,100,0,1,0,6,0,2,0,1,0,0,0,0,0,0,0
48900,9916,0,69,0,1,0,4,0,5,0,5,0,0,0,0,0,0,0
49000,9991,0,0,0,2,0,4,0,3,0,0,0,0,0,0,0,0,0
49100,9993,0,1,0,0,0,2,0,3,0,1,0,0,0,0,0,0,0
49200,9993,0,0,0,2,0,1,0,2,0,2,0,0,0,0,0,0,0
49300,9998,0,0,0,1,0,0,0,1,0,0,0,0,0,0,0,0,0
49400,9987,0,3,0,2,0,4,0,4,0,0,0,0,0,0,0,0,0
49500,9986,0,4,0,3,0,1,0,3,0,3,0,0,0,0,0,0,0
49600,9986,0,1,0,3,0,4,0,6,0,0,0,0,0,0,0,0,0
49700,9991,0,0,0,2,0,4,0,2,0,1,0,0,0,0,0,0,0
49800,9987,0,3,0,1,0,2,0,5,0,2,0,0,0,0,0,0,0
49900,9989,0,3,0,1,0,3,0,4,0,0,0,0,0,0,0,0,0
50000,9996,0,0,0,1,0,2,0,1,0,0,0,0,0,0,0,0,0
50100,9993,0,0,0,1,0,0,0,5,0,1,0,0,0,0,0,0,0
50200,9986,0,4,0,1,0,5,0,3,0,1,0,0,0,0,0,0,0
50300,9992,0,0,0,1,0,2,0,5,0,0,0,0,0,0,0,0,0
50400,9994,0,0,0,5,0,1,0,0,0,0,0,0,0,0,0,0,0
50500,9988,0,3,0,4,0,1,0,4,0,0,0,0,0,0,0,0,0
50600,9991,0,4,0,1,0,2,0,1,0,1,0,0,0,0,0,0,0
50700,10000,0,0,0,0,0,0,0,0,0,0,0,0,0,0,0,0,0
50800,9991,0,1,0,1,0,1,0,5,0,1,0,0,0,0,0,0,0
50900,9994,0,3,0,1,0,1,0,0,0,1,0,0,0,0,0,0,0
51000,9993,0,0,0,4,0,1,0,2,0,0,0,0,0,0,0,0,0
51100,9988,0,6,0,2,0,3,0,1,0,0,0,0,0,0,0,0,0
51200,9987,0,5,0,1,0,1,0,4,0,2,0,0,0,0,0,0,0
51300,9979,0,13,0,1,0,3,0,4,0,0,0,0,0,0,0,0,0
51400,9981,0,6,0,2,0,3,0,7,0,1,0,0,0,0,0,0,0
51500,9984,0,9,0,4,0,0,0,2,0,1,0,0,0,0,0,0,0
51600,9984,0,6,0,3,0,4,0,3,0,0,0,0,0,0,0,0,0
51700,9985,0,7,0,4,0,0,0,4,0,0,0,0,0,0,0,0,0
51800,9989,0,9,0,0,0,0,0,1,0,1,0,0,0,0,0,0,0
51900,9981,0,7,0,2,0,8,0,0,0,2,0,0,0,0,0,0,0
52000,9958,0,36,0,2,0,3,0,0,0,1,0,0,0,0,0,0,0
52100,9963,0,33,0,2,0,1,0,0,0,1,0,0,0,0,0,0,0
52200,9962,0,35,0,1,0,0,0,2,0,0,0,0,0,0,0,0,0
52300,9960,0,34,0,1,0,1,0,3,0,1,0,0,0,0,0,0,0
52400,9929,0,57,0,4,0,4,0,6,0,0,0,0,0,0,0,0,0
52500,9943,0,51,0,0,0,3,0,3,0,0,0,0,0,0,0,0,0
52600,9955,0,36,0,3,0,4,0,2,0,0,0,0,0,0,0,0,0
52700,9960,0,32,0,1,0,2,0,4,0,1,0,0,0,0,0,0,0
52800,9957,0,32,0,2,0,5,0,4,0,0,0,0,0,0,0,0,0
52900,9965,0,33,0,0,0,0,0,1,0,1,0,0,0,0,0,0,0
53000,9966,0,31,0,0,0,1,0,1,0,1,0,0,0,0,0,0,0
53100,9963,0,30,0,2,0,0,0,4,0,1,0,0,0,0,0,0,0
53200,9964,0,33,0,0,0,2,0,1,0,0,0,0,0,0,0,0,0
53300,9966,0,31,0,0,0,2,0,0,0,1,0,0,0,0,0,0,0
53400,9960,0,34,0,1,0,2,0,2,0,1,0,0,0,0,0,0,0
53500,9958,0,34,0,2,0,4,0,2,0,0,0,0,0,0,0,0,0
53600,9956,0,32,0,1,0,5,0,6,0,0,0,0,0,0,0,0,0
53700,9965,0,30,0,2,0,1,0,1,0,1,0,0,0,0,0,0,0
53800,9967,0,29,0,3,0,0,0,1,0,0,0,0,0,0,0,0,0
53900,9967,0,29,0,0,0,2,0,1,0,1,0,0,0,0,0,0,0
54000,9960,0,33,0,2,0,1,0,3,0,1,0,0,0,0,0,0,0
54100,9966,0,30,0,0,0,0,0,4,0,0,0,0,0,0,0,0,0
54200,9947,0,53,0,0,0,0,0,0,0,0,0,0,0,0,0,0,0
54300,9940,0,52,0,2,0,3,0,2,0,1,0,0,0,0,0,0,0
54400,9947,0,51,0,2,0,0,0,0,0,0,0,0,0,0,0,0,0
54500,9941,0,57,0,0,0,0,0,1,0,1,0,0,0,0,0,0,0
54600,9936,0,62,0,0,0,2,0,0,0,0,0,0,0,0,0,0,0
54700,9940,0,57,0,0,0,3,0,0,0,0,0,0,0,0,0,0,0
54800,9945,0,51,0,2,0,1,0,1,0,0,0,0,0,0,0,0,0
54900,9940,0,52,0,0,0,4,0,0,0,4,0,0,0,0,0,0,0
55000,9934,0,60,0,2,0,1,0,3,0,0,0,0,0,0,0,0,0
55100,9923,0,71,0,0,0,4,0,0,0,2,0,0,0,0,0,0,0
55200,9952,0,47,0,1,0,0,0,0,0,0,0,0,0,0,0,0,0
55300,9949,0,48,0,3,0,0,0,0,0,0,0,0,0,0,0,0,0
55400,9943,0,48,0,1,0,4,0,4,0,0,0,0,0,0,0,0,0
55500,9952,0,45,0,0,0,0,0,1,0,2,0,0,0,0,0,0,0
55600,9951,0,46,0,2,0,1,0,0,0,0,0,0,0,0,0,0,0
55700,9944,0,47,0,1,0,2,0,6,0,0,0,0,0,0,0,0,0
55800,9959,0,36,0,0,0,3,0,2,0,0,0,0,0,0,0,0,0
55900,9966,0,25,0,4,0,1,0,4,0,0,0,0,0,0,0,0,0
56000,9975,0,25,0,0,0,0,0,0,0,0,0,0,0,0,0,0,0
56100,9969,0,28,0,1,0,0,0,2,0,0,0,0,0,0,0,0,0
56200,9974,0,26,0,0,0,0,0,0,0,0,0,0,0,0,0,0,0
56300,9963,0,32,0,1,0,0,0,3,0,1,0,0,0,0,0,0,0
56400,9971,0,26,0,1,0,0,0,2,0,0,0,0,0,0,0,0,0
56500,9967,0,30,0,1,0,1,0,0,0,1,0,0,0,0,0,0,0
56600,9959,0,34,0,0,0,0,0,6,0,1,0,0,0,0,0,0,0
56700,9962,0,35,0,2,0,0,0,1,0,0,0,0,0,0,0,0,0
56800,9953,0,36,0,1,0,1,0,4,0,2,0,3,0,0,0,0,0
56900,9962,0,33,0,1,0,1,0,2,0,1,0,0,0,0,0,0,0
57000,9948,0,36,0,1,0,10,0,5,0,0,0,0,0,0,0,0,0
57100,9954,0,34,0,0,0,10,0,1,0,1,0,0,0,0,0,0,0
57200,9946,0,37,0,1,0,10,0,5,0,1,0,0,0,0,0,0,0
57300,9951,0,34,0,3,0,10,0,2,0,0,0,0,0,0,0,0,0
57400,9940,0,39,0,3,0,11,0,6,0,1,0,0,0,0,0,0,0
57500,9950,0,36,0,1,0,11,0,1,0,1,0,0,0,0,0,0,0
57600,9949,0,35,0,0,0,12,0,3,0,0,0,1,0,0,0,0,0
57700,9949,0,40,0,0,0,10,0,1,0,0,0,0,0,0,0,0,0
57800,9946,0,41,0,0,0,11,0,1,0,1,0,0,0,0,0,0,0
57900,9945,0,41,0,2,0,9,0,2,0,1,0,0,0,0,0,0,0
58000,9941,0,41,0,2,0,10,0,5,0,1,0,0,0,0,0,0,0
58100,9944,0,40,0,4,0,10,0,2,0,0,0,0,0,0,0,0,0
58200,9940,0,42,0,2,0,10,0,5,0,1,0,0,0,0,0,0,0
58300,9943,0,41,0,4,0,9,0,3,0,0,0,0,0,0,0,0,0
58400,9940,0,43,0,1,0,12,0,4,0,0,0,0,0,0,0,0,0
58500,9938,0,41,0,2,0,13,0,5,0,1,0,0,0,0,0,0,0
58600,9946,0,43,0,0,0,9,0,0,0,2,0,0,0,0,0,0,0
58700,9951,0,36,0,1,0,9,0,1,0,2,0,0,0,0,0,0,0
58800,9952,0,34,0,2,0,11,0,1,0,0,0,0,0,0,0,0,0
58900,9957,0,32,0,0,0,9,0,1,0,1,0,0,0,0,0,0,0
59000,9952,0,35,0,2,0,9,0,1,0,1,0,0,0,0,0,0,0
59100,9943,0,41,0,1,0,11,0,2,0,2,0,0,0,0,0,0,0
59200,9950,0,38,0,1,0,9,0,1,0,1,0,0,0,0,0,0,0
59300,9957,0,39,0,0,0,3,0,1,0,0,0,0,0,0,0,0,0
59400,9958,0,37,0,3,0,0,0,1,0,1,0,0,0,0,0,0,0
59500,9960,0,38,0,0,0,0,0,1,0,1,0,0,0,0,0,0,0
59600,9959,0,39,0,1,0,0,0,0,0,1,0,0,0,0,0,0,0
59700,9957,0,38,0,0,0,3,0,2,0,0,0,0,0,0,0,0,0
59800,9955,0,39,0,1,0,1,0,3,0,1,0,0,0,0,0,0,0
59900,9958,0,37,0,1,0,0,0,3,0,1,0,0,0,0,0,0,0
60000,9956,0,38,0,1,0,5,0,0,0,0,0,0,0,0,0,0,0
60100,9955,0,38,0,2,0,2,0,3,0,0,0,0,0,0,0,0,0
60200,9950,0,45,0,2,0,0,0,3,0,0,0,0,0,0,0,0,0
60300,9952,0,42,0,2,0,1,0,2,0,1,0,0,0,0,0,0,0
60400,9952,0,44,0,0,0,1,0,2,0,1,0,0,0,0,0,0,0
60500,9954,0,38,0,3,0,2,0,2,0,1,0,0,0,0,0,0,0
60600,9986,0,13,0,0,0,0,0,1,0,0,0,0,0,0,0,0,0
60700,9986,0,9,0,2,0,2,0,1,0,0,0,0,0,0,0,0,0
60800,9986,0,11,0,1,0,1,0,1,0,0,0,0,0,0,0,0,0
60900,9979,0,13,0,1,0,3,0,4,0,0,0,0,0,0,0,0,0
61000,9988,0,8,0,2,0,2,0,0,0,0,0,0,0,0,0,0,0
61100,9986,0,11,0,1,0,1,0,1,0,0,0,0,0,0,0,0,0
61200,9988,0,10,0,1,0,0,0,1,0,0,0,0,0,0,0,0,0
61300,9976,0,14,0,1,0,1,0,8,0,0,0,0,0,0,0,0,0
61400,9954,0,39,0,1,0,0,0,4,0,2,0,0,0,0,0,0,0
61500,9964,0,31,0,1,0,0,0,3,0,1,0,0,0,0,0,0,0
61600,9962,0,34,0,3,0,0,0,0,0,1,0,0,0,0,0,0,0
61700,9963,0,32,0,2,0,0,0,2,0,1,0,0,0,0,0,0,0
61800,9960,0,35,0,0,0,1,0,3,0,1,0,0,0,0,0,0,0
61900,9960,0,35,0,2,0,0,0,3,0,0,0,0,0,0,0,0,0
62000,9962,0,32,0,2,0,3,0,1,0,0,0,0,0,0,0,0,0
62100,9953,0,25,0,0,0,19,0,2,0,1,0,0,0,0,0,0,0
62200,9957,0,26,0,0,0,16,0,1,0,0,0,0,0,0,0,0,0
62300,9986,0,6,0,2,0,5,0,1,0,0,0,0,0,0,0,0,0
62400,9993,0,0,0,2,0,4,0,1,0,0,0,0,0,0,0,0,0
62500,9994,0,3,0,1,0,2,0,0,0,0,0,0,0,0,0,0,0
62600,9985,0,4,0,2,0,1,0,7,0,1,0,0,0,0,0,0,0
62700,9987,0,3,0,1,0,5,0,3,0,1,0,0,0,0,0,0,0
62800,9997,0,1,0,1,0,0,0,1,0,0,0,0,0,0,0,0,0
62900,9989,0,8,0,0,0,0,0,2,0,1,0,0,0,0,0,0,0
63000,9988,0,4,0,2,0,3,0,2,0,1,0,0,0,0,0,0,0
63100,9985,0,4,0,3,0,5,0,2,0,1,0,0,0,0,0,0,0
63200,9983,0,4,0,2,0,9,0,1,0,1,0,0,0,0,0,0,0
63300,9981,0,7,0,0,0,11,0,1,0,0,0,0,0,0,0,0,0
63400,9989,0,3,0,0,0,6,0,1,0,1,0,0,0,0,0,0,0
63500,9987,0,5,0,3,0,3,0,2,0,0,0,0,0,0,0,0,0
63600,9986,0,2,0,3,0,9,0,0,0,0,0,0,0,0,0,0,0
63700,9980,0,4,0,2,0,14,0,0,0,0,0,0,0,0,0,0,0
63800,9980,0,4,0,2,0,12,0,1,0,1,0,0,0,0,0,0,0
63900,9985,0,6,0,1,0,7,0,1,0,0,0,0,0,0,0,0,0
64000,9994,0,1,0,2,0,0,0,2,0,1,0,0,0,0,0,0,0
64100,9990,0,4,0,1,0,2,0,2,0,1,0,0,0,0,0,0,0
64200,9991,0,4,0,1,0,0,0,4,0,0,0,0,0,0,0,0,0
64300,9993,0,4,0,0,0,1,0,1,0,1,0,0,0,0,0,0,0
64400,9993,0,4,0,0,0,2,0,1,0,0,0,0,0,0,0,0,0
64500,9985,0,4,0,1,0,1,0,8,0,1,0,0,0,0,0,0,0
64600,9992,0,6,0,1,0,1,0,0,0,0,0,0,0,0,0,0,0
64700,9983,0,5,0,1,0,3,0,7,0,1,0,0,0,0,0,0,0
64800,9997,0,1,0,1,0,1,0,0,0,0,0,0,0,0,0,0,0
64900,9993,0,2,0,1,0,1,0,2,0,1,0,0,0,0,0,0,0
65000,9993,0,1,0,1,0,2,0,2,0,1,0,0,0,0,0,0,0
65100,9993,0,3,0,0,0,2,0,2,0,0,0,0,0,0,0,0,0
65200,9992,0,3,0,3,0,1,0,0,0,1,0,0,0,0,0,0,0
65300,9991,0,0,0,1,0,0,0,8,0,0,0,0,0,0,0,0,0
65400,9990,0,0,0,4,0,1,0,2,0,3,0,0,0,0,0,0,0
65500,9989,0,0,0,1,0,0,0,9,0,1,0,0,0,0,0,0,0
65600,9998,0,0,0,0,0,0,0,0,0,2,0,0,0,0,0,0,0
65700,9993,0,0,0,1,0,5,0,0,0,1,0,0,0,0,0,0,0
65800,9996,0,0,0,1,0,2,0,1,0,0,0,0,0,0,0,0,0
65900,9994,0,0,0,1,0,2,0,1,0,2,0,0,0,0,0,0,0
66000,9997,0,1,0,0,0,0,0,1,0,1,0,0,0,0,0,0,0
66100,9995,0,0,0,1,0,0,0,3,0,1,0,0,0,0,0,0,0
66200,9994,0,1,0,2,0,2,0,1,0,0,0,0,0,0,0,0,0
66300,9994,0,1,0,1,0,1,0,2,0,1,0,0,0,0,0,0,0
66400,9984,0,4,0,5,0,3,0,4,0,0,0,0,0,0,0,0,0
66500,9994,0,4,0,0,0,1,0,1,0,0,0,0,0,0,0,0,0
66600,9995,0,0,0,1,0,2,0,2,0,0,0,0,0,0,0,0,0
66700,9978,0,0,0,1,0,19,0,2,0,0,0,0,0,0,0,0,0
66800,9969,0,3,0,1,0,26,0,1,0,0,0,0,0,0,0,0,0
66900,9970,0,1,0,2,0,26,0,1,0,0,0,0,0,0,0,0,0
67000,9972,0,1,0,0,0,26,0,1,0,0,0,0,0,0,0,0,0
67100,9968,0,0,0,1,0,26,0,5,0,0,0,0,0,0,0,0,0
67200,9970,0,0,0,1,0,26,0,2,0,1,0,0,0,0,0,0,0
67300,9964,0,4,0,3,0,26,0,2,0,1,0,0,0,0,0,0,0
67400,9961,0,6,0,1,0,29,0,3,0,0,0,0,0,0,0,0,0
67500,9967,0,6,0,2,0,25,0,0,0,0,0,0,0,0,0,0,0
67600,9964,0,5,0,1,0,28,0,1,0,1,0,0,0,0,0,0,0
67700,9967,0,5,0,0,0,28,0,0,0,0,0,0,0,0,0,0,0
67800,9966,0,5,0,2,0,26,0,1,0,0,0,0,0,0,0,0,0
67900,9962,0,6,0,1,0,28,0,0,0,3,0,0,0,0,0,0,0
68000,9966,0,6,0,1,0,26,0,1,0,0,0,0,0,0,0,0,0
68100,9964,0,6,0,0,0,25,0,4,0,1,0,0,0,0,0,0,0
68200,9972,0,9,0,3,0,11,0,4,0,1,0,0,0,0,0,0,0
68300,9989,0,8,0,1,0,1,0,1,0,0,0,0,0,0,0,0,0
68400,9990,0,6,0,2,0,0,0,1,0,1,0,0,0,0,0,0,0
68500,9989,0,8,0,1,0,2,0,0,0,0,0,0,0,0,0,0,0
68600,9987,0,9,0,2,0,2,0,0,0,0,0,0,0,0,0,0,0
68700,9986,0,8,0,1,0,1,0,1,0,3,0,0,0,0,0,0,0
68800,9988,0,5,0,0,0,2,0,5,0,0,0,0,0,0,0,0,0
68900,9992,0,5,0,1,0,1,0,0,0,1,0,0,0,0,0,0,0
69000,9985,0,13,0,0,0,0,0,2,0,0,0,0,0,0,0,0,0
69100,9993,0,5,0,0,0,0,0,2,0,0,0,0,0,0,0,0,0
69200,9980,0,10,0,1,0,3,0,4,0,2,0,0,0,0,0,0,0
69300,9989,0,6,0,1,0,1,0,3,0,0,0,0,0,0,0,0,0
69400,9987,0,5,0,1,0,1,0,3,0,3,0,0,0,0,0,0,0
69500,9987,0,7,0,1,0,4,0,1,0,0,0,0,0,0,0,0,0
69600,9989,0,6,0,1,0,1,0,2,0,1,0,0,0,0,0,0,0
69700,9989,0,7,0,1,0,1,0,0,0,2,0,0,0,0,0,0,0
69800,9980,0,11,0,1,0,4,0,2,0,2,0,0,0,0,0,0,0
69900,9986,0,11,0,2,0,0,0,1,0,0,0,0,0,0,0,0,0
70000,9994,0,2,0,0,0,1,0,3,0,0,0,0,0,0,0,0,0
70100,9997,0,1,0,0,0,0,0,1,0,1,0,0,0,0,0,0,0
70200,9988,0,4,0,3,0,5,0,0,0,0,0,0,0,0,0,0,0
70300,9992,0,2,0,3,0,1,0,1,0,1,0,0,0,0,0,0,0
70400,9993,0,3,0,0,0,3,0,1,0,0,0,0,0,0,0,0,0
70500,9989,0,0,0,3,0,2,0,5,0,1,0,0,0,0,0,0,0
70600,9999,0,0,0,0,0,0,0,0,0,1,0,0,0,0,0,0,0
70700,9994,0,2,0,2,0,1,0,1,0,0,0,0,0,0,0,0,0
70800,9990,0,1,0,4,0,2,0,2,0,1,0,0,0,0,0,0,0
70900,9985,0,5,0,1,0,2,0,5,0,2,0,0,0,0,0,0,0
71000,9993,0,2,0,3,0,1,0,0,0,1,0,0,0,0,0,0,0
71100,9992,0,1,0,1,0,2,0,3,0,1,0,0,0,0,0,0,0
71200,9983,0,4,0,4,0,3,0,5,0,1,0,0,0,0,0,0,0
71300,9995,0,1,0,2,0,0,0,2,0,0,0,0,0,0,0,0,0
71400,9994,0,3,0,1,0,1,0,1,0,0,0,0,0,0,0,0,0
71500,9997,0,2,0,0,0,1,0,0,0,0,0,0,0,0,0,0,0
71600,9995,0,1,0,1,0,1,0,2,0,0,0,0,0,0,0,0,0
71700,9985,0,6,0,2,0,4,0,3,0,0,0,0,0,0,0,0,0
71800,9995,0,3,0,1,0,0,0,1,0,0,0,0,0,0,0,0,0
71900,9993,0,1,0,1,0,0,0,2,0,3,0,0,0,0,0,0,0
72000,9990,0,3,0,2,0,3,0,2,0,0,0,0,0,0,0,0,0
72100,9993,0,2,0,0,0,2,0,2,0,1,0,0,0,0,0,0,0
72200,9988,0,6,0,4,0,0,0,0,0,2,0,0,0,0,0,0,0
72300,9993,0,3,0,2,0,0,0,2,0,0,0,0,0,0,0,0,0
72400,9989,0,5,0,1,0,2,0,2,0,1,0,0,0,0,0,0,0
72500,9983,0,10,0,1,0,2,0,4,0,0,0,0,0,0,0,0,0
72600,9995,0,3,0,0,0,0,0,2,0,0,0,0,0,0,0,0,0
72700,9993,0,4,0,1,0,0,0,2,0,0,0,0,0,0,0,0,0
72800,9990,0,5,0,0,0,2,0,3,0,0,0,0,0,0,0,0,0
72900,9990,0,6,0,0,0,2,0,1,0,1,0,0,0,0,0,0,0
73000,9989,0,6,0,1,0,2,0,2,0,0,0,0,0,0,0,0,0
73100,9993,0,5,0,0,0,1,0,0,0,1,0,0,0,0,0,0,0
73200,9997,0,3,0,0,0,0,0,0,0,0,0,0,0,0,0,0,0
73300,9996,0,3,0,0,0,0,0,0,0,1,0,0,0,0,0,0,0
73400,9995,0,2,0,1,0,0,0,1,0,1,0,0,0,0,0,0,0
73500,9985,0,5,0,1,0,2,0,6,0,1,0,0,0,0,0,0,0
73600,9997,0,1,0,2,0,0,0,0,0,0,0,0,0,0,0,0,0
73700,9985,0,6,0,3,0,2,0,3,0,1,0,0,0,0,0,0,0
73800,9991,0,4,0,0,0,2,0,3,0,0,0,0,0,0,0,0,0
73900,9990,0,4,0,2,0,1,0,3,0,0,0,0,0,0,0,0,0
74000,9986,0,6,0,5,0,1,0,2,0,0,0,0,0,0,0,0,0
74100,9997,0,1,0,0,0,0,0,2,0,0,0,0,0,0,0,0,0
74200,9995,0,1,0,1,0,0,0,2,0,1,0,0,0,0,0,0,0
74300,9993,0,2,0,2,0,0,0,3,0,0,0,0,0,0,0,0,0
74400,9990,0,7,0,1,0,2,0,0,0,0,0,0,0,0,0,0,0
74500,9994,0,2,0,1,0,2,0,0,0,1,0,0,0,0,0,0,0
74600,9990,0,1,0,0,0,3,0,5,0,1,0,0,0,0,0,0,0
74700,9992,0,0,0,2,0,5,0,0,0,1,0,0,0,0,0,0,0
74800,9990,0,0,0,4,0,5,0,1,0,0,0,0,0,0,0,0,0
74900,9989,0,1,0,1,0,8,0,1,0,0,0,0,0,0,0,0,0
75000,9984,0,5,0,2,0,5,0,4,0,0,0,0,0,0,0,0,0
75100,9987,0,3,0,4,0,4,0,1,0,1,0,0,0,0,0,0,0
75200,9989,0,1,0,1,0,4,0,4,0,1,0,0,0,0,0,0,0
75300,9983,0,9,0,2,0,3,0,1,0,2,0,0,0,0,0,0,0
75400,9984,0,6,0,2,0,3,0,5,0,0,0,0,0,0,0,0,0
75500,9991,0,3,0,0,0,2,0,3,0,1,0,0,0,0,0,0,0
75600,9989,0,4,0,1,0,4,0,2,0,0,0,0,0,0,0,0,0
75700,9999,0,0,0,1,0,0,0,0,0,0,0,0,0,0,0,0,0
75800,9995,0,0,0,0,0,2,0,1,0,2,0,0,0,0,0,0,0
75900,9994,0,0,0,1,0,2,0,2,0,1,0,0,0,0,0,0,0
76000,9990,0,2,0,3,0,0,0,5,0,0,0,0,0,0,0,0,0
76100,9994,0,0,0,2,0,3,0,0,0,1,0,0,0,0,0,0,0
76200,9997,0,0,0,0,0,1,0,1,0,1,0,0,0,0,0,0,0
76300,9990,0,0,0,2,0,2,0,6,0,0,0,0,0,0,0,0,0
76400,9991,0,0,0,2,0,5,0,2,0,0,0,0,0,0,0,0,0
76500,9994,0,1,0,3,0,1,0,1,0,0,0,0,0,0,0,0,0
76600,9995,0,0,0,0,0,3,0,0,0,2,0,0,0,0,0,0,0
76700,9992,0,3,0,1,0,0,0,3,0,1,0,0,0,0,0,0,0
76800,9993,0,0,0,1,0,3,0,2,0,1,0,0,0,0,0,0,0
76900,9991,0,3,0,2,0,1,0,3,0,0,0,0,0,0,0,0,0
77000,9987,0,1,0,0,0,1,0,11,0,0,0,0,0,0,0,0,0
77100,9994,0,0,0,2,0,2,0,1,0,1,0,0,0,0,0,0,0
77200,9982,0,8,0,1,0,2,0,4,0,3,0,0,0,0,0,0,0
77300,10000,0,0,0,0,0,0,0,0,0,0,0,0,0,0,0,0,0
77400,9991,0,5,0,1,0,2,0,1,0,0,0,0,0,0,0,0,0
77500,9985,0,3,0,1,0,4,0,7,0,0,0,0,0,0,0,0,0
77600,9991,0,1,0,0,0,3,0,3,0,2,0,0,0,0,0,0,0
77700,9993,0,1,0,1,0,1,0,3,0,1,0,0,0,0,0,0,0
77800,9978,0,13,0,3,0,4,0,2,0,0,0,0,0,0,0,0,0
77900,9980,0,15,0,3,0,0,0,2,0,0,0,0,0,0,0,0,0
78000,9981,0,12,0,1,0,1,0,5,0,0,0,0,0,0,0,0,0
78100,9980,0,14,0,1,0,1,0,1,0,3,0,0,0,0,0,0,0
78200,9978,0,15,0,2,0,2,0,1,0,2,0,0,0,0,0,0,0
78300,9982,0,14,0,0,0,0,0,3,0,1,0,0,0,0,0,0,0
78400,9962,0,27,0,1,0,4,0,5,0,1,0,0,0,0,0,0,0
78500,9966,0,27,0,4,0,1,0,2,0,0,0,0,0,0,0,0,0
78600,9968,0,21,0,3,0,6,0,2,0,0,0,0,0,0,0,0,0
78700,9962,0,24,0,1,0,7,0,5,0,1,0,0,0,0,0,0,0
78800,9968,0,25,0,2,0,1,0,1,0,3,0,0,0,0,0,0,0
78900,9963,0,29,0,3,0,5,0,0,0,0,0,0,0,0,0,0,0
79000,9968,0,28,0,0,0,2,0,2,0,0,0,0,0,0,0,0,0
79100,9960,0,29,0,4,0,6,0,1,0,0,0,0,0,0,0,0,0
79200,9969,0,26,0,2,0,0,0,2,0,1,0,0,0,0,0,0,0
79300,9972,0,25,0,1,0,1,0,1,0,0,0,0,0,0,0,0,0
79400,9969,0,23,0,0,0,4,0,3,0,0,0,1,0,0,0,0,0
79500,9969,0,24,0,2,0,3,0,1,0,1,0,0,0,0,0,0,0
79600,9971,0,23,0,2,0,2,0,1,0,1,0,0,0,0,0,0,0
79700,9963,0,27,0,0,0,9,0,1,0,0,0,0,0,0,0,0,0
79800,9969,0,23,0,2,0,2,0,2,0,2,0,0,0,0,0,0,0
79900,9968,0,22,0,0,0,3,0,7,0,0,0,0,0,0,0,0,0
80000,9969,0,24,0,2,0,2,0,1,0,2,0,0,0,0,0,0,0
80100,9966,0,26,0,2,0,0,0,6,0,0,0,0,0,0,0,0,0
80200,9972,0,24,0,1,0,3,0,0,0,0,0,0,0,0,0,0,0
80300,9976,0,22,0,0,0,0,0,2,0,0,0,0,0,0,0,0,0
80400,9971,0,25,0,1,0,1,0,2,0,0,0,0,0,0,0,0,0
80500,9970,0,24,0,0,0,2,0,3,0,1,0,0,0,0,0,0,0
80600,9971,0,23,0,1,0,1,0,3,0,1,0,0,0,0,0,0,0
80700,9978,0,16,0,1,0,3,0,2,0,0,0,0,0,0,0,0,0
80800,9977,0,16,0,1,0,5,0,0,0,1,0,0,0,0,0,0,0
80900,9977,0,12,0,1,0,3,0,5,0,2,0,0,0,0,0,0,0
81000,9982,0,13,0,2,0,0,0,2,0,1,0,0,0,0,0,0,0
81100,9988,0,11,0,0,0,0,0,1,0,0,0,0,0,0,0,0,0
81200,9981,0,12,0,0,0,2,0,5,0,0,0,0,0,0,0,0,0
81300,9977,0,13,0,1,0,6,0,3,0,0,0,0,0,0,0,0,0
81400,9978,0,12,0,0,0,1,0,7,0,2,0,0,0,0,0,0,0
81500,9977,0,14,0,5,0,3,0,1,0,0,0,0,0,0,0,0,0
81600,9985,0,11,0,0,0,2,0,2,0,0,0,0,0,0,0,0,0
81700,9983,0,12,0,0,0,5,0,0,0,0,0,0,0,0,0,0,0
81800,9980,0,13,0,0,0,1,0,5,0,1,0,0,0,0,0,0,0
81900,9982,0,13,0,1,0,4,0,0,0,0,0,0,0,0,0,0,0
82000,9984,0,12,0,0,0,3,0,1,0,0,0,0,0,0,0,0,0
82100,9983,0,13,0,1,0,2,0,1,0,0,0,0,0,0,0,0,0
82200,9974,0,13,0,2,0,2,0,8,0,1,0,0,0,0,0,0,0
82300,9975,0,14,0,3,0,0,0,8,0,0,0,0,0,0,0,0,0
82400,9979,0,14,0,1,0,4,0,1,0,1,0,0,0,0,0,0,0
82500,9982,0,14,0,1,0,0,0,2,0,1,0,0,0,0,0,0,0
82600,9986,0,12,0,0,0,1,0,1,0,0,0,0,0,0,0,0,0
82700,9977,0,12,0,3,0,1,0,7,0,0,0,0,0,0,0,0,0
82800,9986,0,11,0,2,0,0,0,0,0,1,0,0,0,0,0,0,0
82900,9981,0,12,0,2,0,1,0,4,0,0,0,0,0,0,0,0,0
83000,9981,0,13,0,2,0,1,0,3,0,0,0,0,0,0,0,0,0
83100,9982,0,13,0,1,0,3,0,1,0,0,0,0,0,0,0,0,0
83200,9984,0,13,0,1,0,0,0,1,0,1,0,0,0,0,0,0,0
83300,9979,0,15,0,1,0,1,0,0,0,4,0,0,0,0,0,0,0
83400,9976,0,12,0,1,0,1,0,7,0,3,0,0,0,0,0,0,0
83500,9984,0,8,0,2,0,0,0,4,0,2,0,0,0,0,0,0,0
83600,9989,0,0,0,1,0,2,0,4,0,4,0,0,0,0,0,0,0
83700,9996,0,0,0,1,0,1,0,2,0,0,0,0,0,0,0,0,0
83800,9992,0,1,0,1,0,2,0,4,0,0,0,0,0,0,0,0,0
83900,9992,0,1,0,0,0,0,0,4,0,1,0,2,0,0,0,0,0
84000,9991,0,1,0,1,0,1,0,5,0,1,0,0,0,0,0,0,0
84100,9988,0,3,0,1,0,3,0,5,0,0,0,0,0,0,0,0,0
84200,9986,0,8,0,1,0,1,0,4,0,0,0,0,0,0,0,0,0
84300,9980,0,10,0,2,0,1,0,3,0,4,0,0,0,0,0,0,0
84400,9984,0,11,0,2,0,1,0,1,0,1,0,0,0,0,0,0,0
84500,9981,0,9,0,3,0,4,0,1,0,2,0,0,0,0,0,0,0
84600,9985,0,7,0,1,0,0,0,5,0,2,0,0,0,0,0,0,0
84700,9991,0,8,0,0,0,0,0,1,0,0,0,0,0,0,0,0,0
84800,9985,0,9,0,1,0,2,0,2,0,1,0,0,0,0,0,0,0
84900,9986,0,9,0,1,0,2,0,2,0,0,0,0,0,0,0,0,0
85000,9990,0,8,0,2,0,0,0,0,0,0,0,0,0,0,0,0,0
85100,9986,0,10,0,2,0,0,0,1,0,1,0,0,0,0,0,0,0
85200,9985,0,7,0,2,0,3,0,1,0,2,0,0,0,0,0,0,0
85300,9984,0,7,0,2,0,5,0,1,0,1,0,0,0,0,0,0,0
85400,9989,0,7,0,1,0,1,0,1,0,1,0,0,0,0,0,0,0
85500,9992,0,7,0,0,0,0,0,1,0,0,0,0,0,0,0,0,0
85600,9988,0,7,0,3,0,2,0,0,0,0,0,0,0,0,0,0,0
85700,9990,0,7,0,1,0,1,0,1,0,0,0,0,0,0,0,0,0
85800,9991,0,7,0,0,0,0,0,1,0,1,0,0,0,0,0,0,0
85900,9984,0,7,0,0,0,5,0,3,0,1,0,0,0,0,0,0,0
86000,9988,0,10,0,0,0,1,0,1,0,0,0,0,0,0,0,0,0
86100,9988,0,10,0,2,0,0,0,0,0,0,0,0,0,0,0,0,0
86200,9988,0,8,0,0,0,2,0,2,0,0,0,0,0,0,0,0,0
86300,9984,0,9,0,1,0,3,0,3,0,0,0,0,0,0,0,0,0
86400,9986,0,9,0,1,0,0,0,1,0,3,0,0,0,0,0,0,0
86500,9981,0,15,0,1,0,0,0,2,0,1,0,0,0,0,0,0,0
86600,9984,0,12,0,1,0,0,0,3,0,0,0,0,0,0,0,0,0
86700,9981,0,13,0,3,0,2,0,0,0,1,0,0,0,0,0,0,0
86800,9983,0,12,0,1,0,0,0,3,0,1,0,0,0,0,0,0,0
86900,9988,0,10,0,1,0,1,0,0,0,0,0,0,0,0,0,0,0
87000,9981,0,13,0,0,0,2,0,3,0,1,0,0,0,0,0,0,0
87100,9978,0,15,0,0,0,3,0,3,0,1,0,0,0,0,0,0,0
87200,9979,0,15,0,0,0,2,0,4,0,0,0,0,0,0,0,0,0
87300,9984,0,14,0,0,0,0,0,2,0,0,0,0,0,0,0,0,0
87400,9980,0,17,0,2,0,0,0,1,0,0,0,0,0,0,0,0,0
87500,9978,0,17,0,2,0,0,0,3,0,0,0,0,0,0,0,0,0
87600,9973,0,23,0,3,0,0,0,1,0,0,0,0,0,0,0,0,0
87700,9978,0,20,0,0,0,0,0,1,0,1,0,0,0,0,0,0,0
87800,9974,0,20,0,2,0,0,0,4,0,0,0,0,0,0,0,0,0
87900,9973,0,21,0,0,0,1,0,5,0,0,0,0,0,0,0,0,0
88000,9978,0,19,0,0,0,2,0,1,0,0,0,0,0,0,0,0,0
88100,9974,0,22,0,0,0,3,0,1,0,0,0,0,0,0,0,0,0
88200,9974,0,23,0,1,0,1,0,1,0,0,0,0,0,0,0,0,0
88300,9971,0,25,0,1,0,2,0,1,0,0,0,0,0,0,0,0,0
88400,9975,0,20,0,2,0,1,0,2,0,0,0,0,0,0,0,0,0
88500,9977,0,13,0,3,0,5,0,1,0,1,0,0,0,0,0,0,0
88600,9984,0,11,0,0,0,4,0,1,0,0,0,0,0,0,0,0,0
88700,9978,0,11,0,1,0,2,0,8,0,0,0,0,0,0,0,0,0
88800,9985,0,12,0,0,0,2,0,1,0,0,0,0,0,0,0,0,0
88900,9973,0,17,0,1,0,4,0,2,0,3,0,0,0,0,0,0,0
89000,9973,0,20,0,3,0,2,0,2,0,0,0,0,0,0,0,0,0
89100,9978,0,16,0,1,0,3,0,1,0,1,0,0,0,0,0,0,0
89200,9983,0,9,0,2,0,2,0,4,0,0,0,0,0,0,0,0,0
89300,9979,0,14,0,3,0,2,0,1,0,1,0,0,0,0,0,0,0
89400,9983,0,13,0,1,0,2,0,0,0,1,0,0,0,0,0,0,0
89500,9984,0,13,0,1,0,0,0,1,0,1,0,0,0,0,0,0,0
89600,9969,0,16,0,1,0,4,0,9,0,1,0,0,0,0,0,0,0
89700,9982,0,12,0,2,0,1,0,3,0,0,0,0,0,0,0,0,0
89800,9978,0,15,0,0,0,3,0,4,0,0,0,0,0,0,0,0,0
89900,9967,0,20,0,2,0,8,0,3,0,0,0,0,0,0,0,0,0
90000,9985,0,7,0,1,0,4,0,1,0,2,0,0,0,0,0,0,0
90100,9976,0,9,0,3,0,7,0,5,0,0,0,0,0,0,0,0,0
90200,9984,0,10,0,0,0,3,0,2,0,1,0,0,0,0,0,0,0
90300,9985,0,11,0,2,0,1,0,0,0,1,0,0,0,0,0,0,0
90400,9985,0,8,0,0,0,4,0,3,0,0,0,0,0,0,0,0,0
90500,9978,0,8,0,1,0,6,0,6,0,1,0,0,0,0,0,0,0
90600,9980,0,9,0,1,0,6,0,4,0,0,0,0,0,0,0,0,0
90700,9977,0,14,0,2,0,5,0,2,0,0,0,0,0,0,0,0,0
90800,9983,0,14,0,0,0,1,0,1,0,1,0,0,0,0,0,0,0
90900,9985,0,10,0,1,0,3,0,0,0,1,0,0,0,0,0,0,0
91000,9883,0,106,0,0,0,7,0,3,0,1,0,0,0,0,0,0,0
91100,9882,0,110,0,1,0,3,0,2,0,2,0,0,0,0,0,0,0
91200,9891,0,100,0,7,0,0,0,1,0,1,0,0,0,0,0,0,0
91300,9893,0,100,0,2,0,2,0,3,0,0,0,0,0,0,0,0,0
91400,9885,0,110,0,1,0,2,0,1,0,1,0,0,0,0,0,0,0
91500,9884,0,108,0,2,0,2,0,3,0,1,0,0,0,0,0,0,0
91600,9886,0,109,0,2,0,0,0,2,0,1,0,0,0,0,0,0,0
91700,9884,0,106,0,0,0,4,0,6,0,0,0,0,0,0,0,0,0
91800,9886,0,106,0,1,0,2,0,5,0,0,0,0,0,0,0,0,0
91900,9875,0,117,0,2,0,3,0,3,0,0,0,0,0,0,0,0,0
92000,9874,0,122,0,1,0,2,0,1,0,0,0,0,0,0,0,0,0
92100,9871,0,120,0,2,0,0,0,6,0,1,0,0,0,0,0,0,0
92200,9872,0,122,0,2,0,0,0,2,0,2,0,0,0,0,0,0,0
92300,9875,0,120,0,0,0,3,0,2,0,0,0,0,0,0,0,0,0
92400,9876,0,122,0,1,0,0,0,0,0,1,0,0,0,0,0,0,0
92500,9868,0,117,0,6,0,4,0,4,0,1,0,0,0,0,0,0,0
92600,9926,0,73,0,1,0,0,0,0,0,0,0,0,0,0,0,0,0
92700,9920,0,78,0,0,0,0,0,1,0,1,0,0,0,0,0,0,0
92800,9952,0,38,0,1,0,2,0,5,0,2,0,0,0,0,0,0,0
92900,9938,0,56,0,2,0,1,0,1,0,2,0,0,0,0,0,0,0
93000,9957,0,35,0,0,0,0,0,7,0,1,0,0,0,0,0,0,0
93100,9977,0,19,0,0,0,3,0,1,0,0,0,0,0,0,0,0,0
93200,9946,0,45,0,4,0,0,0,5,0,0,0,0,0,0,0,0,0
93300,9910,0,86,0,1,0,0,0,1,0,2,0,0,0,0,0,0,0
93400,9907,0,87,0,0,0,2,0,4,0,0,0,0,0,0,0,0,0
93500,9908,0,90,0,2,0,0,0,0,0,0,0,0,0,0,0,0,0
93600,9881,0,112,0,3,0,1,0,3,0,0,0,0,0,0,0,0,0
93700,9874,0,115,0,1,0,5,0,4,0,1,0,0,0,0,0,0,0
93800,9874,0,118,0,1,0,1,0,5,0,1,0,0,0,0,0,0,0
93900,9879,0,115,0,1,0,2,0,2,0,1,0,0,0,0,0,0,0
94000,9882,0,112,0,2,0,0,0,4,0,0,0,0,0,0,0,0,0
94100,9879,0,114,0,2,0,1,0,2,0,2,0,0,0,0,0,0,0
94200,9885,0,109,0,1,0,0,0,3,0,2,0,0,0,0,0,0,0
94300,9880,0,113,0,1,0,5,0,1,0,0,0,0,0,0,0,0,0
94400,9874,0,118,0,1,0,4,0,2,0,1,0,0,0,0,0,0,0
94500,9890,0,106,0,2,0,0,0,1,0,1,0,0,0,0,0,0,0
94600,9900,0,94,0,3,0,0,0,3,0,0,0,0,0,0,0,0,0
94700,9925,0,72,0,2,0,1,0,0,0,0,0,0,0,0,0,0,0
94800,9930,0,67,0,1,0,2,0,0,0,0,0,0,0,0,0,0,0
94900,9887,0,102,0,2,0,2,0,7,0,0,0,0,0,0,0,0,0
95000,9889,0,105,0,1,0,0,0,2,0,3,0,0,0,0,0,0,0
95100,9900,0,87,0,5,0,5,0,3,0,0,0,0,0,0,0,0,0
95200,9921,0,74,0,2,0,3,0,0,0,0,0,0,0,0,0,0,0
95300,9916,0,80,0,0,0,1,0,2,0,1,0,0,0,0,0,0,0
95400,9893,0,106,0,1,0,0,0,0,0,0,0,0,0,0,0,0,0
95500,9884,0,109,0,3,0,1,0,1,0,2,0,0,0,0,0,0,0
95600,9918,0,81,0,0,0,0,0,0,0,1,0,0,0,0,0,0,0
95700,9961,0,28,0,3,0,4,0,4,0,0,0,0,0,0,0,0,0
95800,9988,0,8,0,1,0,0,0,3,0,0,0,0,0,0,0,0,0
95900,9989,0,9,0,1,0,0,0,1,0,0,0,0,0,0,0,0,0
96000,9990,0,6,0,1,0,2,0,0,0,1,0,0,0,0,0,0,0
96100,9982,0,12,0,2,0,1,0,3,0,0,0,0,0,0,0,0,0
96200,9965,0,26,0,1,0,0,0,5,0,3,0,0,0,0,0,0,0
96300,9940,0,56,0,0,0,1,0,0,0,3,0,0,0,0,0,0,0
96400,9933,0,59,0,4,0,0,0,4,0,0,0,0,0,0,0,0,0
96500,9881,0,110,0,2,0,1,0,5,0,1,0,0,0,0,0,0,0
96600,9887,0,110,0,0,0,2,0,1,0,0,0,0,0,0,0,0,0
96700,9884,0,111,0,3,0,1,0,0,0,1,0,0,0,0,0,0,0
96800,9883,0,112,0,3,0,1,0,1,0,0,0,0,0,0,0,0,0
96900,9888,0,108,0,0,0,0,0,4,0,0,0,0,0,0,0,0,0
97000,9882,0,106,0,1,0,0,0,9,0,2,0,0,0,0,0,0,0
97100,9893,0,105,0,0,0,1,0,1,0,0,0,0,0,0,0,0,0
97200,9897,0,100,0,1,0,0,0,1,0,1,0,0,0,0,0,0,0
97300,9897,0,101,0,1,0,0,0,0,0,1,0,0,0,0,0,0,0
97400,9892,0,104,0,3,0,1,0,0,0,0,0,0,0,0,0,0,0
97500,9895,0,100,0,2,0,0,0,3,0,0,0,0,0,0,0,0,0
97600,9896,0,100,0,1,0,0,0,1,0,2,0,0,0,0,0,0,0
97700,9895,0,102,0,1,0,1,0,0,0,1,0,0,0,0,0,0,0
97800,9893,0,101,0,1,0,1,0,3,0,1,0,0,0,0,0,0,0
97900,9884,0,108,0,0,0,4,0,3,0,1,0,0,0,0,0,0,0
98000,9901,0,95,0,2,0,0,0,2,0,0,0,0,0,0,0,0,0
98100,9995,0,0,0,3,0,0,0,1,0,1,0,0,0,0,0,0,0
98200,9985,0,7,0,2,0,1,0,3,0,2,0,0,0,0,0,0,0
98300,9987,0,2,0,3,0,0,0,6,0,2,0,0,0,0,0,0,0
98400,9985,0,11,0,2,0,0,0,2,0,0,0,0,0,0,0,0,0
98500,9984,0,7,0,3,0,3,0,2,0,1,0,0,0,0,0,0,0
98600,9988,0,4,0,4,0,1,0,2,0,1,0,0,0,0,0,0,0
98700,9993,0,3,0,2,0,0,0,2,0,0,0,0,0,0,0,0,0
98800,9966,0,26,0,2,0,0,0,3,0,3,0,0,0,0,0,0,0
98900,9970,0,27,0,0,0,0,0,3,0,0,0,0,0,0,0,0,0
99000,9956,0,29,0,3,0,4,0,7,0,1,0,0,0,0,0,0,0
99100,9961,0,31,0,2,0,0,0,6,0,0,0,0,0,0,0,0,0
99200,9969,0,28,0,0,0,1,0,1,0,1,0,0,0,0,0,0,0
99300,9973,0,18,0,1,0,3,0,5,0,0,0,0,0,0,0,0,0
99400,9980,0,18,0,0,0,1,0,1,0,0,0,0,0,0,0,0,0
99500,9978,0,17,0,2,0,0,0,1,0,2,0,0,0,0,0,0,0
99600,9975,0,19,0,0,0,3,0,2,0,1,0,0,0,0,0,0,0
99700,9980,0,17,0,0,0,0,0,3,0,0,0,0,0,0,0,0,0
99800,9972,0,20,0,3,0,1,0,4,0,0,0,0,0,0,0,0,0
99900,9970,0,18,0,1,0,5,0,5,0,1,0,0,0,0,0,0,0
100000,9976,0,19,0,0,0,4,0,1,0,0,0,0,0,0,0,0,0
