update,host_task_NOT,sym_task_NOT,host_task_NAND,sym_task_NAND,host_task_AND,sym_task_AND,host_task_ORN,sym_task_ORN,host_task_OR,sym_task_OR,host_task_ANDN,sym_task_ANDN,host_task_NOR,sym_task_NOR,host_task_XOR,sym_task_XOR,host_task_EQU,sym_task_EQU
0,0,0,0,0,0,0,0,0,0,0,0,0,0,0,0,0,0,0
100,10000,38382,0,1,0,6,1,1,1,4,0,1,0,0,0,0,0,0
200,9993,33171,0,3,3,8,2,1,2,5,0,5,0,0,0,0,0,0
300,9996,33138,0,1,0,2,1,7,3,4,0,4,0,0,0,0,0,0
400,9992,33100,0,4,3,5,1,5,2,5,2,4,0,0,0,0,0,0
500,9996,33252,0,1,1,9,1,5,0,7,2,1,0,0,0,0,0,0
600,9994,28019,0,0,2,7,2,3,1,4,1,1,0,0,0,0,0,0
700,9991,25930,1,3,4,7,0,2,3,5,1,1,0,0,0,0,0,0
800,9995,25831,0,8,3,3,0,5,2,8,0,4,0,0,0,0,0,0
900,9996,25802,0,9,1,6,1,2,2,7,0,1,0,0,0,0,0,0
1000,9994,26025,0,11,1,2,1,2,3,4,1,1,0,0,0,0,0,0
1100,9996,23060,0,6,1,4,3,4,0,0,0,3,0,0,0,0,0,0
1200,9991,20254,1,6,3,4,1,3,3,2,1,3,0,0,0,0,0,0
1300,9992,20276,1,4,1,7,2,4,4,4,0,3,0,0,0,0,0,0
1400,9992,20199,0,2,2,2,0,2,2,4,4,1,0,0,0,0,0,0
1500,9989,20143,0,3,4,10,1,6,5,9,1,1,0,0,0,0,0,0
1600,9986,19093,0,3,3,2,3,2,4,6,4,1,0,0,0,0,0,0
1700,9989,16160,3,2,3,3,1,0,2,2,2,1,0,0,0,0,0,0
1800,9991,16127,1,3,2,3,4,0,1,2,1,1,0,0,0,0,0,0
1900,9991,16106,0,6,2,3,5,5,2,8,0,0,0,0,0,0,0,0
2000,9988,16072,1,2,6,1,1,2,2,5,0,1,2,0,0,0,0,0
2100,9995,16073,0,4,2,5,1,2,2,2,0,3,0,0,0,0,0,0
2200,9993,13162,0,4,1,2,4,7,1,1,1,1,0,0,0,0,0,0
2300,9995,12992,0,4,0,4,3,1,0,2,2,0,0,0,0,0,0,0
2400,9990,12944,3,3,1,6,3,1,2,5,1,1,0,0,0,0,0,0
2500,9989,13006,0,4,3,5,3,2,4,1,1,3,0,0,0,0,0,0
2600,9989,12892,0,15,3,2,3,3,5,1,0,0,0,0,0,0,0,0
2700,9983,11114,6,9,3,2,4,1,3,0,1,0,0,0,0,0,0,0
2800,9988,10545,1,8,2,0,5,0,3,2,1,1,0,0,0,0,0,0
2900,9989,10418,4,4,1,1,1,1,5,1,0,0,0,0,0,0,0,0
3000,9989,10514,1,14,0,0,6,4,4,3,0,1,0,0,0,0,0,0
3100,9992,10531,2,14,2,3,1,2,1,1,2,0,0,0,0,0,0,0
3200,9974,9506,7,11,3,1,8,0,4,1,4,2,0,0,0,0,0,0
3300,9983,8686,5,11,4,2,5,1,1,1,2,0,0,0,0,0,0,0
3400,9987,8464,7,10,1,2,2,1,1,2,2,0,0,0,0,0,0,0
3500,9976,8567,9,5,4,4,4,1,2,4,5,1,0,0,0,0,0,0
3600,9986,8738,6,11,1,1,2,5,5,3,0,0,0,0,0,0,0,0
3700,9981,8208,6,8,1,0,2,3,8,1,0,0,2,0,0,0,0,0
3800,9973,7157,18,3,1,2,3,2,3,2,2,1,0,1,0,0,0,0
3900,9973,7392,15,5,3,0,2,4,7,2,0,2,0,0,0,0,0,0
4000,9978,7338,17,1,0,1,2,0,2,0,1,0,0,0,0,0,0,0
4100,9971,7331,18,0,1,3,1,0,9,1,0,0,0,0,0,0,0,0
4200,9973,7213,17,13,2,0,4,2,4,1,0,0,0,1,0,0,0,0
4300,9971,6043,12,10,6,1,5,1,4,1,1,0,1,0,0,0,0,0
4400,9965,6245,18,7,1,1,10,1,4,4,2,0,0,0,0,0,0,0
4500,9966,6340,19,5,3,1,7,2,3,0,2,0,0,0,0,0,0,0
4600,9963,6335,14,8,4,1,7,2,11,2,1,3,0,1,0,0,0,0
4700,9969,6270,19,5,1,0,8,2,2,1,1,2,0,0,0,0,0,0
4800,9978,5461,9,10,1,2,7,0,4,3,1,0,0,0,0,0,0,0
4900,9979,5389,11,13,1,1,6,0,3,2,0,0,0,0,0,0,0,0
5000,9976,5733,10,6,4,0,6,2,3,1,1,0,0,0,0,0,0,0
5100,9981,5789,11,8,1,1,5,1,2,2,0,0,0,0,0,0,0,0
5200,9978,5765,11,10,2,1,7,1,1,2,1,0,0,0,0,0,0,0
5300,9968,5303,14,13,2,1,7,0,6,0,2,0,1,0,0,0,0,0
5400,9979,4884,10,19,2,1,8,0,0,2,1,0,0,0,0,0,0,0
5500,9971,5088,9,23,2,0,8,3,6,1,4,0,0,0,0,0,0,0
5600,9978,5160,10,27,2,0,4,0,5,3,1,0,0,0,0,0,0,0
5700,9972,5319,13,24,3,1,5,0,5,3,2,0,0,0,0,0,0,0
5800,9972,4999,9,23,5,1,10,3,2,1,2,0,0,0,0,0,0,0
5900,9972,4513,15,14,2,0,5,1,5,4,1,0,0,0,0,0,0,0
6000,9969,4676,15,14,3,1,7,1,5,3,1,2,0,0,0,0,0,0
6100,9968,5090,19,27,4,3,4,1,4,0,1,0,0,0,0,0,0,0
6200,9964,5290,20,70,6,1,7,2,3,2,0,1,0,0,0,0,0,0
6300,9961,5488,18,83,2,3,14,1,4,4,1,1,0,0,0,0,0,0
6400,9947,5208,37,66,1,0,6,9,7,2,2,2,0,0,0,0,0,0
6500,9943,6500,36,87,2,1,10,12,8,29,1,1,0,0,0,0,0,0
6600,9943,7651,37,131,3,6,5,45,11,11,1,2,0,0,0,0,0,0
6700,9945,9060,38,200,3,8,5,5,5,4,4,2,0,0,0,0,0,0
6800,9950,10523,41,125,1,6,6,10,2,6,0,0,0,0,0,0,0,0
6900,9939,10098,44,167,3,7,7,9,5,11,2,2,0,0,0,0,0,0
7000,9939,11258,47,346,2,4,7,11,4,5,1,0,0,0,0,0,0,0
7100,9929,11911,50,751,1,5,14,3,3,10,3,1,0,0,0,0,0,0
7200,9926,12470,48,1151,4,5,14,11,5,8,3,3,0,0,0,0,0,0
7300,9927,12973,52,1349,1,8,15,11,5,6,0,5,0,0,0,0,0,0
7400,9925,12063,50,1222,3,10,12,9,8,4,1,2,1,1,0,0,0,0
7500,9930,12138,48,1061,3,33,11,12,7,7,1,1,0,0,0,0,0,0
7600,9925,13283,53,1289,2,61,14,9,6,5,0,4,0,0,0,0,0,0
7700,9918,13221,57,1178,2,30,13,10,8,6,2,3,0,0,0,0,0,0
7800,9914,12728,65,1297,2,23,11,40,6,3,2,0,0,0,0,0,0,0
7900,9916,13150,66,1286,3,36,10,24,5,5,0,4,0,0,0,0,0,0
8000,9900,12754,78,1408,4,17,11,11,6,6,1,4,0,0,0,0,0,0
8100,9885,14206,95,1021,1,31,15,5,3,7,1,2,0,0,0,0,0,0
8200,9884,15091,96,807,5,10,9,38,3,9,2,4,1,0,0,0,0,0
8300,9875,15430,100,458,2,5,14,8,6,4,2,1,1,0,0,0,0,0
8400,9863,14579,111,466,9,2,11,14,6,12,0,2,0,1,0,0,0,0
8500,9867,14792,106,358,3,5,16,7,5,5,2,1,1,0,0,0,0,0
8600,9865,17128,101,362,4,4,14,3,13,4,2,4,1,0,0,0,0,0
8700,9873,18217,100,308,3,5,14,10,5,10,5,2,0,0,0,0,0,0
8800,9874,18638,107,381,2,2,15,10,1,1,1,4,0,2,0,0,0,0
8900,9863,19104,116,427,2,3,14,6,3,6,2,0,0,0,0,0,0,0
9000,9859,18570,102,502,5,2,20,22,13,9,1,2,0,0,0,0,0,0
9100,9868,19724,105,514,3,8,17,16,5,12,2,1,0,1,0,0,0,0
9200,9883,20867,97,556,1,11,11,12,6,12,2,1,0,2,0,0,0,0
9300,9869,21983,109,537,2,9,15,12,4,4,1,3,0,0,0,0,0,0
9400,9869,21830,112,586,3,5,10,13,4,6,2,1,0,0,0,0,0,0
9500,9876,19755,108,476,1,3,12,18,3,5,0,4,0,0,0,0,0,0
9600,9865,19533,113,359,1,2,8,21,11,2,1,4,1,0,0,0,0,0
9700,9858,20165,119,394,3,5,7,5,10,2,3,1,0,0,0,0,0,0
9800,9857,21490,118,400,3,10,12,5,6,7,3,1,1,0,0,0,0,0
9900,9865,21378,112,386,3,11,10,3,4,11,6,3,0,0,0,0,0,0
10000,9856,20548,122,351,1,4,9,3,9,13,2,1,1,0,0,0,0,0
10100,9856,20797,119,323,6,3,8,4,9,2,2,2,0,0,0,0,0,0
10200,9830,21142,138,426,6,2,10,2,12,6,4,1,0,0,0,0,0,0
10300,9833,20180,140,397,4,2,9,10,10,3,4,3,0,0,0,0,0,0
10400,9849,21352,135,396,1,6,10,11,5,6,0,1,0,0,0,0,0,0
10500,9834,21242,146,410,2,3,9,8,6,5,3,1,0,0,0,0,0,0
10600,9808,19757,170,347,5,5,7,6,7,3,2,1,1,0,0,0,0,0
10700,9796,19484,171,373,7,11,13,13,10,2,2,2,1,0,0,0,0,0
10800,9803,19781,179,404,5,6,6,9,5,9,1,1,1,0,0,0,0,0
10900,9795,19849,187,500,7,3,7,8,4,3,0,0,0,0,0,0,0,0
11000,9784,21148,199,547,2,6,10,2,5,3,0,2,0,0,0,0,0,0
11100,9801,20258,173,570,5,4,12,12,7,5,2,2,0,0,0,0,0,0
11200,9810,20424,166,596,5,5,11,14,6,6,2,0,0,0,0,0,0,0
11300,9806,21361,169,744,4,4,9,5,11,10,1,5,0,0,0,0,0,0
11400,9812,20839,165,768,4,3,12,6,7,3,0,3,0,0,0,0,0,0
11500,9816,21687,155,749,3,7,8,6,12,7,6,2,0,0,0,0,0,0
11600,9823,20082,155,612,4,6,12,5,4,3,2,3,0,0,0,0,0,0
11700,9825,20060,153,537,6,3,5,11,6,3,4,0,1,0,0,0,0,0
11800,9825,20281,132,665,6,0,21,7,10,8,5,3,1,0,0,0,0,0
11900,9793,19648,143,820,10,6,42,7,9,6,2,0,1,0,0,0,0,0
12000,9823,19339,122,1012,5,7,40,8,7,8,3,0,0,0,0,0,0,0
12100,9827,19649,116,1013,5,7,40,20,9,4,3,2,0,0,0,0,0,0
12200,9836,18772,109,1319,3,6,41,7,9,3,2,5,0,0,0,0,0,0
12300,9823,19221,106,1158,7,4,48,4,12,10,3,2,1,0,0,0,0,0
12400,9823,19030,106,1091,7,5,48,6,11,8,5,3,0,0,0,0,0,0
12500,9822,20462,121,912,6,9,43,8,5,2,3,2,0,0,0,0,0,0
12600,9819,21608,111,636,16,10,43,9,9,9,2,0,0,0,0,0,0,0
12700,9845,20339,112,619,9,15,18,6,9,5,6,1,1,0,0,0,0,0
12800,9847,19792,112,656,8,5,13,6,16,4,4,1,0,0,0,0,0,0
12900,9853,19931,100,699,12,10,18,8,12,8,4,3,0,0,0,0,1,0
13000,9858,20611,106,545,10,2,13,5,12,0,1,2,0,0,0,0,0,0
13100,9838,20679,113,588,13,1,20,9,8,6,8,3,0,0,0,0,0,0
13200,9842,20571,127,655,4,8,12,5,12,5,3,1,0,0,0,0,0,0
13300,9834,21073,134,697,10,3,13,3,6,5,3,5,0,0,0,0,0,0
13400,9821,20684,143,637,7,0,12,4,12,8,5,1,0,0,0,0,0,0
13500,9817,22828,152,610,1,7,13,3,11,9,6,2,0,0,0,0,0,0
13600,9834,22210,144,594,8,6,10,11,4,27,0,3,0,0,0,0,0,0
13700,9839,21782,135,546,7,5,5,3,8,40,6,2,0,0,0,0,0,0
13800,9836,21404,146,409,6,5,6,5,5,5,1,3,0,0,0,0,0,0
13900,9748,21258,236,480,5,3,3,1,5,6,3,1,0,0,0,0,0,0
14000,9683,20297,283,518,5,4,13,8,14,5,2,0,0,0,0,0,0,0
14100,9660,20083,306,558,6,5,13,3,8,1,7,1,0,0,0,0,0,0
14200,9652,21128,325,551,5,2,10,5,7,6,1,4,0,0,0,0,0,0
14300,9623,20625,342,625,10,6,13,4,8,5,4,1,0,1,0,0,0,0
14400,9606,19428,368,474,4,6,16,7,5,3,1,4,0,0,0,0,0,0
14500,9599,18539,365,394,6,3,11,8,13,3,6,3,0,0,0,0,0,0
14600,9596,17732,361,417,11,2,18,3,13,0,1,6,0,1,0,0,0,0
14700,9582,18474,395,587,6,4,10,5,4,9,3,1,0,0,0,0,0,0
14800,9574,19071,400,593,7,15,9,4,7,7,3,1,0,0,0,0,0,0
14900,9514,18967,459,586,7,6,10,9,5,12,5,0,0,0,0,0,0,0
15000,9436,18042,534,597,5,3,11,9,12,8,2,3,0,0,0,0,0,0
15100,9442,16529,525,674,3,3,14,7,12,9,4,1,0,0,0,0,0,0
15200,9452,17938,511,949,3,4,21,1,9,7,2,1,2,0,0,0,0,0
15300,9493,17494,441,1067,9,2,43,6,10,4,4,0,0,0,0,0,0,0
15400,9429,17191,514,1087,7,3,40,9,8,5,2,0,0,0,0,0,0,0
15500,9341,16410,589,1246,12,3,47,5,5,3,5,2,1,0,0,0,0,0
15600,9325,16000,607,1176,11,0,44,17,10,3,3,4,0,0,0,0,0,0
15700,9236,16719,702,1108,4,3,49,6,6,4,3,2,0,0,0,0,0,0
15800,9226,15518,701,800,8,3,52,8,11,4,2,0,0,0,0,0,0,0
15900,9219,15268,712,783,8,2,50,10,4,3,7,2,0,1,0,0,0,0
16000,9157,14583,771,744,11,3,53,10,8,2,0,0,0,0,0,0,0,0
16100,9181,14756,744,847,15,4,47,9,7,8,6,2,0,0,0,0,0,0
16200,9183,16450,741,802,11,5,52,17,8,2,5,1,0,0,0,0,0,0
16300,9220,15930,712,1035,9,2,47,8,10,3,2,3,0,0,0,0,0,0
16400,9272,15456,669,989,4,5,49,6,2,6,4,3,0,0,0,0,0,0
16500,9193,15237,741,1026,6,4,53,3,5,4,2,0,0,0,0,0,0,0
16600,9202,15050,726,1164,9,2,52,4,7,6,4,0,0,0,0,0,0,0
16700,9208,14071,730,1297,6,9,47,7,5,6,4,1,0,0,0,0,0,0
16800,9205,12673,710,1124,10,3,61,9,11,7,3,0,0,0,0,0,0,0
16900,9179,12819,741,1243,8,6,51,2,18,5,3,2,0,0,0,0,0,0
17000,9115,12679,808,1279,12,4,56,13,6,4,3,1,0,0,0,0,0,0
17100,9066,12535,873,1119,8,9,45,18,5,3,3,2,0,0,0,0,0,0
17200,9050,12280,909,1453,8,6,22,9,5,6,6,3,0,0,0,0,0,0
17300,9028,11836,921,1508,9,3,28,13,8,3,5,0,1,0,0,0,0,0
17400,8972,12675,994,1392,8,3,19,4,6,5,1,1,0,0,0,0,0,0
17500,8928,12021,1033,1122,8,7,22,4,4,2,5,3,0,0,0,0,0,0
17600,8916,12140,1029,853,15,9,20,2,14,6,6,1,0,1,0,0,0,0
17700,8815,12647,1141,864,15,4,22,13,5,4,2,0,0,0,0,0,0,0
17800,8707,12527,1239,988,15,4,25,4,11,1,3,1,0,0,0,0,0,0
17900,8646,12084,1305,885,19,5,21,1,6,4,2,1,1,0,0,0,0,0
18000,8605,11617,1346,1081,17,4,23,3,7,9,2,2,0,0,0,0,0,0
18100,8628,12144,1325,1047,17,4,24,2,5,8,1,0,0,0,0,0,0,0
18200,8664,11967,1286,1186,18,0,23,3,8,6,1,3,0,0,0,0,0,0
18300,8703,11577,1246,804,19,1,23,7,7,2,2,2,0,0,0,0,0,0
18400,8707,11732,1244,653,13,2,22,1,10,2,4,0,0,0,0,0,0,0
18500,8786,11281,1165,939,20,5,22,3,3,2,3,1,1,0,0,0,0,0
18600,8764,11314,1182,1037,21,3,22,2,8,7,3,2,0,0,0,0,0,0
18700,8696,10836,1255,1401,22,10,22,6,0,6,5,1,0,0,0,0,0,0
18800,8724,11288,1225,1506,20,11,18,3,11,3,2,1,0,0,0,0,0,0
18900,8772,9916,1176,1089,19,4,21,6,9,9,3,2,0,0,0,0,0,0
19000,8711,10295,1218,891,35,9,23,2,6,2,7,0,0,0,0,0,0,0
19100,8667,10207,1258,936,35,5,26,3,11,2,3,2,0,0,0,0,0,0
19200,8689,10805,1251,930,26,6,26,4,4,3,4,3,0,0,0,0,0,0
19300,8702,11168,1242,1112,28,6,18,3,4,1,6,2,0,0,0,0,0,0
19400,8748,10588,1176,1172,39,0,22,2,10,2,4,1,1,0,0,0,0,0
19500,8718,10652,1216,1059,38,9,22,7,3,0,2,0,1,0,0,0,0,0
19600,8708,9662,1223,1149,29,3,32,4,7,6,1,3,0,0,0,0,0,0
19700,8699,9600,1228,1046,29,6,32,3,10,5,2,1,0,0,0,0,0,0
19800,8703,9998,1235,892,31,1,18,4,8,1,4,1,1,0,0,0,0,0
19900,8639,9609,1301,1140,31,3,21,1,4,3,4,2,0,0,0,0,0,0
20000,8642,9876,1300,1598,30,6,23,10,4,2,1,0,0,0,0,0,0,0
20100,8641,8971,1299,1301,32,3,22,12,2,5,2,0,1,0,1,0,0,0
20200,8739,8745,1203,1067,24,3,22,9,9,1,3,2,0,0,0,0,0,0
20300,8746,9521,1208,1045,19,0,17,14,6,6,4,1,0,0,0,0,0,0
20400,8758,8565,1169,1009,32,4,25,9,10,9,6,0,0,0,0,0,0,0
20500,8810,8509,1135,1006,30,2,19,9,6,2,0,2,0,0,0,0,0,0
20600,8808,9302,1129,1038,39,0,15,2,6,1,3,0,0,0,0,0,0,0
20700,8821,8951,1113,1246,38,0,16,12,10,3,2,1,0,0,0,0,0,0
20800,8883,8699,1052,1079,35,3,17,2,10,3,3,0,0,0,0,0,0,0
20900,8911,8866,1032,1142,26,3,21,4,9,4,1,1,0,0,0,0,0,0
21000,8924,10003,1024,1218,33,1,18,2,1,2,0,3,0,0,0,0,0,0
21100,8940,8478,996,1291,34,4,18,5,9,2,3,1,0,0,0,0,0,0
21200,8955,9334,986,1010,30,2,17,9,8,8,4,5,0,0,0,0,0,0
21300,8939,9649,1005,799,30,5,17,13,7,6,2,1,0,0,0,0,0,0
21400,8958,9703,1000,801,26,1,11,5,4,2,1,2,0,0,0,0,0,0
21500,8989,10223,961,787,18,2,22,12,8,3,1,1,0,0,1,0,0,0
21600,9006,9569,947,730,26,4,14,7,3,1,4,0,0,0,0,0,0,0
21700,9016,9250,931,588,28,0,16,12,7,1,2,2,0,0,0,0,0,0
21800,8890,7532,1041,568,23,5,40,8,6,8,0,2,0,0,0,0,0,0
21900,8913,8051,1007,652,21,0,46,4,12,3,1,2,0,0,0,0,0,0
22000,8877,8432,1044,677,18,2,48,25,9,6,3,1,0,0,0,0,1,0
22100,8859,8786,1068,620,24,3,43,9,5,0,1,3,0,0,0,0,0,0
22200,8859,8312,1066,612,22,2,44,13,6,2,3,0,0,0,0,0,0,0
22300,8835,7461,1081,660,23,4,41,12,12,7,8,1,0,0,0,0,0,0
22400,8919,7471,1009,672,25,6,39,9,6,5,2,2,0,0,0,0,0,0
22500,8934,7968,987,839,22,3,44,17,11,3,2,3,0,0,0,0,0,0
22600,8985,8561,955,807,12,3,41,7,6,1,1,2,0,0,0,0,0,0
22700,9009,8167,920,912,21,2,39,11,6,6,5,2,0,0,0,0,0,0
22800,8954,8441,978,866,8,6,46,17,11,1,3,0,0,0,0,0,0,0
22900,8914,8125,1003,673,15,2,50,5,16,4,2,2,0,0,0,0,0,0
23000,8948,7650,984,707,18,4,44,17,4,6,2,4,0,0,0,0,0,0
23100,8966,8663,962,698,15,3,45,15,7,2,4,2,1,0,0,0,0,0
23200,8970,8409,963,798,15,2,46,8,5,5,1,0,0,0,0,0,0,0
23300,8998,7988,932,774,17,3,44,12,7,3,2,1,0,0,0,0,0,0
23400,9019,7348,914,909,12,2,44,1,9,3,2,4,0,0,0,0,0,0
23500,9040,6643,894,894,13,4,44,2,5,3,4,1,0,0,0,0,0,0
23600,9028,7685,914,1146,12,1,38,1,5,3,3,5,0,0,0,0,0,0
23700,9008,8301,920,951,14,6,44,4,9,6,5,0,0,0,0,0,0,0
23800,9052,7903,881,762,11,2,44,3,11,0,1,2,0,0,0,0,0,0
23900,8999,8788,945,908,13,3,33,2,7,4,3,0,0,0,0,0,0,0
24000,8956,7716,984,1119,14,3,36,10,4,3,3,1,3,0,0,0,0,0
24100,8911,7408,1027,892,13,7,34,2,9,5,5,3,1,0,0,0,0,0
24200,8924,7226,1022,879,9,2,34,13,7,3,4,3,0,0,0,0,0,0
24300,8901,8086,1052,958,6,0,34,6,4,4,3,3,0,0,0,0,0,0
24400,8864,7292,1080,1112,8,4,33,7,12,2,3,2,0,0,0,0,0,0
24500,8843,7243,1086,973,7,0,53,17,8,3,3,2,0,0,0,0,0,0
24600,8818,7438,1125,813,6,1,42,4,6,11,3,1,0,0,0,0,0,0
24700,8812,7779,1136,926,11,1,35,4,6,4,0,3,0,0,0,0,0,0
24800,8836,8150,1115,858,6,2,31,11,12,4,0,1,0,0,0,0,0,0
24900,8863,6606,1073,760,7,6,50,3,5,5,1,1,1,0,0,0,0,0
25000,8862,6851,1061,783,9,2,59,2,7,3,2,0,0,0,0,0,0,0
25100,8982,6180,948,768,3,1,56,4,8,4,3,0,0,0,0,0,0,0
25200,9022,7203,902,569,10,1,60,1,2,1,4,0,0,0,0,0,0,0
25300,9027,7569,888,533,9,4,65,2,7,2,4,0,0,0,0,0,0,0
25400,9038,7643,893,628,11,3,48,3,8,3,2,2,0,0,0,0,0,0
25500,9129,6852,812,777,8,3,39,4,9,4,3,1,0,0,0,0,0,0
25600,9102,6232,835,972,9,0,42,2,9,2,3,2,0,0,0,0,0,0
25700,9114,6997,838,922,5,3,36,2,3,2,4,0,0,0,0,0,0,0
25800,9100,7527,850,1041,8,4,31,2,9,4,2,2,0,0,0,0,0,0
25900,9089,7410,859,977,9,4,35,5,7,9,1,3,0,0,0,0,0,0
26000,9062,7417,897,895,7,1,28,2,3,1,3,4,0,0,0,0,0,0
26100,9097,6954,856,799,8,2,30,2,6,7,3,0,0,0,0,0,0,0
26200,9107,7061,834,979,5,2,49,2,3,2,2,1,0,0,0,0,0,0
26300,9056,7066,880,952,10,4,44,2,7,6,3,1,0,0,0,0,0,0
26400,9030,7356,900,898,9,4,48,1,9,2,4,0,0,0,0,0,0,0
26500,8978,7661,952,979,12,4,48,0,8,8,2,1,0,0,0,0,0,0
26600,8939,8272,1003,1292,7,5,46,4,4,4,1,0,0,0,0,0,0,0
26700,8896,7449,1039,1293,10,6,49,1,5,1,1,1,0,0,0,0,0,0
26800,8931,7629,1009,506,3,3,47,2,5,1,5,1,0,0,0,0,0,0
26900,8978,7707,966,452,1,3,44,3,6,4,5,1,0,0,0,0,0,0
27000,8940,7721,997,416,4,2,45,1,8,2,6,0,0,0,0,0,0,0
27100,8928,6782,1010,595,3,3,47,0,9,4,3,3,0,0,0,0,0,0
27200,8947,7294,984,435,7,4,49,4,10,2,3,0,0,0,0,0,0,0
27300,8956,7414,986,373,8,1,43,3,5,5,2,0,0,0,0,0,0,0
27400,8988,7571,944,345,3,1,50,4,14,4,1,0,0,0,0,0,0,0
27500,8997,7471,942,404,6,2,48,0,5,3,2,1,0,0,0,0,0,0
27600,8948,6908,994,448,2,3,48,1,6,4,2,1,0,0,0,0,0,0
27700,8915,7220,1022,551,9,3,50,1,3,5,1,0,0,0,0,0,0,0
27800,8891,6586,1037,439,4,1,53,3,9,2,4,2,2,0,0,0,0,0
27900,8909,6046,1030,697,3,7,52,1,4,4,2,1,0,0,0,0,0,0
28000,8987,6625,943,858,5,5,55,0,8,2,2,0,0,0,0,0,0,0
28100,9048,7304,885,782,5,2,51,3,9,2,2,3,0,0,0,0,0,0
28200,9103,7067,837,1023,3,1,46,0,8,2,3,1,0,0,0,0,0,0
28300,9178,7185,771,1032,3,3,36,4,8,8,3,1,1,0,0,0,0,0
28400,9188,6970,787,940,3,2,21,4,1,1,0,1,0,0,0,0,0,0
28500,9198,6669,766,769,2,1,22,1,8,7,4,0,0,0,0,0,0,0
28600,9154,6483,807,793,3,4,27,1,5,6,4,0,0,0,0,0,0,0
28700,9111,6600,853,754,3,5,23,1,7,1,2,2,0,0,0,0,1,0
28800,9098,6367,866,637,7,2,23,1,2,2,4,1,0,0,0,0,0,0
28900,9108,5666,855,655,5,0,23,3,4,3,1,0,4,0,0,0,0,0
29000,9018,5052,947,521,3,6,24,1,4,3,4,3,0,0,0,0,0,0
29100,9000,5260,961,512,3,4,26,2,6,3,4,0,0,0,0,0,0,0
29200,8958,5448,1005,565,8,2,21,2,6,1,2,1,0,0,0,0,0,0
29300,9015,5089,969,704,2,0,6,1,7,1,1,0,0,0,0,0,0,0
29400,9019,6114,960,697,3,0,12,3,4,0,2,2,0,0,0,0,0,0
29500,9026,5768,946,678,5,2,13,2,6,4,4,2,0,0,0,0,0,0
29600,9028,5194,936,528,8,4,16,1,8,2,4,1,0,0,0,0,0,0
29700,9073,5697,907,429,1,1,11,7,4,3,4,4,0,0,0,0,0,0
29800,9091,6868,888,294,5,1,8,7,3,6,5,1,0,0,0,0,0,0
29900,9139,6374,841,412,7,3,7,1,5,0,1,0,0,1,0,0,0,0
30000,9139,6001,843,439,6,1,3,4,7,3,2,2,0,0,0,0,0,0
30100,9187,5912,797,481,2,3,6,5,6,3,2,0,0,0,0,0,0,0
30200,9263,6433,720,582,5,3,6,0,5,3,1,0,0,0,0,0,0,0
30300,9250,6278,735,865,4,11,3,1,5,2,3,0,0,0,0,0,0,0
30400,9202,7430,785,858,3,4,4,2,3,3,3,1,0,0,0,0,0,0
30500,9186,6409,804,932,2,6,3,2,3,10,2,2,0,0,0,0,0,0
30600,9144,5970,828,1021,6,0,13,0,4,2,5,3,0,0,0,0,0,0
30700,9118,6035,853,624,3,2,21,3,3,4,2,2,0,0,0,0,0,0
30800,9131,6504,822,587,4,3,31,4,7,4,5,2,0,0,0,1,0,0
30900,9155,6053,803,430,3,1,28,0,6,2,5,2,0,0,0,0,0,0
31000,9148,5402,812,270,3,4,29,2,3,1,5,1,0,0,0,0,0,0
31100,9149,5422,814,216,4,3,21,0,7,4,5,1,0,0,0,0,0,0
31200,9137,4516,821,261,6,0,25,2,7,2,4,1,0,0,0,0,0,0
31300,9098,4641,868,335,9,1,22,3,3,1,0,3,0,0,0,0,0,0
31400,9125,4986,831,493,6,0,29,6,7,1,2,2,0,0,0,0,0,0
31500,9109,4601,839,470,12,1,32,0,5,3,3,0,0,0,0,0,0,0
31600,9088,4548,864,294,10,2,27,2,8,3,3,0,0,0,0,0,0,0
31700,9102,5225,851,318,14,4,29,2,4,0,0,0,0,0,0,0,0,0
31800,9045,5786,907,485,9,0,27,2,8,2,4,1,0,0,0,0,0,0
31900,9036,5412,907,724,11,1,29,2,11,0,5,1,1,0,0,0,0,0
32000,9062,5493,876,652,9,3,41,8,9,7,3,0,0,0,0,0,0,0
32100,9075,5239,857,587,9,5,45,5,8,2,6,0,0,0,0,0,0,0
32200,9124,4832,837,628,10,3,26,4,1,3,2,1,0,0,0,0,0,0
32300,9161,4764,792,666,8,3,32,0,4,1,3,0,0,0,0,0,0,0
32400,9178,4371,758,594,8,4,46,4,6,1,4,1,0,0,0,0,0,0
32500,9145,4843,807,727,9,0,31,1,5,2,3,1,0,0,0,0,0,0
32600,9114,4833,825,550,19,2,29,2,9,4,4,0,0,0,0,0,0,0
32700,9098,4768,852,501,11,3,32,2,4,1,3,0,0,0,0,0,0,0
32800,9075,4669,880,321,8,4,27,8,7,0,3,0,0,0,0,0,0,0
32900,9029,4410,926,349,11,0,23,9,9,1,2,0,0,0,0,0,0,0
33000,9015,5298,917,342,19,2,29,5,15,1,5,0,0,0,0,0,0,0
33100,8987,6255,936,382,42,1,29,6,5,2,1,1,0,0,0,0,0,0
33200,8924,5327,1001,483,43,1,29,6,3,0,0,1,0,0,0,0,0,0
33300,8930,4572,1008,577,36,6,23,8,3,0,0,0,0,0,0,0,0,0
33400,8953,5147,973,928,42,18,26,3,5,1,1,0,0,0,0,0,0,0
33500,9003,4815,928,651,40,6,25,7,3,2,1,0,0,0,0,0,0,0
33600,8967,4989,961,602,42,0,24,2,3,0,3,0,0,0,0,0,0,0
33700,8946,4654,958,549,44,0,41,0,8,1,3,0,0,0,0,0,0,0
33800,8974,4788,918,649,44,6,58,3,5,4,1,0,0,0,0,0,0,0
33900,8928,5216,978,602,38,2,49,2,5,0,2,0,0,0,0,0,0,0
34000,8894,5678,1033,626,37,1,26,1,8,0,2,1,0,0,0,0,0,0
34100,8861,4567,1058,570,39,2,33,3,6,4,3,0,0,0,0,0,0,0
34200,8762,4544,1147,470,38,1,43,0,10,2,0,1,0,0,0,0,0,0
34300,8705,3935,1199,487,43,0,45,7,6,4,2,1,0,0,0,0,0,0
34400,8704,3931,1193,601,42,0,48,1,12,3,1,1,0,0,0,0,0,0
34500,8718,4507,1179,820,44,2,51,2,5,2,3,0,0,0,0,0,0,0
34600,8700,4492,1226,864,35,2,28,9,8,1,3,0,0,0,0,0,0,0
34700,8766,4588,1154,689,40,2,34,2,4,3,2,2,0,0,0,0,0,0
34800,8747,4868,1174,498,38,4,30,0,11,4,0,0,0,0,0,0,0,0
34900,8741,4610,1180,488,33,2,33,1,10,0,3,0,0,0,0,0,0,0
35000,8707,3708,1241,553,6,0,37,7,4,3,5,1,0,0,0,0,0,0
35100,8567,3938,1387,497,7,0,28,3,11,3,0,0,0,0,0,0,0,0
35200,8521,4343,1420,388,16,1,29,1,11,2,3,0,0,0,0,0,0,0
35300,8453,5580,1486,338,12,3,34,1,12,1,3,1,0,0,0,0,0,0
35400,8428,5622,1526,239,14,2,27,1,4,2,1,0,0,0,0,0,0,0
35500,8381,5191,1575,202,11,4,24,0,6,1,1,1,2,0,0,0,0,0
35600,8474,4269,1508,189,6,1,6,0,3,1,2,2,1,0,0,0,0,0
35700,8447,4641,1535,172,9,4,1,1,5,2,3,0,0,0,0,0,0,0
35800,8374,4692,1599,183,9,7,6,0,7,0,4,2,1,0,0,0,0,0
35900,8415,4724,1562,203,12,2,3,1,6,1,2,1,0,0,0,0,0,0
36000,8426,5289,1541,212,11,1,12,3,7,0,3,0,0,0,0,0,0,0
36100,8395,5462,1580,245,15,1,6,3,2,1,2,0,0,0,0,0,0,0
36200,8382,5206,1587,204,10,5,10,4,9,1,2,2,0,0,0,0,0,0
36300,8419,4768,1555,210,13,4,4,5,7,3,2,0,0,0,0,0,0,0
36400,8464,5287,1513,205,9,2,5,2,6,2,3,0,0,0,0,0,0,0
36500,8473,5072,1493,326,14,2,4,1,12,3,4,1,0,0,0,0,0,0
36600,8501,4945,1472,395,5,2,16,1,3,3,3,2,0,0,0,0,0,0
36700,8507,5291,1469,566,7,1,8,5,8,2,1,2,0,0,0,0,0,0
36800,8534,5179,1433,480,10,4,10,1,10,5,3,0,0,0,0,0,0,0
36900,8521,4901,1444,528,7,2,18,2,7,2,3,0,0,0,0,0,0,0
37000,8432,4186,1533,700,9,2,16,0,6,1,4,1,0,0,0,0,0,0
37100,8415,4510,1550,649,8,2,18,1,5,5,4,1,0,0,0,0,0,0
37200,8441,4771,1517,622,11,0,21,2,6,3,4,1,0,0,0,0,0,0
37300,8457,4569,1509,545,10,0,10,0,11,1,3,0,0,0,0,0,0,0
37400,8533,5372,1441,752,6,0,12,5,4,1,4,1,0,0,0,0,0,0
37500,8603,5310,1368,570,12,1,7,5,7,1,3,1,0,0,0,0,0,0
37600,8579,5267,1379,747,12,0,17,0,10,2,3,2,0,0,0,0,0,0
37700,8529,5120,1424,790,15,0,21,10,10,0,1,1,0,0,0,0,0,0
37800,8595,4481,1378,671,7,2,14,8,2,2,4,2,0,0,0,0,0,0
37900,8566,4411,1395,545,8,1,22,9,6,0,3,0,0,0,0,0,0,0
38000,8555,5214,1407,549,4,0,18,4,14,3,2,0,0,0,0,0,0,0
38100,8603,5237,1368,492,3,0,18,7,7,0,1,1,0,0,0,0,0,0
38200,8699,5205,1271,529,7,1,13,8,7,4,3,2,0,0,0,0,0,0
38300,8705,3844,1255,491,9,1,21,13,5,2,5,1,0,0,0,0,0,0
38400,8718,4946,1254,477,6,0,14,7,5,5,3,1,0,0,0,0,0,0
38500,8699,4798,1269,431,2,1,22,9,7,3,1,0,0,0,0,0,0,0
38600,8708,4590,1255,681,5,3,17,11,12,6,3,0,0,0,0,0,0,0
38700,8725,4402,1252,657,6,1,10,12,5,3,2,0,0,0,0,0,0,0
38800,8766,4590,1197,933,3,4,20,7,12,1,2,0,0,0,0,0,0,0
38900,8767,4724,1207,1108,6,2,11,10,9,0,0,2,0,0,0,0,0,0
39000,8798,4801,1163,886,7,1,20,6,6,3,6,0,0,1,0,0,0,0
39100,8891,5017,1077,788,9,0,14,13,7,1,2,0,0,0,0,0,0,0
39200,8860,4330,1111,700,7,1,16,11,5,2,1,0,0,0,0,0,0,0
39300,8859,4129,1121,664,8,2,4,11,5,0,3,1,0,0,0,0,0,0
39400,8930,4338,1059,546,4,2,2,20,5,0,0,0,0,0,0,0,0,0
39500,8928,4482,1057,420,5,0,4,18,4,1,2,0,0,0,0,0,0,0
39600,8938,4835,1044,723,4,2,9,8,3,2,2,1,0,0,0,0,0,0
39700,8947,4581,1031,1017,7,1,5,2,6,1,4,2,0,0,0,0,0,0
39800,9021,3673,947,799,10,1,9,0,9,1,4,2,0,0,0,0,0,0
39900,9085,4148,895,671,6,0,2,3,5,2,7,0,0,0,0,0,0,0
40000,9138,4211,841,659,7,1,3,4,10,3,1,0,0,0,0,0,0,0
40100,9059,4290,919,674,2,1,8,4,10,2,1,0,1,0,0,0,0,0
40200,8951,4660,1019,850,5,1,8,2,15,4,2,0,0,0,0,0,0,0
40300,8980,4548,994,766,8,3,5,1,11,4,2,1,0,0,0,0,0,0
40400,9017,4416,961,715,6,1,5,3,7,2,4,2,0,0,0,0,0,0
40500,9026,4712,952,868,5,0,7,0,7,1,3,1,0,0,0,0,0,0
40600,9019,4705,959,826,7,2,4,0,10,1,1,2,0,0,0,0,0,0
40700,9008,4198,979,730,4,1,3,3,4,1,2,1,0,0,0,0,0,0
40800,9056,3714,920,624,7,2,7,4,6,1,4,0,0,0,0,0,0,0
40900,9091,3733,888,672,6,1,6,8,7,0,2,0,0,0,0,0,0,0
41000,9093,3844,890,985,6,3,7,7,4,2,0,0,0,0,0,0,0,0
41100,9113,4371,870,773,2,5,4,8,8,1,3,0,0,0,0,0,0,0
41200,9169,3777,818,612,2,2,9,15,1,2,0,1,1,0,0,0,0,0
41300,9196,3863,783,781,2,1,7,11,5,0,7,1,0,0,0,0,0,0
41400,9240,4393,741,776,5,2,7,10,6,1,1,1,0,0,0,0,0,0
41500,9201,4639,775,945,2,1,6,8,14,4,2,1,0,0,0,0,0,0
41600,9148,4075,807,812,6,1,7,11,28,2,4,0,0,0,0,0,0,0
41700,9187,4485,776,751,3,2,3,7,29,1,2,1,0,0,0,0,0,0
41800,9123,3908,832,903,7,1,7,12,26,4,5,3,0,0,0,0,0,0
41900,9097,4261,849,1004,6,0,19,3,26,2,3,0,0,0,0,0,0,0
42000,9063,4228,877,1122,3,0,27,4,28,6,2,0,0,0,0,0,0,0
42100,9088,4141,859,991,5,2,24,2,21,1,3,0,0,0,0,0,0,0
42200,9143,3406,800,1176,6,2,25,2,25,0,1,0,0,0,0,0,0,0
42300,9132,3829,812,902,4,0,27,19,22,1,3,0,0,0,0,0,0,0
42400,9124,4181,815,804,7,1,26,3,23,2,5,0,0,0,0,0,0,0
42500,9100,4299,840,1043,3,1,28,3,25,2,4,1,0,0,0,0,0,0
42600,9099,4389,843,963,3,2,27,2,26,1,1,2,1,0,0,0,0,0
42700,9155,4225,786,738,5,5,31,3,23,3,0,0,0,0,0,0,0,0
42800,9144,4556,802,891,2,51,27,42,22,0,3,2,0,0,0,0,0,0
42900,9146,4874,792,998,4,6,27,3,25,6,6,1,0,0,0,0,0,0
43000,9179,4717,764,1441,5,0,26,4,24,5,2,0,0,0,0,0,0,0
43100,9193,4776,741,1307,10,2,27,14,27,1,2,1,0,0,0,0,0,0
43200,9210,4998,735,1642,7,1,23,25,23,1,2,0,0,0,0,0,0,0
43300,9189,4930,748,1462,10,3,26,13,24,2,3,1,0,0,0,0,0,0
43400,9174,5042,765,1158,11,1,22,5,24,1,4,1,0,0,0,0,0,0
43500,9274,5115,689,1174,9,6,1,5,24,3,3,0,0,0,0,0,0,0
43600,9353,4557,612,1521,8,58,2,2,21,3,4,1,0,0,0,0,0,0
43700,9290,4731,647,1289,17,137,10,56,30,1,6,0,0,0,0,0,0,0
43800,9322,4566,636,1079,7,183,5,15,23,7,7,1,0,0,0,0,0,0
43900,9347,4228,613,1350,12,361,3,10,23,3,2,0,0,0,0,0,0,0
44000,9332,4448,626,1696,6,521,6,8,27,2,3,1,0,0,0,0,0,0
44100,9276,4770,682,1484,8,493,3,0,27,1,4,0,0,0,0,0,0,0
44200,9215,4390,744,1623,9,444,7,3,21,3,4,1,0,0,0,0,0,0
44300,9201,4615,759,1577,11,517,5,7,22,0,2,1,0,0,0,0,0,0
44400,9182,4944,782,1384,7,434,5,3,20,2,4,1,0,0,0,0,0,0
44500,9225,4574,735,1372,8,359,6,3,21,2,5,1,0,0,0,0,0,0
44600,9204,4142,754,1265,10,500,5,21,24,2,3,1,0,0,0,0,0,0
44700,9186,4265,777,1184,10,495,2,6,23,6,2,1,0,0,0,0,0,0
44800,9142,3881,816,1254,8,563,5,2,24,5,5,0,0,0,0,0,0,0
44900,9177,4803,774,1317,10,453,9,10,25,3,5,2,0,0,0,1,0,0
45000,9150,4783,814,1391,5,373,5,7,25,8,1,3,0,0,0,0,0,0
45100,9099,4652,863,1537,2,520,9,9,25,3,2,2,0,0,0,0,0,0
45200,9060,4292,907,1351,0,431,6,34,24,2,3,1,0,0,0,0,0,0
45300,8999,4454,972,1165,2,333,3,14,19,5,5,1,0,0,0,0,0,0
45400,9014,4677,948,1267,3,378,2,10,28,1,5,0,0,0,0,0,0,0
45500,9005,4131,957,1364,8,515,3,14,24,1,3,0,0,0,0,0,0,0
45600,8998,3993,963,1367,4,401,10,59,23,1,2,1,0,0,0,0,0,0
45700,9007,3563,959,1168,3,278,0,79,26,2,5,0,0,0,0,0,0,0
45800,8994,3594,965,1451,6,247,8,139,23,4,4,1,0,0,0,0,0,0
45900,9022,3335,943,1446,5,209,7,76,21,2,2,1,0,0,0,0,0,0
46000,9025,3238,939,1262,3,199,6,110,26,3,1,0,0,0,0,0,0,0
46100,9036,3635,927,1164,1,227,3,122,25,3,8,0,0,1,0,0,0,0
46200,9032,3961,926,1051,6,330,2,80,29,2,5,2,0,0,0,0,0,0
46300,9076,4141,877,1145,5,347,16,88,25,1,1,0,0,0,0,0,0,0
46400,9085,4015,867,1093,6,453,15,139,23,4,4,1,0,0,0,0,0,0
46500,9102,4155,855,1228,6,599,15,102,22,4,0,2,0,0,0,0,0,0
46600,9105,4650,850,1464,3,670,14,42,26,5,2,0,0,0,0,0,0,0
46700,9047,4784,900,1385,4,728,18,30,29,6,2,1,0,0,0,0,0,0
46800,9014,4718,937,1172,5,589,18,17,23,2,3,0,0,0,0,0,0,0
46900,9034,5070,920,1177,4,597,14,13,26,0,2,0,0,0,0,0,0,0
47000,9049,5056,902,1002,4,299,15,13,24,1,5,1,0,0,0,0,1,0
47100,9048,5005,898,1018,7,352,20,10,23,0,4,1,0,0,0,0,0,0
47200,9102,4859,850,902,4,279,17,17,25,7,2,0,0,0,0,0,0,0
47300,9131,4367,829,765,3,221,11,17,24,5,2,0,0,0,0,0,0,0
47400,9099,4608,846,729,7,373,20,17,27,2,1,0,0,0,0,0,0,0
47500,9125,4504,826,833,3,488,22,14,22,2,2,2,0,0,0,0,0,0
47600,9171,4483,779,891,3,529,22,23,23,2,2,0,0,0,0,0,0,0
47700,9149,4415,801,987,6,535,19,25,25,3,0,0,0,0,0,0,0,0
47800,9181,4687,769,716,4,356,21,23,23,1,2,1,0,0,0,0,0,0
47900,9121,4763,830,792,7,262,17,16,24,2,1,0,0,0,0,0,0,0
48000,9100,4263,853,891,4,334,13,20,28,0,2,2,0,0,0,0,0,0
48100,9073,4437,895,599,3,273,6,12,22,3,1,0,0,0,0,1,0,0
48200,9072,4584,886,617,5,391,10,11,26,1,1,0,0,0,0,0,0,0
48300,9105,4573,858,552,6,367,3,24,25,0,3,0,0,0,0,0,0,0
48400,9145,5199,818,888,3,434,12,10,22,3,0,0,0,0,0,0,0,0
48500,9146,4941,827,990,3,649,8,13,14,2,2,1,0,0,0,0,0,0
48600,9086,4559,891,1169,6,700,11,14,5,0,1,0,0,0,0,0,0,0
48700,9094,5084,875,1392,9,859,9,12,8,5,5,0,0,0,0,0,0,0
48800,9140,4816,839,1154,7,701,9,25,3,1,2,0,0,1,0,0,0,0
48900,9113,4271,864,994,5,514,7,16,8,1,3,0,0,0,0,0,0,0
49000,9125,4879,848,912,7,349,9,21,8,2,3,2,0,0,0,0,0,0
49100,9119,4836,850,1230,8,504,10,12,11,6,1,0,1,0,0,0,0,0
49200,9203,4755,773,1307,5,451,13,11,4,3,2,4,0,0,0,0,0,0
49300,9243,5041,733,1041,3,507,9,7,10,0,2,0,0,0,0,0,0,0
49400,9224,4991,723,999,4,444,35,11,11,1,3,1,0,0,0,0,0,0
49500,9332,4228,614,1382,5,551,40,13,8,3,1,1,0,0,0,0,0,0
49600,9350,5003,609,1208,1,377,37,9,2,2,1,2,0,0,0,0,0,0
49700,9351,5646,597,1067,4,334,33,11,12,2,3,0,0,0,0,0,0,0
49800,9401,5004,554,1088,8,250,29,17,5,3,3,0,0,0,0,0,0,0
49900,9403,4732,557,842,4,182,31,15,2,2,3,0,0,0,0,0,0,0
50000,9436,5594,521,749,3,227,33,15,2,7,5,1,0,0,0,0,0,0
50100,9488,5758,465,728,7,308,34,10,2,4,4,0,0,0,0,0,0,0
50200,9507,5089,451,695,4,343,31,14,2,7,5,0,0,0,0,0,0,0
50300,9526,4805,429,830,8,347,25,25,8,0,4,2,0,0,0,0,0,0
50400,9551,5199,408,707,10,301,22,30,4,6,5,0,0,0,0,0,0,0
50500,9587,4779,374,657,6,256,24,18,5,2,4,2,0,0,0,0,0,0
50600,9617,5479,338,806,5,393,31,22,9,0,0,0,0,0,0,0,0,0
50700,9672,5123,286,779,7,358,26,7,8,1,1,0,0,0,0,0,0,0
50800,9608,5623,301,613,4,223,69,3,13,1,5,1,0,0,0,0,0,0
50900,9610,5386,314,317,6,181,61,12,6,1,2,2,1,0,0,0,0,0
51000,9597,5382,341,422,7,144,49,6,6,1,0,1,0,0,0,0,0,0
51100,9591,5644,349,416,7,147,49,16,3,5,1,0,0,0,0,0,0,0
51200,9593,6101,345,507,1,159,54,5,5,0,2,0,0,0,0,0,0,0
51300,9601,5642,339,334,6,140,47,4,5,2,2,3,0,0,0,0,0,0
51400,9597,5675,327,323,4,162,64,2,6,2,2,1,0,0,0,0,0,0
51500,9636,5331,285,312,7,198,62,4,6,0,4,3,0,0,0,0,0,0
51600,9609,5736,311,259,9,202,64,5,5,2,2,6,0,0,0,0,0,0
51700,9604,4380,309,222,8,159,68,1,8,2,3,8,0,0,0,0,0,0
51800,9623,4425,297,178,5,121,70,1,2,1,3,7,0,0,0,0,0,0
51900,9632,5163,287,129,7,96,65,21,8,1,1,7,0,0,0,0,0,0
52000,9633,4981,296,110,7,84,57,2,6,1,1,7,0,0,0,0,0,0
52100,9612,6004,313,131,7,103,54,2,11,4,3,10,0,0,0,0,0,0
52200,9673,4964,261,123,9,116,46,3,7,5,4,6,0,0,0,0,0,0
52300,9688,4662,246,107,5,94,53,2,7,3,1,9,0,0,0,0,0,0
52400,9697,5543,241,189,9,140,46,2,6,1,1,6,0,0,0,0,0,0
52500,9655,5842,252,134,6,88,78,1,5,2,4,7,0,0,0,0,0,0
52600,9601,5851,296,141,2,89,95,1,4,0,2,8,0,0,0,0,0,0
52700,9608,6248,283,150,5,91,100,1,3,2,1,0,0,0,0,0,0,0
52800,9613,6054,278,217,6,91,94,1,7,2,2,0,0,0,0,0,0,0
52900,9620,5942,266,350,4,89,99,3,8,0,3,2,0,0,0,0,0,0
53000,9618,6084,257,327,6,89,111,7,7,2,1,0,0,0,0,0,0,0
53100,9630,6212,248,203,1,81,116,7,3,0,1,1,0,0,0,0,1,0
53200,9662,5633,218,172,5,34,109,4,5,2,1,0,0,0,0,0,0,0
53300,9630,5425,235,143,10,64,119,19,3,3,3,0,0,0,0,0,0,0
53400,9583,4987,255,80,9,62,146,50,4,5,3,0,0,1,0,0,0,0
53500,9507,5427,346,124,7,68,134,27,4,0,2,0,0,1,0,0,0,0
53600,9455,5443,419,98,5,54,114,7,5,4,2,0,0,0,0,0,0,0
53700,9480,6004,410,73,1,49,106,1,1,3,2,0,0,0,0,0,0,0
53800,9502,5734,371,109,6,53,114,1,6,3,1,0,0,0,0,0,0,0
53900,9497,5355,369,52,11,53,112,5,10,0,1,0,0,0,0,0,0,0
54000,9515,4749,359,54,10,53,107,3,6,0,3,2,0,0,0,0,0,0
54100,9552,4791,314,66,10,50,111,3,8,2,5,0,0,0,0,0,0,0
54200,9561,5594,314,175,7,33,110,1,5,2,3,0,0,0,0,0,0,0
54300,9561,6269,321,138,1,32,108,0,7,2,2,0,0,0,0,0,0,0
54400,9570,5820,309,137,7,32,106,2,4,3,4,1,0,0,0,0,0,0
54500,9587,5626,297,124,1,31,109,5,6,1,0,1,0,0,0,0,0,0
54600,9574,5703,303,106,7,32,106,2,9,0,1,1,0,0,0,0,0,0
54700,9545,5856,338,96,2,31,105,1,9,2,1,0,0,0,0,0,0,0
54800,9502,6232,411,108,7,34,73,1,3,4,4,0,0,0,0,0,0,0
54900,9529,5219,390,95,3,33,67,0,7,1,4,0,0,0,0,0,0,0
55000,9509,5410,416,95,5,52,63,2,5,5,2,1,0,0,0,0,0,0
55100,9504,5336,405,199,5,63,79,3,6,4,1,1,0,0,0,0,0,0
55200,9507,5352,395,218,4,69,87,0,4,3,3,0,0,0,0,0,0,0
55300,9482,5022,425,106,8,64,82,1,2,3,1,0,0,0,0,0,0,0
55400,9468,5053,439,51,5,45,83,1,4,1,1,0,0,0,0,0,0,0
55500,9460,4895,447,72,7,67,81,3,4,1,1,2,0,0,0,0,0,0
55600,9427,5620,447,97,10,34,109,1,5,2,1,2,1,0,0,0,0,0
55700,9436,6286,438,60,7,35,111,4,4,0,4,1,0,0,0,0,0,0
55800,9379,6078,491,69,3,31,115,0,9,2,3,3,0,0,0,0,0,0
55900,9350,5192,490,51,3,31,155,4,1,3,1,2,0,0,0,0,0,0
56000,9325,5314,497,77,4,31,172,1,2,0,0,3,0,0,0,0,0,0
56100,9290,4921,520,102,6,16,180,2,2,1,2,0,0,0,0,0,0,0
56200,9257,4796,497,93,6,3,235,1,4,1,1,2,0,0,0,0,0,0
56300,9259,4830,490,124,8,1,237,0,5,3,1,0,0,0,0,0,0,0
56400,9250,4579,494,163,7,1,243,3,4,3,2,0,0,0,0,0,0,0
56500,9275,4831,474,161,13,2,233,3,4,1,1,0,0,0,0,0,0,0
56600,9212,4712,515,133,8,0,259,3,3,2,3,0,0,0,0,0,0,0
56700,9183,4347,543,197,3,0,268,4,1,1,2,2,0,0,0,0,0,0
56800,9153,5000,546,203,13,2,274,2,10,1,4,1,0,0,0,0,0,0
56900,9159,5004,546,206,5,2,284,0,4,0,2,0,0,0,0,0,0,0
57000,9184,4414,541,114,9,1,263,0,2,0,1,1,0,0,0,0,0,0
57100,9174,4246,554,158,5,1,249,7,14,0,4,1,0,0,0,0,0,0
57200,9157,4585,586,106,7,4,245,4,4,2,1,0,0,0,0,0,0,0
57300,9152,4783,555,180,9,0,269,0,14,0,1,2,0,0,0,0,0,0
57400,9152,5344,554,199,6,0,282,1,5,0,1,1,0,0,0,0,0,0
57500,9183,5722,566,202,7,4,238,5,4,1,2,0,0,0,0,0,0,0
57600,9200,5653,578,211,9,4,201,0,8,1,4,1,0,0,0,0,0,0
57700,9221,5368,572,260,7,3,193,12,5,4,2,1,0,0,0,0,0,0
57800,9163,5171,637,246,5,1,189,12,4,3,2,0,0,0,0,0,0,0
57900,9216,5886,577,295,5,0,189,1,10,1,3,1,0,0,0,0,0,0
58000,9246,5440,544,263,12,1,185,0,10,0,3,2,0,0,0,0,0,0
58100,9264,5421,535,264,8,2,187,1,6,4,0,3,0,0,0,0,0,0
58200,9251,4964,552,319,10,2,178,4,4,2,5,3,0,0,0,0,0,0
58300,9184,4891,616,274,6,2,183,8,11,3,0,1,0,0,0,0,0,0
58400,9179,5884,636,256,4,2,172,4,7,3,2,0,0,0,0,0,0,0
58500,9219,6066,585,242,8,0,183,2,4,2,1,0,0,0,0,0,0,0
58600,9253,6012,556,250,5,1,181,1,2,0,3,0,0,0,0,0,0,0
58700,9251,5579,556,300,6,3,181,3,4,0,2,0,0,0,0,0,0,0
58800,9261,5384,535,271,10,1,182,3,9,0,3,2,0,0,0,0,0,0
58900,9256,5055,554,271,7,3,177,0,4,2,2,0,0,0,0,0,0,0
59000,9264,5046,564,313,6,0,161,0,4,2,1,1,0,0,0,0,0,0
59100,9219,5318,634,324,9,1,136,1,1,0,1,0,0,0,0,0,0,0
59200,9201,5009,654,325,8,1,129,8,4,3,4,1,0,0,0,0,0,0
59300,9193,5070,659,282,10,3,127,0,7,3,4,1,0,0,0,0,0,0
59400,9127,4511,721,343,13,1,123,2,12,3,4,0,0,0,0,0,0,0
59500,9178,4428,708,283,6,4,101,2,2,2,5,1,0,0,0,0,0,0
59600,9204,4352,693,356,7,3,91,1,2,2,3,0,0,0,0,0,0,0
59700,9145,4178,743,321,13,0,90,3,8,2,1,0,0,0,0,0,0,0
59800,9155,4025,726,351,11,3,95,1,10,5,3,1,0,0,0,0,0,0
59900,9148,4542,731,343,8,3,102,2,8,1,3,0,0,0,0,0,0,0
60000,9185,4728,717,263,9,0,83,2,5,0,1,0,0,0,0,0,0,0
60100,9229,4727,704,343,7,0,57,0,2,1,1,0,0,0,0,0,0,0
60200,9291,4886,641,357,3,1,61,1,4,3,0,3,0,0,0,0,0,0
60300,9268,4634,646,536,7,4,71,2,7,1,1,3,0,0,0,0,0,0
60400,9203,4280,675,402,10,0,101,3,8,0,3,0,0,0,0,0,0,0
60500,9230,4585,635,294,15,1,109,0,9,1,2,2,0,0,0,0,0,0
60600,9304,5034,578,280,12,1,101,0,4,3,1,0,0,0,0,0,0,0
60700,9317,4878,571,389,4,0,99,3,6,0,2,1,1,0,0,0,0,0
60800,9345,4984,539,222,10,0,97,3,6,1,3,0,0,0,0,0,0,0
60900,9366,5997,519,221,8,0,99,4,5,0,1,1,1,0,0,0,1,0
61000,9364,5505,525,229,5,0,103,2,2,0,1,0,0,0,0,0,0,0
61100,9358,5038,525,250,11,2,99,1,0,3,7,1,0,0,0,0,0,0
61200,9341,4931,536,246,21,1,93,0,6,1,3,1,0,0,0,0,0,0
61300,9282,4963,584,277,24,3,103,1,1,0,6,0,0,0,0,1,0,0
61400,9309,5214,562,326,20,1,99,2,6,0,4,0,0,0,0,0,0,0
61500,9412,5148,469,275,18,2,98,1,2,3,1,0,0,0,0,0,0,0
61600,9415,4736,456,210,23,1,95,1,10,6,1,2,0,0,0,0,0,0
61700,9431,5027,445,209,24,0,95,1,5,3,0,1,0,0,0,0,0,0
61800,9426,5831,450,225,21,0,95,1,6,1,2,0,0,0,0,0,0,0
61900,9384,6095,510,264,10,0,92,0,4,1,0,1,0,0,0,0,0,0
62000,9374,5521,518,372,11,5,93,1,4,0,0,1,0,0,0,0,0,0
62100,9337,5497,547,301,11,0,95,1,7,3,3,2,0,0,0,0,0,0
62200,9302,4630,581,208,7,1,105,2,3,0,2,0,0,0,0,0,0,0
62300,9306,5607,593,103,11,0,75,2,12,2,3,0,0,0,0,0,0,0
62400,9344,5329,585,133,4,1,61,0,5,1,1,1,0,0,0,0,0,0
62500,9368,5073,567,234,1,2,57,1,5,2,2,0,0,0,0,0,0,0
62600,9334,5909,585,290,0,2,74,1,6,3,1,0,0,0,0,0,0,0
62700,9358,5864,558,209,4,1,72,0,5,1,3,1,0,0,0,0,0,0
62800,9358,5729,557,168,4,10,70,0,8,1,3,0,0,0,0,0,0,0
62900,9347,5933,571,177,1,3,74,2,3,2,4,0,0,0,0,0,0,0
63000,9343,6037,573,212,3,4,74,0,5,1,2,3,0,0,0,0,0,0
63100,9341,5978,570,204,4,0,77,2,5,1,3,0,0,0,0,0,0,0
63200,9360,5672,554,189,2,1,74,1,6,2,4,0,0,0,0,0,0,0
63300,9355,6000,551,238,6,1,81,2,4,2,3,1,0,0,0,0,0,0
63400,9337,5990,574,306,4,1,79,5,5,0,1,0,0,0,0,0,0,0
63500,9305,6469,607,302,2,1,76,1,6,0,4,2,0,0,0,0,0,0
63600,9270,5503,642,342,6,1,74,7,4,4,4,0,0,0,0,0,0,0
63700,9267,6372,653,297,3,1,72,8,4,3,1,0,0,0,0,0,0,0
63800,9222,6232,696,332,4,1,72,0,5,4,1,1,0,0,0,0,0,0
63900,9194,5906,736,350,4,1,56,2,10,2,0,0,0,0,0,0,0,0
64000,9162,5956,742,345,7,1,78,4,6,1,5,1,0,0,0,0,0,0
64100,9132,4983,764,409,8,0,85,1,9,2,2,0,0,0,0,0,0,0
64200,9172,5419,740,389,8,4,77,6,3,1,0,0,0,0,0,0,0,0
64300,9184,6579,719,421,8,1,85,1,1,0,3,0,0,0,0,0,0,0
64400,9194,6224,720,519,3,3,79,3,4,2,0,0,0,0,0,0,0,0
64500,9159,6152,766,634,4,1,66,12,5,6,0,0,0,0,0,0,0,0
64600,9194,6221,736,580,5,2,56,3,6,2,3,2,0,0,0,0,0,0
64700,9223,6676,711,403,5,1,55,1,5,5,1,1,0,0,0,0,0,0
64800,9223,5437,714,453,2,1,59,2,1,2,1,3,0,0,0,0,0,0
64900,9179,5790,755,390,3,3,56,0,4,3,3,1,0,0,0,0,0,0
65000,9174,6714,768,373,2,1,51,1,2,0,3,0,0,0,0,0,0,0
65100,9200,6257,733,401,4,0,57,1,6,1,0,0,0,0,0,1,0,0
65200,9234,6584,688,415,4,2,59,3,11,4,4,1,0,0,0,0,0,0
65300,9255,6228,686,402,5,1,52,0,2,0,0,1,0,0,0,0,0,0
65400,9260,6048,687,369,2,1,47,5,3,2,1,2,0,0,0,0,0,0
65500,9281,5615,659,350,4,2,45,6,9,1,2,4,0,0,0,0,0,0
65600,9274,5577,674,349,3,1,44,0,5,0,0,0,0,0,0,0,0,0
65700,9247,4744,695,208,2,2,47,0,9,4,0,0,0,0,0,0,0,0
65800,9179,4795,766,164,3,1,45,1,7,0,0,0,0,0,0,0,0,0
65900,9218,5099,725,146,8,4,42,2,6,2,1,0,0,0,0,0,0,0
66000,9175,5197,763,138,6,2,49,2,5,4,2,0,0,0,0,0,0,0
66100,9173,6149,765,150,3,1,46,4,8,1,5,0,0,0,0,0,0,0
66200,9170,5753,771,219,10,1,43,2,6,1,0,1,0,0,0,0,0,0
66300,9096,6047,845,275,3,1,42,1,9,1,5,0,0,0,0,0,0,0
66400,9111,5788,832,408,5,3,42,1,9,0,0,1,1,0,0,0,0,0
66500,9137,5223,806,437,4,3,47,11,2,4,4,0,0,0,0,0,0,0
66600,9179,5182,768,506,2,4,43,15,4,2,4,3,0,0,0,0,0,0
66700,9169,5453,757,355,2,2,69,4,1,4,2,0,0,0,0,0,0,0
66800,9171,6047,734,322,4,0,87,2,3,2,1,0,0,0,0,0,0,0
66900,9224,5655,672,242,3,2,91,4,9,2,1,1,0,0,0,0,0,0
67000,9287,5850,623,109,1,5,82,4,4,7,3,0,0,0,0,0,0,0
67100,9406,5516,507,82,2,1,76,2,7,2,2,1,0,0,0,0,0,0
67200,9509,5305,441,45,4,2,46,1,0,2,0,0,0,0,0,0,0,0
67300,9415,5716,530,41,2,6,45,1,6,2,2,0,0,0,0,0,0,0
67400,9398,5292,545,31,2,1,44,5,10,3,1,1,0,0,0,0,0,0
67500,9378,4660,565,32,3,0,42,1,10,1,2,0,0,0,0,0,0,0
67600,9344,5569,598,35,9,3,41,0,6,1,2,0,0,0,0,0,0,0
67700,9323,6027,622,87,6,0,43,0,5,0,1,1,0,0,0,0,0,0
67800,9337,4944,603,43,6,1,45,0,6,5,3,1,0,0,0,0,0,0
67900,9368,5265,575,34,7,1,43,4,6,2,1,3,0,0,0,0,0,0
68000,9343,5219,603,33,5,2,42,0,5,3,2,2,0,0,0,0,0,0
68100,9316,5328,635,43,2,2,45,1,1,2,1,1,0,0,0,0,0,0
68200,9323,5500,623,32,4,2,46,13,3,2,1,0,0,0,0,0,0,0
68300,9274,5547,669,46,2,0,47,2,6,0,2,0,0,0,0,0,0,0
68400,9260,5145,689,79,3,2,43,2,4,1,1,1,0,0,0,0,0,0
68500,9291,5920,657,71,2,1,41,2,8,1,1,0,0,0,0,0,0,0
68600,9302,5588,651,56,2,1,40,3,2,1,3,0,0,0,0,0,0,0
68700,9348,5783,600,95,4,1,42,0,2,4,4,1,0,0,0,0,0,0
68800,9297,5862,644,51,5,2,46,1,6,0,2,1,0,0,0,0,0,0
68900,9285,5406,664,75,6,2,42,4,3,1,0,0,0,0,0,0,0,0
69000,9347,5692,605,116,2,2,42,6,4,0,0,0,0,0,0,0,0,0
69100,9367,6363,575,60,3,2,48,0,6,1,1,0,0,0,0,0,0,0
69200,9367,7139,575,60,5,2,47,2,3,0,3,1,0,0,0,0,0,0
69300,9351,6270,585,109,4,1,47,1,10,2,3,0,0,0,0,0,0,0
69400,9357,5622,581,162,4,1,49,1,6,0,3,0,0,0,0,0,0,0
69500,9375,5943,555,106,1,2,64,0,3,4,2,2,0,0,0,0,0,0
69600,9430,5502,490,62,6,1,69,0,2,1,3,2,0,0,0,0,0,0
69700,9411,6481,516,50,6,1,63,0,2,1,2,1,0,0,0,0,0,0
69800,9405,7420,524,47,3,1,63,0,4,1,1,1,0,0,0,0,0,0
69900,9426,6750,499,47,5,1,63,2,4,1,3,2,0,0,0,0,0,0
70000,9446,6961,478,53,4,1,61,5,9,0,2,0,0,0,0,0,0,0
70100,9440,6653,485,66,4,1,66,0,4,2,1,0,0,1,0,0,0,0
70200,9494,5798,435,78,3,0,62,5,5,1,1,1,0,0,0,0,0,0
70300,9517,6801,409,104,4,4,67,0,3,7,0,0,0,0,0,0,0,0
70400,9485,6934,439,58,1,1,67,2,5,0,3,2,0,0,0,0,0,0
70500,9513,7315,409,54,8,0,65,1,5,2,0,1,0,0,0,0,0,0
70600,9509,7197,416,143,2,1,70,2,2,2,1,0,0,0,0,0,0,0
70700,9515,6885,412,95,1,3,68,1,4,4,0,1,0,0,0,0,0,0
70800,9524,6594,398,96,3,0,66,2,7,2,2,0,0,0,0,0,0,0
70900,9595,7327,374,110,3,0,22,2,5,1,1,0,0,0,0,0,0,0
71000,9633,7492,335,135,1,0,25,2,4,2,2,0,0,0,0,0,0,0
71100,9602,7199,355,184,2,1,31,1,7,2,3,0,0,0,0,0,0,0
71200,9598,7525,371,283,3,3,27,3,1,2,0,0,0,0,0,0,0,0
71300,9589,7021,376,203,1,3,27,2,3,1,4,1,0,0,0,0,0,0
71400,9558,7466,408,268,3,0,27,3,3,1,1,1,0,0,0,0,0,0
71500,9558,7097,404,347,2,2,26,7,8,1,2,2,0,0,0,0,0,0
71600,9611,7408,361,328,1,2,22,0,4,2,1,0,0,0,0,0,0,0
71700,9615,6793,356,290,1,3,23,0,4,1,1,1,0,0,0,0,0,0
71800,9612,6275,358,268,3,1,18,1,8,3,1,1,0,0,0,0,0,0
71900,9619,7191,350,214,3,0,18,3,7,2,3,0,0,0,0,0,0,0
72000,9558,7534,416,127,5,2,14,0,7,0,0,2,0,0,0,0,0,0
72100,9558,7647,431,128,0,0,6,5,4,0,1,1,0,0,0,0,0,0
72200,9571,7082,414,158,1,1,8,0,5,1,1,2,0,0,0,0,0,0
72300,9567,7284,418,143,2,1,9,3,4,0,0,1,0,0,0,0,0,0
72400,9571,6750,413,124,4,2,8,5,3,2,1,0,0,0,0,0,0,0
72500,9565,6841,419,171,2,3,10,1,3,0,1,2,0,0,0,0,0,0
72600,9564,6703,415,151,3,0,9,0,6,1,3,0,0,0,0,0,0,0
72700,9548,6931,432,128,2,0,10,1,6,2,2,1,0,0,0,0,0,0
72800,9511,6053,464,121,4,3,10,2,8,0,3,0,0,0,0,0,0,0
72900,9496,6173,487,79,6,2,8,2,0,0,3,2,0,0,0,0,0,0
73000,9462,5738,514,122,7,0,11,0,5,0,1,0,0,0,0,0,0,0
73100,9439,6326,544,156,2,2,9,1,5,2,1,1,0,0,0,0,0,0
73200,9462,6246,521,125,2,1,7,0,6,1,2,0,0,0,0,0,0,0
73300,9441,5638,542,127,5,1,8,0,1,3,2,0,1,1,0,0,0,0
73400,9431,5932,550,163,1,2,11,0,5,3,2,1,0,0,0,0,0,0
73500,9438,5757,544,101,4,2,7,4,4,0,3,1,0,0,0,0,0,0
73600,9444,5340,544,95,4,6,6,0,1,0,1,1,0,0,0,0,0,0
73700,9372,6472,603,77,7,11,12,1,6,2,0,0,0,0,0,0,0,0
73800,9391,6140,588,73,0,1,11,1,9,1,1,0,0,0,0,0,0,0
73900,9392,7232,587,67,4,1,10,1,5,0,2,0,0,0,0,0,0,0
74000,9419,6778,560,77,2,1,10,0,7,2,1,0,0,0,1,0,0,0
74100,9427,6310,551,142,7,0,8,1,6,2,1,0,0,0,0,0,0,0
74200,9383,5664,595,152,4,10,14,0,1,0,3,3,0,0,0,0,0,0
74300,9374,4695,603,159,2,2,10,1,8,1,3,2,0,0,0,0,0,0
74400,9355,5359,625,211,1,0,14,0,4,2,1,2,0,0,0,0,0,0
74500,9347,5766,634,219,5,0,8,4,3,1,3,1,0,0,0,0,0,0
74600,9351,5383,627,166,5,2,10,1,2,0,5,0,0,0,0,0,0,0
74700,9374,5298,604,201,4,1,7,0,9,2,1,1,1,0,0,0,0,0
74800,9369,6097,608,243,2,0,13,6,6,0,2,1,0,0,0,0,0,0
74900,9355,6572,618,268,8,0,11,2,7,1,1,0,0,0,0,0,0,0
75000,9232,6929,744,214,3,1,12,2,7,1,2,2,0,0,0,0,0,0
75100,9227,6119,746,192,5,3,15,0,3,3,4,0,0,0,0,0,0,0
75200,9170,5732,808,192,5,5,13,2,2,1,2,2,0,0,0,0,0,0
75300,9097,5726,877,218,2,1,17,3,7,3,0,1,0,0,0,0,0,0
75400,9156,5642,825,241,4,1,8,0,4,0,3,1,0,0,0,0,0,0
75500,9180,5961,793,224,5,0,13,3,7,1,2,1,0,0,0,0,0,0
75600,9251,7377,734,173,4,0,8,0,3,0,0,1,0,0,0,0,0,0
75700,9267,6774,713,152,3,4,9,0,7,1,1,0,0,0,0,0,0,0
75800,9317,7206,666,218,3,0,10,4,4,4,0,0,0,0,0,0,0,0
75900,9336,6365,642,117,4,2,12,6,4,3,2,0,0,0,0,0,0,0
76000,9346,5733,635,100,5,2,10,8,4,1,0,0,0,0,0,0,0,0
76100,9393,5683,582,279,1,1,14,3,8,2,2,0,0,0,0,0,0,0
76200,9377,5586,601,193,4,3,11,2,3,5,4,1,0,0,0,0,0,0
76300,9339,5769,645,337,1,1,7,4,3,5,5,1,0,0,0,0,0,0
76400,9364,6491,613,404,5,3,10,4,5,3,3,1,0,0,0,0,0,0
76500,9391,5456,592,320,3,5,8,1,4,2,1,0,1,0,0,0,0,0
76600,9360,5257,621,354,4,2,9,5,5,1,1,0,0,0,0,0,0,0
76700,9367,5443,614,409,3,1,11,6,3,4,2,0,0,0,0,0,0,0
76800,9342,6073,639,297,3,0,11,6,5,0,0,0,0,0,0,0,0,0
76900,9339,5921,636,212,4,0,13,8,6,1,2,1,0,0,0,0,0,0
77000,9317,5125,665,288,5,1,9,5,2,0,2,0,0,0,0,0,0,0
77100,9264,5551,720,275,3,1,9,3,4,1,0,3,0,0,0,0,0,0
77200,9273,6137,697,275,7,0,16,5,6,2,1,1,0,0,0,0,0,0
77300,9275,5790,714,305,3,0,5,3,1,0,2,1,0,0,0,0,0,0
77400,9243,6072,732,332,5,0,11,8,6,0,2,0,1,0,0,0,0,0
77500,9268,6400,711,406,4,4,16,5,1,1,0,1,0,0,0,0,0,0
77600,9296,6240,682,468,3,1,11,11,7,1,1,1,0,0,0,0,0,0
77700,9321,6771,657,341,8,2,12,10,1,0,1,0,0,0,0,0,0,0
77800,9325,6974,643,371,8,2,10,6,11,2,3,0,0,0,0,0,0,0
77900,9420,6241,560,507,3,3,12,5,4,2,1,1,0,0,0,0,0,0
78000,9476,6384,508,436,2,0,10,3,2,2,2,0,0,0,0,0,0,0
78100,9498,6820,479,469,5,0,15,1,2,0,1,0,0,0,0,0,0,0
78200,9452,5691,535,493,3,0,8,3,0,1,2,0,0,0,0,0,0,0
78300,9445,6733,536,429,3,1,11,6,4,2,1,1,0,0,0,0,0,0
78400,9418,6043,569,519,3,0,5,6,5,1,0,0,0,0,0,0,0,0
78500,9411,5872,577,718,3,0,5,12,3,1,1,0,0,0,0,0,0,0
78600,9390,6744,598,759,5,2,0,3,3,4,4,1,0,0,0,0,0,0
78700,9368,6303,619,644,2,4,5,10,4,2,2,1,0,0,0,0,0,0
78800,9357,6595,617,552,7,2,12,8,4,2,3,1,0,0,0,0,0,0
78900,9353,6523,629,554,3,6,8,5,6,2,1,0,0,0,0,0,0,0
79000,9354,6110,615,500,10,2,16,2,2,1,3,2,0,0,0,0,0,0
79100,9362,6428,619,567,10,3,4,0,4,3,1,1,0,0,0,0,0,0
79200,9408,6292,577,566,10,7,3,4,2,3,0,4,0,0,0,0,0,0
79300,9417,6351,566,516,11,3,1,4,5,2,0,2,0,0,0,0,0,0
79400,9445,6833,541,430,7,1,3,0,3,0,1,0,0,0,0,0,0,0
79500,9387,6207,583,423,10,1,12,0,7,1,1,1,0,0,0,0,0,0
79600,9410,6444,567,396,12,1,5,3,5,0,1,1,0,0,0,0,0,0
79700,9396,6000,582,352,10,3,6,1,5,1,1,0,0,0,0,0,0,0
79800,9363,5625,605,484,12,2,12,3,7,2,1,0,0,0,0,0,0,0
79900,9363,6179,619,661,8,10,6,1,3,2,1,1,0,0,0,0,0,0
80000,9338,5624,643,706,10,2,4,5,4,3,1,1,0,0,0,0,0,0
80100,9359,5859,611,733,7,2,12,1,10,2,1,4,0,0,0,0,0,0
80200,9380,6096,589,739,11,3,11,2,5,3,4,1,0,0,0,0,0,0
80300,9371,5852,612,805,8,6,6,0,2,0,1,2,0,0,0,0,0,0
80400,9366,5298,610,824,10,2,11,1,3,2,0,2,0,0,0,0,0,0
80500,9403,5704,573,949,7,3,12,1,2,1,3,0,0,0,0,0,0,0
80600,9416,5956,555,1131,8,5,13,0,5,3,3,3,0,0,0,0,0,0
80700,9430,6129,538,1047,12,2,13,3,4,3,2,1,1,0,0,0,0,0
80800,9473,5131,507,902,10,1,8,0,1,0,1,0,0,0,0,0,0,0
80900,9477,4982,499,633,12,2,11,3,0,4,1,3,0,0,0,0,0,0
81000,9542,4945,436,482,7,1,9,0,4,1,2,2,0,0,0,0,0,0
81100,9581,5210,389,418,6,2,14,1,8,1,2,2,0,0,0,0,0,0
81200,9631,5133,345,467,5,0,14,1,4,2,1,0,0,0,0,0,0,0
81300,9641,5581,339,577,3,4,12,2,5,2,0,1,0,0,0,0,0,0
81400,9627,5239,342,632,8,0,10,1,11,1,2,0,0,0,0,0,0,0
81500,9678,5152,307,507,3,2,10,0,2,1,0,1,0,0,0,0,0,0
81600,9677,5333,307,559,3,1,6,0,5,1,2,2,0,0,0,0,0,0
81700,9676,5634,312,656,2,2,5,1,3,2,2,1,0,0,0,0,0,0
81800,9679,5259,306,790,5,1,3,2,7,3,0,1,0,0,0,0,0,0
81900,9682,5306,303,900,8,3,3,1,4,2,0,1,0,0,0,0,0,0
82000,9698,5138,287,750,4,5,5,1,4,2,2,1,0,0,0,0,0,0
82100,9714,3833,272,763,4,1,6,4,4,1,0,2,0,0,0,0,0,0
82200,9733,4320,254,880,4,3,4,2,5,3,0,1,0,0,0,0,0,0
82300,9752,4467,230,1174,1,4,9,1,4,5,4,1,0,0,0,0,0,0
82400,9753,4605,234,923,6,3,4,3,1,3,2,0,0,0,0,0,0,0
82500,9753,5054,234,1090,2,3,4,1,4,4,3,1,0,0,0,0,0,0
82600,9758,4405,228,934,3,3,3,3,6,4,2,1,0,0,0,0,0,0
82700,9755,4828,233,920,5,3,1,0,6,7,0,1,0,0,0,0,0,0
82800,9755,5398,233,767,4,2,2,4,6,1,0,0,0,0,0,0,0,0
82900,9754,5616,231,803,5,5,4,2,5,2,1,0,0,0,0,0,0,0
83000,9758,5622,231,804,5,2,3,3,3,1,0,1,0,0,0,0,0,0
83100,9749,5260,238,903,4,2,1,3,6,4,2,0,0,0,0,0,0,0
83200,9755,5777,229,1118,7,4,6,1,2,3,1,2,0,0,0,0,0,0
83300,9769,5561,218,1125,6,4,3,5,4,0,0,1,0,0,0,0,0,0
83400,9811,4815,180,901,3,0,2,1,4,0,0,2,0,0,0,0,0,0
83500,9824,5099,159,799,4,1,3,1,7,2,3,2,0,0,0,0,0,0
83600,9834,4621,155,1025,3,1,3,5,4,1,1,0,0,0,0,0,0,0
83700,9834,4442,156,846,4,5,2,3,4,3,0,0,0,0,0,0,0,0
83800,9829,4811,156,648,7,6,4,6,4,3,0,1,0,0,0,0,0,0
83900,9829,4933,155,518,3,5,9,6,3,1,0,3,0,0,1,0,0,0
84000,9821,4644,158,462,9,2,4,0,7,6,1,1,0,0,0,0,0,0
84100,9791,5012,189,594,6,4,4,1,8,3,2,2,0,0,0,0,0,0
84200,9776,5156,212,621,3,1,2,3,4,1,3,1,0,0,0,0,0,0
84300,9776,5423,215,602,2,2,3,1,2,2,2,1,0,0,0,0,0,0
84400,9813,5351,173,325,4,1,6,2,4,4,0,2,0,0,0,0,0,0
84500,9811,5425,173,500,3,3,10,6,2,2,1,1,0,0,0,0,0,0
84600,9817,5146,167,424,2,3,6,1,4,3,4,0,0,0,0,0,0,0
84700,9814,4859,175,332,3,3,5,0,2,4,1,2,0,0,0,0,0,0
84800,9806,4538,181,325,3,2,4,0,5,5,1,1,0,0,0,0,0,0
84900,9809,4889,176,411,3,3,5,1,7,1,0,1,0,0,0,0,0,0
85000,9810,5738,177,372,4,1,4,0,4,2,1,0,0,0,0,0,0,0
85100,9788,5673,190,466,3,1,12,0,6,5,0,2,1,0,0,0,0,0
85200,9803,5533,183,526,3,1,4,2,3,1,4,3,0,0,0,0,0,0
85300,9799,6024,183,507,7,1,5,1,6,6,0,3,0,0,0,0,0,0
85400,9814,5232,171,604,5,1,4,0,3,0,3,0,0,0,0,0,0,0
85500,9808,5100,177,446,0,1,11,0,3,0,1,1,0,0,0,0,0,0
85600,9819,4547,163,577,0,2,7,3,7,1,4,1,0,0,0,0,0,0
85700,9814,4468,171,550,1,2,8,2,4,5,2,0,0,0,0,0,0,0
85800,9743,4781,238,289,4,1,11,1,1,0,3,1,0,0,0,0,0,0
85900,9723,4333,259,377,3,0,9,0,4,0,2,1,0,0,0,0,0,0
86000,9753,4824,231,389,4,1,9,1,1,5,2,0,0,0,0,0,0,0
86100,9785,5342,205,484,1,7,6,4,2,2,1,1,0,0,0,0,0,0
86200,9794,5478,191,390,2,0,8,0,4,0,1,0,0,0,0,0,0,0
86300,9767,5769,216,276,2,2,11,4,2,1,2,2,0,0,0,0,0,0
86400,9761,6369,228,423,2,2,3,1,3,2,3,0,0,0,0,0,0,0
86500,9711,6045,273,307,3,1,6,2,2,2,5,0,0,0,0,0,0,0
86600,9686,6076,303,253,1,4,6,4,2,3,2,2,0,0,0,0,0,0
86700,9681,6191,304,156,1,8,7,8,4,1,3,1,0,0,0,0,0,0
86800,9713,5542,274,111,4,5,3,6,3,0,3,0,0,0,0,0,0,0
86900,9701,4771,283,91,4,4,5,0,6,1,0,1,1,0,0,0,0,0
87000,9726,4440,255,138,4,2,9,2,5,0,1,0,0,0,0,0,0,0
87100,9696,4804,287,95,8,3,6,1,2,0,1,1,0,0,0,0,0,0
87200,9679,4486,306,256,3,3,7,4,3,2,2,1,0,0,0,0,0,0
87300,9682,4714,314,344,2,4,1,2,0,0,0,3,0,0,1,0,0,0
87400,9696,5239,288,392,4,1,7,1,3,1,2,1,0,0,0,0,0,0
87500,9709,5557,274,247,6,2,9,3,1,2,0,1,1,0,0,0,0,0
87600,9704,4787,284,254,3,0,4,3,5,2,0,0,0,0,0,0,0,0
87700,9685,4459,299,246,1,3,6,0,7,2,2,5,0,0,0,0,0,0
87800,9718,5189,271,277,4,5,3,0,3,1,1,5,0,0,0,0,0,0
87900,9701,5273,282,262,5,5,6,0,3,1,3,0,0,0,0,0,0,0
88000,9713,5533,280,253,0,6,4,9,2,0,1,1,0,0,0,0,0,0
88100,9706,5572,281,260,4,7,3,2,4,5,2,0,0,0,0,0,0,0
88200,9717,5953,267,236,2,3,7,1,5,1,2,4,0,0,0,0,0,0
88300,9721,6259,263,350,2,0,4,8,9,1,1,3,0,0,0,0,0,0
88400,9722,5640,264,161,2,3,6,2,5,2,1,2,0,0,0,0,0,0
88500,9728,5582,260,169,2,3,5,3,3,3,2,2,0,0,0,0,0,0
88600,9725,5887,257,173,3,2,14,10,1,2,0,0,0,0,0,0,0,0
88700,9725,5561,253,221,4,0,10,15,5,1,3,0,0,0,0,0,0,0
88800,9714,5589,270,209,3,4,7,1,6,4,0,0,0,0,0,0,0,0
88900,9699,5700,284,274,0,5,10,1,4,2,3,1,0,0,0,0,0,0
89000,9700,5058,281,299,2,5,13,0,1,2,3,1,0,0,0,0,0,0
89100,9694,5604,286,370,3,5,9,2,6,2,2,2,0,0,0,0,0,0
89200,9701,5340,277,575,5,4,7,2,9,3,1,3,0,0,0,0,0,0
89300,9725,4750,258,523,4,14,10,3,2,6,1,0,0,0,0,0,0,0
89400,9744,5757,242,392,0,6,11,2,2,2,0,2,1,0,0,0,0,0
89500,9770,5644,210,253,6,12,7,2,6,3,1,1,0,0,0,0,0,0
89600,9768,6797,212,243,1,7,11,1,5,8,3,0,0,0,0,0,0,0
89700,9758,6061,218,340,9,6,8,3,6,2,1,0,0,0,0,0,0,0
89800,9776,5917,204,340,4,7,10,3,4,2,2,1,0,0,0,0,0,0
89900,9772,6017,206,255,3,5,15,5,3,0,1,2,0,0,0,0,0,0
90000,9794,6162,194,316,1,2,7,2,2,0,2,2,0,0,0,0,0,0
90100,9789,6956,197,217,2,6,6,4,3,2,3,0,0,0,0,0,0,0
90200,9794,6801,185,269,2,11,13,4,6,1,0,1,0,0,0,0,0,0
90300,9810,6335,173,333,1,20,12,0,3,2,1,2,0,0,0,0,0,0
90400,9808,6065,171,125,3,17,15,2,2,2,1,2,0,0,0,0,0,0
90500,9809,5828,175,71,2,5,9,3,5,5,0,7,0,0,0,0,0,0
90600,9822,6227,160,151,0,7,9,0,3,3,6,7,0,1,0,0,0,0
90700,9792,5998,191,87,3,2,12,0,0,3,2,1,0,0,0,0,0,0
90800,9784,5936,196,99,3,1,8,0,4,2,4,0,0,0,0,0,1,0
90900,9779,6077,202,130,1,1,13,2,2,3,3,0,0,0,0,0,0,0
91000,9819,6304,162,143,3,3,5,1,8,4,3,1,0,0,0,0,0,0
91100,9819,5928,166,100,2,0,9,2,3,8,1,3,0,0,0,0,0,0
91200,9830,6622,158,63,1,1,7,0,3,4,1,2,0,0,0,0,0,0
91300,9858,5380,131,128,1,4,8,3,1,3,1,2,0,0,0,0,0,0
91400,9886,5498,102,147,2,2,1,6,4,4,5,3,0,0,0,0,0,0
91500,9853,5773,133,185,6,0,3,2,4,3,1,3,0,0,0,0,0,0
91600,9842,6031,150,157,5,3,1,0,2,4,0,0,0,0,0,0,0,0
91700,9840,6036,145,333,2,6,5,1,7,3,1,1,0,0,0,0,0,0
91800,9827,6701,158,260,3,2,1,2,7,1,4,0,0,0,0,0,0,0
91900,9833,6018,156,129,1,5,1,1,7,5,2,1,0,0,0,0,0,0
92000,9846,5586,145,62,2,1,2,0,4,2,1,0,0,0,0,0,0,0
92100,9840,5298,150,123,3,3,2,3,4,0,1,1,0,0,0,0,0,0
92200,9844,5229,136,35,0,0,6,1,7,2,7,1,0,0,0,0,0,0
92300,9853,5514,135,106,2,0,1,1,6,1,3,0,0,0,0,0,0,0
92400,9844,6019,141,106,5,0,3,1,6,0,1,1,0,0,0,0,0,0
92500,9847,6471,136,71,5,1,6,1,5,2,1,1,0,0,0,0,0,0
92600,9861,6218,130,49,1,0,2,3,6,1,0,0,0,0,0,0,0,0
92700,9826,5614,163,236,3,4,2,0,3,4,3,1,0,0,0,0,0,0
92800,9773,5028,214,206,3,3,6,1,4,1,0,1,0,0,0,0,0,0
92900,9781,5301,206,206,2,2,3,1,5,1,3,0,0,1,0,0,0,0
93000,9813,5980,179,111,1,5,1,3,4,2,2,0,0,0,0,0,0,0
93100,9809,5774,177,207,2,2,3,4,7,0,2,0,0,0,0,0,0,0
93200,9804,5287,177,227,5,2,3,0,7,0,4,2,0,0,0,0,0,0
93300,9759,5371,224,240,5,1,2,1,5,1,4,0,1,0,0,0,0,0
93400,9744,5061,244,206,3,1,3,1,5,7,1,0,0,0,0,0,0,0
93500,9740,5491,249,156,4,0,1,1,6,1,0,1,0,0,0,0,0,0
93600,9733,6183,252,136,6,9,2,3,5,0,2,2,0,0,0,0,0,0
93700,9733,6316,246,155,6,4,5,0,7,1,2,2,1,0,0,0,0,0
93800,9738,5586,242,144,6,5,8,0,3,1,3,0,0,0,0,0,0,0
93900,9727,4976,258,126,4,2,4,0,7,3,0,0,0,0,0,0,0,0
94000,9739,3916,246,111,7,3,1,0,7,1,0,0,0,0,0,0,0,0
94100,9757,3816,230,114,3,2,5,0,3,1,2,0,0,0,0,0,0,0
94200,9750,4943,234,131,4,3,5,6,5,3,2,1,0,0,0,0,0,0
94300,9798,6293,192,168,3,4,2,6,5,1,0,0,0,0,0,0,0,0
94400,9765,6358,220,110,4,0,2,1,7,2,1,1,1,0,0,0,0,0
94500,9765,5953,226,107,4,4,0,0,3,1,2,1,0,0,0,0,0,0
94600,9781,5772,203,111,1,3,2,0,8,2,5,0,0,0,0,0,0,0
94700,9763,5743,220,110,9,4,2,0,5,6,1,0,0,0,0,0,0,0
94800,9776,6270,215,132,1,5,4,5,4,3,0,0,0,0,0,0,0,0
94900,9772,5954,211,196,2,1,3,3,9,2,3,2,0,0,0,0,0,0
95000,9775,4818,213,230,3,1,4,2,4,4,1,1,0,0,0,0,0,0
95100,9768,5345,214,189,9,2,5,2,3,2,1,0,0,0,0,0,0,0
95200,9769,5803,206,198,19,2,3,1,2,0,1,2,0,0,0,0,0,0
95300,9753,4907,210,191,29,0,5,1,3,0,0,1,0,0,0,0,0,0
95400,9722,5829,239,244,29,2,3,0,5,4,2,0,0,0,0,0,0,0
95500,9728,6099,237,272,24,1,2,0,7,2,2,0,0,0,0,0,0,0
95600,9756,5535,216,276,21,3,3,2,4,4,0,0,0,0,0,0,0,0
95700,9725,6282,244,381,21,3,3,1,7,4,0,1,0,0,0,0,0,0
95800,9717,5508,252,449,20,2,3,0,6,1,2,1,0,0,0,0,0,0
95900,9689,5596,275,365,29,2,3,2,3,1,1,0,0,0,0,0,0,0
96000,9664,5630,303,336,27,1,1,0,4,2,1,1,0,0,0,0,0,0
96100,9650,6254,313,276,25,0,3,0,8,1,1,1,0,0,0,0,0,0
96200,9636,5977,334,280,25,2,0,0,3,3,2,1,0,0,0,0,0,0
96300,9591,6078,391,171,6,0,5,1,6,4,1,0,0,0,0,0,0,0
96400,9599,4829,380,110,14,4,1,1,6,3,0,0,0,0,0,0,0,0
96500,9593,5741,382,106,14,0,1,0,7,1,2,0,0,0,1,0,0,0
96600,9592,6038,390,80,11,2,1,0,5,1,1,0,0,0,0,0,0,0
96700,9582,6691,398,88,13,2,2,0,4,3,1,0,0,0,0,0,0,0
96800,9552,7218,423,132,7,1,6,0,9,2,3,1,0,0,0,0,0,0
96900,9562,5647,423,86,5,2,0,0,9,3,1,0,0,0,0,0,0,0
97000,9536,5595,447,83,5,0,3,2,7,3,2,0,0,0,0,0,0,0
97100,9562,5970,427,85,6,2,2,1,1,1,2,0,0,0,0,0,0,0
97200,9583,6814,401,87,6,2,4,3,6,0,0,2,0,0,0,0,0,0
97300,9575,6342,413,91,7,2,4,2,0,4,1,1,0,0,0,0,0,0
97400,9594,6016,388,88,8,4,3,0,5,1,2,0,0,0,0,0,0,0
97500,9586,6275,399,137,6,3,2,1,5,2,2,0,0,0,0,0,0,0
97600,9552,6425,439,119,4,1,1,5,3,1,1,1,0,0,0,0,0,0
97700,9476,6389,508,86,9,0,3,5,4,1,0,2,0,0,0,0,0,0
97800,9497,6789,494,85,3,1,3,10,2,4,1,0,0,2,0,0,0,0
97900,9484,6788,497,100,6,1,4,1,7,4,2,1,0,0,0,0,0,0
98000,9451,6032,531,127,10,2,1,2,3,2,4,1,0,0,0,0,0,0
98100,9434,6237,546,186,10,1,4,0,6,4,0,1,0,0,0,0,0,0
98200,9402,5861,583,148,7,6,4,0,3,3,1,1,0,0,0,0,0,0
98300,9405,6315,567,112,13,2,3,0,8,3,4,0,0,0,0,0,0,0
98400,9429,6383,554,160,11,3,1,1,3,3,2,2,0,0,0,0,0,0
98500,9385,6154,599,144,8,2,4,1,2,1,2,1,0,0,0,0,0,0
98600,9382,5962,596,108,14,4,1,2,6,4,1,0,0,0,0,0,0,0
98700,9332,6480,643,107,6,1,9,2,5,2,5,3,0,0,0,0,0,0
98800,9290,6511,695,174,10,5,1,1,2,6,2,0,0,0,0,0,0,0
98900,9318,6697,667,129,6,2,2,2,4,4,3,2,0,0,0,0,0,0
99000,9315,6032,669,140,5,3,2,3,9,5,0,1,0,0,0,0,0,0
99100,9292,6907,700,152,5,1,0,0,1,0,2,0,0,0,0,0,0,0
99200,9295,6567,687,230,6,2,2,0,9,5,1,1,0,0,0,0,0,0
99300,9283,6836,705,207,6,3,2,1,2,3,2,1,0,0,0,0,0,0
99400,9293,6765,690,218,7,4,4,2,4,2,2,0,0,0,0,0,0,0
99500,9298,6988,688,256,5,5,3,7,3,2,3,0,0,0,0,0,0,0
99600,9232,6508,744,118,6,9,7,2,10,4,0,0,1,0,0,0,0,0
99700,9217,6323,764,123,10,12,4,0,4,7,1,0,0,1,0,0,0,0
99800,9236,6201,745,194,9,4,8,3,1,3,1,0,0,0,0,0,0,0
99900,9238,7004,746,101,7,10,4,2,4,5,1,2,0,0,0,0,0,0
100000,9198,6543,777,290,11,15,5,1,7,1,2,0,0,0,0,0,0,0
