update,host_task_NOT,sym_task_NOT,host_task_NAND,sym_task_NAND,host_task_AND,sym_task_AND,host_task_ORN,sym_task_ORN,host_task_OR,sym_task_OR,host_task_ANDN,sym_task_ANDN,host_task_NOR,sym_task_NOR,host_task_XOR,sym_task_XOR,host_task_EQU,sym_task_EQU
0,0,0,0,0,0,0,0,0,0,0,0,0,0,0,0,0,0,0
100,9998,38369,0,0,4,5,0,3,0,4,0,1,0,0,0,0,0,0
200,9994,33328,0,4,1,2,1,5,2,7,2,2,0,0,0,0,0,0
300,9995,33182,0,7,3,7,0,1,1,8,1,8,0,0,0,0,0,0
400,9993,33123,0,1,1,3,2,1,3,7,1,3,0,0,0,0,0,0
500,9997,33217,0,1,1,10,2,1,0,4,0,1,0,0,0,0,0,0
600,9994,27989,0,0,0,2,3,1,3,9,0,4,0,0,0,0,0,0
700,9992,25778,0,4,3,3,1,6,3,6,1,2,0,0,0,0,0,0
800,9990,25774,0,3,3,6,1,1,1,5,5,2,0,0,0,0,0,0
900,9993,25813,0,0,2,6,2,1,3,9,0,2,0,0,0,0,0,0
1000,9997,25890,0,0,1,10,1,3,0,3,1,2,0,0,0,0,0,0
1100,9993,23079,3,2,3,3,0,5,1,1,0,0,0,0,0,0,0,0
1200,9987,20320,5,2,2,6,1,1,3,7,2,3,0,1,0,0,0,0
1300,9982,20426,8,2,2,4,2,0,3,2,3,1,0,0,0,0,0,0
1400,9991,20517,4,2,1,4,1,4,1,4,2,1,0,0,0,0,0,0
1500,9989,20224,6,6,1,2,2,6,2,8,0,5,0,0,0,0,0,0
1600,9987,19294,5,10,4,2,2,5,1,2,1,2,0,0,0,0,0,0
1700,9990,16404,6,4,1,1,2,2,1,4,0,4,0,0,0,0,0,0
1800,9988,16219,5,5,2,3,3,4,2,1,0,5,0,0,0,0,0,0
1900,9983,16125,4,3,3,4,4,1,3,1,3,1,0,0,0,0,0,0
2000,9991,16213,4,3,1,2,2,0,2,1,0,1,0,0,0,0,0,0
2100,9985,16166,5,7,1,4,1,1,6,2,2,2,0,0,0,0,0,0
2200,9990,12969,0,8,3,3,4,2,3,4,0,3,0,0,0,0,0,0
2300,9988,12828,0,12,1,1,4,4,5,4,2,0,0,0,0,0,0,0
2400,9993,12887,0,7,0,4,1,2,4,0,2,3,0,0,0,0,0,0
2500,9996,12826,2,7,0,2,0,1,1,1,1,0,0,0,0,0,0,0
2600,9984,12834,2,4,4,1,6,1,0,2,4,1,0,0,0,0,0,0
2700,9991,11091,2,7,3,2,1,2,2,3,1,0,0,0,0,0,0,0
2800,9984,10589,2,5,6,6,2,5,6,2,0,3,0,0,0,0,0,0
2900,9991,10567,0,8,3,0,0,2,6,3,0,4,0,0,0,0,0,0
3000,9991,10516,2,11,1,0,3,2,3,1,0,0,0,0,0,0,0,0
3100,9989,10538,3,8,1,1,2,1,2,1,2,1,1,0,0,0,0,0
3200,9990,9562,5,9,1,1,4,1,0,3,0,2,0,0,0,0,0,0
3300,9972,8631,12,10,4,2,2,1,10,0,0,0,0,0,0,0,0,0
3400,9979,8637,11,5,5,1,1,2,4,0,0,1,0,0,0,0,0,0
3500,9983,8729,10,2,0,2,0,0,5,0,1,0,1,0,0,0,0,0
3600,9982,8633,11,4,1,1,2,2,2,2,2,0,0,0,0,0,0,0
3700,9978,8226,12,10,0,0,3,0,6,1,1,1,0,0,0,0,0,0
3800,9967,7241,21,8,1,2,4,3,5,1,1,1,1,0,0,0,0,0
3900,9966,7283,22,8,4,1,4,4,3,1,1,0,0,0,0,0,0,0
4000,9968,7233,19,23,4,0,4,2,3,4,1,1,1,0,0,0,0,0
4100,9971,7407,21,12,2,0,1,4,2,4,3,0,0,0,0,0,0,0
4200,9965,7344,24,13,1,1,4,4,4,2,2,0,0,0,0,0,0,0
4300,9965,6167,27,9,2,0,1,6,3,1,2,0,0,0,0,0,0,0
4400,9966,6299,24,17,1,0,2,2,3,1,3,0,1,0,0,0,0,0
4500,9972,6354,24,12,2,0,0,1,1,2,1,0,0,0,0,0,0,0
4600,9966,6509,24,9,2,0,4,2,2,1,2,0,0,0,0,0,0,0
4700,9968,6364,26,5,3,1,2,2,1,2,0,0,0,0,0,0,0,0
4800,9958,5639,27,3,2,1,11,1,2,4,0,0,0,0,0,0,0,0
4900,9961,5718,30,4,3,1,3,0,1,1,2,0,0,0,0,0,0,0
5000,9957,5678,24,0,3,2,6,3,10,2,0,1,0,0,0,0,0,0
5100,9968,5681,24,11,0,1,2,2,5,1,1,1,0,0,0,0,0,0
5200,9961,5780,26,13,5,1,2,2,5,0,0,1,1,0,0,0,0,0
5300,9953,5223,31,8,1,1,8,1,3,4,4,0,0,0,0,0,0,0
5400,9960,4963,28,7,1,1,6,1,5,0,0,1,0,0,0,0,0,0
5500,9957,5094,30,12,2,0,4,3,6,1,1,0,0,0,0,0,0,0
5600,9953,5155,32,9,4,0,5,0,5,3,1,0,0,0,0,0,0,0
5700,9964,5219,28,8,1,0,2,3,3,1,2,0,0,0,0,0,0,0
5800,9959,5073,34,17,1,1,2,0,3,3,1,0,0,0,0,0,0,0
5900,9952,4506,32,11,4,0,7,1,5,0,0,0,0,0,0,0,0,0
6000,9956,4683,34,14,3,0,5,1,2,4,0,0,0,0,0,0,0,0
6100,9957,4780,36,11,1,0,0,1,5,3,1,1,0,1,0,0,0,0
6200,9949,4912,41,6,4,1,3,4,3,3,0,3,0,0,0,0,0,0
6300,9946,4905,39,4,5,1,3,2,5,3,2,0,0,0,0,0,0,0
6400,9958,4099,34,13,1,2,2,1,4,2,1,0,0,0,0,0,0,0
6500,9954,4293,35,12,3,0,3,0,4,1,1,3,0,0,0,0,0,0
6600,9948,4281,36,28,0,1,9,1,3,0,4,0,0,0,0,0,0,0
6700,9940,4266,40,48,4,1,8,3,8,0,0,1,0,0,0,0,0,0
6800,9947,4387,44,24,0,1,3,1,4,5,2,1,0,0,0,0,0,0
6900,9949,3965,39,23,1,1,4,0,6,5,1,1,0,0,0,0,0,0
7000,9945,4172,46,34,1,1,6,1,2,2,0,0,0,0,0,0,0,0
7100,9948,4443,40,52,2,2,7,5,1,3,2,0,0,0,0,0,0,0
7200,9943,4695,46,43,2,1,2,3,6,2,1,0,0,0,0,0,0,0
7300,9935,4707,46,42,4,1,8,4,3,6,3,2,1,0,0,0,0,0
7400,9941,4601,51,47,0,4,4,4,4,5,0,2,0,0,0,0,0,0
7500,9920,4799,66,75,6,5,2,4,5,3,1,0,0,0,0,0,0,0
7600,9923,5034,60,122,1,2,7,4,7,7,2,1,0,0,0,0,0,0
7700,9934,5158,53,147,2,6,6,14,3,0,2,0,0,0,0,0,0,0
7800,9920,5848,60,120,4,1,3,12,11,10,2,2,0,0,0,0,0,0
7900,9932,5870,60,92,2,6,3,13,2,4,1,1,0,0,0,0,0,0
8000,9931,5838,60,117,1,1,3,20,3,4,2,1,0,0,0,0,0,0
8100,9912,6415,63,161,11,6,5,33,6,8,3,0,0,0,0,0,0,0
8200,9893,7062,61,140,30,6,7,15,8,1,0,1,1,0,0,0,0,0
8300,9896,9400,67,183,29,5,1,8,6,2,1,0,0,2,0,0,0,0
8400,9886,14096,58,92,46,13,5,7,5,8,0,0,0,0,0,0,0,0
8500,9883,14267,76,57,25,2,12,11,3,5,1,2,0,0,0,0,0,0
8600,9890,17394,72,88,20,0,10,10,6,2,2,0,0,0,0,0,0,0
8700,9890,17361,78,129,22,4,6,7,1,6,2,1,1,0,0,0,0,0
8800,9893,16817,69,94,23,4,8,7,6,1,1,1,0,0,0,0,0,0
8900,9902,17281,65,73,19,2,7,5,6,3,1,2,0,0,0,0,0,0
9000,9907,16722,76,77,2,5,8,4,6,13,1,2,0,0,0,0,0,0
9100,9898,16455,79,96,1,6,8,5,11,4,3,2,0,0,0,0,0,0
9200,9908,16087,76,93,2,3,8,5,4,4,2,0,0,0,0,0,0,0
9300,9896,16603,94,97,2,2,4,3,4,3,0,3,0,0,0,0,0,0
9400,9862,17213,120,61,4,1,6,2,6,4,2,2,0,0,0,0,0,0
9500,9805,17323,172,71,5,0,7,4,8,4,1,0,2,0,0,0,0,0
9600,9794,17864,180,95,2,2,6,13,13,4,5,5,0,0,0,0,0,0
9700,9801,18914,181,60,4,3,4,7,8,6,2,0,0,0,0,0,0,0
9800,9788,19229,206,148,1,3,4,5,0,10,0,2,1,0,0,0,0,0
9900,9716,19395,263,192,5,4,8,2,7,5,1,2,0,0,0,0,0,0
10000,9560,19956,419,168,7,3,5,3,8,7,1,0,0,0,0,0,0,0
10100,9611,19158,369,241,5,18,7,7,3,5,5,1,0,0,0,0,0,0
10200,9587,19287,387,166,8,7,7,5,9,2,1,1,1,0,0,0,0,0
10300,9652,18630,327,162,2,3,10,5,5,6,4,3,0,0,0,0,0,0
10400,9481,17714,494,136,6,4,6,19,10,4,2,5,1,0,0,0,0,0
10500,9363,18095,603,115,10,9,12,6,9,5,3,0,0,0,0,0,0,0
10600,9376,17032,565,253,5,7,45,6,9,5,0,0,0,0,0,0,0,0
10700,9290,17135,651,311,8,2,43,4,7,3,1,0,0,0,0,0,0,0
10800,9211,17078,733,288,5,5,42,2,6,8,3,4,0,0,0,0,0,0
10900,9103,17595,837,246,5,9,44,7,9,8,2,0,0,0,0,0,0,0
11000,9107,18361,826,281,7,10,48,5,8,7,4,3,0,0,0,0,0,0
11100,9011,18329,906,329,7,3,66,13,8,8,2,2,0,0,0,0,0,0
11200,8912,18072,1005,247,5,4,66,27,9,2,3,1,0,0,0,1,0,0
11300,8924,18772,1000,242,3,17,66,7,6,8,1,6,0,0,0,0,0,0
11400,8866,18159,1054,248,2,18,68,3,8,4,2,0,0,0,0,0,0,0
11500,8828,18345,1096,464,4,9,63,5,6,5,1,1,2,0,0,0,0,0
11600,8708,16518,1234,345,6,3,44,9,5,9,3,1,0,0,0,0,0,0
11700,8725,16350,1241,416,5,9,20,9,6,7,3,0,0,0,0,0,0,0
11800,8827,16169,1153,449,5,5,9,3,4,3,2,1,0,0,0,0,0,0
11900,8810,15295,1155,646,10,9,13,11,10,2,2,4,0,0,0,0,0,0
12000,8836,15700,1143,536,4,25,8,2,6,13,3,1,0,0,0,0,0,0
12100,8777,15706,1206,528,4,4,1,12,9,8,3,3,0,0,0,0,0,0
12200,8764,15048,1216,614,7,10,2,9,8,6,3,2,0,0,0,0,0,0
12300,8535,14880,1434,748,10,13,7,10,12,6,2,2,0,0,0,0,0,0
12400,8540,14030,1442,575,3,8,7,3,4,3,4,2,0,0,0,0,0,0
12500,8591,14829,1381,485,5,2,12,4,9,3,2,2,0,0,0,0,0,0
12600,8563,14195,1392,462,11,2,27,2,3,3,3,1,1,0,0,0,0,0
12700,8679,13446,1285,445,7,5,22,5,6,4,1,0,0,0,0,0,0,0
12800,8746,12619,1220,464,8,3,22,4,3,1,1,0,0,0,0,0,0,0
12900,8642,12461,1309,390,6,4,31,2,8,2,3,0,1,1,0,0,0,0
13000,8671,13268,1281,426,11,3,28,3,7,3,2,1,0,0,0,0,0,0
13100,8765,12187,1190,475,13,10,28,3,3,5,1,2,0,0,0,0,0,0
13200,8715,11916,1249,429,9,1,17,4,10,5,0,1,0,0,0,0,0,0
13300,8613,10688,1350,574,6,3,21,4,10,4,0,2,0,0,0,0,0,0
13400,8673,10233,1283,548,10,3,24,1,5,4,4,1,1,0,0,0,0,0
13500,8703,10464,1266,559,5,5,19,5,6,4,1,0,0,0,0,0,0,0
13600,8704,11020,1258,490,6,5,26,8,5,7,1,0,0,0,0,0,0,0
13700,8778,10522,1186,733,5,6,23,7,4,6,4,3,0,0,0,0,0,0
13800,8810,10335,1155,628,4,3,23,23,8,1,0,0,0,0,0,0,0,0
13900,8763,9596,1203,679,4,5,28,7,1,0,1,1,0,0,0,0,0,0
14000,8744,9745,1219,845,4,0,26,3,4,3,3,3,0,0,0,0,0,0
14100,8769,9696,1192,1059,2,6,32,7,4,7,1,2,0,0,0,0,0,0
14200,8764,9542,1199,1050,6,2,27,2,1,4,3,1,0,0,0,0,0,0
14300,8739,9611,1226,873,2,2,24,1,8,2,1,1,0,0,0,0,0,0
14400,8687,9209,1291,823,3,3,12,1,3,3,3,2,1,0,0,0,0,0
14500,8793,8592,1180,883,7,13,14,8,5,3,1,4,0,0,0,0,0,0
14600,8834,8438,1147,880,4,2,10,4,5,3,0,2,0,0,0,0,0,0
14700,8836,8011,1137,960,9,1,10,1,5,2,3,2,0,0,0,0,0,0
14800,8884,8306,1089,893,13,2,7,4,2,5,4,1,1,0,0,0,0,0
14900,8838,8011,1141,860,9,3,4,5,8,2,0,0,0,0,0,0,0,0
15000,8770,8680,1201,829,14,3,8,5,3,2,3,1,1,0,0,0,0,0
15100,8837,9796,1120,772,8,5,22,6,9,4,3,1,1,0,0,0,0,0
15200,8914,9774,1047,941,8,1,23,1,5,4,3,1,0,0,0,0,0,0
15300,8997,9509,973,1013,7,0,11,3,10,1,2,0,0,0,0,0,0,0
15400,9025,8419,941,699,11,11,15,3,7,1,0,2,1,0,0,0,0,0
15500,9011,9630,960,693,7,8,17,2,5,1,0,0,0,0,0,0,0,0
15600,9020,9962,951,580,6,2,11,0,6,3,5,2,1,0,0,0,0,0
15700,9076,9129,897,714,10,2,9,2,6,3,2,0,0,0,0,0,0,0
15800,9030,10872,951,863,4,2,5,1,7,2,3,1,0,0,0,0,0,0
15900,8924,10753,1064,709,5,0,3,0,2,2,2,1,0,0,0,0,0,0
16000,8948,11328,1039,422,6,3,3,5,2,2,2,1,0,0,0,0,0,0
16100,9130,10193,849,372,6,5,5,4,8,3,2,1,0,0,0,0,0,0
16200,9145,9386,834,295,5,2,7,0,7,1,1,1,1,0,0,0,0,0
16300,9112,9244,874,307,4,4,3,4,5,2,2,2,0,0,0,0,0,0
16400,9146,8995,830,288,8,1,6,3,8,1,2,0,0,0,0,0,0,0
16500,9085,7970,889,253,12,2,7,1,4,1,3,0,0,0,0,0,0,0
16600,9090,8865,886,316,7,0,10,2,5,1,2,0,0,0,0,0,0,0
16700,9106,8998,866,320,4,1,13,2,7,1,4,0,0,0,0,0,0,0
16800,9172,8743,805,420,5,1,10,0,7,3,1,1,0,0,0,0,0,0
16900,9163,9455,821,386,4,4,9,0,2,3,1,1,0,0,0,0,0,0
17000,9147,9062,837,280,3,2,5,2,5,2,3,0,0,0,0,0,0,0
17100,9150,7998,826,279,2,2,12,0,6,3,4,1,0,0,0,0,0,0
17200,9216,8353,757,232,4,1,13,1,7,4,3,1,0,0,0,0,0,0
17300,9206,8281,772,240,3,2,11,4,6,2,2,0,0,0,0,0,0,0
17400,9261,7744,719,195,3,1,11,0,3,1,3,0,0,0,0,0,0,0
17500,9137,7882,837,223,6,23,9,0,5,3,6,1,0,0,0,0,0,0
17600,9124,7201,850,210,3,25,14,3,7,2,2,0,0,0,0,0,0,0
17700,9153,7472,821,194,7,2,12,0,4,6,3,0,0,0,0,0,0,0
17800,9227,7261,753,238,6,3,7,0,5,2,2,1,0,0,0,0,0,0
17900,9237,7144,739,230,6,3,9,1,4,4,5,0,0,0,0,0,0,0
18000,9214,6330,761,137,7,0,11,4,4,1,2,0,1,0,0,0,0,0
18100,9214,6422,751,126,8,3,19,4,5,3,3,1,0,0,0,0,0,0
18200,9216,6493,754,83,5,3,14,0,7,2,4,2,0,0,0,0,0,0
18300,9206,6533,771,62,7,3,7,1,6,3,3,1,0,0,0,0,0,0
18400,9232,6017,747,91,6,1,7,1,6,5,2,1,0,0,0,0,0,0
18500,9196,6104,783,98,6,0,6,0,7,1,2,1,0,0,0,0,0,0
18600,9322,5947,667,96,4,2,3,2,1,1,3,0,0,0,0,0,0,0
18700,9396,6030,589,75,2,1,3,0,8,1,2,0,0,0,0,0,0,0
18800,9401,6845,583,79,7,0,2,5,5,1,2,1,0,0,0,0,0,0
18900,9354,5652,627,66,6,1,8,2,3,3,2,1,0,0,0,0,0,0
19000,9374,5117,611,157,5,1,1,1,7,0,2,1,0,0,0,0,0,0
19100,9466,5006,519,175,6,2,1,2,5,3,3,2,0,0,0,0,0,0
19200,9430,5364,554,157,4,2,7,0,3,1,1,2,1,0,0,0,0,0
19300,9500,6100,479,81,7,0,3,3,9,0,2,0,0,0,0,0,0,0
19400,9498,5823,483,81,8,2,5,2,6,3,0,1,0,0,0,0,0,0
19500,9501,5462,485,103,4,3,4,3,3,2,3,0,0,0,0,0,0,0
19600,9506,6987,483,101,0,2,1,2,7,1,3,0,0,0,0,0,0,0
19700,9514,5964,474,76,6,1,2,0,2,2,2,0,0,0,0,0,0,0
19800,9408,5714,580,72,4,0,2,5,4,0,2,0,0,0,0,0,0,0
19900,9423,5089,562,82,6,0,3,15,4,1,2,0,0,0,0,0,0,0
20000,9386,5639,597,71,1,0,7,9,4,1,5,0,0,0,0,0,0,0
20100,9436,5261,554,102,4,0,4,0,1,2,1,0,0,0,0,0,0,0
20200,9483,4849,508,72,4,1,1,0,2,6,2,0,0,0,0,0,0,0
20300,9445,5684,535,73,2,1,10,3,5,3,3,0,0,0,0,0,0,0
20400,9490,6253,498,77,1,1,7,3,4,4,0,0,0,0,0,0,0,0
20500,9534,6385,455,112,2,1,1,0,4,2,4,0,0,0,0,0,0,0
20600,9551,5572,431,165,4,4,6,0,6,1,1,1,1,0,0,0,0,0
20700,9542,6026,441,53,4,1,1,0,7,2,4,1,1,0,0,0,0,0
20800,9529,5622,463,58,1,2,3,0,3,2,1,0,0,0,0,0,0,0
20900,9485,4725,501,57,3,3,5,1,4,4,2,1,0,0,0,0,0,0
21000,9512,4469,477,50,3,1,3,2,5,1,0,0,0,0,0,0,0,0
21100,9515,4190,466,57,8,2,3,0,7,0,1,0,0,0,0,0,0,0
21200,9482,3936,498,50,5,3,5,3,8,0,2,0,0,0,0,0,0,0
21300,9493,3938,489,54,6,0,3,4,7,1,2,0,0,0,0,0,0,0
21400,9542,4096,429,68,16,4,4,0,6,1,3,1,0,0,0,0,0,0
21500,9556,3719,428,124,8,0,2,0,5,1,1,0,0,0,0,0,0,0
21600,9563,3992,420,176,6,0,5,0,6,0,0,0,0,0,0,0,0,0
21700,9552,3511,421,100,16,0,3,2,7,0,1,0,0,0,0,0,0,0
21800,9525,3709,455,82,10,1,3,0,6,1,1,1,0,0,0,0,0,0
21900,9498,4032,483,131,11,3,5,0,2,2,1,1,0,0,0,0,0,0
22000,9445,3467,536,140,10,0,1,0,7,0,1,1,0,0,0,0,0,0
22100,9497,4313,476,72,14,1,3,0,6,3,4,0,0,0,0,0,0,0
22200,9555,4266,428,78,7,2,4,4,4,1,2,0,0,0,0,0,0,0
22300,9488,4309,494,69,7,0,3,1,7,4,1,0,0,0,0,0,0,0
22400,9471,4222,516,62,2,3,1,4,7,1,3,0,0,0,0,0,0,0
22500,9458,3377,521,49,9,0,4,0,8,3,0,1,0,0,0,0,0,0
22600,9457,3461,527,44,2,0,1,1,9,0,4,0,0,0,0,0,0,0
22700,9454,3955,526,58,6,0,4,1,8,0,2,1,0,0,0,0,0,0
22800,9475,4374,510,55,4,2,4,4,6,0,1,0,0,0,0,0,0,0
22900,9480,3859,506,55,4,0,2,0,4,0,4,1,0,0,0,0,0,0
23000,9476,4046,503,45,8,0,7,1,2,0,4,0,0,0,0,0,0,0
23100,9486,4327,498,47,7,0,1,2,6,1,2,0,0,0,0,0,0,0
23200,9482,4176,499,51,10,1,0,0,6,5,3,0,0,0,0,0,0,0
23300,9486,3926,498,95,8,1,2,2,5,2,1,0,0,0,0,0,0,0
23400,9490,4441,495,104,6,1,2,0,6,0,1,0,0,0,0,0,0,0
23500,9439,4781,537,84,9,3,6,2,5,0,3,0,1,0,0,0,0,0
23600,9458,4957,522,108,7,1,5,3,6,0,2,0,0,0,0,0,0,0
23700,9486,4855,499,108,4,1,2,1,9,3,0,0,0,0,0,0,0,0
23800,9488,4780,501,71,4,2,4,5,3,2,0,1,0,0,0,0,0,0
23900,9556,4206,424,16,11,0,5,1,3,1,1,0,0,0,0,0,0,0
24000,9611,4125,370,28,9,1,2,0,7,0,1,1,0,0,0,0,0,0
24100,9599,4223,377,21,7,2,5,0,8,1,3,0,1,0,0,0,0,0
24200,9595,4013,391,20,8,1,3,0,3,3,0,0,0,0,0,0,0,0
24300,9591,3854,388,2,11,0,1,2,9,3,0,0,0,0,0,0,0,0
24400,9582,3398,401,6,9,1,3,4,4,0,1,0,0,0,0,0,0,0
24500,9599,2964,389,7,5,0,2,1,4,1,1,0,0,0,0,0,0,0
24600,9542,3359,442,4,4,1,1,4,10,1,1,1,0,0,0,0,0,0
24700,9579,4087,413,12,2,0,4,1,0,1,2,2,0,0,0,0,0,0
24800,9598,4082,386,2,1,1,7,1,5,1,3,1,0,0,0,0,0,0
24900,9594,4091,392,26,4,1,4,1,6,1,0,1,0,0,0,0,0,0
25000,9636,4629,357,13,0,3,4,1,3,4,0,0,0,0,0,0,0,0
25100,9705,4368,284,7,4,1,3,3,3,0,1,0,0,0,0,0,0,0
25200,9759,4347,230,13,4,0,2,3,4,2,1,0,0,0,0,0,0,0
25300,9754,3875,233,14,3,1,4,2,3,1,3,0,0,0,0,0,0,0
25400,9761,3942,228,9,3,1,4,2,2,2,2,0,0,0,0,0,0,0
25500,9765,4385,228,4,3,5,0,1,3,1,1,0,0,0,0,0,0,0
25600,9763,3694,223,12,6,1,3,0,4,3,1,0,0,0,0,0,0,0
25700,9768,3754,221,16,2,0,3,1,5,3,1,0,0,0,0,0,0,0
25800,9777,3870,212,5,1,3,4,1,3,1,3,0,0,0,0,0,0,0
25900,9768,3739,219,8,7,0,4,1,1,1,1,0,0,0,0,0,0,0
26000,9789,3990,203,0,3,2,0,2,4,1,1,1,0,0,0,0,0,0
26100,9840,3932,150,7,2,0,2,2,5,0,1,0,0,0,0,0,0,0
26200,9838,4297,149,4,3,1,3,0,6,1,1,0,0,0,0,0,0,0
26300,9849,3351,147,8,1,0,1,1,2,2,0,1,0,0,0,0,0,0
26400,9840,3189,151,4,2,2,2,0,3,0,2,0,0,0,0,0,0,0
26500,9839,3291,149,1,2,1,3,0,3,0,3,0,0,0,0,0,1,0
26600,9878,3121,115,12,3,1,1,3,2,0,1,0,0,0,0,0,0,0
26700,9897,2997,85,10,5,2,2,1,9,0,2,0,0,0,0,0,0,0
26800,9904,2901,84,31,3,1,1,2,6,1,2,0,0,0,0,0,0,0
26900,9906,2836,85,33,3,1,4,0,2,0,0,0,0,0,0,0,0,0
27000,9907,3272,83,51,2,0,4,0,3,0,1,0,0,0,0,0,0,0
27100,9907,3131,84,20,2,0,1,0,4,0,2,1,0,0,0,0,0,0
27200,9911,2916,78,14,3,0,1,0,7,0,0,1,0,0,0,0,0,0
27300,9953,2838,40,7,3,1,3,1,0,2,1,0,0,0,0,0,0,0
27400,9977,2845,14,23,2,1,4,0,2,0,1,0,0,0,0,0,0,0
27500,9974,2550,16,16,2,0,2,1,6,3,0,0,0,0,0,0,0,0
27600,9983,2456,11,10,4,1,0,0,1,0,1,0,0,0,0,0,0,0
27700,9971,2739,18,7,1,0,2,1,4,3,4,0,0,0,0,0,0,0
27800,9983,2839,9,6,0,0,1,1,7,1,0,0,0,0,0,0,0,0
27900,9980,2410,10,31,4,0,4,0,1,0,1,0,0,0,0,0,0,0
28000,9981,2643,8,23,1,0,3,0,4,0,3,0,0,0,0,0,0,0
28100,9979,2889,14,21,3,0,0,0,2,1,2,0,0,0,0,0,0,0
28200,9982,2340,8,18,3,1,2,0,1,1,4,0,0,0,0,0,0,0
28300,9980,3030,11,19,0,0,3,1,6,0,0,0,0,0,0,0,0,0
28400,9984,2904,10,22,0,0,4,0,2,0,0,1,0,0,0,0,0,0
28500,9976,2819,10,34,6,1,1,0,2,0,5,1,0,0,0,0,0,0
28600,9985,3065,8,35,3,0,1,0,3,0,0,0,0,0,0,0,0,0
28700,9980,3351,9,27,3,0,1,2,7,0,0,0,0,0,0,0,0,0
28800,9983,2963,8,20,3,2,2,3,3,0,1,0,0,0,0,0,0,0
28900,9981,2998,9,26,2,1,2,0,3,1,3,0,0,0,0,0,0,0
29000,9979,2387,11,61,1,0,1,1,4,0,4,0,0,0,0,0,0,0
29100,9985,2621,9,62,2,1,1,0,1,5,2,0,0,0,0,0,0,0
29200,9976,2920,13,41,2,1,1,0,7,3,1,2,0,0,0,0,0,0
29300,9977,3489,9,55,3,1,2,2,7,1,2,0,0,0,0,0,0,0
29400,9975,3564,15,39,2,0,2,3,3,0,3,0,0,0,0,0,0,0
29500,9974,3765,13,46,7,1,4,1,2,0,0,0,0,0,0,0,0,0
29600,9982,3746,11,48,1,1,1,2,3,1,2,0,0,0,0,0,0,0
29700,9974,3254,14,57,3,0,6,0,3,0,0,0,0,0,0,0,0,0
29800,9979,2721,13,51,0,0,8,3,0,0,0,0,0,0,0,0,0,0
29900,9980,3198,14,55,1,1,1,3,3,0,1,0,0,0,0,0,0,0
30000,9981,3146,11,37,4,2,0,5,3,0,1,0,0,0,0,0,0,0
30100,9976,2930,16,37,2,1,4,1,2,3,0,0,0,0,0,0,0,0
30200,9983,2388,11,32,4,0,0,0,1,1,1,0,0,0,0,0,0,0
30300,9981,2578,12,24,1,1,1,0,3,0,2,0,0,0,0,0,0,0
30400,9989,2823,8,20,1,0,1,0,0,4,1,1,0,0,0,0,0,0
30500,9974,2974,18,20,2,0,5,0,0,0,1,0,0,0,0,0,0,0
30600,9974,2832,17,19,4,1,1,1,2,1,2,0,0,0,0,0,0,0
30700,9971,2654,25,21,1,0,1,0,1,0,1,1,0,0,0,0,0,0
30800,9976,3003,16,19,3,0,1,0,4,2,0,0,0,0,0,0,0,0
30900,9979,2795,16,25,1,0,1,0,2,0,1,1,0,0,0,0,0,0
31000,9973,2821,21,22,2,1,1,1,2,0,1,0,0,0,0,0,0,0
31100,9905,3420,83,26,2,1,3,0,4,0,3,0,0,0,0,0,0,0
31200,9869,3022,124,33,1,5,1,1,2,1,3,1,0,0,0,0,0,0
31300,9877,2595,118,25,1,2,0,1,1,1,3,0,0,0,0,0,0,0
31400,9876,2854,119,22,2,0,1,1,1,5,1,0,0,0,0,0,0,0
31500,9880,2515,114,25,0,1,4,2,1,2,1,0,0,0,0,0,0,0
31600,9879,2406,117,37,2,2,0,0,2,3,0,0,0,0,0,0,0,0
31700,9872,2470,117,45,7,2,1,0,3,0,0,0,0,0,0,0,0,0
31800,9863,2571,121,34,1,0,12,0,0,1,3,0,0,0,0,0,0,0
31900,9855,2413,121,31,1,0,21,0,2,0,0,0,0,0,0,0,0,0
32000,9860,2291,116,26,2,1,20,0,2,0,0,0,0,0,0,0,0,0
32100,9852,2945,116,25,3,0,21,0,5,1,2,0,0,0,1,0,0,0
32200,9859,2851,113,22,5,0,21,1,2,0,0,0,0,0,0,0,0,0
32300,9861,2677,113,29,2,0,21,1,3,0,0,0,0,0,0,0,0,0
32400,9853,2555,117,23,3,6,20,1,5,1,2,3,0,0,0,0,0,0
32500,9852,2677,118,20,3,0,21,0,2,3,4,5,0,0,0,0,0,0
32600,9860,3005,112,21,2,0,23,1,3,0,0,3,0,0,0,0,0,0
32700,9853,2356,117,18,2,2,22,5,2,0,4,0,0,0,0,0,0,0
32800,9858,2031,115,29,1,2,22,2,3,1,1,0,0,0,0,0,0,0
32900,9861,2320,111,47,0,0,23,1,4,0,1,1,0,0,0,0,0,0
33000,9860,2291,114,25,1,0,21,1,4,1,0,0,0,0,0,0,0,0
33100,9862,2743,109,18,1,0,24,0,2,0,2,0,0,0,0,0,0,0
33200,9865,2709,111,18,1,2,23,0,0,0,0,0,0,0,0,0,0,0
33300,9907,2328,69,0,0,0,21,0,2,1,1,0,0,0,0,0,0,0
33400,9943,2355,11,2,1,1,40,1,4,1,0,1,1,0,0,0,0,0
33500,9944,2939,10,20,2,2,41,1,2,1,1,1,0,0,0,0,0,0
33600,9927,2862,20,21,5,1,41,0,7,1,0,0,0,0,0,0,0,0
33700,9938,2442,16,21,3,0,41,0,2,0,0,1,0,0,0,0,0,0
33800,9932,2045,18,23,2,0,41,0,5,0,2,2,0,0,0,0,0,0
33900,9934,1997,14,18,4,1,43,0,1,0,3,0,1,0,0,0,0,0
34000,9942,2241,13,20,3,1,41,0,1,0,0,0,0,0,0,0,0,0
34100,9938,2087,10,9,2,0,44,0,3,1,3,0,0,0,0,0,0,0
34200,9941,2126,12,3,4,0,40,3,3,2,0,2,0,0,0,0,0,0
34300,9945,2278,4,0,4,1,42,0,4,2,1,1,0,0,0,0,0,0
34400,9943,2572,5,5,3,1,44,0,5,0,0,0,0,0,0,0,0,0
34500,9944,2554,6,7,5,1,41,0,3,0,1,0,0,0,0,0,0,0
34600,9939,2405,9,2,3,0,43,0,3,1,1,0,2,0,0,0,0,0
34700,9947,3014,7,8,1,0,41,0,3,1,1,0,0,0,0,0,0,0
34800,9931,2811,21,15,1,1,41,1,6,1,0,0,0,0,0,0,0,0
34900,9938,2475,19,9,2,0,40,0,0,0,1,0,0,0,0,0,0,0
35000,9931,2735,21,1,3,0,41,1,3,2,1,0,0,0,0,0,0,0
35100,9936,2762,18,0,2,1,42,0,1,0,1,0,0,0,0,0,0,0
35200,9934,3031,20,5,0,1,41,0,5,0,0,0,0,0,0,0,0,0
35300,9934,2583,23,75,0,1,41,0,1,0,1,0,0,0,0,0,0,0
35400,9931,2290,19,60,2,0,42,0,5,0,1,0,0,0,0,0,0,0
35500,9931,2491,17,81,4,0,42,0,3,0,3,0,0,0,0,0,0,0
35600,9948,2507,18,69,2,1,30,0,1,0,1,0,0,0,0,0,0,0
35700,9946,2786,29,1,1,0,22,0,0,0,2,0,0,0,0,0,0,0
35800,9937,3099,36,2,2,0,22,0,1,0,2,1,0,0,0,0,0,0
35900,9935,3161,41,4,1,0,23,0,0,1,0,0,0,0,0,0,0,0
36000,9936,3518,42,0,1,1,20,0,1,0,0,0,0,0,0,0,0,0
36100,9926,3225,45,0,1,1,21,0,6,1,1,0,0,0,0,0,0,0
36200,9922,3327,45,2,8,0,22,0,2,0,1,1,0,0,0,0,0,0
36300,9893,2304,49,7,13,1,37,0,3,0,5,0,0,0,0,0,0,0
36400,9893,1774,48,17,13,0,44,0,0,0,2,1,0,0,0,0,0,0
36500,9898,1794,41,7,13,0,45,0,0,0,3,0,0,0,0,0,0,0
36600,9901,1865,44,8,10,2,41,0,4,0,0,0,0,0,0,0,0,0
36700,9896,1763,48,4,10,0,42,0,3,0,1,1,0,0,0,0,0,0
36800,9895,1737,45,1,14,0,41,0,4,0,1,0,0,0,0,0,0,0
36900,9893,1899,48,2,13,1,41,1,5,0,0,0,0,0,0,0,0,0
37000,9889,2165,54,1,12,0,42,0,2,0,1,2,0,0,0,0,0,0
37100,9856,2295,86,12,11,1,40,4,5,0,2,0,0,0,0,0,0,0
37200,9821,2025,126,12,9,0,43,1,0,0,1,0,0,0,0,0,0,0
37300,9817,1909,130,0,10,0,41,0,2,0,0,0,0,0,0,0,0,0
37400,9818,2036,126,0,8,0,46,0,0,0,2,0,0,0,0,0,0,0
37500,9823,2056,124,1,9,0,42,2,1,1,1,1,0,0,0,0,0,0
37600,9817,2491,128,1,9,0,43,0,3,0,0,2,0,0,0,0,0,0
37700,9818,2478,125,0,11,1,44,0,2,0,0,0,0,0,0,0,0,0
37800,9827,2019,119,0,12,0,42,0,0,0,0,0,0,0,0,0,0,0
37900,9814,2086,127,5,8,0,47,0,2,0,2,1,0,0,0,0,0,0
38000,9824,2394,122,22,8,1,44,0,0,2,2,0,0,0,0,0,0,0
38100,9828,2263,116,8,11,0,43,0,2,0,0,0,0,0,0,0,0,0
38200,9825,2263,114,0,12,0,46,1,2,5,1,0,0,0,0,0,0,0
38300,9783,2229,162,5,12,0,41,0,1,1,1,1,0,0,0,0,0,0
38400,9724,1693,214,9,16,1,44,1,1,0,1,1,0,0,0,0,0,0
38500,9705,1414,243,8,10,0,41,0,1,0,0,0,0,0,0,0,0,0
38600,9698,1921,245,5,11,1,45,0,0,3,1,0,0,0,0,0,0,0
38700,9698,1994,245,6,10,1,45,0,1,1,1,0,0,0,0,0,0,0
38800,9693,1964,247,13,12,0,43,0,4,0,1,0,0,0,0,0,0,0
38900,9700,1834,245,12,10,1,43,0,2,2,0,0,0,0,0,0,0,0
39000,9730,1808,203,3,13,0,44,0,7,0,3,2,0,0,0,0,0,0
39100,9760,1953,178,0,15,2,44,1,1,0,2,0,0,0,0,0,0,0
39200,9768,1833,180,0,11,0,40,0,1,0,0,0,0,0,0,0,0,0
39300,9839,2148,115,2,1,1,44,0,1,0,0,0,0,0,0,0,0,0
39400,9851,2249,95,3,3,0,45,0,4,0,1,0,1,0,0,0,0,0
39500,9851,2194,96,13,3,0,45,1,5,0,0,0,0,1,0,0,0,0
39600,9862,2045,95,11,2,0,41,0,0,0,0,2,0,0,0,0,0,0
39700,9866,1423,96,0,7,1,27,0,3,1,1,0,0,0,0,0,0,0
39800,9875,1565,95,2,3,1,25,1,1,1,1,0,0,0,0,0,0,0
39900,9877,2242,94,0,0,0,24,0,1,0,4,0,0,0,0,0,0,0
40000,9838,2958,138,4,2,0,14,0,5,0,3,0,0,0,0,0,0,0
40100,9828,3278,163,67,5,0,2,1,2,0,0,0,0,0,0,0,0,0
40200,9833,2534,160,36,2,2,4,0,1,0,0,0,0,0,0,0,0,0
40300,9835,2602,159,22,2,0,2,0,0,0,2,0,0,0,0,0,0,0
40400,9865,2472,128,4,2,0,1,3,2,0,2,0,0,0,0,0,0,0
40500,9858,2470,129,3,4,0,2,0,7,0,0,0,0,0,0,0,0,0
40600,9865,2294,128,0,2,0,3,1,1,0,1,0,0,0,0,0,0,0
40700,9868,1844,125,1,1,0,3,0,3,1,0,0,0,0,0,0,0,0
40800,9880,2251,112,0,1,0,2,0,5,0,0,0,0,0,0,0,0,0
40900,9881,2245,113,0,0,0,3,0,2,1,1,0,0,0,0,0,0,0
41000,9898,1674,93,0,3,1,1,1,4,1,1,0,0,0,0,0,0,0
41100,9922,1944,71,1,4,0,1,0,0,0,2,0,0,0,0,0,0,0
41200,9927,1929,69,0,3,1,0,1,1,0,0,0,0,0,0,0,0,0
41300,9959,2147,36,1,2,1,1,5,2,1,0,0,0,0,0,0,0,0
41400,9954,2068,38,0,2,0,2,4,4,0,0,0,0,0,0,0,0,0
41500,9954,2008,39,1,2,0,2,0,3,1,0,1,0,0,0,0,0,0
41600,9955,2266,38,1,2,1,1,1,2,0,2,1,0,0,0,0,0,0
41700,9962,2355,34,10,1,0,2,2,0,0,1,1,0,0,0,0,0,0
41800,9956,2681,35,4,2,0,2,0,3,0,1,0,1,0,0,0,0,0
41900,9923,2915,70,1,2,0,4,1,1,0,0,0,0,0,0,0,0,0
42000,9929,2973,67,14,0,0,2,0,0,0,2,0,0,0,0,0,0,0
42100,9924,2701,67,10,3,0,0,0,6,0,0,0,0,0,0,0,0,0
42200,9928,2178,68,0,1,0,1,0,0,0,2,1,0,0,0,0,0,0
42300,9930,1995,65,3,1,0,3,0,1,0,0,1,0,0,0,0,0,0
42400,9921,1900,69,0,2,0,1,0,6,2,1,0,0,0,0,0,0,0
42500,9923,1945,72,2,1,1,2,0,1,3,1,0,0,0,0,0,0,0
42600,9928,2080,67,1,1,1,0,2,4,0,0,0,0,0,0,0,0,0
42700,9939,2318,50,4,2,0,2,4,5,0,2,1,0,0,0,0,0,0
42800,9958,2520,36,3,3,0,2,1,1,1,0,3,0,0,0,0,0,0
42900,9955,2489,37,1,2,0,2,1,2,1,2,1,0,0,0,0,0,0
43000,9958,2487,37,4,2,0,1,3,1,0,1,1,0,0,0,0,0,0
43100,9956,2013,36,2,2,0,1,6,4,0,1,0,0,0,0,0,0,0
43200,9956,1856,38,4,1,0,2,3,2,0,1,0,0,0,0,0,0,0
43300,9955,1321,37,1,2,1,2,0,3,0,1,0,0,0,0,0,0,0
43400,9961,1513,36,4,0,0,1,0,0,0,2,0,0,0,0,0,0,0
43500,9947,1513,41,4,2,1,4,0,5,1,1,0,0,0,0,0,0,0
43600,9935,1583,58,6,3,2,0,0,2,0,2,2,0,0,0,0,0,0
43700,9929,2393,64,2,1,1,3,0,2,1,1,0,0,0,0,0,0,0
43800,9925,2196,67,1,4,0,2,0,2,0,0,0,0,0,0,0,0,0
43900,9933,2104,60,3,1,0,1,0,5,0,0,0,0,0,0,0,0,0
44000,9931,2091,63,18,0,1,1,0,3,3,2,0,0,0,0,0,0,0
44100,9926,2016,62,0,2,0,6,0,1,0,3,0,0,0,0,0,0,0
44200,9928,2042,61,0,2,0,3,0,5,2,1,2,0,0,0,0,0,0
44300,9935,2064,63,0,1,1,0,0,0,0,1,0,0,0,0,0,0,0
44400,9918,2105,67,7,1,2,6,0,7,0,1,1,0,0,0,0,0,0
44500,9926,2064,61,1,2,0,6,0,3,0,2,0,0,0,0,0,0,0
44600,9928,2009,59,0,2,1,5,2,4,0,2,0,0,0,0,0,0,0
44700,9923,2238,62,24,2,1,8,0,3,1,1,0,1,0,0,0,0,0
44800,9928,2275,62,25,2,2,6,1,2,0,0,0,0,0,0,0,0,0
44900,9923,2377,62,0,1,1,10,0,3,0,1,0,0,0,0,0,0,0
45000,9928,1959,59,0,1,0,8,0,4,0,0,0,0,0,0,0,0,0
45100,9926,1701,64,1,1,0,7,0,1,0,1,0,0,0,0,0,0,0
45200,9924,2040,65,1,0,0,7,0,3,0,1,0,0,0,0,0,0,0
45300,9894,2157,92,4,3,0,7,0,3,1,1,0,0,0,0,0,0,0
45400,9882,2615,93,0,5,2,10,0,7,0,2,0,1,0,0,0,0,0
45500,9877,2382,110,1,2,0,9,3,2,2,0,0,0,0,0,0,0,0
45600,9865,1880,117,1,3,1,10,0,4,0,1,0,0,0,0,0,0,0
45700,9864,1742,119,0,2,0,9,0,4,1,2,0,0,0,0,0,0,0
45800,9863,1816,114,0,6,2,10,0,5,0,1,0,1,0,0,0,0,0
45900,9886,1752,102,3,3,0,6,0,2,1,1,0,0,0,0,0,0,0
46000,9898,1824,93,60,0,0,6,1,3,0,0,1,0,0,0,0,0,0
46100,9890,2002,95,90,1,2,11,0,1,1,2,0,0,0,0,0,0,0
46200,9876,2117,116,82,0,1,7,0,1,0,0,0,0,0,0,0,0,0
46300,9867,1886,121,80,2,0,6,0,2,0,2,0,0,0,0,0,0,0
46400,9883,2008,100,17,2,0,11,0,2,2,2,0,0,0,0,0,0,0
46500,9890,1873,101,7,2,2,6,0,1,1,0,0,0,0,0,0,0,0
46600,9881,2089,108,11,0,1,7,1,1,0,3,1,0,0,0,0,0,0
46700,9875,2189,116,2,1,0,6,2,2,0,0,0,0,0,0,0,0,0
46800,9882,2677,101,6,4,1,9,1,4,2,0,0,0,0,0,0,0,0
46900,9899,2968,89,0,1,0,8,1,2,0,1,1,0,0,0,0,0,0
47000,9899,3145,95,0,1,1,3,0,2,0,0,0,0,0,0,0,0,0
47100,9926,2515,66,1,3,1,1,1,3,1,1,1,0,0,0,0,0,0
47200,9929,2014,63,4,2,1,5,1,0,1,1,0,0,0,0,0,0,0
47300,9942,2119,43,10,4,0,6,0,4,0,1,0,0,0,0,0,0,0
47400,9959,1971,31,24,4,0,4,0,2,0,0,0,0,0,0,0,0,0
47500,9967,1959,30,25,0,0,1,0,2,1,0,0,0,0,0,0,0,0
47600,9961,2560,30,5,1,0,5,0,2,0,1,0,0,0,0,0,0,0
47700,9962,2539,31,2,2,0,2,0,2,1,1,0,0,0,0,0,0,0
47800,9966,2601,30,12,1,0,0,0,2,1,1,1,0,0,0,0,0,0
47900,9967,2749,32,0,1,0,0,1,0,0,0,0,0,0,0,0,0,0
48000,9962,2759,31,3,0,2,6,0,1,1,0,1,0,0,0,0,0,0
48100,9955,2486,34,9,1,1,5,0,3,0,2,2,0,0,0,0,0,0
48200,9948,2246,50,0,0,2,0,0,1,0,1,0,0,0,0,0,0,0
48300,9953,2280,45,3,1,0,1,0,0,3,0,0,0,0,0,0,0,0
48400,9943,1982,48,1,2,2,2,0,3,2,2,1,0,0,0,0,0,0
48500,9939,1671,48,5,4,1,4,0,3,0,2,0,0,0,0,0,0,0
48600,9943,1666,48,0,2,1,6,0,0,0,1,0,0,0,0,0,0,0
48700,9940,2214,49,0,2,0,4,0,5,0,0,1,0,0,0,0,0,0
48800,9943,2860,44,1,3,0,9,1,1,1,0,1,0,0,0,0,0,0
48900,9941,2568,44,6,4,0,4,0,6,0,1,2,0,0,0,0,0,0
49000,9965,2185,30,1,1,0,0,0,3,0,1,0,0,0,0,0,0,0
49100,9967,1886,29,0,1,0,0,0,3,0,0,0,0,0,0,0,0,0
49200,9962,2027,29,0,4,2,2,0,1,1,2,1,0,0,0,0,0,0
49300,9962,2029,31,0,2,1,2,0,2,0,1,0,0,0,0,0,0,0
49400,9968,1893,29,0,2,0,0,0,1,0,0,0,0,0,0,0,0,0
49500,9962,1952,30,2,1,0,0,1,5,0,2,0,0,0,0,0,0,0
49600,9963,1679,30,0,1,0,5,1,1,0,0,0,0,0,0,0,0,0
49700,9966,1642,30,0,2,0,0,0,2,2,0,0,0,0,0,0,0,0
49800,9970,1868,29,0,0,1,0,1,1,0,0,1,0,0,0,0,0,0
49900,9961,1667,30,16,0,0,4,3,4,2,1,0,0,0,0,0,0,0
50000,9964,1406,30,20,1,0,5,0,0,0,0,0,0,0,0,0,0,0
50100,9960,1156,34,16,2,0,0,0,3,1,1,0,0,0,0,0,0,0
50200,9964,1188,30,22,0,0,1,0,4,0,1,0,0,0,0,0,0,0
50300,9960,995,33,17,1,4,2,0,3,0,1,0,0,0,0,0,0,0
50400,9966,1311,29,16,1,6,1,1,3,0,0,0,0,0,0,0,0,0
50500,9963,1296,33,6,0,0,0,0,0,0,4,0,0,0,0,0,0,0
50600,9967,1204,28,0,1,0,0,0,2,0,2,0,0,0,0,0,0,0
50700,9966,1287,31,0,2,1,1,0,0,1,0,0,0,0,0,0,0,0
50800,9941,1829,54,0,2,1,2,0,1,0,0,0,0,0,0,0,0,0
50900,9940,2192,54,3,2,1,0,0,3,1,1,0,0,0,0,0,0,0
51000,9939,1991,55,2,4,0,1,0,1,0,0,0,0,0,0,0,0,0
51100,9946,1862,51,0,1,0,0,0,0,0,2,0,0,0,0,0,0,0
51200,9942,1951,52,6,1,0,1,0,1,0,3,0,0,0,0,0,0,0
51300,9945,1849,50,11,0,0,5,1,0,0,0,1,0,0,0,0,0,0
51400,9942,1326,52,1,0,0,0,2,5,0,1,0,0,0,0,0,0,0
51500,9965,1084,30,2,2,0,0,1,2,0,1,0,0,0,0,0,0,0
51600,9970,1388,26,15,1,0,1,0,2,0,0,0,0,0,0,0,0,0
51700,9967,1878,28,34,0,0,3,0,2,1,0,0,0,0,0,0,0,0
51800,9971,2084,19,33,1,0,4,1,2,0,3,0,0,0,0,0,0,0
51900,9987,1996,2,0,2,0,5,1,4,0,0,0,0,0,0,0,0,0
52000,9979,1842,4,0,4,0,10,0,2,0,1,1,0,0,0,0,0,0
52100,9985,2409,2,2,0,0,9,0,1,0,3,0,0,0,0,0,0,0
52200,9981,2643,7,3,1,0,9,0,2,1,0,0,0,0,0,0,0,0
52300,9980,2417,9,7,3,0,6,0,2,1,0,0,0,0,0,0,0,0
52400,9981,2130,6,1,2,0,7,1,3,0,1,0,0,0,0,0,0,0
52500,9970,1916,12,7,4,1,7,0,5,2,1,0,1,0,0,0,0,0
52600,9989,1611,5,0,0,0,5,0,0,0,1,1,0,0,0,0,0,0
52700,9973,1498,6,2,2,0,8,0,10,0,1,0,0,0,0,0,0,0
52800,9986,1617,10,2,0,1,2,0,0,1,2,1,0,0,0,0,0,0
52900,9982,1746,5,0,3,1,6,0,3,0,1,0,0,0,0,0,0,0
53000,9986,1495,7,15,1,0,6,0,0,0,0,0,0,0,0,0,0,0
53100,9987,1834,8,22,1,0,2,1,2,0,0,0,0,0,0,0,0,0
53200,9989,1917,7,20,0,0,2,0,1,0,1,0,0,0,0,0,0,0
53300,9985,2181,6,18,0,2,8,2,0,0,1,0,0,0,0,0,0,0
53400,9987,2229,3,10,3,0,0,0,7,0,0,0,0,0,0,0,0,0
53500,9989,1964,8,10,1,0,1,0,0,0,1,0,0,0,0,0,0,0
53600,9993,2071,4,7,2,0,0,0,1,0,0,0,0,0,0,0,0,0
53700,9988,1936,6,5,2,0,0,0,4,1,0,0,0,0,0,0,0,0
53800,9994,1919,2,6,1,1,2,1,1,0,0,0,0,0,0,0,0,0
53900,9998,1672,0,7,0,0,0,0,2,0,0,0,0,0,0,0,0,0
54000,9994,1914,1,3,2,0,2,1,0,0,1,0,0,0,0,0,0,0
54100,9989,1960,5,2,4,0,0,4,2,0,0,0,0,0,0,0,0,0
54200,9986,2235,7,1,0,0,0,1,7,0,0,0,0,0,0,0,0,0
54300,9991,2777,5,0,0,0,1,0,3,1,0,0,0,0,0,0,0,0
54400,9992,2827,3,0,0,1,1,0,3,3,1,0,0,0,0,0,0,0
54500,9995,3140,3,3,0,1,1,1,1,1,0,0,0,0,0,0,0,0
54600,9992,2980,8,4,0,1,0,0,0,0,0,0,0,0,0,0,0,0
54700,9989,2988,6,64,3,1,0,1,1,0,1,0,0,0,0,0,0,0
54800,9990,3448,5,23,3,0,1,0,1,1,0,0,0,0,0,0,0,0
54900,9989,2741,7,6,1,1,2,0,1,0,0,0,0,0,0,0,0,0
55000,9991,2801,3,11,1,0,2,0,3,0,0,0,0,0,0,0,0,0
55100,9995,2591,3,11,0,0,1,2,1,0,0,1,0,0,0,0,0,0
55200,9995,1973,0,3,2,1,1,0,1,1,0,1,1,0,0,0,0,0
55300,9998,2025,0,0,2,0,0,0,0,2,0,0,0,0,0,0,0,0
55400,9989,2003,3,0,2,0,4,0,2,0,0,0,0,0,0,0,0,0
55500,9993,2382,2,5,3,0,1,0,1,1,0,0,0,0,0,0,0,0
55600,9995,2256,0,9,2,2,0,4,2,0,1,0,0,0,0,0,0,0
55700,9993,2389,0,3,3,1,1,0,3,0,0,0,0,0,0,0,0,0
55800,9997,1919,0,0,0,1,1,0,2,0,0,0,0,0,0,0,0,0
55900,9991,1978,1,3,0,1,5,0,3,0,0,0,0,0,0,0,0,0
56000,9989,2069,5,9,1,0,2,0,3,0,0,0,0,0,0,0,0,0
56100,9993,2262,0,7,2,1,0,0,5,1,0,0,0,0,0,0,0,0
56200,9996,2031,0,3,1,0,0,0,1,0,2,0,0,0,0,0,0,0
56300,9996,2445,1,2,1,0,1,0,1,1,0,0,0,0,0,0,0,0
56400,9990,2516,4,1,4,0,1,1,1,0,0,0,0,0,0,0,0,0
56500,9985,2775,4,4,10,0,0,1,1,1,0,0,0,0,0,0,0,0
56600,9989,2542,1,0,9,0,0,0,1,0,0,0,0,0,0,0,0,0
56700,9982,2152,4,0,9,1,1,3,4,0,0,0,0,0,0,0,0,0
56800,9987,1644,3,0,9,0,1,2,0,0,0,0,0,0,0,0,0,0
56900,9981,1778,1,5,9,0,4,0,4,1,1,0,0,0,0,0,0,0
57000,9987,2603,2,0,7,0,2,0,2,0,0,0,0,0,0,0,0,0
57100,9985,2674,3,4,10,2,0,0,2,0,0,0,0,0,0,0,0,0
57200,9985,2582,3,8,9,0,1,2,2,0,0,0,0,0,0,0,0,0
57300,9982,2376,8,2,7,0,2,4,1,0,0,0,0,0,0,0,0,0
57400,9984,2395,7,5,7,0,0,1,2,0,0,1,0,0,0,0,0,0
57500,9979,1786,10,8,7,0,0,0,3,1,1,0,0,0,0,0,0,0
57600,9964,1583,21,3,7,1,2,1,6,0,0,0,0,0,0,0,0,0
57700,9958,1748,29,1,7,0,1,0,4,0,1,0,0,0,0,0,0,0
57800,9959,1569,27,0,8,0,1,0,5,0,0,0,0,0,0,0,0,0
57900,9960,1592,26,0,10,0,2,0,2,1,0,0,0,0,0,0,0,0
58000,9965,1488,26,1,8,0,0,0,0,1,1,0,0,0,0,0,0,0
58100,9958,1362,29,3,9,0,4,0,0,0,0,0,0,0,0,0,0,0
58200,9960,1252,28,2,9,0,1,1,2,0,0,1,0,0,0,0,0,0
58300,9949,1630,27,0,11,0,6,0,5,0,2,0,0,0,0,0,0,0
58400,9969,2043,22,3,7,2,0,2,2,1,0,0,0,0,0,0,0,0
58500,9967,1674,22,0,8,0,3,0,0,0,0,0,0,0,0,0,0,0
58600,9951,1563,31,0,7,0,7,0,4,0,0,0,0,0,0,0,0,0
58700,9954,1717,23,0,10,1,8,0,4,1,1,0,0,0,0,0,0,0
58800,9961,2162,25,0,9,0,4,0,0,1,1,0,0,0,0,0,0,0
58900,9956,2326,27,3,7,2,8,1,1,1,1,0,0,0,0,0,0,0
59000,9956,1684,26,1,8,2,8,0,2,0,0,0,0,0,0,0,0,0
59100,9961,1812,24,0,7,0,5,0,1,0,2,1,0,0,0,0,0,0
59200,9954,1726,26,0,11,0,8,0,1,0,0,0,0,0,0,0,0,0
59300,9962,2134,23,0,6,0,9,0,0,0,0,0,0,0,0,0,0,0
59400,9961,1888,24,2,8,1,5,3,1,2,1,0,0,0,0,0,0,0
59500,9947,2477,36,1,9,0,5,0,2,0,1,0,0,0,0,0,0,0
59600,9959,1857,26,76,9,0,5,0,1,0,0,0,0,0,0,0,0,0
59700,9960,1593,25,26,7,0,5,2,2,2,1,0,0,0,0,0,0,0
59800,9959,1835,27,3,10,1,2,0,2,0,0,0,0,0,0,0,0,0
59900,9965,1961,23,0,8,0,3,0,1,0,0,1,0,0,0,0,0,0
60000,9969,2047,21,2,8,0,2,0,0,0,0,0,0,0,0,0,0,0
60100,9954,1980,32,1,6,0,5,0,2,0,1,0,0,0,0,0,0,0
60200,9943,1940,36,0,11,0,6,3,3,0,1,1,0,0,0,0,0,0
60300,9954,2219,28,1,7,0,8,0,1,0,2,0,0,0,0,0,0,0
60400,9965,2136,23,1,6,0,4,0,2,0,0,0,0,0,0,0,0,0
60500,9963,2149,26,0,8,2,0,0,3,0,0,0,0,0,0,0,0,0
60600,9962,2264,25,2,9,1,0,0,4,0,0,0,0,0,0,0,0,0
60700,9970,1862,15,4,8,0,3,0,4,1,0,0,0,0,0,0,0,0
60800,9987,1398,2,4,7,0,1,1,3,0,0,2,0,0,0,0,0,0
60900,9978,1639,8,48,10,0,3,1,1,0,0,1,0,0,0,0,0,0
61000,9984,2156,4,69,8,0,4,0,0,1,0,0,0,0,0,0,0,0
61100,9981,2364,8,28,7,0,3,0,1,1,0,0,0,0,0,0,0,0
61200,9986,1615,6,6,7,0,0,0,1,0,0,0,0,0,0,0,0,0
61300,9982,1380,10,13,8,2,0,3,0,0,0,0,0,0,0,0,0,0
61400,9973,1137,16,21,10,1,0,0,0,0,1,0,0,0,0,0,0,0
61500,9970,1012,18,36,6,0,4,1,0,0,2,0,0,0,0,0,0,0
61600,9969,1011,15,4,11,0,4,0,1,0,0,0,0,0,0,0,0,0
61700,9970,1132,17,3,8,0,4,1,0,0,1,0,0,0,0,0,0,0
61800,9964,961,19,3,9,0,2,0,6,0,0,0,0,0,0,0,0,0
61900,9971,847,21,0,8,0,0,0,0,1,0,0,0,0,0,0,0,0
62000,9908,1051,79,0,9,0,1,0,2,0,1,0,0,0,0,0,0,0
62100,9859,1121,116,2,9,1,5,0,9,0,2,0,0,0,0,0,0,0
62200,9845,1109,125,0,9,4,3,0,17,1,0,0,0,0,0,0,1,0
62300,9886,1032,94,4,12,0,1,0,5,0,2,0,0,0,0,0,0,0
62400,9968,1283,16,3,8,1,5,0,2,2,1,1,0,0,0,0,0,0
62500,9960,1349,27,3,9,1,1,1,3,0,0,0,0,0,0,0,0,0
62600,9964,1544,24,0,7,0,1,1,4,0,0,0,0,0,0,0,0,0
62700,9966,1612,24,2,9,1,1,0,0,0,0,0,0,0,0,0,0,0
62800,9862,1631,121,1,7,0,4,0,4,0,2,0,0,0,0,0,0,0
62900,9870,1579,121,1,6,2,1,0,2,0,0,1,0,0,0,0,0,0
63000,9874,1666,121,0,1,0,1,0,2,0,1,0,0,0,0,0,0,0
63100,9872,1656,122,2,0,3,1,6,5,1,0,0,0,0,0,0,0,0
63200,9873,1311,119,1,2,0,3,17,2,0,1,0,0,0,0,0,0,0
63300,9875,1168,118,3,1,0,2,13,4,0,0,0,0,0,0,0,0,0
63400,9881,1258,116,2,1,0,2,0,0,0,0,0,0,0,0,0,0,0
63500,9874,1610,118,0,2,1,0,0,5,1,1,0,0,0,0,0,0,0
63600,9877,2157,119,1,2,2,1,0,1,1,0,0,0,0,0,0,0,0
63700,9875,1465,116,6,5,0,0,0,2,1,2,0,0,0,0,0,0,0
63800,9879,1430,117,11,1,1,0,0,3,0,0,0,0,0,0,0,0,0
63900,9875,1780,119,2,2,1,1,0,3,0,0,0,0,0,0,0,0,0
64000,9872,2078,121,6,2,4,0,0,3,0,2,0,0,0,0,0,0,0
64100,9853,1794,135,2,2,0,1,3,8,0,1,1,0,0,0,0,0,0
64200,9845,1793,150,0,2,0,2,0,1,0,0,1,0,0,0,0,0,0
64300,9851,1873,138,2,3,0,1,0,5,1,2,0,0,0,0,0,0,0
64400,9892,1614,105,0,1,0,0,0,2,2,0,0,0,0,0,0,0,0
64500,9894,1442,102,1,2,0,2,0,0,0,0,0,0,0,0,0,0,0
64600,9885,1802,105,4,3,1,4,0,2,3,1,2,0,0,0,0,0,0
64700,9897,1996,101,8,0,0,1,0,1,0,0,0,0,0,0,0,0,0
64800,9895,2273,100,10,2,1,0,0,2,0,1,1,0,0,0,0,0,0
64900,9893,2150,101,11,2,0,1,0,3,0,0,0,0,0,0,0,0,0
65000,9883,1974,105,3,2,0,7,0,3,0,0,0,0,0,0,0,0,0
65100,9889,1952,104,2,1,0,2,0,1,0,3,0,0,0,0,0,0,0
65200,9894,2116,103,3,0,0,1,1,2,0,0,0,0,0,0,0,0,0
65300,9894,1625,101,0,0,0,3,0,2,1,0,0,0,0,0,0,0,0
65400,9896,1852,101,0,2,1,1,0,0,0,0,0,0,0,0,0,0,0
65500,9895,2020,100,2,0,0,0,1,4,0,1,0,0,0,0,0,0,0
65600,9896,1988,100,1,0,0,1,0,3,1,0,0,0,0,0,0,0,0
65700,9889,2354,104,0,0,0,5,3,1,0,1,0,0,0,0,0,0,0
65800,9890,2450,103,1,3,1,1,0,2,0,1,0,0,0,0,0,0,0
65900,9893,2210,101,3,2,0,1,1,0,2,3,0,0,0,0,0,0,0
66000,9923,2352,69,4,0,2,0,1,7,1,1,0,0,0,0,0,0,0
66100,9998,2110,0,10,0,0,0,0,1,2,1,1,0,0,0,0,0,0
66200,9990,1515,3,3,2,0,2,0,3,2,0,0,0,0,0,0,0,0
66300,9994,1413,1,4,0,0,1,2,1,3,3,1,0,0,0,0,0,0
66400,9991,1380,0,1,4,1,0,0,5,0,0,1,0,0,0,0,0,0
66500,9993,1714,2,0,0,1,4,0,1,1,0,0,0,0,0,0,0,0
66600,9993,1988,2,1,1,0,2,1,0,1,2,1,0,0,0,0,0,0
66700,9997,2176,0,0,1,0,1,1,1,0,0,1,0,0,0,0,0,0
66800,9988,1808,5,3,1,1,2,0,3,1,1,0,0,0,0,0,0,0
66900,9986,2076,0,4,2,0,5,3,6,1,1,1,0,0,0,0,0,0
67000,9988,2388,1,0,3,0,4,4,3,0,1,0,0,0,0,0,0,0
67100,9997,2249,1,22,1,0,1,0,0,1,0,0,0,0,0,0,0,0
67200,9994,1981,2,1,0,0,3,1,1,0,0,0,0,0,0,0,0,0
67300,9991,1951,3,3,1,1,1,0,2,0,2,0,0,0,0,0,0,0
67400,9990,2046,4,1,2,0,1,0,2,0,1,0,0,0,0,0,0,0
67500,9994,1993,1,0,2,5,1,0,1,0,1,1,0,0,0,0,0,0
67600,9994,2097,2,0,2,4,1,1,0,0,1,0,0,0,0,0,0,0
67700,9996,2277,0,4,0,5,0,0,2,1,2,0,0,0,0,0,0,0
67800,9994,2610,0,2,1,4,2,1,2,0,1,0,0,0,0,0,0,0
67900,9990,2399,8,0,0,4,0,1,1,0,1,0,0,0,0,0,0,0
68000,9990,2562,5,1,0,0,1,2,4,0,0,0,0,0,0,0,0,0
68100,9989,2861,2,1,0,0,4,1,2,0,3,0,0,0,0,0,0,0
68200,9986,2596,2,1,3,0,4,0,3,2,2,0,0,0,0,0,0,0
68300,9991,2132,3,0,2,0,3,0,0,1,1,0,0,0,0,0,0,0
68400,9997,1846,0,0,1,0,0,0,1,0,1,0,0,0,0,0,0,0
68500,9991,2381,5,0,2,0,0,0,1,0,1,0,0,0,0,0,0,0
68600,9986,2866,6,2,3,0,1,1,2,1,2,1,0,0,0,0,0,0
68700,9992,2588,3,0,3,1,0,0,1,0,1,0,0,0,0,0,0,0
68800,9992,2492,3,2,3,0,1,0,1,0,0,1,0,0,0,0,0,0
68900,9985,2394,3,1,3,0,2,0,7,0,0,1,0,0,0,0,0,0
69000,9990,2491,3,1,0,1,3,0,2,1,2,0,0,0,0,0,0,0
69100,9986,2445,2,0,3,0,5,0,4,3,0,0,0,0,0,0,0,0
69200,9996,2877,1,0,1,0,0,0,1,0,1,0,0,0,0,0,0,0
69300,9993,2482,1,0,3,1,1,0,2,0,0,0,0,0,0,0,0,0
69400,9991,2769,3,2,0,1,4,1,1,0,1,0,0,0,0,0,0,0
69500,9997,2363,0,1,1,0,1,0,0,0,1,0,0,0,0,0,0,0
69600,9989,2215,0,0,1,0,3,1,5,0,2,0,0,0,0,0,0,0
69700,9991,2163,0,0,3,1,5,0,1,1,0,0,0,0,0,0,0,0
69800,9998,2318,0,0,2,1,0,0,0,0,0,1,0,0,0,0,0,0
69900,9993,2648,3,0,2,0,0,0,2,0,0,0,0,0,0,0,0,0
70000,9988,2660,0,2,4,1,4,0,3,0,1,0,0,0,0,0,0,0
70100,9996,2272,0,1,2,0,1,2,1,0,0,0,0,0,0,0,0,0
70200,9997,2358,0,4,0,0,1,0,1,0,1,0,0,0,0,0,0,0
70300,9990,2394,4,1,1,0,2,0,1,0,2,1,0,0,0,0,0,0
70400,9998,2077,0,0,0,0,1,0,1,1,0,0,0,0,0,0,0,0
70500,9988,2425,2,0,5,0,1,0,3,0,1,0,0,0,0,0,0,0
70600,9998,2138,0,0,1,0,0,0,0,1,0,0,1,0,0,0,0,0
70700,9990,1842,0,3,3,0,4,0,3,0,0,1,0,0,0,0,0,0
70800,9993,2556,0,4,3,0,3,0,1,0,0,1,0,0,0,0,0,0
70900,9992,2270,1,0,1,1,2,1,3,1,1,0,0,0,0,0,0,0
71000,9990,2192,2,1,2,0,4,0,2,1,0,1,0,0,0,0,0,0
71100,9994,2727,0,1,3,0,1,0,0,0,2,0,0,0,0,0,0,0
71200,9985,2591,4,0,3,0,1,2,5,1,2,0,0,0,0,0,0,0
71300,9993,2689,3,0,2,1,0,0,1,0,1,0,0,0,0,0,0,0
71400,9989,2833,1,2,2,0,3,1,3,0,2,0,0,0,0,0,0,0
71500,9992,2696,0,4,4,2,1,0,2,0,1,0,0,0,0,0,0,0
71600,9995,2788,3,5,1,1,0,0,1,0,0,0,0,0,0,0,0,0
71700,9991,2684,3,3,4,0,1,0,1,1,0,1,0,0,0,0,0,0
71800,9987,2868,2,1,2,2,4,0,4,1,1,0,0,0,0,0,0,0
71900,9994,2016,1,2,1,3,4,0,0,0,0,0,0,0,0,0,0,0
72000,9992,2372,0,0,1,1,4,1,2,2,1,0,0,0,0,0,0,0
72100,9994,2554,1,0,1,1,1,0,3,0,0,1,0,0,0,0,0,0
72200,9995,2657,0,2,1,0,1,0,2,1,1,0,0,0,0,0,0,0
72300,9991,2487,3,0,1,0,4,1,1,0,0,0,0,0,0,0,0,0
72400,9988,2252,0,0,4,0,2,0,5,1,1,2,0,0,0,0,0,0
72500,9990,2581,0,2,1,0,1,0,4,0,4,0,0,0,0,0,0,0
72600,9987,2417,2,5,4,0,3,0,2,0,2,0,0,0,0,0,0,0
72700,9996,2892,0,3,0,0,1,0,2,0,1,0,0,0,0,0,0,0
72800,9993,2961,1,0,2,0,0,0,3,0,1,0,0,0,0,0,0,0
72900,9992,2792,2,1,0,1,2,0,4,0,0,1,0,0,0,0,0,0
73000,9997,2522,2,1,1,12,0,0,0,1,0,0,0,0,0,0,0,0
73100,9997,2651,0,0,1,15,0,2,1,0,1,0,0,0,0,0,0,0
73200,9993,2091,1,0,2,3,0,3,3,0,1,0,0,0,0,0,0,0
73300,9989,2394,1,0,3,0,5,1,1,0,1,0,0,0,0,0,0,0
73400,9997,2562,1,0,1,0,0,1,1,1,0,0,0,0,0,0,0,0
73500,9995,2442,0,2,0,0,2,0,3,0,0,0,0,0,0,0,0,0
73600,9992,2313,0,6,2,0,2,0,3,2,1,0,0,0,0,0,0,0
73700,9993,1869,0,19,0,0,3,0,4,0,0,0,0,0,0,0,0,0
73800,9994,2670,1,22,0,1,1,0,4,0,0,0,0,0,0,0,0,0
73900,9994,3167,0,13,3,0,2,1,1,1,0,0,0,0,0,0,0,0
74000,9993,2803,0,12,2,0,1,0,2,0,2,0,0,0,0,0,0,0
74100,9983,2523,6,12,3,0,5,0,3,0,0,0,0,0,0,0,0,0
74200,9997,2515,0,1,1,0,0,0,1,0,1,0,0,0,0,0,0,0
74300,9999,2483,0,31,0,0,0,1,1,2,0,1,0,1,0,0,0,0
74400,9992,2314,0,20,3,1,1,1,2,1,2,0,0,0,0,0,0,0
74500,9993,1904,2,2,1,0,1,0,1,0,2,0,0,0,0,0,0,0
74600,9998,2598,1,6,1,1,0,0,0,4,0,0,0,0,0,0,0,0
74700,9997,3072,1,18,1,0,0,2,0,0,1,0,0,0,0,0,0,0
74800,9988,3079,5,21,2,1,3,0,2,0,0,0,0,0,0,0,0,0
74900,9894,2859,101,18,1,0,0,0,4,0,0,1,0,0,0,0,0,0
75000,9896,2369,101,3,1,0,2,0,0,0,0,0,0,0,0,0,0,0
75100,9895,2978,100,2,2,0,0,0,2,0,1,0,0,0,0,0,0,0
75200,9894,3203,100,0,2,1,2,0,1,2,1,0,0,0,0,0,0,0
75300,9889,2568,100,2,4,1,5,0,2,1,0,0,0,0,0,0,0,0
75400,9891,2332,102,0,1,1,1,1,4,1,1,1,0,0,0,0,0,0
75500,9892,2590,100,0,1,2,5,2,0,0,2,1,0,0,0,0,0,0
75600,9892,2577,104,0,1,1,0,1,3,1,0,0,0,0,0,0,0,0
75700,9895,2641,100,0,0,0,0,0,3,2,2,0,0,0,0,0,0,0
75800,9892,1927,101,5,1,1,3,0,1,2,2,0,0,0,0,0,0,0
75900,9895,1557,101,10,1,0,1,1,2,0,0,0,0,0,0,0,0,0
76000,9895,1510,103,0,1,2,0,0,0,0,1,0,0,0,0,0,0,0
76100,9894,1725,101,7,2,0,2,0,1,0,0,0,0,0,0,0,0,0
76200,9893,1591,104,0,1,0,1,0,1,0,0,0,0,0,0,0,0,0
76300,9891,1634,102,0,1,0,4,0,2,1,0,0,0,0,0,0,0,0
76400,9870,1476,104,0,3,1,15,3,5,0,3,0,0,0,0,0,0,0
76500,9889,1271,100,1,2,0,6,1,1,0,2,0,0,0,0,0,0,0
76600,9881,947,104,1,3,0,11,0,0,0,1,0,0,0,0,0,0,0
76700,9882,1122,106,0,1,0,8,1,3,0,0,0,0,0,0,0,0,0
76800,9886,1250,102,1,1,0,8,0,3,0,0,0,0,0,0,0,0,0
76900,9880,1158,111,14,0,0,6,0,1,0,2,0,0,0,0,0,0,0
77000,9875,1321,110,32,2,0,10,0,3,1,0,0,0,0,0,0,0,0
77100,9873,1412,109,15,0,0,13,0,3,0,2,0,0,0,0,0,0,0
77200,9880,1327,109,1,2,0,5,0,3,0,1,0,0,0,0,0,0,0
77300,9872,1355,112,0,2,1,11,0,1,1,2,0,0,0,0,0,0,0
77400,9878,1242,110,6,0,0,5,0,6,0,1,0,0,0,0,0,0,0
77500,9876,1388,112,13,2,0,3,0,5,0,2,0,0,0,0,0,0,0
77600,9876,1436,114,4,2,0,6,1,2,1,0,0,0,0,0,0,0,0
77700,9874,966,111,1,2,0,8,0,5,0,0,0,0,0,0,0,0,0
77800,9877,1193,110,0,1,1,5,0,6,1,1,0,0,0,0,0,0,0
77900,9868,1441,113,31,4,0,8,1,4,0,3,0,0,0,0,0,0,0
78000,9881,1661,109,3,1,0,8,0,1,0,0,0,0,0,0,0,0,0
78100,9880,1650,107,5,1,1,6,0,6,1,0,0,0,0,0,0,0,0
78200,9889,1654,103,3,0,0,7,0,0,0,1,0,0,0,0,0,0,0
78300,9880,1650,100,10,4,0,7,2,9,1,0,1,0,0,0,0,0,0
78400,9888,2136,102,15,1,0,8,0,0,0,1,0,0,0,0,0,0,0
78500,9885,1908,102,12,1,0,10,0,1,1,1,0,0,0,0,0,0,0
78600,9881,1897,103,22,3,0,9,0,4,0,0,0,0,0,0,0,0,0
78700,9886,2288,107,13,2,2,5,1,0,0,0,1,0,0,0,0,0,0
78800,9878,2184,109,3,0,1,7,0,5,0,1,0,0,0,0,0,0,0
78900,9878,1803,103,0,4,1,10,1,4,0,1,0,0,0,0,0,0,0
79000,9889,1545,100,0,1,1,7,1,2,0,1,0,0,0,0,0,0,0
79100,9911,1711,80,0,1,0,7,0,1,0,0,0,0,0,0,0,0,0
79200,9984,1693,1,1,2,0,9,0,3,1,1,0,0,0,0,0,0,0
79300,9989,1820,2,2,1,0,6,0,0,0,2,0,0,0,0,0,0,0
79400,9983,2195,4,0,1,0,9,0,3,1,0,0,0,0,0,0,0,0
79500,9984,2027,5,2,0,0,11,3,0,0,0,0,0,0,0,0,0,0
79600,9988,2039,2,3,1,0,4,0,4,0,1,0,0,0,0,0,0,0
79700,9989,1753,1,0,3,0,6,0,1,0,0,1,0,0,0,0,0,0
79800,9984,1611,3,2,0,0,9,3,3,0,1,0,0,0,0,0,0,0
79900,9982,1628,5,0,2,0,10,0,1,0,0,0,0,0,0,0,0,0
80000,9981,1410,4,0,1,0,8,0,4,0,2,0,0,0,0,0,0,0
80100,9980,1435,6,0,0,0,12,3,1,0,1,0,0,0,0,0,0,0
80200,9988,1340,4,4,1,1,2,1,5,3,0,0,0,0,0,0,0,0
80300,9981,1244,10,0,2,0,5,0,2,1,0,0,0,0,0,0,0,0
80400,9978,1188,13,1,4,0,4,0,1,0,0,0,0,0,0,0,0,0
80500,9976,1172,13,9,2,0,7,0,2,0,0,0,0,0,0,0,0,0
80600,9972,1327,14,11,0,0,12,0,2,0,0,0,0,0,0,0,0,0
80700,9980,1386,8,21,1,0,11,0,0,0,0,0,0,0,0,0,0,0
80800,9986,1651,3,11,2,0,0,0,6,0,3,0,0,0,0,0,0,0
80900,9994,1681,4,16,1,0,0,0,1,0,0,0,0,0,0,0,0,0
81000,9989,2089,3,7,2,0,4,0,2,0,0,0,0,0,0,0,0,0
81100,9974,1894,9,2,4,0,6,0,7,0,0,0,0,0,0,0,0,0
81200,9982,2083,11,2,3,0,0,1,3,1,1,0,0,0,0,0,0,0
81300,9990,2189,8,4,0,0,0,1,1,0,1,0,0,0,0,0,0,0
81400,9986,2152,7,2,0,1,3,1,4,0,0,0,0,0,0,0,0,0
81500,9921,2397,75,0,0,1,2,0,0,0,2,0,0,0,0,0,0,0
81600,9891,2504,102,0,2,0,3,1,2,0,0,1,0,0,0,0,0,0
81700,9886,2221,100,0,3,0,0,0,10,0,1,0,0,0,0,0,0,0
81800,9891,1908,101,2,3,0,2,0,3,1,0,0,0,0,0,0,0,0
81900,9884,1788,105,1,6,0,2,0,3,0,0,0,0,0,0,0,0,0
82000,9897,1851,101,4,1,0,1,0,0,0,0,1,0,0,0,0,0,0
82100,9891,1843,98,2,4,1,4,0,1,0,2,0,0,0,0,0,0,0
82200,9890,1813,105,9,0,0,3,0,1,0,1,0,0,0,0,0,0,0
82300,9893,1654,102,0,2,0,2,0,1,0,0,0,0,0,0,0,0,0
82400,9881,1567,104,12,2,1,6,0,7,0,0,0,0,0,0,0,0,0
82500,9895,1563,100,34,2,0,0,0,2,0,1,0,0,0,0,0,0,0
82600,9894,1554,102,20,0,0,4,0,0,0,0,0,0,0,0,0,0,0
82700,9890,1520,105,13,2,0,1,0,1,1,1,2,0,0,0,0,0,0
82800,9891,1832,105,0,0,0,1,0,3,0,0,0,0,0,0,0,0,0
82900,9884,1838,102,1,3,0,3,0,6,1,2,1,0,0,0,0,0,0
83000,9893,1935,101,0,2,0,0,0,1,0,3,0,0,0,0,0,0,0
83100,9890,1736,102,0,0,0,5,0,1,1,2,0,0,0,0,0,0,0
83200,9889,1721,103,1,2,0,2,0,1,0,3,0,0,0,0,0,0,0
83300,9890,1517,102,0,0,0,4,0,4,0,0,0,0,0,0,0,0,0
83400,9883,1562,106,0,1,0,9,0,0,2,1,0,0,0,0,0,0,0
83500,9891,1435,103,2,2,0,1,0,2,0,1,0,0,0,0,0,0,0
83600,9890,1218,97,0,2,1,6,0,4,0,1,0,0,0,0,0,0,0
83700,9926,1139,70,0,0,0,2,1,1,1,1,0,0,0,0,0,0,0
83800,9913,1069,82,0,0,0,3,0,0,0,2,0,0,1,0,0,0,0
83900,9910,1316,82,3,2,0,0,0,5,0,1,0,0,0,0,0,0,0
84000,9916,1478,78,1,2,0,1,0,3,0,0,0,0,0,0,0,0,0
84100,9927,1432,72,1,0,0,0,2,0,0,1,0,0,0,0,0,0,0
84200,9954,1491,40,4,2,1,0,0,2,0,2,0,0,0,0,0,0,0
84300,9966,1793,29,7,0,0,1,1,3,4,1,0,0,0,0,0,0,0
84400,9985,1672,12,20,0,1,0,0,2,0,1,0,0,0,0,0,0,0
84500,9979,2209,16,23,1,0,1,1,1,1,2,0,0,0,0,0,0,0
84600,9965,2888,30,1,1,1,1,0,2,1,1,0,0,0,0,0,0,0
84700,9961,2669,32,0,0,0,4,0,1,0,2,0,0,0,0,0,0,0
84800,9979,2531,9,0,3,0,2,0,5,0,2,0,0,0,0,0,0,0
84900,9990,2493,4,3,1,0,4,1,1,0,0,0,0,0,0,0,0,0
85000,9990,2169,3,1,2,0,0,0,4,0,1,0,0,0,0,0,0,0
85100,9990,2502,4,1,0,1,0,0,5,0,1,0,0,0,0,0,0,0
85200,9991,2065,3,0,3,0,1,0,1,0,0,0,1,0,0,0,0,0
85300,9991,1463,6,1,1,0,2,0,0,0,0,1,0,0,0,0,0,0
85400,9989,1553,5,2,0,0,0,0,3,1,3,0,0,0,0,0,0,0
85500,9990,1452,8,0,1,0,1,0,0,0,0,0,0,0,0,0,0,0
85600,9976,997,12,0,2,1,5,1,3,0,2,0,0,0,0,0,0,0
85700,9986,1222,9,0,1,0,1,3,2,0,1,0,0,0,0,0,0,0
85800,9980,1528,14,1,1,2,3,0,1,0,1,0,0,0,0,0,0,0
85900,9988,1625,10,2,0,0,0,0,2,1,0,0,0,0,0,0,0,0
86000,9978,1334,16,1,2,0,1,1,3,1,0,0,0,0,0,0,0,0
86100,9981,1341,14,4,1,0,0,0,3,1,1,0,0,0,0,0,0,0
86200,9990,1345,5,5,1,1,0,0,3,2,1,0,0,0,0,0,0,0
86300,9992,1422,4,3,0,0,0,0,4,0,0,0,0,0,0,0,0,0
86400,9983,1419,11,5,2,0,0,0,3,1,1,2,0,0,0,0,0,0
86500,9996,1590,1,1,2,0,0,0,1,2,0,0,0,0,0,0,0,0
86600,9987,1703,5,0,1,0,0,0,7,2,0,0,0,0,0,0,0,0
86700,9988,1707,4,0,1,1,2,0,5,1,0,0,0,0,0,0,0,0
86800,9983,1506,10,0,0,1,5,0,1,0,1,0,0,0,0,0,0,0
86900,9991,1325,6,0,2,1,0,1,0,0,1,0,0,0,0,0,0,0
87000,9983,1343,6,0,3,0,5,0,2,2,1,0,0,0,0,0,0,0
87100,9987,1975,7,1,2,1,0,0,1,2,3,0,0,0,0,0,0,0
87200,9992,2503,1,3,2,1,1,0,4,1,0,0,0,0,0,0,0,0
87300,9988,2175,4,1,3,0,1,1,3,0,1,0,0,0,0,0,0,0
87400,9988,1642,3,3,1,1,2,0,6,1,0,1,0,0,0,0,0,0
87500,9989,1488,6,0,2,1,2,0,1,0,0,0,0,0,0,0,0,0
87600,9993,1444,4,2,0,0,0,0,2,1,1,0,0,0,0,0,0,0
87700,9993,1649,2,1,2,0,1,0,2,0,0,0,0,0,0,0,0,0
87800,9989,1671,3,5,1,0,1,0,6,0,0,0,0,0,0,0,0,0
87900,9976,1579,18,0,1,0,2,0,3,1,0,0,0,0,0,0,0,0
88000,9965,1770,28,0,2,0,3,0,1,1,1,0,0,0,0,0,0,0
88100,9962,1781,26,0,3,0,4,0,5,1,0,2,0,0,0,0,0,0
88200,9951,1414,42,2,3,1,2,0,2,1,0,0,0,0,0,0,0,0
88300,9867,1800,126,2,4,0,0,1,3,0,0,1,0,0,0,0,0,0
88400,9869,2168,129,2,0,1,0,0,2,1,0,1,0,0,0,0,0,0
88500,9865,2049,127,0,2,0,0,1,5,0,1,0,0,0,0,0,0,0
88600,9866,1910,125,1,2,0,4,1,3,0,0,0,0,0,0,0,0,0
88700,9863,1931,128,0,0,0,2,0,6,0,1,0,0,0,0,0,0,0
88800,9860,1864,136,2,1,1,1,0,2,1,0,0,0,0,0,0,0,0
88900,9842,1342,144,0,3,0,3,0,4,0,4,0,0,0,0,0,0,0
89000,9853,1537,145,4,0,0,1,0,1,0,0,0,0,0,0,0,0,0
89100,9849,1474,143,0,1,0,4,0,2,1,1,0,0,0,0,0,0,0
89200,9854,1515,143,0,2,0,1,0,0,0,0,1,0,0,0,0,0,0
89300,9849,1584,146,0,1,0,2,0,2,1,0,0,0,0,0,0,0,0
89400,9850,1822,147,0,1,0,1,0,0,1,1,0,0,0,0,0,0,0
89500,9845,2304,144,0,2,0,6,0,2,0,1,0,0,0,0,0,0,0
89600,9845,2500,144,0,0,0,4,0,7,0,0,0,0,0,0,0,0,0
89700,9849,2041,142,1,4,0,2,0,0,0,3,0,0,0,0,0,0,0
89800,9855,1939,142,2,1,0,0,1,2,0,0,0,0,0,0,0,0,0
89900,9851,1961,144,0,0,0,2,3,1,1,2,0,0,0,0,0,0,0
90000,9859,1935,137,2,1,0,1,0,0,0,2,0,0,0,0,0,0,0
90100,9947,1976,48,0,1,0,1,0,2,1,1,0,0,0,0,0,0,0
90200,9978,2080,21,0,0,0,0,1,1,0,0,0,0,0,0,0,0,0
90300,9979,2172,17,2,1,0,2,0,0,0,1,0,0,0,0,0,0,0
90400,9971,1696,19,3,3,0,1,1,6,0,0,0,0,0,0,0,0,0
90500,9977,1726,19,0,2,1,0,3,1,1,1,0,0,0,0,0,0,0
90600,9973,1910,17,2,3,1,2,0,3,0,2,0,0,0,0,0,0,0
90700,9976,1915,18,5,3,1,1,0,1,1,1,0,0,0,0,0,0,0
90800,9972,1752,17,3,0,0,7,0,3,0,1,0,0,0,0,0,0,0
90900,9974,1823,21,3,2,0,1,0,2,1,0,0,0,0,0,0,0,0
91000,9975,1515,19,0,2,0,2,1,2,0,0,0,0,0,0,0,0,0
91100,9977,1314,18,2,1,0,2,0,1,0,1,0,0,0,0,0,0,0
91200,9978,1370,19,15,0,0,1,0,2,0,0,0,0,0,0,0,0,0
91300,9974,1575,17,29,3,0,1,0,3,0,2,0,0,0,0,0,0,0
91400,9963,1212,21,26,2,0,8,0,3,0,3,0,0,0,0,0,0,0
91500,9919,1056,77,27,1,0,2,0,1,0,0,0,0,0,0,0,0,0
91600,9873,1069,122,27,3,1,2,0,0,0,0,0,0,0,0,0,0,0
91700,9879,1118,118,26,1,0,1,0,1,0,0,0,0,0,0,0,0,0
91800,9872,1363,117,37,2,0,7,0,1,0,1,0,0,0,0,0,0,0
91900,9878,1029,118,54,3,0,1,1,0,0,0,0,0,0,0,0,0,0
92000,9875,1025,119,53,3,0,1,0,1,1,1,0,0,0,0,0,0,0
92100,9875,1063,118,53,1,0,3,1,2,0,1,1,0,0,0,0,0,0
92200,9875,1114,119,55,2,0,2,0,1,0,1,0,0,0,0,0,0,0
92300,9878,1459,117,33,1,2,0,0,2,0,2,0,0,0,0,0,0,0
92400,9878,1339,117,26,1,2,1,0,1,0,2,0,0,0,0,0,0,0
92500,9876,1559,118,27,1,0,3,0,2,0,0,1,0,0,0,0,0,0
92600,9873,1504,118,27,1,0,7,0,1,0,0,0,0,0,0,0,0,0
92700,9873,1673,118,26,1,1,1,0,6,1,1,0,0,0,0,0,0,0
92800,9863,2039,125,27,4,0,0,0,7,0,1,0,0,0,0,0,0,0
92900,9849,1986,148,27,1,0,0,0,1,0,1,0,0,0,0,0,0,0
93000,9844,1964,151,26,3,0,1,0,1,0,0,0,0,0,0,0,0,0
93100,9833,1682,157,28,4,1,2,0,3,0,1,0,0,0,0,0,0,0
93200,9826,1789,168,27,2,0,3,1,1,0,0,0,0,0,0,0,0,0
93300,9819,2068,175,29,2,0,3,1,1,0,0,0,0,0,0,0,0,0
93400,9824,1979,166,27,2,1,4,0,3,0,1,0,0,0,0,0,0,0
93500,9846,2019,149,17,2,0,0,1,3,0,0,0,0,0,0,0,0,0
93600,9846,2227,149,2,0,0,0,0,5,0,0,0,0,0,0,0,0,0
93700,9845,2313,148,3,4,0,2,0,1,1,0,0,0,0,0,0,0,0
93800,9849,2250,146,2,2,1,1,0,2,0,0,0,0,0,0,0,0,0
93900,9853,2004,142,0,0,0,2,0,2,0,1,0,0,0,0,0,0,0
94000,9859,1848,136,0,2,0,1,0,1,0,1,0,0,0,0,0,0,0
94100,9859,1821,131,0,1,0,5,1,3,0,1,0,0,0,0,0,0,0
94200,9849,1405,149,1,0,2,0,1,2,1,0,0,0,0,0,0,0,0
94300,9836,1389,158,0,2,0,0,0,0,1,3,0,1,0,0,0,0,0
94400,9837,1578,159,0,0,1,1,0,2,0,1,0,0,0,0,0,0,0
94500,9842,1650,156,1,2,0,0,0,0,0,0,0,0,0,0,0,0,0
94600,9840,1788,154,0,1,0,0,4,3,0,2,0,0,0,0,0,0,0
94700,9842,1606,155,2,2,0,1,1,0,0,0,3,0,0,0,0,0,0
94800,9835,1471,156,4,2,1,3,1,2,0,2,0,0,0,0,0,0,0
94900,9864,1274,130,0,0,0,3,0,2,0,1,1,0,0,0,0,0,0
95000,9871,1232,123,1,1,0,0,0,3,0,2,0,0,0,0,0,0,0
95100,9870,1318,124,0,2,0,1,0,2,1,1,0,0,0,0,0,0,0
95200,9873,1801,123,0,1,0,1,0,1,1,1,0,0,0,0,0,0,0
95300,9868,1819,125,2,1,0,1,1,4,0,1,0,0,0,0,0,0,0
95400,9854,1856,136,3,3,0,0,0,5,0,2,3,0,0,0,0,0,0
95500,9849,1550,144,6,2,1,2,0,3,0,0,0,0,0,0,0,0,0
95600,9858,1301,139,5,3,0,0,0,0,0,0,0,0,0,0,0,0,0
95700,9867,1224,129,0,0,0,2,1,1,1,1,0,0,0,0,0,0,0
95800,9868,1139,127,0,2,1,1,0,2,0,0,0,0,0,0,0,0,0
95900,9870,1406,125,1,1,0,3,0,1,1,0,0,0,0,0,0,0,0
96000,9864,1320,128,0,2,1,2,2,4,0,0,0,0,0,0,0,0,0
96100,9874,1003,122,2,0,0,2,0,2,0,0,0,0,0,0,0,0,0
96200,9898,1105,100,16,1,0,0,2,1,0,0,0,0,0,0,0,0,0
96300,9888,1471,103,16,0,0,3,0,6,1,0,0,0,0,0,0,0,0
96400,9893,1107,101,8,0,0,3,0,2,1,1,0,0,0,0,0,0,0
96500,9898,876,100,4,1,0,0,0,0,0,1,0,0,0,0,0,0,0
96600,9894,987,101,13,1,0,1,1,3,0,0,0,0,0,0,0,0,0
96700,9897,1081,101,1,0,0,0,1,2,0,0,0,0,0,0,0,0,0
96800,9895,1032,100,0,3,0,1,0,1,0,0,0,0,0,0,0,0,0
96900,9894,1160,101,3,1,0,3,0,1,0,0,0,0,0,0,0,0,0
97000,9897,1339,100,2,2,0,1,2,0,0,0,0,0,0,0,0,0,0
97100,9891,1310,101,0,2,1,2,0,4,1,0,0,0,0,0,0,0,0
97200,9890,1074,102,0,3,0,0,0,4,0,1,0,0,0,0,0,0,0
97300,9893,1057,100,0,1,0,0,0,5,0,1,1,0,0,0,0,0,0
97400,9896,777,101,0,2,1,1,0,0,1,0,0,0,0,0,0,0,0
97500,9900,749,100,0,0,0,0,0,0,1,0,0,0,0,0,0,0,0
97600,9893,943,104,0,1,0,0,0,2,0,0,0,0,0,0,0,0,0
97700,9893,962,100,0,1,0,1,0,3,0,2,0,0,0,0,0,0,0
97800,9897,1202,101,0,0,1,0,0,2,0,0,1,0,0,0,0,0,0
97900,9897,1234,100,2,0,1,2,0,0,0,1,0,0,0,0,0,0,0
98000,9900,1381,100,0,0,0,0,0,0,1,0,0,0,0,0,0,0,0
98100,9894,1372,100,1,1,0,3,0,1,0,1,1,0,0,0,0,0,0
98200,9879,1312,111,1,2,1,5,0,3,1,0,0,0,0,0,0,0,0
98300,9879,1218,110,0,1,0,2,0,7,0,1,0,0,0,0,0,0,0
98400,9886,1292,107,0,2,0,0,0,4,1,1,0,0,0,0,0,0,0
98500,9870,1245,121,0,3,0,1,0,2,1,3,0,0,0,0,0,0,0
98600,9874,1271,123,1,3,0,0,0,0,0,0,1,0,0,0,0,0,0
98700,9879,1254,116,0,2,0,0,0,2,1,1,1,0,0,0,0,0,0
98800,9888,1199,107,0,1,0,3,0,1,1,0,0,0,0,0,0,0,0
98900,9968,1253,27,0,2,0,2,0,1,0,0,0,0,0,0,0,0,0
99000,9987,1148,4,0,1,0,3,0,4,0,1,0,0,0,0,0,0,0
99100,9993,1240,3,0,0,0,0,0,4,0,0,0,0,0,0,0,0,0
99200,9989,1435,3,0,3,0,1,0,3,2,1,0,0,0,0,0,0,0
99300,9997,1741,0,0,1,0,1,0,0,0,1,0,0,0,0,0,0,0
99400,9994,1658,3,3,1,0,0,0,0,1,2,0,0,0,0,0,0,0
99500,9987,1377,10,0,1,0,1,0,1,0,0,0,0,0,0,0,0,0
99600,9987,1537,11,0,0,0,1,0,1,0,0,0,0,0,0,0,0,0
99700,9976,1344,13,0,1,0,3,0,5,0,2,0,0,0,0,0,0,0
99800,9988,1581,9,0,1,0,0,0,2,0,0,0,0,0,0,0,0,0
99900,9981,2005,15,0,1,0,1,0,2,0,0,0,0,0,0,0,0,0
100000,9970,2010,18,0,2,0,1,0,7,0,2,0,0,0,0,0,0,0
