update,host_task_NOT,sym_task_NOT,host_task_NAND,sym_task_NAND,host_task_AND,sym_task_AND,host_task_ORN,sym_task_ORN,host_task_OR,sym_task_OR,host_task_ANDN,sym_task_ANDN,host_task_NOR,sym_task_NOR,host_task_XOR,sym_task_XOR,host_task_EQU,sym_task_EQU
0,0,0,0,0,0,0,0,0,0,0,0,0,0,0,0,0,0,0
100,9998,38371,0,1,0,7,1,3,2,2,1,1,0,0,0,0,0,0
200,9994,33248,0,4,4,9,1,5,0,3,1,1,0,0,0,0,0,0
300,9994,33202,0,4,1,3,2,1,1,7,2,3,0,0,0,0,0,0
400,9995,33195,0,4,2,8,0,1,2,5,1,0,0,0,0,0,0,0
500,9998,33219,0,7,1,10,0,0,1,5,0,4,0,0,0,0,0,0
600,9997,28010,0,5,0,6,2,3,0,7,1,5,0,0,0,0,0,0
700,9996,25955,0,4,2,7,0,2,2,4,0,4,0,0,0,0,0,0
800,9992,25837,0,1,0,4,1,1,7,5,0,2,0,0,0,0,0,0
900,9995,25912,0,0,4,6,1,3,0,4,0,3,0,0,0,0,0,0
1000,9989,25786,0,4,4,5,2,7,5,5,0,3,0,0,0,0,0,0
1100,9993,23177,1,2,0,7,2,3,4,4,0,3,0,0,0,0,0,0
1200,9986,20160,5,3,8,4,0,2,1,4,0,4,0,0,0,0,0,0
1300,9987,20184,4,6,2,2,2,3,3,5,2,3,0,0,0,0,0,0
1400,9990,20207,4,3,1,2,0,4,3,5,2,2,0,0,0,0,0,0
1500,9991,20171,5,6,1,5,2,4,0,2,1,3,0,0,0,0,0,0
1600,9987,19130,8,7,3,5,0,3,2,3,0,2,0,0,0,0,0,0
1700,9987,16186,6,8,3,6,2,0,2,4,0,2,0,0,0,0,0,0
1800,9987,16051,4,6,2,2,2,3,3,6,2,0,0,0,0,0,0,0
1900,9985,16026,7,5,2,3,3,1,2,2,1,2,0,0,0,0,0,0
2000,9987,16093,5,3,1,5,0,1,5,0,2,0,0,0,0,0,0,0
2100,9988,16063,4,5,3,3,0,2,3,3,2,1,0,0,0,0,0,0
2200,9986,12965,6,1,3,1,1,5,2,6,2,0,0,0,0,0,0,0
2300,9984,13042,8,2,3,2,1,3,4,6,0,0,0,1,0,0,0,0
2400,9981,12997,9,3,4,2,2,0,3,4,1,1,0,0,0,0,0,0
2500,9980,13008,10,6,2,6,4,0,3,2,1,0,0,0,0,0,0,0
2600,9980,13156,8,4,2,4,3,0,4,3,3,0,0,0,0,0,0,0
2700,9981,11351,8,6,6,4,1,4,3,2,1,1,0,0,0,0,0,0
2800,9986,10771,8,0,1,2,1,1,2,2,2,3,0,0,0,0,0,0
2900,9987,10699,9,1,1,1,2,5,1,1,0,0,0,0,0,0,0,0
3000,9986,10677,8,8,2,3,1,2,3,3,0,2,0,0,0,0,0,0
3100,9983,10682,9,12,4,0,2,3,2,3,0,0,0,0,0,0,0,0
3200,9980,9676,12,3,2,1,5,0,1,1,0,0,0,0,0,0,0,0
3300,9967,8935,16,8,5,0,8,3,4,1,0,0,0,0,0,0,0,0
3400,9980,8928,12,5,2,1,4,3,0,8,2,0,0,0,0,0,0,0
3500,9980,8824,12,7,0,1,6,0,2,2,0,2,0,0,0,0,0,0
3600,9971,8736,12,4,2,1,10,1,2,1,1,0,2,0,0,0,0,0
3700,9976,8313,14,1,1,0,4,1,3,0,2,1,0,0,0,0,0,0
3800,9965,7323,20,1,2,2,6,2,4,3,3,0,0,0,0,0,0,0
3900,9965,7450,21,6,2,2,7,2,3,2,1,2,1,0,0,0,0,0
4000,9963,7463,26,10,1,0,9,1,1,3,0,0,0,0,0,0,0,0
4100,9951,7570,29,20,6,1,8,3,4,2,2,1,0,0,0,0,0,0
4200,9946,7538,32,19,2,2,6,2,13,1,1,0,0,0,0,0,0,0
4300,9940,6336,40,20,1,1,12,1,4,2,3,0,0,0,0,0,0,0
4400,9938,6382,44,13,2,2,8,0,5,0,3,0,0,0,0,0,0,0
4500,9935,6436,47,22,0,0,13,2,4,3,1,1,0,0,0,0,0,0
4600,9939,6494,43,26,2,2,11,2,5,2,0,0,0,1,0,0,0,0
4700,9921,6531,61,16,3,1,10,1,4,2,1,0,0,0,0,0,0,0
4800,9928,5840,56,21,3,1,9,3,3,4,1,0,0,0,0,0,0,0
4900,9920,5724,60,14,2,1,16,3,1,0,1,2,0,0,0,0,0,0
5000,9919,5836,63,22,4,2,11,3,2,2,1,0,0,0,0,0,0,0
5100,9919,5885,67,15,1,1,9,2,4,4,0,0,0,0,0,0,0,0
5200,9907,5990,74,31,1,0,12,0,5,3,1,2,0,0,0,0,0,0
5300,9912,5570,64,21,8,1,12,1,3,0,1,0,0,0,0,0,0,0
5400,9926,5519,54,32,0,1,13,1,6,4,1,1,0,0,0,0,0,0
5500,9918,5612,66,38,2,1,8,0,6,4,0,0,0,0,0,0,0,0
5600,9903,5904,72,84,3,4,17,3,4,1,0,1,1,0,0,0,0,0
5700,9891,6073,82,88,3,3,15,29,7,4,2,3,0,0,0,0,0,0
5800,9908,5891,79,89,0,5,9,16,3,5,1,0,0,0,0,0,0,0
5900,9917,5241,70,96,0,2,7,12,2,2,4,3,0,0,0,0,0,0
6000,9916,5721,70,95,3,2,6,4,3,6,1,1,1,0,0,0,0,0
6100,9883,6367,106,101,1,1,8,3,2,2,0,1,0,0,0,0,0,0
6200,9862,6764,125,94,1,24,6,12,4,2,2,0,0,0,0,0,0,0
6300,9841,8121,144,225,0,6,2,29,10,8,3,2,0,0,0,0,0,0
6400,9826,7412,161,210,2,8,5,7,4,4,1,1,1,0,0,0,0,0
6500,9815,8573,170,282,1,5,9,4,5,6,0,6,0,0,0,0,0,0
6600,9777,10215,197,219,2,13,11,6,9,3,1,1,3,0,0,0,0,0
6700,9763,10627,225,194,2,5,3,5,5,2,2,0,0,0,0,0,0,0
6800,9738,12267,246,178,3,13,8,1,4,9,1,4,0,0,0,0,0,0
6900,9743,12186,242,205,2,5,5,1,6,10,2,0,0,1,0,0,0,0
7000,9731,13222,250,211,4,8,6,4,4,7,5,1,0,0,0,0,0,0
7100,9728,15084,254,134,4,6,9,8,2,4,3,0,0,0,0,0,0,0
7200,9677,16182,302,255,5,26,8,18,5,6,2,4,1,0,0,0,0,0
7300,9665,16850,321,280,2,5,9,6,0,5,3,0,0,0,0,0,0,0
7400,9687,17040,293,205,3,0,8,1,7,5,2,0,0,0,0,0,0,0
7500,9715,17016,271,180,5,10,3,5,4,5,2,5,0,0,0,0,0,0
7600,9715,16761,266,159,6,7,3,4,8,7,2,5,0,0,0,0,0,0
7700,9724,16423,259,171,5,11,3,6,6,5,2,0,1,0,0,0,0,0
7800,9714,17297,266,135,3,1,6,6,9,2,2,1,0,0,0,0,0,0
7900,9733,16872,249,136,5,10,3,6,6,9,4,2,0,0,0,0,0,0
8000,9768,16157,211,154,1,6,7,3,9,4,4,2,0,0,0,0,0,0
8100,9762,15920,186,140,3,5,43,5,3,2,2,0,1,0,0,0,0,0
8200,9724,16301,206,135,8,2,52,4,8,3,2,1,0,1,0,0,0,0
8300,9719,16538,215,134,4,4,57,13,5,13,0,1,0,0,0,0,0,0
8400,9699,15646,244,116,1,1,54,9,2,7,0,2,0,0,0,0,0,0
8500,9672,15043,268,100,5,4,53,10,1,6,1,1,0,1,0,0,0,0
8600,9661,16199,273,175,6,2,54,10,3,6,3,1,0,0,0,0,0,0
8700,9630,16877,309,121,3,1,53,12,5,3,0,1,0,0,0,0,0,0
8800,9635,15785,298,129,8,3,53,7,6,2,0,0,0,0,0,0,0,0
8900,9629,15258,309,130,4,6,54,3,3,3,1,2,0,0,0,0,0,0
9000,9620,13842,319,122,1,4,54,8,3,0,3,0,0,0,0,0,0,0
9100,9622,14815,323,115,3,4,51,2,1,6,0,0,0,0,0,0,0,0
9200,9678,14929,291,168,2,2,24,6,5,5,0,0,0,0,0,0,0,0
9300,9690,15798,289,158,7,1,7,5,4,6,3,1,0,0,0,0,0,0
9400,9658,14237,323,113,6,3,4,6,5,2,4,1,0,0,0,0,0,0
9500,9669,13899,316,105,7,9,0,5,5,3,2,1,1,0,0,0,0,0
9600,9644,14461,339,97,8,5,2,1,2,1,5,1,0,0,0,0,0,0
9700,9672,14751,318,137,3,6,2,6,3,3,2,1,0,0,0,0,0,0
9800,9658,14066,330,132,3,6,5,11,3,2,1,1,0,0,0,0,0,0
9900,9685,14326,303,92,3,1,2,3,4,5,3,7,0,0,0,0,0,0
10000,9696,14969,294,100,5,6,2,8,3,1,0,2,0,0,0,0,0,0
10100,9684,14550,299,118,5,6,5,5,5,8,2,1,0,0,0,0,0,0
10200,9721,13348,267,124,4,5,5,4,2,3,1,1,0,0,0,0,0,0
10300,9628,12916,353,143,5,0,9,4,4,2,1,1,0,0,0,0,0,0
10400,9649,12816,335,137,4,3,5,3,5,7,2,1,0,0,0,0,0,0
10500,9697,12108,285,113,4,4,5,4,9,2,0,2,0,0,0,0,0,0
10600,9722,12369,257,132,6,3,6,7,4,1,5,0,0,0,0,0,0,0
10700,9711,13768,275,138,6,2,2,6,3,2,2,0,1,0,0,0,0,0
10800,9649,13748,341,115,2,3,4,2,3,3,1,2,0,0,0,0,0,0
10900,9648,14443,332,126,6,1,9,5,4,7,1,0,0,0,0,0,0,0
11000,9610,14104,376,192,3,2,8,4,2,1,1,0,0,0,0,0,0,0
11100,9586,13453,394,156,6,6,5,7,6,3,3,0,0,0,0,0,0,0
11200,9653,12361,335,117,2,2,8,1,2,1,0,0,0,0,0,0,0,0
11300,9645,11642,336,101,3,1,10,1,4,5,2,0,0,0,0,0,0,0
11400,9696,10789,288,104,3,1,7,1,5,1,1,0,0,0,0,0,0,0
11500,9653,11020,334,102,5,3,3,3,4,3,1,1,0,0,0,0,0,0
11600,9618,10160,361,99,6,5,6,2,6,2,3,0,0,0,0,0,0,0
11700,9587,9968,401,92,4,2,3,5,5,7,0,0,0,0,0,0,0,0
11800,9569,10665,414,183,3,2,9,2,2,3,3,0,0,0,0,0,0,0
11900,9581,11217,398,95,6,3,7,7,7,7,1,2,0,0,0,0,0,0
12000,9615,10556,365,106,10,2,5,3,2,4,3,2,0,0,0,0,0,0
12100,9582,9680,394,144,11,3,9,2,3,3,1,3,0,0,0,0,0,0
12200,9585,10654,381,64,12,6,13,1,8,5,1,0,0,0,0,0,0,0
12300,9602,10579,382,103,9,2,3,0,4,4,0,2,0,0,0,0,0,0
12400,9549,9362,434,231,8,4,4,1,1,6,4,1,0,0,0,0,0,0
12500,9565,9954,418,209,9,1,3,0,4,4,1,2,0,0,0,0,0,0
12600,9576,10296,380,362,11,3,26,0,6,6,0,1,0,0,0,0,1,0
12700,9580,9299,381,312,12,2,22,3,4,6,1,1,0,0,0,1,0,0
12800,9551,8728,411,248,14,1,14,6,9,3,1,2,0,0,0,0,0,0
12900,9464,8716,478,249,42,2,11,1,2,3,3,1,0,0,0,0,0,0
13000,9434,7513,498,194,50,2,11,2,5,5,2,0,0,0,0,0,0,0
13100,9442,7476,501,236,48,4,7,1,1,6,1,0,0,0,0,0,0,0
13200,9442,7359,490,368,51,8,8,2,6,1,3,0,0,0,0,0,0,0
13300,9446,7451,486,479,51,1,12,4,4,3,1,1,0,0,0,0,0,0
13400,9463,7435,472,408,51,2,9,5,3,5,1,0,1,0,0,0,0,0
13500,9495,7231,435,294,47,1,14,3,8,6,1,4,0,0,0,0,0,0
13600,9453,7068,486,368,53,1,6,2,1,3,1,2,0,0,0,0,0,0
13700,9469,6388,469,374,51,2,6,30,3,7,2,0,0,0,0,0,0,0
13800,9467,5973,472,236,50,3,10,12,0,3,1,1,0,0,0,0,0,0
13900,9508,6265,438,349,48,1,3,1,2,2,1,1,0,0,0,0,0,0
14000,9497,6228,453,486,39,2,3,5,5,3,3,4,0,0,0,0,0,0
14100,9515,6881,443,363,37,1,2,2,3,1,0,0,0,0,0,0,0,0
14200,9438,7022,531,263,21,1,5,3,4,1,1,1,0,0,0,0,0,0
14300,9438,6855,548,281,8,3,4,53,1,2,1,1,0,0,0,0,0,0
14400,9434,6623,549,329,8,8,7,19,0,4,2,0,0,0,0,0,0,0
14500,9400,6502,577,352,11,6,4,3,5,7,3,1,0,0,0,0,0,0
14600,9373,6080,603,429,16,4,3,4,4,1,1,1,0,1,0,0,0,0
14700,9354,5601,628,380,11,5,2,1,3,1,2,1,0,0,0,0,0,0
14800,9333,6577,646,451,9,2,5,2,5,2,2,0,0,0,0,0,0,0
14900,9286,7360,696,561,11,1,3,5,4,3,0,0,0,0,0,0,0,0
15000,9299,6779,682,585,10,7,4,3,4,2,1,0,0,0,0,0,0,0
15100,9318,6737,664,626,9,6,6,3,2,5,1,0,0,0,0,0,0,0
15200,9324,6228,659,551,10,4,2,3,4,7,1,0,0,0,0,0,0,0
15300,9376,5850,609,564,7,2,3,3,4,3,1,0,0,0,0,0,0,0
15400,9378,5617,605,470,13,1,1,2,1,4,2,1,0,0,0,0,0,0
15500,9390,6187,598,403,7,1,1,2,2,5,2,0,0,0,0,0,0,0
15600,9417,6886,558,536,12,3,4,1,6,2,3,0,0,0,0,0,0,0
15700,9407,6508,573,656,8,2,7,3,2,0,3,2,0,0,0,0,0,0
15800,9438,5980,540,773,10,8,5,1,7,3,0,4,0,0,0,0,0,0
15900,9427,6216,547,730,13,2,4,3,8,3,1,4,0,0,0,0,0,0
16000,9436,5314,542,660,10,1,7,5,3,7,2,1,0,0,0,0,0,0
16100,9411,4865,551,474,11,2,12,3,11,1,4,2,0,0,0,0,0,0
16200,9416,4741,564,451,8,1,3,3,5,2,4,0,0,0,0,0,0,0
16300,9410,4623,566,492,9,2,7,1,5,4,3,0,0,0,0,0,0,0
16400,9450,4511,533,322,10,2,2,1,4,4,1,1,0,0,0,0,0,0
16500,9430,5006,552,382,11,2,2,2,2,2,3,4,0,0,0,0,0,0
16600,9469,5341,517,666,7,3,2,6,4,1,1,1,0,0,0,0,0,0
16700,9474,4947,503,713,8,0,8,2,6,2,1,1,0,0,0,0,0,0
16800,9488,5241,490,811,11,3,1,6,6,6,4,1,0,0,0,0,0,0
16900,9495,5798,476,731,10,2,12,5,5,5,2,1,0,0,0,0,0,0
17000,9506,4942,470,642,9,2,11,5,1,3,3,1,0,0,0,0,0,0
17100,9435,5231,522,728,11,6,24,5,5,4,3,0,0,0,0,0,0,0
17200,9416,4808,541,704,8,2,27,4,6,0,2,1,0,0,0,0,0,0
17300,9496,4846,460,622,15,1,22,5,7,1,0,1,0,0,0,0,0,0
17400,9503,5122,457,700,12,3,25,2,3,2,0,0,0,0,0,0,0,0
17500,9502,4674,451,1033,13,2,25,6,7,5,1,3,1,0,0,0,0,0
17600,9508,4573,449,675,15,1,24,1,1,3,3,4,0,0,0,0,0,0
17700,9516,3885,437,761,14,4,27,6,4,2,2,0,0,0,0,0,0,0
17800,9518,3903,436,894,19,3,25,1,1,3,1,1,0,0,0,0,0,0
17900,9532,3950,415,734,17,2,26,4,10,6,0,2,0,0,0,0,0,0
18000,9526,4251,427,863,13,1,27,2,3,4,4,1,0,0,0,0,0,0
18100,9567,3936,388,657,16,5,28,5,1,2,0,2,0,0,0,0,0,0
18200,9546,4203,405,689,15,2,31,5,3,3,0,1,0,0,0,0,0,0
18300,9582,3722,370,592,14,2,29,2,4,2,1,2,0,0,0,0,0,0
18400,9545,3532,420,329,9,2,23,5,1,3,2,1,0,0,0,0,0,0
18500,9518,3518,434,281,9,1,31,4,6,2,2,0,0,0,0,0,0,0
18600,9562,3265,396,418,11,3,26,2,4,6,1,2,0,0,0,0,0,0
18700,9587,3206,371,565,9,1,27,7,4,3,2,0,0,0,0,0,0,0
18800,9516,3202,432,611,12,4,30,2,6,2,4,3,0,0,0,0,0,0
18900,9536,3358,428,401,7,2,23,1,5,0,1,3,0,0,0,0,0,0
19000,9623,3359,336,200,10,3,25,8,4,5,2,2,0,0,0,0,0,0
19100,9687,3082,278,283,7,2,22,5,5,3,1,1,0,0,0,0,0,0
19200,9646,2667,327,224,10,7,12,4,3,1,2,0,0,0,0,0,0,0
19300,9612,2423,365,363,10,0,8,4,3,1,2,3,0,0,0,0,0,0
19400,9640,3162,337,485,12,1,5,4,5,3,1,2,0,0,0,0,0,0
19500,9655,3203,326,479,9,4,4,3,2,4,3,1,0,0,1,0,0,0
19600,9650,3233,327,572,13,1,6,1,3,4,1,0,0,0,0,0,0,0
19700,9650,3271,333,658,10,0,2,3,4,2,1,3,0,0,0,0,0,0
19800,9627,3467,357,627,8,0,4,2,2,0,2,0,0,0,0,0,0,0
19900,9632,3013,345,631,10,4,4,2,6,1,3,2,0,0,0,0,0,0
20000,9637,3439,339,589,9,3,5,0,8,2,2,2,0,0,0,0,0,0
20100,9636,3181,339,513,10,1,4,1,8,2,2,0,1,0,0,0,0,0
20200,9684,3189,297,565,9,2,3,1,5,2,1,0,1,1,0,0,0,0
20300,9647,3249,329,636,14,1,3,2,3,1,4,0,0,0,0,0,0,0
20400,9630,3365,347,587,11,1,4,4,5,2,3,4,0,0,0,0,0,0
20500,9643,3707,333,569,10,0,10,9,4,2,0,0,0,0,0,0,0,0
20600,9613,3500,364,689,8,1,5,2,9,3,1,0,0,0,0,0,0,0
20700,9639,2892,337,482,6,5,7,17,9,1,2,2,0,0,0,0,0,0
20800,9621,2851,364,551,5,0,1,1,5,3,4,3,0,0,0,0,0,0
20900,9647,3200,337,552,6,2,3,2,5,3,2,2,0,0,0,0,0,0
21000,9635,2999,352,621,6,3,4,0,0,4,2,1,0,0,1,0,0,0
21100,9629,2952,356,626,6,4,5,4,4,4,0,1,0,0,0,0,0,0
21200,9600,3188,381,620,4,1,9,4,6,2,0,1,0,0,0,0,0,0
21300,9623,2952,363,653,7,2,2,2,2,1,2,0,1,0,0,0,0,0
21400,9631,2936,355,550,4,4,4,7,4,4,1,1,1,0,0,0,0,0
21500,9611,3072,373,735,5,1,7,3,1,3,3,0,0,0,0,0,0,0
21600,9666,2731,327,699,3,1,2,2,1,1,1,2,0,0,0,0,0,0
21700,9640,2605,341,636,7,2,3,2,7,0,2,2,0,0,0,0,0,0
21800,9657,2707,331,758,5,4,2,1,2,0,3,1,0,0,0,0,0,0
21900,9676,2812,305,849,7,7,3,3,5,1,4,0,0,0,0,0,0,0
22000,9629,2358,357,753,5,3,4,6,1,1,4,1,0,0,0,0,0,0
22100,9649,2230,345,751,1,1,1,3,2,9,2,2,0,0,0,0,0,0
22200,9653,2447,335,788,4,1,2,2,6,1,0,1,0,0,0,0,0,0
22300,9639,2687,349,684,5,2,4,2,2,5,1,2,0,0,0,0,0,0
22400,9630,2713,356,714,5,3,4,16,3,4,2,2,0,0,0,0,0,0
22500,9625,2890,368,708,1,3,1,11,5,3,0,1,0,0,0,0,0,0
22600,9617,2733,368,517,2,1,5,2,4,1,4,3,0,0,0,0,0,0
22700,9638,2700,348,503,3,2,3,2,4,1,4,3,0,0,0,0,0,0
22800,9666,2852,326,358,5,4,1,3,2,0,0,1,0,0,0,0,0,0
22900,9650,2134,333,229,3,4,8,6,6,1,0,0,0,0,0,0,0,0
23000,9650,2082,339,286,1,4,5,2,3,6,2,0,0,0,0,0,0,0
23100,9660,2184,331,382,3,1,1,1,3,5,2,1,0,0,0,0,0,0
23200,9731,2163,252,453,4,1,9,0,3,4,1,1,0,0,0,0,0,0
23300,9748,2246,230,529,5,1,6,1,9,0,2,0,0,0,0,0,0,0
23400,9736,2092,248,523,5,3,7,1,3,0,1,1,0,0,0,0,0,0
23500,9744,2085,239,674,6,0,6,8,4,1,1,0,0,0,0,0,0,0
23600,9743,2107,248,815,5,3,2,2,2,2,0,1,0,0,0,0,0,0
23700,9708,2267,283,806,1,3,3,2,3,1,2,2,0,0,0,0,0,0
23800,9744,2481,239,709,1,1,11,5,4,3,1,0,0,0,0,0,0,0
23900,9729,2312,261,530,4,3,3,3,3,1,0,0,0,0,0,0,0,0
24000,9670,2216,319,596,2,1,5,1,2,1,1,0,1,0,0,0,0,0
24100,9658,2379,325,635,4,2,5,1,6,4,2,2,0,0,0,0,0,0
24200,9664,2563,329,684,1,2,2,3,3,2,1,1,0,0,0,0,0,0
24300,9700,2814,295,846,2,4,2,3,1,7,0,0,0,0,0,0,0,0
24400,9679,2395,314,997,1,1,4,3,2,2,0,0,0,0,0,0,0,0
24500,9662,2143,323,944,2,2,6,2,6,1,1,3,0,0,0,0,0,0
24600,9730,2138,256,844,5,1,3,1,5,1,1,1,0,0,0,0,0,0
24700,9732,2008,254,748,4,4,4,1,6,5,0,2,0,0,0,0,0,0
24800,9717,2447,270,743,3,2,7,6,2,2,1,2,0,0,0,0,0,0
24900,9711,2605,268,962,2,1,10,4,8,0,0,2,1,0,0,0,0,0
25000,9736,2595,254,1074,2,0,4,3,4,2,0,0,0,0,0,0,0,0
25100,9687,2506,294,998,5,4,10,0,3,2,1,0,0,0,0,0,0,0
25200,9654,2207,334,954,6,1,5,1,0,1,1,2,0,0,0,0,0,0
25300,9658,1992,333,886,1,2,7,1,1,3,0,0,0,0,0,0,0,0
25400,9602,2135,382,1011,4,2,4,2,4,1,4,1,0,0,0,0,0,0
25500,9550,2157,439,957,1,3,6,1,1,3,3,2,0,0,0,0,0,0
25600,9608,2671,384,732,1,0,3,2,2,0,2,1,0,0,0,0,0,0
25700,9611,2840,372,542,1,4,11,4,4,0,1,3,0,0,0,0,0,0
25800,9620,2903,367,392,2,1,5,2,6,2,0,1,0,0,0,0,0,0
25900,9672,2780,318,405,3,0,2,4,3,1,2,1,0,0,0,0,0,0
26000,9674,2835,318,362,1,2,5,1,1,1,1,2,0,0,0,0,0,0
26100,9670,2878,317,284,3,1,8,6,2,1,0,1,0,0,0,0,0,0
26200,9670,3124,320,252,4,2,2,2,2,2,2,0,0,0,0,0,0,0
26300,9678,2892,304,254,5,1,5,3,7,0,1,3,0,0,0,0,0,0
26400,9667,3086,320,253,2,0,2,3,7,0,2,0,0,0,0,0,0,0
26500,9676,2716,316,258,3,1,2,0,2,1,1,0,0,0,0,0,0,0
26600,9663,2617,318,286,3,1,7,0,8,5,1,2,0,0,0,0,0,0
26700,9621,2961,365,289,4,1,2,1,5,1,3,0,0,0,0,0,0,0
26800,9601,2293,386,323,0,3,6,1,2,3,5,0,0,0,0,0,0,0
26900,9645,2754,344,283,2,1,5,3,3,2,1,1,0,0,0,0,0,0
27000,9645,2442,341,257,2,0,9,0,1,3,2,0,0,0,0,0,0,0
27100,9658,2296,333,256,2,1,1,1,4,0,2,3,0,0,0,0,0,0
27200,9681,2048,306,307,1,1,8,2,2,0,2,0,0,0,0,0,0,0
27300,9709,2070,279,361,0,3,7,4,3,1,2,0,0,0,0,0,0,0
27400,9721,2039,266,329,3,1,6,1,3,0,1,1,0,0,0,0,0,0
27500,9727,2292,265,362,1,1,3,1,1,1,3,0,0,0,0,0,0,0
27600,9733,2114,255,478,4,2,2,2,5,2,1,2,0,0,0,0,0,0
27700,9731,2092,260,472,2,1,3,7,1,1,3,0,0,0,0,0,0,0
27800,9706,2538,284,440,3,4,2,9,3,0,2,0,0,0,0,0,0,0
27900,9734,2372,259,387,0,2,2,8,3,1,2,0,0,0,0,0,0,0
28000,9683,2507,303,361,2,0,3,2,6,0,2,0,1,0,0,0,0,0
28100,9666,2559,317,389,3,0,7,0,4,1,3,1,0,0,0,0,0,0
28200,9632,2283,356,272,5,0,1,2,6,1,0,1,0,0,0,0,0,0
28300,9632,1899,359,280,1,0,4,1,2,1,2,1,0,0,0,0,0,0
28400,9626,2236,362,231,4,0,3,0,4,1,1,0,0,0,0,0,0,0
28500,9560,2090,426,161,2,1,3,1,8,1,1,0,0,0,0,0,0,0
28600,9525,1894,459,139,6,1,3,1,5,3,2,2,0,0,0,0,0,0
28700,9538,2208,451,142,3,1,3,0,5,1,0,2,0,0,0,0,0,0
28800,9527,2508,461,141,4,0,2,3,4,0,2,0,0,0,0,0,0,0
28900,9510,3021,480,138,1,0,0,1,5,1,4,1,0,0,0,0,0,0
29000,9568,3455,422,160,6,1,1,0,3,1,0,2,0,0,0,0,0,0
29100,9550,3574,439,144,4,1,3,2,2,0,2,0,0,0,0,0,0,0
29200,9509,3380,481,137,4,2,1,3,4,2,1,2,0,0,0,0,0,0
29300,9475,3287,510,136,5,2,5,0,3,0,2,1,0,0,0,0,0,0
29400,9493,3047,498,135,4,2,0,1,4,1,1,0,0,0,0,0,0,0
29500,9438,2694,552,138,2,3,4,0,3,0,1,0,0,0,0,0,0,0
29600,9420,2248,570,92,1,4,3,2,3,0,3,3,0,0,0,0,0,0
29700,9429,2238,562,69,2,3,1,0,4,3,2,0,0,0,0,0,0,0
29800,9430,2692,560,70,3,3,1,1,5,0,1,0,0,0,0,0,0,0
29900,9476,2944,513,68,4,0,1,0,4,0,1,0,1,0,0,0,0,0
30000,9483,3366,506,66,4,0,1,2,4,0,2,0,0,0,0,0,0,0
30100,9579,2644,412,68,3,1,0,0,5,1,1,0,0,0,0,0,0,0
30200,9573,2558,413,68,2,0,4,2,7,3,1,0,0,0,0,0,0,0
30300,9568,2770,418,152,2,0,2,1,6,7,4,0,0,0,0,0,0,0
30400,9580,3009,412,213,0,2,2,1,6,7,0,0,0,0,0,0,0,0
30500,9627,2522,369,224,1,1,1,4,2,2,0,0,0,0,0,0,0,0
30600,9622,2292,367,168,4,0,1,2,6,1,0,0,0,0,0,0,0,0
30700,9668,2474,319,153,6,0,0,3,4,2,1,0,2,0,0,0,0,0
30800,9664,2573,319,149,7,0,1,1,6,1,3,0,0,0,0,0,0,0
30900,9669,2492,325,201,1,1,1,1,1,2,3,1,0,0,0,0,0,0
31000,9670,2290,320,263,2,1,4,1,4,2,0,0,0,0,0,0,0,0
31100,9648,2549,339,345,2,2,8,1,2,2,1,1,0,0,0,0,0,0
31200,9607,2839,374,369,3,1,11,1,1,3,4,0,0,0,0,0,0,0
31300,9616,2327,367,353,5,1,8,0,2,0,2,2,0,0,0,0,0,0
31400,9615,2219,371,381,6,0,3,2,4,0,1,0,0,0,0,0,0,0
31500,9564,2398,421,397,3,2,8,3,2,2,2,0,0,2,0,0,0,0
31600,9543,2158,438,419,4,1,7,5,6,1,2,0,0,4,0,0,0,0
31700,9542,2390,441,415,8,0,4,2,2,0,3,0,0,1,0,0,0,0
31800,9420,2147,563,342,4,3,7,1,4,2,2,1,0,0,0,0,0,0
31900,9421,2333,562,384,3,0,7,1,4,0,3,1,0,0,0,0,0,0
32000,9425,2236,556,359,4,0,10,2,4,2,1,0,0,0,0,0,0,0
32100,9434,2235,548,485,6,1,6,1,4,0,2,0,0,0,0,0,0,0
32200,9406,2397,576,506,5,1,6,1,4,1,3,0,0,0,0,0,0,0
32300,9375,2081,610,417,4,1,8,0,3,2,0,0,0,0,0,0,0,0
32400,9355,1775,624,349,8,0,6,4,6,2,1,0,0,0,0,0,0,0
32500,9409,2096,573,337,5,0,8,2,3,0,2,1,0,0,0,0,0,0
32600,9457,2108,531,304,2,3,6,2,3,2,1,0,0,0,0,0,0,0
32700,9495,2684,492,254,2,0,3,1,6,0,2,3,0,0,0,0,0,0
32800,9514,2544,465,42,4,0,6,1,10,1,1,0,0,0,0,0,0,0
32900,9501,2670,483,16,2,3,8,5,4,1,2,1,0,0,0,0,0,0
33000,9467,2755,517,19,2,1,10,1,4,0,0,0,0,0,0,0,0,0
33100,9524,2518,466,18,1,0,6,1,2,4,1,0,0,0,0,0,0,0
33200,9516,2444,477,3,3,0,1,0,3,2,0,1,0,0,0,0,0,0
33300,9493,2524,494,13,1,1,7,0,3,3,2,2,0,0,0,0,0,0
33400,9491,2601,500,8,2,0,6,1,0,1,1,0,0,0,0,0,0,0
33500,9493,2641,491,23,3,1,8,0,5,0,0,0,0,0,0,0,0,0
33600,9510,2633,476,45,8,0,3,1,1,1,2,0,0,0,0,0,0,0
33700,9516,2764,468,13,13,1,1,0,2,2,0,0,0,0,0,0,0,0
33800,9462,3018,517,13,12,1,3,1,4,1,1,1,1,0,0,0,0,0
33900,9454,3585,524,6,14,0,2,0,2,1,4,0,0,0,0,0,0,0
34000,9436,3730,543,19,14,0,3,1,1,3,3,1,0,0,0,0,0,0
34100,9432,3677,544,14,15,0,3,0,4,0,2,1,0,0,0,0,0,0
34200,9435,3305,532,0,20,3,2,2,10,2,1,1,0,0,0,0,0,0
34300,9448,3390,532,1,14,0,2,0,4,1,0,0,0,0,0,0,0,0
34400,9448,3307,529,2,16,1,3,0,2,0,2,0,0,0,0,0,0,0
34500,9490,3331,487,2,16,2,3,8,3,1,1,0,0,0,0,0,0,0
34600,9494,3026,474,4,16,2,5,1,7,0,4,1,0,0,0,0,0,0
34700,9507,3125,468,5,15,1,3,1,4,0,3,0,0,0,0,0,0,0
34800,9503,3180,473,0,17,1,3,1,3,0,1,0,0,0,0,0,0,0
34900,9534,3337,440,3,15,1,3,0,6,1,2,1,0,0,0,0,0,0
35000,9552,3038,426,2,15,1,3,0,2,1,2,1,0,0,0,0,0,0
35100,9507,3392,471,2,16,2,3,1,3,0,0,2,0,0,0,0,0,0
35200,9478,3709,501,2,19,2,1,4,0,2,1,0,0,0,0,0,0,0
35300,9503,3584,475,5,16,0,2,5,3,3,1,0,0,0,0,0,0,0
35400,9556,3274,427,3,15,2,0,1,2,0,0,0,0,0,0,0,0,0
35500,9608,3281,367,6,17,3,0,0,6,0,2,0,0,0,0,0,0,0
35600,9610,3171,365,6,14,0,6,4,5,1,0,0,0,0,0,0,0,0
35700,9655,3667,314,2,18,1,6,0,4,0,3,0,0,0,0,0,0,0
35800,9627,3127,339,4,20,2,4,1,9,2,1,0,0,0,0,0,0,0
35900,9632,3014,341,8,17,1,7,0,2,0,1,0,0,0,0,0,0,0
36000,9631,3432,340,4,13,0,9,0,4,0,3,0,0,0,0,0,0,0
36100,9646,3275,329,13,19,1,3,1,2,2,1,0,0,0,0,0,0,0
36200,9630,3249,348,22,16,0,2,1,3,0,1,1,0,0,0,0,0,0
36300,9584,2799,394,9,18,1,1,1,2,1,1,0,0,0,0,0,0,0
36400,9573,2623,400,14,17,0,2,1,6,0,2,1,0,0,0,0,0,0
36500,9572,3164,401,2,21,1,1,0,2,0,3,0,0,0,0,0,0,0
36600,9564,3262,408,9,19,2,3,0,5,2,1,0,0,0,0,0,0,0
36700,9603,3129,377,23,16,4,1,1,1,2,2,0,0,0,0,0,0,0
36800,9606,3544,372,62,14,0,2,3,5,0,1,0,0,0,0,0,0,0
36900,9612,3457,370,76,11,0,1,0,5,0,1,1,0,0,0,0,0,0
37000,9592,3030,375,49,15,0,7,1,11,0,0,0,0,0,0,0,0,0
37100,9593,3646,379,10,14,2,5,1,8,0,1,1,0,0,0,0,0,0
37200,9607,3948,369,4,18,3,0,0,4,2,2,0,0,0,0,0,0,0
37300,9616,3490,361,5,12,1,2,0,8,0,1,1,0,0,0,0,0,0
37400,9624,3911,355,30,15,0,3,1,2,2,1,0,0,0,0,0,0,0
37500,9618,4288,357,73,16,1,4,0,2,1,3,1,0,0,0,0,0,0
37600,9646,4184,331,47,15,0,1,0,5,2,2,1,0,0,0,0,0,0
37700,9674,3847,317,6,2,0,2,2,3,0,2,0,0,0,0,0,0,0
37800,9704,3454,273,5,3,4,12,0,6,2,2,1,0,0,0,0,0,0
37900,9753,3287,235,5,1,3,5,2,5,1,1,0,0,0,0,0,0,0
38000,9725,3172,268,10,1,2,3,0,1,0,2,0,0,0,0,0,0,0
38100,9699,2870,289,79,8,0,0,0,4,0,0,0,0,0,0,0,0,0
38200,9706,2440,280,88,2,0,5,1,7,1,0,4,0,0,0,0,0,0
38300,9708,2568,282,34,5,1,3,1,1,2,1,0,0,0,0,0,0,0
38400,9754,2199,238,4,2,1,1,0,4,1,1,1,0,0,0,0,0,0
38500,9737,2544,255,5,2,0,1,1,5,2,0,0,0,0,0,0,0,0
38600,9709,2578,280,3,1,0,5,2,4,0,1,0,0,0,0,0,0,0
38700,9642,2632,343,8,2,1,2,1,7,0,4,0,0,0,0,0,0,0
38800,9644,2608,344,3,5,1,1,4,5,1,1,0,0,0,0,0,0,0
38900,9687,2154,303,4,5,0,1,2,4,2,0,0,0,0,0,0,0,0
39000,9692,2208,297,4,0,0,4,3,6,1,1,0,0,0,0,0,0,0
39100,9739,2244,254,10,1,0,3,0,3,0,0,0,0,0,0,0,0,0
39200,9734,2073,252,15,4,1,1,4,8,1,1,0,0,0,0,0,0,0
39300,9695,2100,291,3,7,0,4,0,0,1,3,0,0,0,0,0,0,0
39400,9698,2132,291,4,3,1,3,0,3,1,2,0,0,0,0,0,0,0
39500,9695,1957,296,4,2,1,3,2,4,0,0,0,0,0,0,0,0,0
39600,9700,2627,293,6,2,1,1,1,2,0,2,0,0,0,0,0,0,0
39700,9697,3143,295,16,2,3,3,1,2,1,1,1,0,0,0,0,0,0
39800,9695,2518,294,16,1,0,4,2,4,1,2,0,0,0,0,0,0,0
39900,9701,2161,289,6,3,1,2,1,3,2,2,0,0,0,0,0,0,0
40000,9696,2177,294,5,1,0,6,0,3,0,0,0,0,0,0,0,0,0
40100,9717,2593,271,6,4,3,3,3,5,0,0,0,0,0,0,0,0,0
40200,9705,2550,286,20,4,4,0,6,3,1,2,0,0,0,0,0,0,0
40300,9700,2476,296,5,1,0,0,7,3,1,0,0,0,0,0,0,0,0
40400,9668,2334,326,11,3,0,2,5,1,1,0,0,0,0,0,0,0,0
40500,9653,2143,333,19,4,1,1,0,8,0,1,0,0,0,0,0,0,0
40600,9709,1832,278,4,3,0,4,0,5,0,1,0,0,0,0,0,0,0
40700,9706,1950,283,6,2,0,1,0,7,1,1,0,0,0,0,0,0,0
40800,9706,2069,275,1,7,0,3,3,8,1,1,1,0,0,0,0,0,0
40900,9701,1858,287,1,2,1,7,1,3,1,0,1,0,0,0,0,0,0
41000,9741,1710,250,1,2,1,3,5,4,3,0,0,0,0,0,0,0,0
41100,9711,1786,276,5,5,1,3,1,3,2,2,0,0,0,0,0,0,0
41200,9708,2051,285,5,2,0,2,2,2,1,1,0,0,0,0,0,0,0
41300,9744,1904,247,6,4,0,3,0,1,2,1,0,0,0,0,0,0,0
41400,9741,2046,245,1,3,0,4,0,6,0,1,0,0,0,0,0,0,0
41500,9755,1972,235,3,2,1,2,1,6,1,0,1,0,0,0,0,0,0
41600,9795,1907,196,2,1,0,4,0,3,1,1,0,0,0,0,0,0,0
41700,9827,1906,162,12,4,1,2,1,4,1,1,2,0,0,0,0,0,0
41800,9838,1906,152,16,1,1,2,2,6,2,1,0,0,0,0,0,0,0
41900,9874,1770,112,25,5,2,1,0,5,2,3,1,0,0,0,0,0,0
42000,9881,2283,112,43,2,2,0,0,3,0,2,1,0,0,0,0,0,0
42100,9886,2732,107,82,1,0,3,0,2,1,0,1,1,0,0,0,0,0
42200,9890,2830,94,8,1,1,5,1,9,0,1,2,0,0,0,0,0,0
42300,9919,2916,64,2,5,1,2,2,9,1,1,1,0,0,0,0,0,0
42400,9927,2616,64,18,3,0,3,1,3,2,0,0,0,0,0,0,0,0
42500,9922,2462,67,3,4,3,3,1,2,1,2,1,0,0,0,0,0,0
42600,9904,2859,84,3,3,0,5,1,3,2,1,0,0,0,0,0,0,0
42700,9892,2753,98,10,3,3,3,2,3,3,1,1,0,0,0,0,0,0
42800,9887,2975,100,14,3,0,4,1,4,1,2,0,0,0,0,0,0,0
42900,9877,3201,100,4,6,0,5,1,10,1,2,0,0,0,0,0,0,0
43000,9879,3083,113,18,1,0,1,2,5,1,1,0,0,0,0,0,0,0
43100,9874,2597,115,8,1,1,4,2,4,0,2,0,0,0,0,0,0,0
43200,9874,2424,117,24,2,0,1,1,4,1,2,0,0,0,0,0,0,0
43300,9885,2882,111,10,1,0,0,3,1,1,2,0,0,0,0,0,0,0
43400,9892,3144,98,25,1,0,0,0,4,0,5,0,0,0,0,0,0,0
43500,9878,3007,108,62,3,1,1,0,6,5,4,0,0,0,0,0,0,0
43600,9882,2927,105,16,2,1,2,1,7,0,1,1,1,0,0,0,0,0
43700,9874,2520,114,19,3,1,4,1,3,1,2,3,0,0,0,0,0,0
43800,9882,2755,109,35,3,1,2,0,3,2,1,0,0,0,0,0,0,0
43900,9899,2999,84,29,4,1,5,0,4,0,3,0,1,0,0,0,0,0
44000,9898,3381,90,50,2,0,5,1,5,1,0,1,0,0,0,0,0,0
44100,9899,3210,91,6,3,0,2,1,4,0,1,0,0,0,0,0,0,0
44200,9896,2609,98,5,2,3,1,1,2,2,1,1,0,0,0,0,0,0
44300,9888,3199,106,7,0,0,1,1,0,1,5,0,0,0,0,0,0,0
44400,9883,3001,101,3,5,3,3,0,2,0,4,0,2,0,0,0,0,0
44500,9890,2632,94,1,3,1,4,1,3,0,5,0,1,0,0,0,0,0
44600,9887,2498,97,2,4,0,6,2,5,0,1,0,0,0,0,0,0,0
44700,9899,2278,86,3,6,1,3,0,3,2,3,0,0,0,0,0,0,0
44800,9908,2448,83,10,1,0,2,0,4,2,2,0,0,0,0,0,0,0
44900,9905,2458,89,1,0,1,4,0,2,0,0,0,0,0,0,0,0,0
45000,9903,2361,87,15,2,0,2,1,4,0,2,0,0,0,0,0,0,0
45100,9907,2631,84,12,2,2,1,1,5,1,1,1,0,0,0,0,0,0
45200,9910,2698,81,12,3,0,3,0,2,1,1,0,0,0,0,0,0,0
45300,9897,2547,90,10,5,0,4,0,3,2,1,0,0,0,0,0,0,0
45400,9870,2627,118,10,1,0,3,0,5,0,3,1,0,0,0,0,0,0
45500,9865,2400,130,10,2,0,1,4,2,0,0,0,0,0,0,0,0,0
45600,9835,2408,156,9,5,1,0,4,3,2,1,0,0,0,0,0,0,0
45700,9835,2243,159,10,3,1,2,1,1,0,0,0,0,0,0,0,0,0
45800,9821,2432,165,10,3,1,3,2,5,0,3,0,0,0,0,0,0,0
45900,9831,2813,163,17,0,0,2,5,3,0,1,1,0,0,0,0,0,0
46000,9806,3069,184,16,4,1,0,0,4,0,2,1,0,0,0,0,0,0
46100,9819,2922,173,15,2,1,2,1,3,0,1,0,0,0,0,0,0,0
46200,9860,3143,134,10,3,0,3,1,0,0,0,0,0,0,0,0,0,0
46300,9852,3094,134,2,3,1,5,0,5,0,1,0,0,0,0,0,0,0
46400,9853,2776,141,7,3,1,0,4,2,0,1,0,0,0,0,0,0,0
46500,9848,2621,135,4,4,0,6,0,6,1,0,0,1,0,0,0,0,0
46600,9885,2223,101,0,7,0,2,0,4,1,1,1,0,0,0,0,0,0
46700,9895,2685,97,0,2,0,5,0,1,0,0,0,0,0,0,0,0,0
46800,9925,3121,68,13,3,0,2,2,2,0,0,0,0,0,0,0,0,0
46900,9931,3072,59,3,2,0,1,0,4,0,3,0,0,0,0,0,0,0
47000,9928,3178,61,6,2,1,1,0,7,1,1,0,0,0,0,0,0,0
47100,9927,2727,61,1,4,1,1,0,6,1,1,1,0,0,0,0,0,0
47200,9919,2300,73,3,1,1,1,2,3,2,3,0,0,0,0,0,0,0
47300,9877,2702,114,12,3,2,3,0,3,1,0,1,0,0,0,0,0,0
47400,9883,3025,104,10,2,0,2,1,6,3,3,0,0,0,0,0,0,0
47500,9898,2706,92,7,2,0,0,0,6,1,2,0,0,0,0,0,0,0
47600,9881,2806,112,41,1,0,2,0,4,2,0,1,0,0,0,0,0,0
47700,9873,2992,109,58,2,1,2,0,11,0,3,0,0,0,0,0,0,0
47800,9893,2599,96,30,2,2,5,1,3,0,1,0,0,0,0,0,0,0
47900,9912,2509,83,20,2,2,0,0,3,0,0,0,0,0,0,0,0,0
48000,9912,2857,82,3,4,1,0,0,2,0,0,0,0,0,0,0,0,0
48100,9881,2951,114,1,1,3,0,0,3,1,1,0,0,0,0,0,0,0
48200,9866,2777,118,55,5,1,4,0,5,0,2,0,0,0,0,0,0,0
48300,9865,3127,127,9,1,0,4,0,2,0,1,1,0,0,0,0,0,0
48400,9859,3374,131,0,3,1,3,0,4,0,0,0,0,0,0,0,0,0
48500,9850,3410,142,2,1,0,2,0,3,0,2,0,0,0,0,0,0,0
48600,9846,3006,145,7,3,0,2,0,4,0,0,0,0,0,0,0,0,0
48700,9809,3044,178,5,6,1,4,0,2,1,1,0,0,0,0,0,0,0
48800,9793,2818,194,1,6,0,1,0,5,1,1,0,0,0,0,0,0,0
48900,9834,3346,161,1,1,1,1,0,0,0,3,3,0,0,0,0,0,0
49000,9831,3604,148,101,5,0,8,2,6,0,2,0,0,0,0,0,0,0
49100,9831,3435,155,81,1,0,6,2,7,1,0,0,0,0,0,0,0,0
49200,9819,2696,163,79,2,0,12,0,3,0,1,1,0,0,0,0,0,0
49300,9812,2935,173,79,3,0,4,0,7,0,1,0,0,0,0,0,0,0
49400,9790,3211,188,76,5,0,10,4,3,2,4,0,0,0,0,0,0,0
49500,9806,2689,179,78,1,1,9,1,4,0,1,1,0,0,0,0,0,0
49600,9811,2887,176,86,0,0,8,3,4,1,1,0,0,0,0,0,0,0
49700,9785,2879,198,84,2,1,11,4,2,1,2,1,0,0,0,0,0,0
49800,9756,2402,226,75,4,2,6,0,5,1,3,0,0,0,0,0,0,0
49900,9745,2396,241,49,4,1,6,0,1,1,2,0,1,0,0,0,0,0
50000,9743,2561,245,23,1,5,6,0,4,0,1,2,0,0,0,0,0,0
50100,9745,2446,238,9,4,1,7,0,5,1,1,0,0,0,0,0,0,0
50200,9712,2557,270,3,0,2,13,0,4,1,1,0,0,0,0,0,0,0
50300,9689,2627,293,8,4,4,8,0,5,0,1,0,0,0,0,0,0,0
50400,9715,2386,270,8,0,2,8,2,6,1,1,0,0,0,0,0,0,0
50500,9721,2296,259,3,3,3,10,1,7,0,0,0,0,0,0,0,0,0
50600,9715,2906,269,4,1,0,7,1,6,1,2,0,0,0,0,0,0,0
50700,9704,3335,287,1,4,3,2,3,2,1,1,0,0,0,0,0,0,0
50800,9691,2777,288,1,4,1,10,1,4,1,3,1,0,0,0,0,0,0
50900,9702,2991,285,1,3,3,7,6,2,0,1,0,0,0,0,0,0,0
51000,9697,3028,282,3,2,0,9,1,9,0,1,0,0,0,0,0,0,0
51100,9734,2762,253,5,3,1,4,1,6,0,0,1,0,0,0,0,0,0
51200,9752,2734,236,10,2,2,6,2,2,2,2,0,0,0,0,0,0,0
51300,9744,2475,240,17,6,0,4,0,5,3,1,0,0,0,0,0,0,0
51400,9758,2704,232,6,2,0,5,3,3,1,0,0,0,0,0,0,0,0
51500,9754,2631,231,1,4,1,8,4,3,0,0,2,0,0,0,0,0,0
51600,9765,2340,225,2,0,0,6,5,3,1,1,0,0,0,0,0,0,0
51700,9757,2576,224,1,5,2,7,4,4,0,2,1,1,0,0,0,0,0
51800,9730,3160,257,6,2,1,6,12,4,2,1,0,0,0,0,0,0,0
51900,9687,3023,292,0,4,0,10,8,7,4,0,1,0,0,0,0,0,0
52000,9675,3170,311,18,3,1,3,3,7,0,1,0,0,0,0,0,0,0
52100,9662,3632,319,1,4,0,5,1,8,0,2,0,0,0,0,0,0,0
52200,9698,3194,285,6,1,0,6,2,4,2,4,0,2,0,0,0,0,0
52300,9726,2878,256,13,5,1,7,1,6,0,0,0,0,0,0,0,0,0
52400,9706,2802,268,5,6,1,9,1,6,1,5,1,0,0,0,0,0,0
52500,9686,2869,299,3,5,1,5,2,3,0,2,0,0,0,0,0,0,0
52600,9671,3043,317,13,4,0,4,0,3,0,1,0,0,0,0,0,0,0
52700,9639,2787,345,23,2,0,8,1,3,3,3,0,0,0,0,0,0,0
52800,9647,2656,338,5,4,1,5,0,5,2,1,1,0,0,0,0,0,0
52900,9662,2084,327,0,3,0,2,0,5,1,1,1,0,0,0,0,0,0
53000,9708,2458,269,1,5,0,10,0,5,0,2,1,1,0,0,0,0,0
53100,9737,2759,237,4,7,0,12,0,5,3,2,0,0,0,0,0,0,0
53200,9740,2705,246,7,3,0,9,0,1,1,1,0,0,0,0,0,0,0
53300,9724,2937,247,23,7,2,7,0,13,0,2,0,0,0,0,0,0,0
53400,9697,2896,292,0,1,0,5,1,5,1,0,0,0,0,0,0,0,0
53500,9678,3492,302,3,4,1,10,1,2,3,4,0,0,0,0,0,0,0
53600,9678,3233,308,2,1,2,11,0,2,2,0,1,0,0,0,0,0,0
53700,9670,3302,312,12,4,2,8,2,3,1,3,0,0,0,0,0,0,0
53800,9673,3232,314,12,0,0,9,8,3,0,1,0,0,0,0,0,0,0
53900,9661,3834,316,5,5,0,8,1,8,0,2,0,0,0,0,0,0,0
54000,9706,3582,287,4,3,0,2,3,2,0,0,0,0,0,0,0,0,0
54100,9743,3704,247,0,3,0,5,4,2,2,0,0,0,0,0,1,0,0
54200,9723,3407,259,2,2,1,5,2,7,0,3,2,0,0,1,0,0,0
54300,9716,3615,275,23,2,0,3,0,3,1,1,1,0,0,0,0,0,0
54400,9721,3470,262,57,3,0,9,2,4,0,1,0,0,0,0,0,0,0
54500,9644,3429,337,24,9,0,5,1,5,0,0,0,0,0,0,0,0,0
54600,9635,3455,351,16,2,1,4,0,5,2,0,1,3,0,0,0,0,0
54700,9615,2953,372,9,3,0,4,1,5,1,1,0,0,0,0,0,0,0
54800,9582,3188,404,6,2,1,6,0,4,0,2,1,0,0,0,0,0,0
54900,9632,2950,355,5,3,2,5,1,3,1,2,0,0,0,0,0,0,0
55000,9625,3446,360,0,4,1,2,3,5,2,4,1,0,0,0,0,0,0
55100,9635,4046,354,0,2,1,6,0,3,1,0,0,0,0,0,0,0,0
55200,9642,3842,350,0,0,1,4,0,2,3,2,0,0,0,0,0,0,0
55300,9632,3817,357,2,2,1,1,0,6,2,2,0,0,0,0,0,0,0
55400,9607,4207,382,16,3,3,3,1,1,2,4,1,0,0,0,0,0,0
55500,9581,4175,401,23,5,0,4,0,5,2,4,1,0,0,0,0,0,0
55600,9586,3166,396,114,2,0,6,1,5,1,5,0,0,0,0,0,0,0
55700,9581,2855,403,47,7,0,2,0,4,1,3,0,0,0,0,0,0,0
55800,9575,3038,416,59,0,1,4,1,4,1,1,0,0,0,0,0,0,0
55900,9580,2980,404,117,3,1,5,1,7,1,1,0,0,0,0,0,0,0
56000,9578,3033,409,96,4,0,0,1,6,0,3,0,0,0,0,0,0,0
56100,9559,3219,430,191,5,0,2,9,3,0,1,1,0,0,0,0,0,0
56200,9571,3478,415,112,6,1,5,8,2,2,1,2,0,0,0,0,0,0
56300,9593,3279,392,83,0,3,3,5,11,5,1,1,0,0,0,0,0,0
56400,9614,3177,375,106,3,1,4,7,3,0,1,0,0,0,0,0,0,0
56500,9605,3685,378,221,0,0,5,1,6,1,6,0,0,0,0,0,0,0
56600,9604,3585,381,106,3,1,4,2,4,0,4,0,0,0,0,0,0,0
56700,9628,3515,356,103,1,1,4,0,9,0,2,0,0,0,0,0,0,0
56800,9639,3527,343,115,8,1,3,1,5,3,2,2,0,0,0,0,0,0
56900,9685,3709,298,167,6,2,5,2,5,1,1,2,0,0,0,0,0,0
57000,9677,3384,314,134,3,0,2,3,3,0,1,0,0,0,0,0,0,0
57100,9655,3326,335,123,0,0,6,1,3,1,1,1,0,0,0,0,0,0
57200,9644,3371,341,91,2,1,6,14,5,0,2,0,0,0,0,0,0,0
57300,9680,3757,304,120,5,3,7,9,3,3,1,0,0,0,0,0,0,0
57400,9666,3278,316,324,6,1,4,4,5,2,3,1,0,0,0,0,0,0
57500,9686,3141,300,248,3,1,6,1,3,0,2,1,0,0,0,0,0,0
57600,9669,3449,319,233,3,0,6,1,3,0,0,0,0,0,0,0,0,0
57700,9666,3300,324,289,3,2,3,1,2,1,2,2,0,0,0,0,0,0
57800,9691,3379,298,277,1,1,2,1,6,1,2,2,0,0,0,0,0,0
57900,9707,3388,282,310,4,1,3,7,2,4,2,0,0,0,0,0,0,0
58000,9660,3097,325,307,3,0,4,1,5,0,3,2,0,0,0,0,0,0
58100,9682,3206,304,226,6,1,2,3,6,0,0,0,0,0,0,0,0,0
58200,9737,3056,251,191,3,0,3,4,4,0,2,1,0,0,0,0,0,0
58300,9731,2826,265,159,1,0,0,0,3,1,0,0,0,0,0,0,0,0
58400,9726,2947,263,160,6,2,2,1,3,1,0,1,0,0,0,0,0,0
58500,9668,3186,319,182,4,3,1,1,7,1,1,2,0,0,0,0,0,0
58600,9772,3225,209,184,6,0,1,1,7,0,5,0,0,0,0,0,0,0
58700,9803,2947,183,201,3,0,4,2,3,6,4,1,0,0,0,0,0,0
58800,9804,3252,188,120,4,2,1,0,0,1,3,2,0,0,0,0,0,0
58900,9812,3642,181,105,1,1,2,0,4,3,0,0,0,0,0,0,0,0
59000,9798,3293,188,99,5,2,4,0,5,0,0,1,0,0,0,0,0,0
59100,9790,2598,200,115,0,2,3,2,7,4,0,0,0,0,0,0,0,0
59200,9775,2978,213,179,3,0,2,2,7,2,0,0,0,0,0,0,0,0
59300,9769,2946,223,144,2,0,0,0,3,0,3,0,0,0,0,0,0,0
59400,9710,3037,276,154,2,3,3,1,8,4,1,1,0,0,0,0,0,0
59500,9748,3068,246,184,1,0,4,6,1,2,0,0,0,0,0,0,0,0
59600,9782,3010,212,102,2,1,0,5,3,0,1,0,0,0,0,0,0,0
59700,9763,2927,228,172,2,5,0,3,5,1,2,0,0,0,0,0,0,0
59800,9783,2827,205,230,4,3,1,2,5,2,1,2,1,0,0,0,0,0
59900,9802,3003,190,308,2,0,2,1,3,4,1,1,0,0,0,0,0,0
60000,9773,3203,215,284,4,1,3,3,5,0,0,1,0,0,0,0,0,0
60100,9811,2995,181,192,0,1,2,1,4,0,2,1,0,0,0,0,0,0
60200,9822,3494,169,290,1,2,5,5,2,2,1,0,0,0,0,0,0,0
60300,9815,3507,177,405,3,1,1,2,3,1,1,0,0,0,0,0,0,0
60400,9813,3314,180,378,3,0,2,0,1,0,1,0,0,0,0,0,0,0
60500,9804,3189,188,332,2,0,1,1,4,0,1,1,0,0,0,0,0,0
60600,9807,3559,184,302,1,2,1,1,6,3,1,0,0,0,0,0,0,0
60700,9809,3621,183,364,1,1,2,0,4,1,1,3,0,0,0,0,0,0
60800,9807,3556,180,320,6,1,5,4,2,4,0,0,0,0,0,0,0,0
60900,9756,4201,235,243,2,1,2,1,3,1,2,3,0,0,0,0,0,0
61000,9737,4617,250,365,4,1,3,1,5,1,1,2,0,0,0,0,0,0
61100,9773,3807,205,439,4,3,11,1,4,7,2,1,1,0,0,0,0,0
61200,9793,3872,196,414,5,4,2,2,3,4,1,1,0,0,0,0,0,0
61300,9773,4085,216,395,3,1,5,3,3,0,0,1,0,0,0,0,0,0
61400,9758,4251,231,361,5,1,2,8,4,3,0,2,0,0,0,0,0,0
61500,9765,4351,221,274,4,2,3,0,5,2,2,1,0,0,0,0,0,0
61600,9776,4289,208,258,5,0,5,0,4,2,2,1,0,0,0,0,0,0
61700,9856,3803,133,234,5,1,2,4,4,1,0,2,0,0,0,0,0,0
61800,9890,3391,102,222,2,1,0,0,0,2,6,1,0,0,0,0,0,0
61900,9895,3217,96,197,2,5,2,1,4,3,1,2,0,0,0,0,0,0
62000,9903,3322,86,139,2,2,1,4,5,1,2,1,1,0,0,0,0,0
62100,9908,3305,83,178,1,3,1,1,5,2,2,1,0,0,0,0,0,0
62200,9901,3247,82,213,6,1,2,3,8,2,1,0,0,0,0,0,0,0
62300,9900,3445,92,282,6,1,0,1,2,0,0,1,0,0,0,0,0,0
62400,9862,3220,125,287,8,2,1,0,2,3,2,2,0,0,0,0,0,0
62500,9848,3799,141,199,6,0,1,1,3,0,1,0,0,0,0,0,0,0
62600,9846,3754,139,257,4,1,3,3,3,2,5,0,0,0,0,0,0,0
62700,9831,3314,161,216,3,0,3,1,1,1,1,2,0,0,0,0,0,0
62800,9820,3503,169,270,1,1,1,6,9,0,0,0,0,0,0,0,0,0
62900,9824,3128,168,216,0,2,1,7,3,3,4,2,0,0,0,0,0,0
63000,9860,3061,136,172,1,0,0,8,2,1,1,2,0,0,0,0,0,0
63100,9865,3186,125,150,2,2,5,2,1,1,1,1,1,0,0,0,0,0
63200,9854,2927,139,175,0,1,3,0,3,3,1,0,0,0,0,0,0,0
63300,9854,3041,138,172,3,2,2,5,3,2,0,1,0,0,0,0,0,0
63400,9880,3054,116,168,1,2,0,0,2,3,1,2,0,0,0,0,0,0
63500,9863,2996,122,135,3,0,8,1,2,1,2,0,0,0,0,0,0,0
63600,9830,2690,160,169,5,1,1,1,4,1,0,1,0,0,0,0,0,0
63700,9808,2425,179,128,6,1,4,6,1,2,2,0,0,0,0,0,0,0
63800,9823,2787,164,217,6,1,4,2,2,1,1,2,0,0,0,0,0,0
63900,9835,3203,154,87,4,1,2,0,4,3,1,1,0,0,0,0,0,0
64000,9873,3364,125,144,1,3,1,2,0,7,0,1,0,0,0,0,0,0
64100,9859,3348,128,137,7,2,1,5,3,3,2,1,0,0,0,0,0,0
64200,9830,3620,160,157,2,2,4,4,3,1,1,0,0,0,0,0,0,0
64300,9822,3333,169,183,2,1,2,0,5,3,0,0,0,0,0,0,0,0
64400,9821,3543,169,150,2,2,5,1,2,2,1,1,0,0,0,0,0,0
64500,9804,3010,187,152,3,5,2,3,3,1,1,0,0,0,0,0,0,0
64600,9849,3102,141,142,3,2,2,5,5,4,0,0,0,0,0,0,0,0
64700,9863,3459,133,11,1,0,1,2,1,0,1,3,0,0,0,0,0,0
64800,9850,3283,136,69,2,1,7,2,3,2,2,0,0,0,0,0,0,0
64900,9865,3537,121,7,5,1,3,3,6,0,0,3,0,0,0,0,0,0
65000,9869,3636,123,127,0,3,6,1,2,0,0,1,0,0,0,0,0,0
65100,9873,3288,118,133,2,1,1,4,3,1,3,1,0,0,0,0,0,0
65200,9868,3576,123,32,2,0,2,1,3,3,2,2,0,0,0,0,0,0
65300,9895,3270,90,87,7,5,2,2,2,4,4,1,0,0,0,0,0,0
65400,9897,3356,87,139,7,2,3,4,5,3,1,3,0,0,0,0,0,0
65500,9896,3641,90,30,4,1,1,5,7,5,2,1,0,0,0,0,0,0
65600,9908,3825,87,36,2,3,1,4,2,1,0,0,0,0,0,0,0,0
65700,9899,3390,94,13,1,1,0,0,3,2,3,0,0,0,0,0,0,0
65800,9901,3480,84,26,2,3,7,0,3,1,3,0,0,0,0,0,0,0
65900,9910,3092,87,24,2,1,0,3,1,3,0,2,0,0,0,0,0,0
66000,9907,2860,80,69,3,1,3,4,4,2,3,0,0,0,0,0,0,0
66100,9900,3444,86,45,8,0,2,5,4,2,0,0,0,0,0,0,0,0
66200,9915,3774,81,68,1,2,0,1,2,1,1,0,0,0,0,0,0,0
66300,9913,3266,82,70,0,1,1,6,1,1,3,1,0,0,0,0,0,0
66400,9907,3146,84,17,2,1,2,6,3,3,2,0,0,0,0,0,0,0
66500,9906,3319,85,67,2,0,3,3,3,5,1,0,0,0,0,0,0,0
66600,9904,3187,84,8,5,0,0,0,6,2,1,1,0,0,0,0,0,0
66700,9899,3327,85,1,5,1,0,1,7,0,4,3,0,0,0,0,0,0
66800,9890,3150,98,28,1,1,0,0,9,2,2,2,0,0,0,0,0,0
66900,9902,2856,84,2,2,0,6,2,5,0,1,0,0,0,0,0,0,0
67000,9897,2889,98,1,1,0,1,3,2,0,1,2,0,0,0,0,0,0
67100,9924,2725,61,33,2,3,5,3,6,1,2,1,0,0,0,0,0,0
67200,9925,2514,63,30,5,0,1,1,4,1,2,0,0,0,0,0,0,0
67300,9930,2488,61,0,2,1,2,2,5,2,0,0,0,0,0,0,0,0
67400,9930,2577,60,5,3,1,4,5,3,3,0,0,0,0,0,0,0,0
67500,9926,2700,62,8,6,0,0,1,6,4,0,1,0,0,0,0,0,0
67600,9930,2994,61,3,2,2,3,6,3,1,1,0,0,0,0,0,0,0
67700,9941,3108,51,47,2,1,1,4,5,1,0,1,0,0,0,0,0,0
67800,9941,3151,50,160,1,1,5,3,1,1,2,0,0,0,0,0,0,0
67900,9933,3162,54,102,6,2,1,2,4,0,2,0,0,0,0,0,0,0
68000,9939,2851,50,67,3,0,3,2,4,3,1,0,0,0,0,0,0,0
68100,9936,3054,51,67,3,1,0,0,9,1,1,0,0,0,0,0,0,0
68200,9942,3821,50,137,3,0,2,3,1,1,2,0,0,0,0,0,0,0
68300,9940,3652,50,222,5,1,3,0,2,1,0,0,0,0,0,0,0,0
68400,9940,3703,51,148,2,0,6,0,0,2,1,0,0,0,0,0,0,0
68500,9930,4170,52,150,4,0,6,1,4,1,4,1,0,0,0,0,0,0
68600,9943,4122,50,200,1,1,3,0,2,1,1,1,0,0,0,0,0,0
68700,9935,4053,52,285,4,0,5,1,2,0,2,0,0,0,0,0,0,0
68800,9935,4566,50,262,3,4,4,8,6,2,2,0,0,0,0,0,0,0
68900,9900,3959,97,316,0,4,2,1,1,2,0,0,0,0,0,0,0,0
69000,9889,4009,102,193,0,4,5,1,3,2,1,1,0,0,0,0,0,0
69100,9892,4261,101,155,2,3,1,4,3,3,0,0,1,0,0,0,0,0
69200,9887,3958,101,264,1,2,6,2,4,0,1,2,0,0,0,0,0,0
69300,9888,3710,96,310,2,1,7,1,4,2,3,0,0,0,0,0,0,0
69400,9893,3649,98,349,2,2,3,4,2,1,2,0,0,0,0,0,0,0
69500,9893,3733,101,397,0,2,3,4,3,4,0,1,0,0,0,0,0,0
69600,9882,3462,109,415,2,2,0,3,7,1,0,0,0,0,0,0,0,0
69700,9873,3193,111,484,2,2,4,3,8,3,2,2,0,0,0,0,0,0
69800,9868,3251,118,578,3,2,2,1,9,2,0,0,0,0,0,0,0,0
69900,9867,3284,123,506,3,4,2,4,4,3,1,0,0,0,0,0,0,0
70000,9890,3452,98,572,2,0,1,1,7,2,2,1,0,0,0,0,0,0
70100,9893,3068,92,704,5,1,5,1,3,0,2,1,0,0,0,0,0,0
70200,9894,2603,97,814,1,0,6,3,2,1,0,0,0,0,0,0,0,0
70300,9891,2576,101,813,4,6,1,8,2,1,1,2,0,0,0,0,0,0
70400,9946,2603,49,787,1,2,1,6,2,0,1,0,0,0,0,0,0,0
70500,9938,2815,47,864,8,1,1,8,4,1,2,0,0,0,0,0,0,0
70600,9926,3418,63,729,1,1,3,5,5,2,2,1,0,0,0,0,0,0
70700,9916,3073,65,736,1,2,15,5,2,6,1,1,0,0,0,0,0,0
70800,9908,3376,70,647,0,1,18,3,4,1,0,2,0,0,0,0,0,0
70900,9907,3056,68,741,1,0,18,4,4,0,2,0,0,0,0,0,0,0
71000,9906,2448,63,860,5,0,19,10,3,3,4,1,0,0,0,0,0,0
71100,9914,2679,60,791,3,2,15,5,8,5,0,0,0,0,0,0,0,0
71200,9917,2897,54,839,3,0,18,7,6,0,1,0,1,0,0,0,0,0
71300,9930,2890,48,803,4,0,16,10,1,1,1,2,0,0,0,0,0,0
71400,9932,2692,47,736,1,4,15,8,4,2,1,0,0,0,0,0,0,0
71500,9934,2994,46,639,2,0,15,9,2,0,1,0,0,0,0,0,0,0
71600,9933,3073,46,538,2,2,15,5,2,1,2,0,0,0,0,0,0,0
71700,9923,2751,48,700,5,2,23,7,1,2,0,3,0,0,0,0,0,0
71800,9935,2801,41,689,2,1,21,6,1,1,0,0,0,0,0,0,0,0
71900,9935,2679,39,628,0,1,24,6,1,1,1,0,0,0,0,0,0,0
72000,9946,2887,32,683,2,1,16,2,3,3,1,0,0,0,0,0,0,0
72100,9948,2801,34,554,3,2,11,5,2,0,2,1,0,0,0,0,0,0
72200,9888,2795,88,647,2,2,15,4,4,5,3,0,0,0,0,0,0,0
72300,9886,2533,91,747,2,2,17,6,2,2,2,0,0,0,0,0,0,0
72400,9882,2181,91,765,3,0,20,4,3,1,1,1,0,0,0,0,0,0
72500,9887,2337,90,837,4,2,17,6,2,1,0,0,0,0,0,0,0,0
72600,9880,2495,95,944,1,0,16,5,6,1,2,1,0,0,0,0,0,0
72700,9887,2195,90,1065,2,2,16,6,2,1,3,1,0,0,0,0,0,0
72800,9916,2208,55,1033,2,0,21,8,6,0,0,0,0,0,0,0,0,0
72900,9935,2535,33,827,4,0,22,4,6,1,0,0,0,0,0,0,0,0
73000,9938,2392,37,946,5,0,17,13,1,1,2,0,0,0,0,0,0,0
73100,9907,2243,62,947,6,1,18,4,5,2,2,0,0,0,0,0,0,0
73200,9917,2437,63,666,4,1,15,4,1,3,0,1,0,0,0,0,0,0
73300,9915,2804,64,799,0,1,17,3,0,3,4,2,0,0,0,0,0,0
73400,9930,3009,50,670,3,3,14,5,2,2,1,1,0,0,0,0,0,0
73500,9940,3101,38,579,3,5,17,8,1,1,1,1,0,0,0,0,0,0
73600,9932,2849,47,638,1,1,17,5,3,1,0,1,0,0,0,0,0,0
73700,9941,2645,41,751,1,0,15,6,1,0,1,0,0,0,0,0,0,0
73800,9931,2461,47,1001,3,0,16,10,2,2,1,0,0,0,0,0,0,0
73900,9931,2175,50,690,3,1,13,1,1,0,2,0,0,0,0,0,0,0
74000,9928,2567,52,648,4,5,15,5,1,0,0,0,0,0,0,0,0,0
74100,9924,3009,54,604,0,1,16,4,6,4,0,0,0,0,0,0,0,0
74200,9925,2693,54,411,3,0,14,10,3,0,1,1,0,0,0,0,0,0
74300,9930,2239,52,543,3,1,14,5,1,1,0,2,0,0,0,0,0,0
74400,9923,1997,54,573,0,2,18,8,2,1,3,1,0,0,0,0,0,0
74500,9920,2101,60,684,2,1,14,5,3,4,1,2,0,0,0,0,0,0
74600,9916,2422,61,493,4,1,12,13,6,0,1,0,0,0,0,0,0,0
74700,9917,2547,60,346,3,0,16,8,1,1,3,2,0,0,0,0,0,0
74800,9910,3186,67,427,4,1,14,13,3,0,2,1,0,0,0,0,0,0
74900,9909,3009,69,512,3,1,16,6,3,1,0,1,0,0,0,0,0,0
75000,9899,2912,76,367,6,2,14,8,5,3,0,0,0,0,0,0,0,0
75100,9904,3043,78,225,3,3,12,9,3,1,0,0,0,0,0,0,0,0
75200,9912,3647,67,253,2,0,14,17,2,0,2,0,1,0,0,0,0,0
75300,9922,3265,56,220,1,4,19,12,2,1,0,2,0,0,0,0,0,0
75400,9921,2946,52,205,5,1,15,5,4,1,3,0,0,0,0,0,0,0
75500,9939,3098,48,261,0,0,8,4,4,0,1,1,0,0,0,0,0,0
75600,9932,3231,61,306,0,1,6,11,0,0,1,3,0,0,0,0,0,0
75700,9933,2728,57,363,1,2,4,6,3,0,2,1,0,0,0,0,0,0
75800,9932,2890,63,507,2,0,2,6,0,1,1,1,0,0,0,0,0,0
75900,9920,2904,72,649,2,1,4,4,1,3,1,0,0,0,0,0,0,0
76000,9899,2871,90,514,2,3,7,6,1,1,1,0,0,0,0,0,0,0
76100,9903,2555,85,597,2,1,6,7,1,1,2,0,1,0,0,0,0,0
76200,9898,2462,91,458,2,0,4,8,5,2,0,1,0,0,0,0,0,0
76300,9896,2165,96,422,1,1,3,6,3,3,1,0,0,0,0,0,0,0
76400,9916,2411,72,518,3,1,6,4,2,0,1,0,0,0,0,0,0,0
76500,9912,2255,74,464,4,0,7,8,2,0,1,0,0,0,0,0,0,0
76600,9913,2411,76,337,2,3,8,6,0,0,1,0,0,0,0,0,0,0
76700,9919,2377,65,279,2,0,7,3,7,0,0,0,0,0,0,0,0,0
76800,9931,2546,59,327,2,0,5,5,3,0,0,0,0,0,0,0,0,0
76900,9925,2042,64,391,1,0,5,3,4,1,1,0,0,0,0,0,0,0
77000,9931,2458,60,339,1,0,4,3,4,0,0,0,0,0,0,0,0,0
77100,9934,2880,61,389,3,4,0,2,1,0,1,0,0,0,0,0,0,0
77200,9937,2176,51,474,1,1,6,4,2,4,3,0,0,0,0,0,0,0
77300,9945,2411,44,501,0,0,6,6,2,0,3,0,0,0,0,0,0,0
77400,9941,3052,46,398,1,1,6,6,4,0,2,0,0,0,0,0,0,0
77500,9942,3450,42,434,4,0,8,5,3,1,1,0,0,0,0,0,0,0
77600,9928,2973,57,640,4,0,7,6,2,1,2,1,0,0,0,0,0,0
77700,9932,2940,53,754,2,0,6,1,5,0,2,0,0,0,0,0,0,0
77800,9932,2854,55,707,2,1,6,5,5,3,0,0,0,0,0,0,0,0
77900,9946,2475,44,1060,1,1,4,2,5,2,0,2,0,0,0,0,0,0
78000,9945,2268,39,902,6,1,6,4,4,1,0,1,0,0,0,0,0,0
78100,9959,2508,36,941,1,0,3,8,0,1,1,0,0,0,0,0,0,0
78200,9960,2690,34,963,3,4,1,4,2,3,0,1,0,0,0,0,0,0
78300,9955,2964,37,766,3,1,4,6,1,1,0,0,0,0,0,0,0,0
78400,9943,2788,47,554,2,0,3,9,2,0,2,1,1,0,0,0,0,0
78500,9951,3174,46,640,1,0,1,3,1,0,0,0,0,0,0,0,0,0
78600,9952,2950,42,545,2,1,1,5,2,3,1,0,0,0,0,0,0,0
78700,9952,2952,42,398,2,1,1,4,1,1,2,0,0,0,0,0,0,0
78800,9945,2720,42,591,5,1,4,6,4,5,0,2,0,0,0,0,0,0
78900,9950,2787,45,770,2,1,0,5,2,2,1,0,0,0,0,0,0,0
79000,9951,3130,42,875,0,0,2,5,4,1,0,1,1,0,0,0,0,0
79100,9971,3205,23,706,1,2,3,4,2,3,0,0,0,0,0,0,0,0
79200,9968,3180,22,469,3,3,3,0,2,2,2,1,0,0,0,0,0,0
79300,9962,3352,31,386,3,0,2,4,1,0,1,0,0,0,0,0,0,0
79400,9971,4068,25,458,2,1,1,5,1,0,0,0,0,0,0,0,0,0
79500,9958,4168,33,168,1,0,1,2,3,3,2,1,2,0,0,0,0,0
79600,9964,4271,28,67,2,1,5,6,1,4,0,0,0,0,0,0,0,0
79700,9963,3165,32,79,3,0,0,4,2,1,0,0,0,0,0,0,0,0
79800,9969,3494,22,72,2,0,2,7,3,0,2,0,0,0,0,0,0,0
79900,9971,4013,25,69,0,0,2,7,2,2,0,0,0,0,0,0,0,0
80000,9972,4005,25,69,1,3,0,2,1,0,1,2,0,0,0,0,0,0
80100,9964,3599,33,69,1,2,1,5,1,0,0,0,0,0,0,0,0,0
80200,9967,2931,26,68,3,0,2,3,1,1,1,0,0,0,0,0,0,0
80300,9966,3060,28,88,2,1,3,2,0,1,1,0,0,0,0,0,0,0
80400,9970,3356,23,80,1,0,2,5,3,0,1,0,0,0,0,0,0,0
80500,9973,3040,17,78,2,1,3,0,5,1,0,0,0,0,0,0,0,0
80600,9975,2660,15,73,1,1,8,2,1,1,0,1,0,0,0,0,0,0
80700,9968,3020,21,73,3,0,1,0,4,0,2,0,1,0,0,0,0,0
80800,9964,3189,18,79,2,3,3,1,9,3,4,1,0,0,0,0,0,0
80900,9972,3354,18,69,2,1,1,0,5,3,2,0,0,0,0,0,0,0
81000,9965,2809,25,69,1,1,5,3,4,0,0,3,0,0,0,0,0,0
81100,9965,2576,23,67,3,0,4,0,4,1,1,0,0,1,0,0,0,0
81200,9971,2587,24,71,0,1,2,0,1,1,2,0,0,0,0,0,0,0
81300,9969,2688,21,76,2,0,1,0,7,1,0,0,0,0,0,0,0,0
81400,9964,2553,24,69,1,1,6,0,5,2,0,0,0,0,0,0,0,0
81500,9971,2241,23,69,0,1,0,0,5,1,1,0,0,0,0,0,0,0
81600,9961,2282,26,72,3,0,3,0,6,1,1,0,0,0,0,0,0,0
81700,9962,2265,27,69,1,0,3,0,7,0,0,0,0,0,0,0,0,0
81800,9958,2613,27,67,5,0,2,2,6,1,2,0,0,0,0,0,0,0
81900,9967,2645,27,75,2,0,1,2,3,1,0,0,0,0,0,0,0,0
82000,9969,2698,20,71,1,0,3,1,4,1,3,0,0,0,0,0,0,0
82100,9959,2602,22,73,2,1,11,1,5,1,1,2,0,0,0,0,0,0
82200,9964,2520,20,78,3,0,8,0,3,1,2,0,0,0,0,0,0,0
82300,9967,2938,21,68,4,0,5,0,3,0,0,0,0,0,0,0,0,0
82400,9974,3295,16,72,1,1,4,0,4,0,1,0,0,0,0,0,0,0
82500,9976,3492,16,70,2,6,2,0,2,0,1,0,1,0,0,0,0,0
82600,9982,3578,6,72,2,0,4,1,2,0,4,0,0,0,0,0,0,0
82700,9991,3124,0,72,2,1,2,0,3,1,1,0,1,0,0,0,0,0
82800,9990,3187,2,19,4,1,0,0,1,1,2,2,1,0,0,0,0,0
82900,9995,3309,1,3,2,0,0,0,1,1,1,0,0,0,0,0,0,0
83000,9991,3173,1,8,2,0,3,0,1,0,2,1,0,0,0,0,0,0
83100,9989,3229,3,3,0,1,3,0,4,2,1,0,0,0,0,0,0,0
83200,9985,2881,2,8,2,0,4,0,7,0,0,0,0,0,0,0,0,0
83300,9993,3075,0,1,4,1,0,1,3,4,0,1,0,0,0,0,0,0
83400,9985,2892,3,4,3,1,5,0,3,0,1,0,0,0,0,0,0,0
83500,9989,2959,3,12,2,1,2,0,2,1,2,0,0,0,0,0,0,0
83600,9985,2870,2,8,2,0,3,2,5,1,1,0,2,0,0,0,0,0
83700,9986,2656,3,4,2,0,3,0,2,4,4,0,0,0,0,0,0,0
83800,9987,2485,0,5,5,1,4,1,3,0,1,0,0,0,0,0,0,0
83900,9991,2306,0,6,3,1,0,2,5,2,1,0,0,0,0,0,0,0
84000,9992,2241,0,47,2,1,1,4,5,1,0,0,0,0,0,0,0,0
84100,9983,2361,12,13,2,0,1,8,0,0,2,0,0,0,0,0,0,0
84200,9981,2644,13,11,3,1,1,5,1,0,1,0,0,0,0,0,0,0
84300,9980,2776,10,8,1,1,5,0,2,0,2,0,0,0,0,0,0,0
84400,9988,3071,8,3,1,0,1,1,2,0,0,0,0,0,0,0,0,0
84500,9975,3286,15,5,2,3,3,1,4,0,0,0,0,0,1,0,0,0
84600,9978,3130,10,4,1,0,7,2,4,0,0,0,0,0,0,0,0,0
84700,9984,2799,10,3,1,0,3,0,1,0,1,0,0,0,0,0,0,0
84800,9985,2926,8,7,1,0,2,1,4,3,0,1,0,0,0,0,0,0
84900,9982,3174,14,0,0,0,0,0,2,0,2,0,0,0,0,0,0,0
85000,9982,3217,14,16,1,0,2,0,1,0,0,0,0,0,0,0,0,0
85100,9978,2378,14,47,3,0,1,0,4,0,0,1,0,0,0,0,0,0
85200,9981,2453,10,47,3,0,1,0,4,1,1,0,0,0,0,0,0,0
85300,9979,2537,12,6,0,0,7,0,2,0,0,0,0,0,0,0,0,0
85400,9979,2307,13,0,3,0,2,0,2,0,1,0,0,0,0,0,0,0
85500,9986,2430,8,7,0,1,4,0,2,2,0,0,0,0,0,0,0,0
85600,9980,2777,11,6,2,1,2,0,5,1,0,1,0,0,0,0,0,0
85700,9988,2383,9,9,0,0,2,2,1,0,0,0,0,0,0,0,0,0
85800,9986,2660,10,3,1,1,0,1,2,0,1,0,0,0,0,0,0,0
85900,9981,2663,8,3,1,0,5,1,5,1,0,0,0,0,0,0,0,0
86000,9985,2661,8,1,2,3,0,2,3,1,2,0,0,0,0,0,0,0
86100,9978,2681,14,3,4,6,2,1,2,0,0,0,0,0,0,0,0,0
86200,9980,2433,13,0,2,2,3,0,0,2,2,0,0,0,0,0,0,0
86300,9985,2709,8,0,1,9,3,0,3,0,0,0,0,0,0,0,0,0
86400,9986,2518,8,6,1,2,1,1,3,0,1,0,0,0,0,0,0,0
86500,9987,2106,9,2,2,1,2,0,0,3,0,0,0,0,0,0,0,0
86600,9981,2407,14,6,1,1,2,0,1,1,1,1,0,0,0,0,0,0
86700,9958,2765,33,19,5,2,2,1,2,0,0,0,0,0,0,0,0,0
86800,9926,2703,64,20,3,0,4,0,3,2,0,0,0,0,0,0,0,0
86900,9930,2764,65,25,2,3,3,1,0,1,0,0,0,0,0,0,0,0
87000,9893,3127,95,21,2,3,5,1,4,0,1,1,0,0,0,0,0,0
87100,9911,3300,72,15,3,0,12,0,2,1,0,0,0,0,0,0,0,0
87200,9930,3642,60,7,2,0,5,0,0,1,3,1,0,0,0,0,0,0
87300,9916,3296,65,13,2,2,11,1,6,0,0,0,0,0,0,0,0,0
87400,9921,2850,64,16,3,0,8,0,3,0,1,0,0,0,0,0,0,0
87500,9919,3084,64,10,2,0,9,2,2,0,4,0,0,0,0,0,0,0
87600,9929,3165,53,11,5,0,8,0,4,0,1,0,0,0,0,0,0,0
87700,9972,3037,13,7,1,0,4,1,6,1,4,0,0,0,0,0,0,0
87800,9970,2806,15,12,2,0,7,0,6,0,0,0,0,0,0,0,0,0
87900,9975,2736,15,9,1,0,4,3,4,0,1,0,0,0,0,0,0,0
88000,9973,3306,22,9,0,0,4,5,0,0,1,0,0,0,0,0,0,0
88100,9970,3364,20,11,2,0,6,1,2,1,0,0,0,0,0,0,0,0
88200,9975,2993,21,11,0,0,1,5,1,0,2,0,0,0,0,0,0,0
88300,9968,2985,24,7,4,0,3,1,1,0,0,0,0,0,0,0,0,0
88400,9972,2950,16,8,2,0,5,1,5,0,0,0,0,0,0,0,0,0
88500,9971,2949,21,10,1,2,5,3,2,1,0,0,0,0,0,0,0,0
88600,9975,3174,21,35,0,2,3,0,0,0,1,0,0,0,0,0,0,0
88700,9967,3469,24,42,1,1,7,0,1,0,0,0,0,0,0,0,0,0
88800,9956,3039,41,9,2,1,1,0,0,0,0,0,0,0,0,0,0,0
88900,9958,2817,26,7,3,0,6,0,4,1,3,0,0,0,0,0,0,0
89000,9968,2788,24,13,2,2,3,0,3,0,0,0,0,0,0,0,0,0
89100,9973,3108,21,16,0,0,3,1,2,0,1,0,0,0,0,0,0,0
89200,9961,2794,26,16,2,1,3,3,5,0,2,5,1,0,0,0,0,0
89300,9960,3038,30,8,0,2,5,1,5,2,0,2,0,0,0,0,0,0
89400,9970,3115,20,9,2,0,1,1,6,0,1,0,0,0,0,0,0,0
89500,9974,2881,21,9,2,1,2,0,1,0,0,1,0,0,0,0,0,0
89600,9969,2541,23,12,2,1,2,0,1,0,1,0,2,0,0,0,0,0
89700,9971,2679,20,29,0,0,5,3,4,0,0,0,0,0,0,0,0,0
89800,9965,3318,25,20,2,1,3,1,3,1,2,0,0,0,0,0,0,0
89900,9971,3365,22,17,2,1,2,0,3,1,0,0,0,0,0,0,0,0
90000,9976,3568,18,23,1,0,1,0,3,0,1,0,0,0,0,0,0,0
90100,9965,3895,22,25,2,0,2,0,8,0,1,1,0,0,0,0,0,0
90200,9971,3584,20,13,2,1,5,0,1,0,1,0,0,0,0,0,0,0
90300,9965,2829,26,30,3,0,6,1,0,1,0,0,0,0,0,0,0,0
90400,9960,2729,27,15,4,0,5,0,3,0,0,1,1,0,0,0,0,0
90500,9958,3077,29,30,2,0,6,0,3,0,2,0,0,0,0,0,0,0
90600,9963,3040,30,48,0,2,4,0,1,0,2,0,0,0,0,0,0,0
90700,9952,2688,29,31,1,3,10,1,5,2,3,0,0,0,0,0,0,0
90800,9975,2167,12,27,3,5,5,5,3,0,2,0,0,0,0,0,0,0
90900,9969,2192,16,22,2,5,8,1,5,0,0,0,0,0,0,0,0,0
91000,9976,2661,15,22,3,0,2,8,2,1,2,0,0,0,0,0,0,0
91100,9981,2991,13,23,1,0,0,1,3,2,2,0,0,0,0,0,0,0
91200,9979,2834,15,17,1,0,4,0,1,0,0,0,0,0,0,0,0,0
91300,9976,2821,16,15,1,1,3,1,4,0,0,0,0,0,0,0,0,0
91400,9973,2689,14,8,3,0,7,0,1,0,2,1,0,0,0,0,0,0
91500,9979,2777,15,9,2,0,1,0,1,0,2,0,0,0,0,0,0,0
91600,9980,2649,13,7,1,0,3,1,0,2,3,0,0,0,0,0,0,0
91700,9963,3018,16,7,3,0,9,2,4,1,5,0,0,0,0,0,0,0
91800,9971,2999,17,10,1,1,6,2,4,0,1,0,0,0,0,0,0,0
91900,9970,2887,19,4,1,0,5,2,4,1,1,0,0,0,0,0,0,0
92000,9971,2884,24,3,0,0,3,3,1,0,1,0,0,0,0,0,0,0
92100,9969,2599,22,0,2,0,2,5,3,1,2,0,0,0,0,0,0,0
92200,9972,2448,23,1,0,0,0,2,1,0,2,0,2,0,0,0,0,0
92300,9969,2451,23,5,3,2,2,2,2,0,1,0,0,0,0,0,0,0
92400,9978,2380,17,3,1,0,1,0,3,0,0,0,0,0,0,0,0,0
92500,9966,2531,24,0,4,0,0,0,6,2,0,0,0,0,0,0,0,0
92600,9963,3073,29,1,1,3,2,0,4,0,1,0,0,0,0,0,0,0
92700,9944,2782,46,0,4,8,3,0,2,0,1,1,0,0,0,0,0,0
92800,9953,3244,40,2,3,4,2,0,1,0,1,0,0,0,0,0,0,0
92900,9947,3365,43,9,1,2,2,0,6,1,1,0,0,0,0,0,0,0
93000,9958,3121,36,7,1,1,1,0,3,0,1,0,0,0,0,0,0,0
93100,9962,3537,31,20,1,0,1,1,4,0,1,0,0,0,0,0,0,0
93200,9954,3814,39,4,3,0,2,0,1,2,1,0,0,0,0,0,0,0
93300,9956,3477,37,3,1,0,1,7,3,1,2,0,0,0,0,0,0,0
93400,9962,3362,29,8,1,0,5,0,3,2,0,1,0,0,0,0,0,0
93500,9964,2919,32,1,1,0,1,0,1,0,1,0,0,0,0,0,0,0
93600,9950,2690,39,3,2,0,4,1,2,0,3,0,0,0,0,0,0,0
93700,9956,2682,34,23,1,0,3,1,5,0,1,2,0,0,0,0,0,0
93800,9963,3208,32,30,0,1,2,0,3,1,0,0,0,0,0,0,0,0
93900,9966,3185,32,22,1,0,1,1,0,0,0,0,0,0,0,0,0,0
94000,9961,3241,30,13,3,0,3,0,1,3,2,0,0,0,0,0,0,0
94100,9964,3420,24,4,2,1,5,0,2,0,3,0,0,0,0,0,0,0
94200,9968,3048,23,3,3,0,5,1,1,1,0,0,0,0,0,0,0,0
94300,9961,3385,28,8,2,0,1,1,6,0,2,0,0,0,0,0,0,0
94400,9968,3367,27,11,2,1,3,1,0,2,0,0,0,0,0,0,0,0
94500,9937,3392,48,2,10,0,3,3,0,0,2,0,0,0,0,0,0,0
94600,9903,3699,79,0,10,0,7,0,0,1,1,0,0,0,0,0,0,0
94700,9912,3572,76,6,7,3,2,0,3,2,0,0,0,0,0,0,0,0
94800,9907,3391,80,3,9,2,2,0,2,2,0,1,0,0,0,0,0,0
94900,9906,3295,81,1,8,0,3,1,1,1,1,0,0,0,0,0,0,0
95000,9903,3396,84,3,9,1,1,1,1,1,2,1,0,0,0,0,0,0
95100,9898,3295,82,7,14,1,4,0,2,2,0,0,0,0,0,0,0,0
95200,9895,2748,95,17,7,0,2,3,1,0,0,0,0,0,0,0,0,0
95300,9884,2707,96,19,10,0,2,1,4,1,4,0,0,0,0,0,0,0
95400,9885,3172,98,14,10,0,2,1,5,1,0,0,0,0,0,0,0,0
95500,9879,3290,101,2,9,0,4,1,7,0,0,0,0,0,0,0,0,0
95600,9888,3418,96,3,9,1,2,0,3,1,2,0,0,0,0,0,0,0
95700,9889,3002,96,1,8,0,1,0,5,0,1,0,0,0,0,0,0,0
95800,9882,2631,99,18,9,0,3,0,6,0,1,0,0,0,0,0,0,0
95900,9889,3396,95,7,9,0,1,0,3,1,3,0,0,0,0,0,0,0
96000,9907,3559,78,39,9,3,3,1,3,1,0,0,0,0,0,0,0,0
96100,9904,3916,78,1,10,2,5,1,1,0,2,0,0,0,0,0,0,0
96200,9897,3709,84,0,9,2,6,2,3,1,1,0,0,0,0,0,0,0
96300,9900,3807,85,9,9,0,4,0,2,1,0,0,0,0,0,0,0,0
96400,9897,3778,85,4,10,0,3,0,2,1,3,0,0,0,0,0,0,0
96500,9889,3346,89,9,11,0,4,1,6,0,1,0,0,0,0,0,0,0
96600,9906,3592,83,16,7,0,2,1,2,0,0,0,0,0,0,0,0,0
96700,9899,3843,83,10,8,2,4,0,4,1,2,1,0,0,0,0,0,0
96800,9894,3310,88,0,11,0,4,0,3,0,0,0,0,0,0,0,0,0
96900,9905,4143,85,3,8,0,1,2,1,2,0,1,0,0,0,0,0,0
97000,9897,3912,81,2,9,1,9,0,3,3,1,1,0,0,0,0,0,0
97100,9896,3560,87,8,8,0,5,0,4,2,0,0,0,0,0,0,0,0
97200,9906,3304,82,5,8,0,2,0,2,0,0,0,0,0,0,0,0,0
97300,9901,3337,76,3,9,2,6,0,6,0,2,0,0,0,0,0,0,0
97400,9922,3027,63,1,11,0,2,1,1,0,1,0,0,0,0,0,0,0
97500,9921,3323,64,0,10,0,3,1,1,0,1,1,0,0,0,0,0,0
97600,9958,2978,17,2,10,0,4,1,7,2,4,1,0,0,0,0,0,0
97700,9970,3034,17,2,8,1,4,0,1,1,0,1,0,0,0,0,0,0
97800,9967,3254,15,1,10,2,6,0,1,1,1,0,0,0,0,0,0,0
97900,9972,2917,15,9,8,0,1,0,4,1,0,0,0,0,0,0,0,0
98000,9956,2565,21,2,8,0,9,0,4,0,2,0,0,0,0,0,0,0
98100,9974,2600,11,1,10,0,2,1,3,0,0,0,0,0,0,0,0,0
98200,9969,2571,17,3,10,0,2,0,0,0,2,0,0,0,0,0,0,0
98300,9960,2608,13,0,13,0,7,1,6,1,1,0,0,0,0,0,0,0
98400,9965,2916,18,3,8,0,7,1,1,0,1,0,0,0,0,0,0,0
98500,9972,3282,12,3,8,0,7,0,1,0,0,0,0,0,0,0,0,0
98600,9971,3338,13,4,6,2,2,0,8,1,0,0,0,0,0,0,0,0
98700,9985,2893,10,13,1,1,2,1,2,0,0,0,0,0,0,0,0,0
98800,9982,2620,8,10,1,0,3,0,4,0,2,0,0,0,0,0,0,0
98900,9984,2323,10,9,2,0,1,0,2,0,1,0,0,0,0,0,0,0
99000,9981,2965,9,9,3,0,1,0,6,0,0,0,0,0,0,0,0,0
99100,9979,2763,8,14,2,1,6,0,2,0,3,0,0,0,0,0,0,0
99200,9985,3063,9,32,1,1,3,0,2,4,0,1,0,0,0,0,0,0
99300,9983,3340,8,11,3,1,1,0,3,4,2,1,0,0,0,0,0,0
99400,9988,3355,8,10,0,0,3,1,1,1,0,0,0,0,0,0,0,0
99500,9987,3338,9,4,1,0,1,1,1,0,1,0,0,0,0,0,0,0
99600,9987,3545,8,4,0,0,3,1,1,1,1,1,0,0,0,0,0,0
99700,9985,3326,8,11,1,1,2,1,3,0,1,1,0,0,0,0,0,0
99800,9981,2778,11,10,1,5,4,3,3,1,0,0,0,0,0,0,0,0
99900,9980,2922,9,14,2,10,4,1,2,1,3,1,0,0,0,0,0,0
100000,9983,3042,8,8,1,0,2,1,3,0,3,0,0,0,0,0,0,0
