update,host_task_NOT,sym_task_NOT,host_task_NAND,sym_task_NAND,host_task_AND,sym_task_AND,host_task_ORN,sym_task_ORN,host_task_OR,sym_task_OR,host_task_ANDN,sym_task_ANDN,host_task_NOR,sym_task_NOR,host_task_XOR,sym_task_XOR,host_task_EQU,sym_task_EQU
0,0,0,0,0,0,0,0,0,0,0,0,0,0,0,0,0,0,0
100,9999,0,0,0,1,0,0,0,1,0,1,0,0,0,0,0,0,0
200,9995,0,0,0,0,0,3,0,2,0,0,0,0,0,0,0,0,0
300,9996,0,0,0,1,0,0,0,2,0,1,0,0,0,0,0,0,0
400,9996,0,0,0,1,0,1,0,2,0,0,0,0,0,0,0,0,0
500,9997,0,0,0,1,0,0,0,2,0,0,0,0,0,0,0,0,0
600,9993,0,3,0,2,0,0,0,2,0,0,0,0,0,0,0,0,0
700,9992,0,5,0,1,0,1,0,0,0,1,0,0,0,0,0,0,0
800,9989,0,4,0,2,0,2,0,2,0,1,0,0,0,0,0,0,0
900,9990,0,4,0,1,0,1,0,3,0,1,0,0,0,0,0,0,0
1000,9991,0,4,0,3,0,0,0,2,0,0,0,0,0,0,0,0,0
1100,9983,0,10,0,2,0,1,0,4,0,0,0,0,0,0,0,0,0
1200,9979,0,16,0,1,0,2,0,2,0,0,0,0,0,0,0,0,0
1300,9978,0,16,0,1,0,1,0,4,0,0,0,0,0,0,0,0,0
1400,9976,0,18,0,1,0,0,0,2,0,3,0,0,0,0,0,0,0
1500,9978,0,16,0,0,0,0,0,4,0,2,0,0,0,0,0,0,0
1600,9983,0,15,0,0,0,1,0,0,0,1,0,0,0,0,0,0,0
1700,9983,0,14,0,0,0,1,0,2,0,0,0,0,0,0,0,0,0
1800,9980,0,12,0,5,0,1,0,2,0,0,0,0,0,0,0,0,0
1900,9977,0,12,0,3,0,5,0,2,0,1,0,0,0,0,0,0,0
2000,9980,0,12,0,3,0,4,0,1,0,0,0,0,0,0,0,0,0
2100,9979,0,13,0,1,0,2,0,4,0,1,0,0,0,0,0,0,0
2200,9985,0,10,0,0,0,3,0,2,0,0,0,0,0,0,0,0,0
2300,9975,0,11,0,6,0,4,0,1,0,3,0,0,0,0,0,0,0
2400,9978,0,14,0,1,0,5,0,2,0,0,0,0,0,0,0,0,0
2500,9982,0,9,0,4,0,2,0,2,0,1,0,0,0,0,0,0,0
2600,9976,0,8,0,4,0,3,0,6,0,3,0,0,0,0,0,0,0
2700,9984,0,10,0,2,0,0,0,2,0,2,0,0,0,0,0,0,0
2800,9978,0,9,0,4,0,5,0,3,0,1,0,0,0,0,0,0,0
2900,9978,0,8,0,0,0,7,0,5,0,2,0,0,0,0,0,0,0
3000,9984,0,10,0,0,0,1,0,4,0,1,0,0,0,0,0,0,0
3100,9974,0,8,0,7,0,2,0,6,0,3,0,0,0,0,0,0,0
3200,9976,0,9,0,4,0,4,0,5,0,2,0,0,0,0,0,0,0
3300,9986,0,8,0,1,0,4,0,1,0,0,0,0,0,0,0,0,0
3400,9983,0,9,0,3,0,4,0,1,0,0,0,0,0,0,0,0,0
3500,9978,0,10,0,3,0,5,0,4,0,0,0,0,0,0,0,0,0
3600,9980,0,10,0,1,0,4,0,2,0,3,0,0,0,0,0,0,0
3700,9975,0,12,0,1,0,8,0,1,0,3,0,0,0,0,0,0,0
3800,9974,0,15,0,2,0,4,0,5,0,0,0,0,0,0,0,0,0
3900,9970,0,13,0,2,0,10,0,5,0,0,0,0,0,0,0,0,0
4000,9974,0,14,0,3,0,3,0,5,0,0,0,1,0,0,0,0,0
4100,9976,0,14,0,1,0,5,0,4,0,0,0,0,0,0,0,0,0
4200,9967,0,14,0,3,0,10,0,3,0,3,0,0,0,0,0,0,0
4300,9965,0,19,0,3,0,12,0,1,0,0,0,0,0,0,0,0,0
4400,9964,0,20,0,1,0,9,0,5,0,1,0,0,0,0,0,0,0
4500,9966,0,22,0,1,0,9,0,2,0,0,0,0,0,0,0,0,0
4600,9957,0,21,0,2,0,19,0,1,0,0,0,0,0,0,0,0,0
4700,9966,0,18,0,2,0,10,0,4,0,0,0,0,0,0,0,0,0
4800,9969,0,16,0,1,0,10,0,4,0,0,0,0,0,0,0,0,0
4900,9956,0,21,0,2,0,15,0,5,0,1,0,0,0,0,0,0,0
5000,9956,0,21,0,2,0,16,0,5,0,0,0,0,0,0,0,0,0
5100,9953,0,26,0,2,0,12,0,5,0,2,0,0,0,0,0,0,0
5200,9948,0,31,0,2,0,11,0,6,0,2,0,0,0,0,0,0,0
5300,9947,0,34,0,0,0,11,0,7,0,1,0,0,0,0,0,0,0
5400,9928,0,51,0,3,0,10,0,4,0,4,0,0,0,0,0,0,0
5500,9935,0,47,0,3,0,13,0,1,0,1,0,0,0,0,0,0,0
5600,9935,0,54,0,0,0,9,0,2,0,0,0,0,0,0,0,0,0
5700,9934,0,50,0,0,0,12,0,3,0,1,0,0,0,0,0,0,0
5800,9937,0,49,0,5,0,5,0,4,0,0,0,0,0,0,0,0,0
5900,9936,0,53,0,1,0,7,0,3,0,0,0,0,0,0,0,0,0
6000,9930,0,57,0,1,0,5,0,6,0,1,0,0,0,0,0,0,0
6100,9930,0,52,0,3,0,6,0,8,0,0,0,1,0,0,0,0,0
6200,9930,0,54,0,5,0,6,0,3,0,2,0,0,0,0,0,0,0
6300,9924,0,57,0,3,0,3,0,9,0,4,0,0,0,0,0,0,0
6400,9929,0,63,0,1,0,4,0,3,0,0,0,0,0,0,0,0,0
6500,9920,0,65,0,1,0,2,0,10,0,1,0,1,0,0,0,0,0
6600,9916,0,68,0,2,0,3,0,7,0,3,0,1,0,0,0,0,0
6700,9925,0,65,0,1,0,4,0,5,0,0,0,0,0,0,0,0,0
6800,9911,0,72,0,3,0,5,0,6,0,2,0,1,0,0,0,0,0
6900,9907,0,79,0,1,0,4,0,7,0,2,0,0,0,0,0,0,0
7000,9896,0,86,0,4,0,8,0,4,0,2,0,0,0,0,0,0,0
7100,9893,0,92,0,4,0,3,0,6,0,2,0,0,0,0,0,0,0
7200,9901,0,88,0,4,0,2,0,2,0,3,0,0,0,0,0,0,0
7300,9901,0,83,0,1,0,7,0,8,0,0,0,0,0,0,0,0,0
7400,9922,0,71,0,2,0,4,0,0,0,1,0,0,0,0,0,0,0
7500,9919,0,68,0,1,0,6,0,6,0,0,0,0,0,0,0,0,0
7600,9911,0,72,0,4,0,5,0,5,0,3,0,0,0,0,0,0,0
7700,9915,0,71,0,2,0,2,0,7,0,2,0,1,0,0,0,0,0
7800,9914,0,71,0,6,0,3,0,5,0,1,0,0,0,0,0,0,0
7900,9929,0,57,0,0,0,4,0,9,0,1,0,0,0,0,0,0,0
8000,9924,0,61,0,2,0,5,0,6,0,1,0,1,0,0,0,0,0
8100,9929,0,54,0,5,0,3,0,8,0,0,0,1,0,0,0,0,0
8200,9931,0,56,0,6,0,2,0,2,0,3,0,0,0,0,0,0,0
8300,9915,0,69,0,1,0,5,0,9,0,1,0,0,0,0,0,0,0
8400,9916,0,69,0,4,0,1,0,10,0,0,0,0,0,0,0,0,0
8500,9918,0,71,0,2,0,3,0,3,0,2,0,1,0,0,0,0,0
8600,9907,0,76,0,6,0,4,0,5,0,2,0,0,0,0,0,0,0
8700,9905,0,80,0,3,0,3,0,3,0,5,0,1,0,0,0,0,0
8800,9867,0,119,0,6,0,3,0,4,0,1,0,0,0,0,0,0,0
8900,9852,0,136,0,7,0,1,0,4,0,0,0,0,0,0,0,0,0
9000,9821,0,151,0,8,0,11,0,8,0,1,0,0,0,0,0,0,0
9100,9818,0,161,0,8,0,7,0,5,0,1,0,0,0,0,0,0,0
9200,9825,0,156,0,4,0,5,0,8,0,1,0,1,0,0,0,0,0
9300,9817,0,168,0,1,0,4,0,9,0,1,0,0,0,0,0,0,0
9400,9784,0,189,0,5,0,8,0,10,0,4,0,0,0,0,0,0,0
9500,9784,0,193,0,4,0,8,0,10,0,1,0,0,0,0,0,0,0
9600,9785,0,197,0,4,0,5,0,6,0,3,0,0,0,0,0,0,0
9700,9785,0,193,0,2,0,8,0,10,0,2,0,0,0,0,0,0,0
9800,9771,0,200,0,4,0,12,0,11,0,2,0,0,0,0,0,0,0
9900,9781,0,200,0,5,0,9,0,4,0,1,0,0,0,0,0,0,0
10000,9771,0,209,0,0,0,11,0,3,0,6,0,0,0,0,0,0,0
10100,9765,0,212,0,3,0,11,0,8,0,1,0,0,0,0,0,0,0
10200,9746,0,222,0,5,0,12,0,11,0,4,0,0,0,0,0,0,0
10300,9742,0,238,0,6,0,7,0,4,0,3,0,0,0,0,0,0,0
10400,9736,0,238,0,10,0,8,0,8,0,0,0,0,0,0,0,0,0
10500,9728,0,249,0,4,0,7,0,10,0,2,0,0,0,0,0,0,0
10600,9715,0,267,0,2,0,8,0,6,0,2,0,0,0,0,0,0,0
10700,9677,0,301,0,5,0,6,0,9,0,2,0,0,0,0,0,0,0
10800,9649,0,332,0,1,0,7,0,9,0,2,0,0,0,0,0,0,0
10900,9610,0,364,0,4,0,15,0,6,0,1,0,0,0,0,0,0,0
11000,9574,0,407,0,4,0,4,0,8,0,3,0,0,0,0,0,0,0
11100,9583,0,399,0,3,0,6,0,7,0,2,0,0,0,0,0,0,0
11200,9565,0,413,0,4,0,11,0,3,0,2,0,2,0,0,0,0,0
11300,9555,0,420,0,5,0,8,0,9,0,3,0,0,0,0,0,0,0
11400,9561,0,420,0,4,0,8,0,5,0,2,0,0,0,0,0,0,0
11500,9550,0,406,0,6,0,30,0,5,0,2,0,1,0,0,0,0,0
11600,9549,0,405,0,5,0,26,0,13,0,2,0,0,0,0,0,0,0
11700,9549,0,417,0,5,0,24,0,3,0,2,0,0,0,0,0,0,0
11800,9537,0,427,0,4,0,25,0,6,0,1,0,0,0,0,0,0,0
11900,9489,0,452,0,11,0,36,0,8,0,3,0,0,0,1,0,0,0
12000,9438,0,480,0,30,0,46,0,2,0,4,0,0,0,0,0,0,0
12100,9423,0,490,0,31,0,44,0,11,0,1,0,0,0,0,0,0,0
12200,9421,0,492,0,32,0,44,0,8,0,3,0,0,0,0,0,0,0
12300,9361,0,558,0,32,0,41,0,4,0,4,0,0,0,0,0,0,0
12400,9372,0,546,0,30,0,44,0,6,0,2,0,0,0,0,0,0,0
12500,9378,0,538,0,31,0,42,0,9,0,2,0,0,0,0,0,0,0
12600,9373,0,545,0,38,0,38,0,4,0,2,0,0,0,0,0,0,0
12700,9332,0,573,0,44,0,38,0,11,0,2,0,0,0,0,0,0,0
12800,9334,0,576,0,44,0,42,0,1,0,3,0,0,0,0,0,0,0
12900,9334,0,561,0,46,0,47,0,8,0,4,0,0,0,0,0,0,0
13000,9348,0,563,0,35,0,42,0,10,0,1,0,1,0,0,0,0,0
13100,9374,0,555,0,18,0,40,0,9,0,4,0,0,0,0,0,0,0
13200,9383,0,550,0,15,0,43,0,8,0,1,0,0,0,0,0,0,0
13300,9345,0,587,0,23,0,30,0,8,0,7,0,0,0,0,0,0,0
13400,9397,0,552,0,12,0,31,0,3,0,5,0,0,0,0,0,0,0
13500,9427,0,509,0,20,0,33,0,8,0,3,0,0,0,0,0,0,0
13600,9398,0,540,0,18,0,33,0,7,0,4,0,0,0,0,0,0,0
13700,9388,0,553,0,17,0,31,0,8,0,3,0,0,0,0,0,0,0
13800,9406,0,543,0,13,0,26,0,7,0,5,0,0,0,0,0,0,0
13900,9416,0,524,0,13,0,33,0,9,0,5,0,0,0,0,0,0,0
14000,9431,0,518,0,15,0,31,0,4,0,1,0,0,0,0,0,0,0
14100,9446,0,502,0,17,0,27,0,5,0,3,0,0,0,0,0,0,0
14200,9425,0,519,0,14,0,30,0,9,0,3,0,0,0,0,0,0,0
14300,9423,0,515,0,14,0,38,0,6,0,4,0,0,0,0,0,0,0
14400,9403,0,532,0,16,0,37,0,10,0,2,0,0,0,0,0,0,0
14500,9404,0,533,0,13,0,34,0,12,0,4,0,0,0,0,0,0,0
14600,9411,0,521,0,17,0,42,0,8,0,1,0,0,0,0,0,0,0
14700,9407,0,518,0,15,0,49,0,7,0,4,0,0,0,0,0,0,0
14800,9409,0,509,0,17,0,48,0,10,0,6,0,1,0,0,0,0,0
14900,9387,0,540,0,9,0,50,0,11,0,3,0,0,0,0,0,0,0
15000,9408,0,521,0,3,0,55,0,10,0,3,0,0,0,0,0,0,0
15100,9420,0,518,0,4,0,51,0,3,0,4,0,0,0,0,0,0,0
15200,9443,0,499,0,9,0,43,0,3,0,3,0,0,0,0,0,0,0
15300,9455,0,499,0,5,0,32,0,8,0,1,0,0,0,0,0,0,0
15400,9448,0,493,0,9,0,35,0,10,0,5,0,0,0,0,0,0,0
15500,9481,0,473,0,6,0,36,0,3,0,1,0,0,0,0,0,0,0
15600,9471,0,478,0,4,0,35,0,8,0,4,0,0,0,0,0,0,0
15700,9473,0,476,0,4,0,37,0,6,0,4,0,0,0,0,0,0,0
15800,9466,0,478,0,6,0,39,0,10,0,1,0,0,0,0,0,0,0
15900,9482,0,469,0,9,0,33,0,5,0,2,0,0,0,0,0,0,0
16000,9490,0,447,0,6,0,36,0,16,0,5,0,0,0,0,0,0,0
16100,9472,0,468,0,8,0,37,0,4,0,10,0,1,0,0,0,0,0
16200,9449,0,496,0,7,0,33,0,10,0,5,0,0,0,0,0,0,0
16300,9467,0,496,0,2,0,24,0,7,0,4,0,0,0,0,0,0,0
16400,9453,0,516,0,8,0,14,0,4,0,5,0,0,0,0,0,0,0
16500,9458,0,489,0,10,0,35,0,6,0,2,0,0,0,0,0,0,0
16600,9475,0,483,0,6,0,29,0,6,0,1,0,0,0,0,0,0,0
16700,9476,0,470,0,11,0,34,0,8,0,1,0,0,0,0,0,0,0
16800,9477,0,470,0,2,0,41,0,7,0,3,0,0,0,0,0,0,0
16900,9474,0,474,0,5,0,38,0,7,0,1,0,1,0,0,0,0,0
17000,9482,0,465,0,11,0,33,0,4,0,5,0,0,0,0,0,0,0
17100,9497,0,461,0,6,0,30,0,2,0,4,0,0,0,0,0,0,0
17200,9469,0,480,0,4,0,29,0,15,0,3,0,0,0,0,0,0,0
17300,9476,0,472,0,5,0,29,0,13,0,5,0,0,0,0,0,0,0
17400,9517,0,443,0,2,0,31,0,4,0,3,0,0,0,0,0,0,0
17500,9531,0,420,0,8,0,36,0,1,0,4,0,0,0,0,0,0,0
17600,9545,0,401,0,5,0,38,0,11,0,0,0,0,0,0,0,0,0
17700,9533,0,419,0,4,0,30,0,11,0,3,0,0,0,0,0,0,0
17800,9533,0,417,0,7,0,36,0,6,0,0,0,1,0,0,0,0,0
17900,9507,0,445,0,5,0,36,0,5,0,2,0,0,0,0,0,0,0
18000,9517,0,441,0,1,0,34,0,5,0,2,0,0,0,0,0,0,0
18100,9498,0,446,0,8,0,37,0,8,0,3,0,0,0,0,0,0,0
18200,9494,0,456,0,5,0,37,0,7,0,1,0,0,0,0,0,0,0
18300,9479,0,472,0,8,0,32,0,7,0,2,0,0,0,0,0,0,0
18400,9549,0,406,0,5,0,29,0,6,0,5,0,0,0,0,0,0,0
18500,9557,0,389,0,13,0,31,0,6,0,4,0,0,0,0,0,0,0
18600,9584,0,361,0,9,0,38,0,4,0,4,0,0,0,0,0,0,0
18700,9590,0,342,0,14,0,39,0,12,0,3,0,0,0,0,0,0,0
18800,9577,0,361,0,17,0,37,0,5,0,3,0,0,0,0,0,0,0
18900,9604,0,339,0,16,0,33,0,6,0,2,0,0,0,0,0,0,0
19000,9610,0,319,0,18,0,40,0,11,0,2,0,0,0,0,0,0,0
19100,9623,0,321,0,11,0,38,0,4,0,3,0,0,0,0,0,0,0
19200,9685,0,261,0,12,0,35,0,3,0,3,0,1,0,0,0,0,0
19300,9669,0,275,0,12,0,33,0,8,0,3,0,0,0,0,0,0,0
19400,9678,0,261,0,12,0,35,0,9,0,5,0,0,0,0,0,0,0
19500,9671,0,274,0,11,0,34,0,9,0,1,0,0,0,0,0,0,0
19600,9658,0,280,0,17,0,37,0,4,0,4,0,0,0,0,0,0,0
19700,9651,0,282,0,13,0,41,0,7,0,6,0,0,0,0,0,0,0
19800,9634,0,310,0,14,0,30,0,9,0,3,0,0,0,0,0,0,0
19900,9653,0,288,0,23,0,33,0,2,0,1,0,0,0,0,0,0,0
20000,9609,0,298,0,42,0,42,0,6,0,3,0,0,0,0,0,0,0
20100,9620,0,297,0,43,0,34,0,5,0,1,0,0,0,0,0,0,0
20200,9639,0,274,0,49,0,31,0,5,0,2,0,0,0,0,0,0,0
20300,9656,0,253,0,45,0,36,0,7,0,3,0,0,0,0,0,0,0
20400,9633,0,303,0,21,0,30,0,10,0,3,0,0,0,0,0,0,0
20500,9656,0,280,0,13,0,36,0,11,0,4,0,0,0,0,0,0,0
20600,9606,0,309,0,19,0,55,0,11,0,0,0,0,0,0,0,0,0
20700,9627,0,294,0,14,0,55,0,7,0,3,0,0,0,0,0,0,0
20800,9637,0,273,0,23,0,53,0,8,0,6,0,0,0,0,0,0,0
20900,9597,0,314,0,24,0,58,0,6,0,1,0,0,0,0,0,0,0
21000,9613,0,306,0,20,0,50,0,8,0,3,0,0,0,0,0,0,0
21100,9607,0,316,0,18,0,48,0,8,0,3,0,0,0,0,0,0,0
21200,9614,0,311,0,14,0,48,0,7,0,6,0,0,0,0,0,0,0
21300,9586,0,329,0,18,0,52,0,10,0,5,0,0,0,0,0,0,0
21400,9544,0,362,0,19,0,56,0,15,0,3,0,0,0,0,0,1,0
21500,9577,0,347,0,18,0,48,0,9,0,1,0,0,0,0,0,0,0
21600,9583,0,353,0,14,0,35,0,8,0,7,0,0,0,0,0,0,0
21700,9596,0,350,0,17,0,29,0,7,0,1,0,0,0,0,0,0,0
21800,9582,0,360,0,19,0,30,0,6,0,2,0,1,0,0,0,0,0
21900,9588,0,358,0,10,0,31,0,10,0,3,0,0,0,0,0,0,0
22000,9578,0,372,0,16,0,27,0,5,0,2,0,0,0,0,0,0,0
22100,9594,0,350,0,17,0,29,0,6,0,4,0,0,0,0,0,0,0
22200,9588,0,356,0,13,0,29,0,11,0,3,0,0,0,0,0,0,0
22300,9615,0,334,0,12,0,31,0,6,0,2,0,0,0,0,0,0,0
22400,9613,0,319,0,14,0,44,0,9,0,1,0,0,0,0,0,0,0
22500,9615,0,316,0,18,0,43,0,6,0,2,0,0,0,0,0,0,0
22600,9627,0,312,0,13,0,40,0,7,0,0,0,1,0,0,0,0,0
22700,9603,0,328,0,12,0,41,0,14,0,2,0,0,0,0,0,0,0
22800,9572,0,362,0,15,0,38,0,9,0,4,0,0,0,0,0,0,0
22900,9550,0,384,0,18,0,37,0,8,0,3,0,0,0,0,0,0,0
23000,9564,0,369,0,17,0,38,0,9,0,3,0,0,0,0,0,0,0
23100,9590,0,351,0,13,0,36,0,8,0,1,0,1,0,0,0,0,0
23200,9610,0,345,0,13,0,21,0,4,0,7,0,0,0,0,0,0,0
23300,9595,0,355,0,15,0,27,0,7,0,0,0,1,0,0,0,0,0
23400,9570,0,387,0,14,0,23,0,6,0,0,0,0,0,0,0,0,0
23500,9568,0,384,0,14,0,28,0,5,0,1,0,0,0,0,0,0,0
23600,9568,0,378,0,13,0,26,0,11,0,4,0,0,0,0,0,0,0
23700,9557,0,386,0,14,0,34,0,7,0,2,0,0,0,0,0,0,0
23800,9525,0,422,0,14,0,33,0,6,0,0,0,0,0,0,0,0,0
23900,9493,0,453,0,9,0,36,0,5,0,4,0,0,0,0,0,0,0
24000,9496,0,453,0,12,0,29,0,9,0,1,0,0,0,0,0,0,0
24100,9482,0,436,0,9,0,61,0,7,0,4,0,1,0,0,0,0,0
24200,9480,0,439,0,8,0,66,0,4,0,3,0,0,0,0,0,0,0
24300,9487,0,433,0,9,0,67,0,4,0,0,0,0,0,0,0,0,0
24400,9483,0,429,0,6,0,64,0,14,0,4,0,0,0,0,0,0,0
24500,9523,0,425,0,4,0,41,0,4,0,3,0,0,0,0,0,0,0
24600,9501,0,446,0,7,0,33,0,10,0,3,0,0,0,0,0,0,0
24700,9493,0,464,0,3,0,34,0,5,0,1,0,0,0,0,0,0,0
24800,9515,0,443,0,4,0,29,0,6,0,3,0,0,0,0,0,0,0
24900,9491,0,459,0,6,0,39,0,2,0,3,0,0,0,0,0,0,0
25000,9495,0,456,0,6,0,35,0,5,0,3,0,0,0,0,0,0,0
25100,9498,0,460,0,4,0,28,0,5,0,5,0,0,0,0,0,0,0
25200,9558,0,394,0,7,0,29,0,8,0,4,0,0,0,0,0,0,0
25300,9571,0,384,0,3,0,36,0,6,0,0,0,0,0,0,0,0,0
25400,9515,0,441,0,5,0,29,0,8,0,1,0,1,0,0,0,0,0
25500,9492,0,457,0,7,0,36,0,5,0,3,0,0,0,0,0,0,0
25600,9498,0,452,0,7,0,34,0,8,0,1,0,0,0,0,0,0,0
25700,9497,0,459,0,5,0,35,0,3,0,1,0,0,0,0,0,0,0
25800,9534,0,423,0,3,0,29,0,6,0,5,0,0,0,0,0,0,0
25900,9556,0,401,0,2,0,31,0,9,0,1,0,0,0,0,0,0,0
26000,9545,0,414,0,5,0,28,0,5,0,3,0,0,0,0,0,0,0
26100,9534,0,424,0,5,0,31,0,2,0,4,0,0,0,0,0,0,0
26200,9551,0,412,0,4,0,27,0,5,0,1,0,0,0,0,0,0,0
26300,9506,0,447,0,4,0,34,0,7,0,2,0,0,0,0,0,0,0
26400,9528,0,420,0,8,0,38,0,4,0,2,0,0,0,0,0,0,0
26500,9537,0,405,0,6,0,38,0,9,0,5,0,0,0,0,0,0,0
26600,9520,0,419,0,8,0,40,0,11,0,2,0,0,0,0,0,0,0
26700,9567,0,389,0,2,0,36,0,5,0,1,0,0,0,0,0,0,0
26800,9576,0,380,0,3,0,36,0,4,0,1,0,0,0,0,0,0,0
26900,9570,0,380,0,6,0,34,0,5,0,4,0,1,0,0,0,0,0
27000,9573,0,380,0,3,0,33,0,8,0,3,0,0,0,0,0,0,0
27100,9548,0,381,0,9,0,51,0,6,0,4,0,0,0,1,0,0,0
27200,9576,0,389,0,5,0,22,0,6,0,2,0,0,0,0,0,0,0
27300,9560,0,408,0,4,0,20,0,7,0,1,0,0,0,0,0,0,0
27400,9579,0,394,0,7,0,14,0,5,0,1,0,0,0,0,0,0,0
27500,9579,0,398,0,7,0,12,0,3,0,1,0,0,0,0,0,0,0
27600,9527,0,440,0,7,0,16,0,8,0,2,0,0,0,0,0,0,0
27700,9529,0,432,0,10,0,20,0,5,0,4,0,0,0,0,0,0,0
27800,9512,0,458,0,6,0,17,0,6,0,1,0,0,0,0,0,0,0
27900,9525,0,452,0,4,0,13,0,3,0,3,0,0,0,0,0,0,0
28000,9521,0,440,0,13,0,17,0,6,0,2,0,1,0,0,0,0,0
28100,9532,0,444,0,6,0,16,0,1,0,1,0,0,0,0,0,0,0
28200,9542,0,418,0,6,0,19,0,11,0,4,0,0,0,0,0,0,0
28300,9542,0,421,0,9,0,15,0,8,0,5,0,0,0,0,0,0,0
28400,9529,0,437,0,7,0,14,0,8,0,5,0,0,0,0,0,0,0
28500,9562,0,409,0,10,0,11,0,7,0,1,0,0,0,0,0,0,0
28600,9570,0,409,0,2,0,12,0,2,0,5,0,0,0,0,0,0,0
28700,9564,0,403,0,9,0,10,0,13,0,1,0,0,0,0,0,0,0
28800,9544,0,426,0,6,0,14,0,6,0,4,0,0,0,0,0,0,0
28900,9571,0,405,0,8,0,10,0,5,0,1,0,0,0,0,0,0,0
29000,9617,0,365,0,2,0,5,0,7,0,4,0,0,0,0,0,0,0
29100,9583,0,382,0,10,0,12,0,9,0,4,0,0,0,0,0,0,0
29200,9583,0,386,0,12,0,9,0,8,0,2,0,0,0,0,0,0,0
29300,9580,0,392,0,7,0,9,0,5,0,7,0,0,0,0,0,0,0
29400,9602,0,376,0,3,0,11,0,7,0,1,0,0,0,0,0,0,0
29500,9640,0,332,0,7,0,12,0,5,0,3,0,1,0,0,0,0,0
29600,9664,0,296,0,10,0,17,0,5,0,7,0,1,0,0,0,0,0
29700,9663,0,301,0,10,0,13,0,9,0,4,0,0,0,0,0,0,0
29800,9708,0,263,0,6,0,12,0,9,0,2,0,0,0,0,0,0,0
29900,9684,0,291,0,6,0,11,0,4,0,4,0,0,0,0,0,0,0
30000,9698,0,274,0,6,0,14,0,8,0,0,0,0,0,0,0,0,0
30100,9700,0,279,0,4,0,8,0,7,0,2,0,0,0,0,0,0,0
30200,9687,0,282,0,6,0,17,0,6,0,2,0,0,0,0,0,0,0
30300,9684,0,290,0,6,0,12,0,5,0,3,0,0,0,0,0,0,0
30400,9652,0,313,0,6,0,17,0,11,0,1,0,0,0,0,0,0,0
30500,9682,0,296,0,6,0,10,0,5,0,1,0,0,0,0,0,0,0
30600,9673,0,297,0,4,0,15,0,6,0,5,0,0,0,0,0,0,0
30700,9670,0,301,0,4,0,13,0,11,0,1,0,0,0,0,0,0,0
30800,9675,0,297,0,4,0,16,0,6,0,2,0,0,0,0,0,0,0
30900,9674,0,296,0,7,0,17,0,5,0,1,0,0,0,0,0,0,0
31000,9681,0,285,0,6,0,18,0,6,0,4,0,0,0,0,0,0,0
31100,9664,0,293,0,4,0,26,0,6,0,7,0,0,0,0,0,0,0
31200,9681,0,287,0,5,0,19,0,7,0,1,0,0,0,0,0,0,0
31300,9697,0,267,0,9,0,18,0,6,0,3,0,0,0,0,0,0,0
31400,9690,0,271,0,7,0,18,0,12,0,2,0,0,0,0,0,0,0
31500,9689,0,290,0,2,0,11,0,4,0,4,0,0,0,0,0,0,0
31600,9723,0,244,0,7,0,19,0,5,0,2,0,0,0,0,0,0,0
31700,9700,0,268,0,5,0,17,0,7,0,3,0,0,0,0,0,0,0
31800,9738,0,227,0,3,0,19,0,10,0,3,0,0,0,0,0,0,0
31900,9760,0,208,0,5,0,19,0,5,0,3,0,0,0,0,0,0,0
32000,9755,0,208,0,8,0,23,0,3,0,3,0,0,0,0,0,0,0
32100,9774,0,195,0,5,0,14,0,6,0,6,0,0,0,0,0,0,0
32200,9798,0,177,0,0,0,18,0,5,0,2,0,0,0,0,0,0,0
32300,9828,0,148,0,4,0,9,0,8,0,3,0,0,0,0,0,0,0
32400,9793,0,172,0,5,0,17,0,9,0,4,0,0,0,0,0,0,0
32500,9818,0,163,0,1,0,7,0,6,0,5,0,0,0,0,0,0,0
32600,9808,0,156,0,9,0,17,0,4,0,6,0,0,0,0,0,0,0
32700,9821,0,149,0,7,0,18,0,3,0,2,0,0,0,0,0,0,0
32800,9823,0,149,0,5,0,15,0,5,0,3,0,0,0,0,0,0,0
32900,9835,0,134,0,9,0,18,0,4,0,0,0,0,0,0,0,0,0
33000,9840,0,135,0,2,0,14,0,8,0,1,0,0,0,0,0,0,0
33100,9855,0,117,0,5,0,13,0,7,0,3,0,0,0,0,0,0,0
33200,9877,0,104,0,0,0,13,0,4,0,2,0,0,0,0,0,0,0
33300,9883,0,88,0,5,0,13,0,9,0,2,0,0,0,0,0,0,0
33400,9882,0,79,0,11,0,15,0,12,0,1,0,0,0,0,0,0,0
33500,9877,0,97,0,4,0,8,0,12,0,2,0,0,0,0,0,0,0
33600,9860,0,111,0,6,0,9,0,9,0,4,0,0,0,1,0,0,0
33700,9859,0,107,0,4,0,18,0,7,0,5,0,0,0,0,0,0,0
33800,9866,0,104,0,9,0,11,0,9,0,1,0,0,0,0,0,0,0
33900,9861,0,108,0,6,0,16,0,6,0,3,0,0,0,0,0,0,0
34000,9876,0,97,0,6,0,10,0,5,0,6,0,0,0,0,0,0,0
34100,9863,0,106,0,5,0,13,0,8,0,5,0,0,0,0,0,0,0
34200,9866,0,98,0,6,0,24,0,4,0,2,0,0,0,0,0,0,0
34300,9852,0,98,0,10,0,31,0,8,0,1,0,0,0,0,0,0,0
34400,9844,0,109,0,7,0,29,0,10,0,1,0,0,0,0,0,0,0
34500,9845,0,99,0,12,0,39,0,5,0,0,0,0,0,0,0,0,0
34600,9854,0,105,0,6,0,27,0,7,0,1,0,0,0,0,0,0,0
34700,9874,0,86,0,3,0,27,0,6,0,4,0,0,0,0,0,0,0
34800,9872,0,82,0,5,0,32,0,8,0,1,0,0,0,0,0,0,0
34900,9903,0,57,0,7,0,25,0,4,0,4,0,0,0,0,0,0,0
35000,9909,0,56,0,5,0,21,0,6,0,2,0,1,0,0,0,0,0
35100,9904,0,52,0,7,0,27,0,7,0,3,0,0,0,0,0,0,0
35200,9937,0,36,0,5,0,14,0,5,0,3,0,0,0,0,0,0,0
35300,9925,0,43,0,0,0,24,0,4,0,4,0,0,0,0,0,0,0
35400,9901,0,63,0,5,0,20,0,7,0,4,0,0,0,0,0,0,0
35500,9886,0,94,0,2,0,11,0,5,0,2,0,0,0,0,0,0,0
35600,9865,0,97,0,6,0,25,0,7,0,0,0,0,0,0,0,0,0
35700,9877,0,96,0,2,0,20,0,2,0,3,0,0,0,0,0,0,0
35800,9872,0,104,0,5,0,13,0,4,0,2,0,0,0,0,0,0,0
35900,9860,0,108,0,4,0,16,0,9,0,3,0,0,0,0,0,0,0
36000,9862,0,109,0,3,0,19,0,6,0,1,0,0,0,0,0,0,0
36100,9837,0,125,0,9,0,22,0,5,0,2,0,0,0,0,0,0,0
36200,9835,0,140,0,3,0,15,0,4,0,3,0,0,0,0,0,0,0
36300,9836,0,126,0,4,0,26,0,5,0,3,0,0,0,0,0,0,0
36400,9831,0,132,0,8,0,18,0,8,0,3,0,0,0,0,0,0,0
36500,9830,0,133,0,4,0,25,0,5,0,3,0,0,0,0,0,0,0
36600,9848,0,125,0,3,0,17,0,3,0,4,0,0,0,0,0,0,0
36700,9865,0,97,0,2,0,25,0,7,0,4,0,0,0,0,0,0,0
36800,9913,0,58,0,6,0,15,0,5,0,3,0,0,0,0,0,0,0
36900,9935,0,39,0,5,0,14,0,3,0,4,0,0,0,0,0,0,0
37000,9939,0,36,0,4,0,12,0,6,0,3,0,0,0,0,0,0,0
37100,9928,0,38,0,5,0,22,0,4,0,3,0,0,0,0,0,0,0
37200,9930,0,37,0,6,0,21,0,4,0,2,0,0,0,0,0,0,0
37300,9940,0,32,0,7,0,13,0,4,0,4,0,0,0,0,0,0,0
37400,9925,0,45,0,1,0,25,0,3,0,0,0,1,0,0,0,0,0
37500,9915,0,53,0,1,0,21,0,6,0,4,0,0,0,0,0,0,0
37600,9925,0,47,0,5,0,21,0,0,0,2,0,0,0,0,0,0,0
37700,9911,0,48,0,1,0,29,0,8,0,3,0,0,0,0,0,0,0
37800,9918,0,45,0,6,0,23,0,6,0,2,0,0,0,0,0,0,0
37900,9920,0,47,0,3,0,24,0,5,0,1,0,0,0,0,0,0,0
38000,9929,0,40,0,5,0,18,0,4,0,4,0,0,0,0,0,0,0
38100,9931,0,32,0,1,0,23,0,10,0,3,0,0,0,0,0,0,0
38200,9948,0,26,0,3,0,15,0,7,0,1,0,0,0,0,0,0,0
38300,9950,0,26,0,3,0,15,0,3,0,3,0,0,0,0,0,0,0
38400,9945,0,28,0,2,0,17,0,4,0,4,0,0,0,0,0,0,0
38500,9934,0,35,0,4,0,22,0,2,0,3,0,0,0,0,0,0,0
38600,9917,0,54,0,1,0,23,0,2,0,1,0,2,0,0,0,0,0
38700,9938,0,40,0,2,0,13,0,5,0,1,0,1,0,0,0,0,0
38800,9928,0,36,0,7,0,16,0,8,0,4,0,1,0,0,0,0,0
38900,9942,0,28,0,8,0,14,0,7,0,1,0,0,0,0,0,0,0
39000,9950,0,19,0,1,0,19,0,9,0,2,0,0,0,0,0,0,0
39100,9923,0,28,0,7,0,28,0,11,0,3,0,0,0,0,0,0,0
39200,9943,0,30,0,3,0,18,0,4,0,2,0,0,0,0,0,0,0
39300,9954,0,37,0,2,0,4,0,2,0,1,0,0,0,0,0,0,0
39400,9939,0,39,0,8,0,4,0,7,0,3,0,0,0,0,0,0,0
39500,9945,0,41,0,2,0,5,0,4,0,3,0,0,0,0,0,0,0
39600,9943,0,42,0,1,0,11,0,3,0,0,0,0,0,0,0,0,0
39700,9952,0,41,0,2,0,1,0,1,0,3,0,0,0,0,0,0,0
39800,9948,0,39,0,5,0,2,0,4,0,2,0,0,0,0,0,0,0
39900,9938,0,48,0,4,0,1,0,8,0,1,0,0,0,0,0,0,0
40000,9939,0,49,0,2,0,1,0,6,0,3,0,0,0,0,0,0,0
40100,9946,0,44,0,2,0,1,0,6,0,1,0,0,0,0,0,0,0
40200,9914,0,76,0,3,0,2,0,4,0,1,0,0,0,0,0,0,0
40300,9916,0,74,0,3,0,3,0,2,0,1,0,1,0,0,0,0,0
40400,9922,0,74,0,1,0,2,0,1,0,0,0,0,0,0,0,0,0
40500,9910,0,72,0,4,0,8,0,3,0,3,0,0,0,0,0,0,0
40600,9913,0,73,0,5,0,1,0,4,0,4,0,0,0,0,0,0,0
40700,9907,0,82,0,5,0,3,0,2,0,1,0,0,0,0,0,0,0
40800,9909,0,76,0,5,0,3,0,5,0,2,0,0,0,0,0,0,0
40900,9905,0,80,0,3,0,4,0,7,0,1,0,0,0,0,0,0,0
41000,9907,0,88,0,0,0,3,0,1,0,1,0,0,0,0,0,0,0
41100,9864,0,120,0,4,0,9,0,1,0,2,0,0,0,0,0,0,0
41200,9867,0,124,0,2,0,3,0,2,0,2,0,0,0,0,0,0,0
41300,9863,0,121,0,3,0,7,0,3,0,2,0,0,0,0,0,1,0
41400,9848,0,145,0,2,0,4,0,1,0,0,0,0,0,0,0,0,0
41500,9810,0,176,0,3,0,3,0,6,0,2,0,0,0,0,0,0,0
41600,9825,0,168,0,1,0,4,0,2,0,0,0,0,0,0,0,0,0
41700,9828,0,166,0,1,0,0,0,5,0,0,0,0,0,0,0,0,0
41800,9825,0,167,0,3,0,3,0,1,0,1,0,0,0,0,0,0,0
41900,9821,0,172,0,2,0,0,0,4,0,1,0,0,0,0,0,0,0
42000,9817,0,172,0,6,0,2,0,3,0,0,0,0,0,0,0,0,0
42100,9819,0,170,0,5,0,3,0,3,0,0,0,0,0,0,0,0,0
42200,9815,0,170,0,6,0,5,0,4,0,0,0,0,0,0,0,0,0
42300,9822,0,170,0,2,0,2,0,2,0,2,0,0,0,0,0,0,0
42400,9860,0,132,0,2,0,3,0,3,0,0,0,0,0,0,0,0,0
42500,9849,0,136,0,2,0,6,0,5,0,2,0,0,0,0,0,0,0
42600,9859,0,133,0,4,0,1,0,2,0,1,0,0,0,0,0,0,0
42700,9859,0,126,0,2,0,6,0,4,0,3,0,0,0,0,0,0,0
42800,9852,0,137,0,3,0,2,0,4,0,2,0,0,0,0,0,0,0
42900,9843,0,138,0,6,0,5,0,6,0,2,0,0,0,0,0,0,0
43000,9852,0,130,0,5,0,6,0,6,0,1,0,0,0,0,0,0,0
43100,9838,0,150,0,2,0,4,0,3,0,3,0,0,0,0,0,0,0
43200,9839,0,150,0,2,0,1,0,7,0,1,0,0,0,0,0,0,0
43300,9836,0,154,0,2,0,3,0,3,0,2,0,0,0,0,0,0,0
43400,9848,0,145,0,4,0,2,0,1,0,0,0,0,0,0,0,0,0
43500,9847,0,144,0,3,0,0,0,5,0,1,0,0,0,0,0,0,0
43600,9848,0,144,0,2,0,1,0,3,0,2,0,0,0,0,0,0,0
43700,9844,0,148,0,1,0,4,0,2,0,1,0,0,0,0,0,0,0
43800,9845,0,141,0,5,0,3,0,4,0,2,0,0,0,0,0,0,0
43900,9841,0,151,0,2,0,1,0,4,0,1,0,0,0,0,0,0,0
44000,9843,0,143,0,4,0,3,0,5,0,2,0,0,0,0,0,0,0
44100,9796,0,189,0,4,0,5,0,5,0,1,0,0,0,0,0,0,0
44200,9779,0,206,0,4,0,6,0,2,0,3,0,0,0,0,0,0,0
44300,9742,0,236,0,7,0,2,0,8,0,5,0,0,0,0,0,0,0
44400,9691,0,288,0,5,0,8,0,5,0,3,0,0,0,0,0,0,0
44500,9679,0,306,0,3,0,3,0,7,0,2,0,0,0,0,0,0,0
44600,9690,0,297,0,5,0,3,0,5,0,0,0,0,0,0,0,0,0
44700,9685,0,298,0,5,0,6,0,4,0,2,0,0,0,0,0,0,0
44800,9687,0,297,0,5,0,5,0,5,0,1,0,0,0,0,0,0,0
44900,9672,0,309,0,5,0,3,0,8,0,3,0,0,0,0,0,0,0
45000,9735,0,255,0,2,0,4,0,3,0,1,0,0,0,0,0,0,0
45100,9736,0,251,0,4,0,2,0,5,0,2,0,0,0,0,0,0,0
45200,9744,0,247,0,2,0,2,0,5,0,0,0,0,0,0,0,0,0
45300,9744,0,248,0,6,0,1,0,1,0,0,0,0,0,0,0,0,0
45400,9757,0,231,0,2,0,4,0,4,0,2,0,0,0,0,0,0,0
45500,9733,0,251,0,4,0,6,0,6,0,0,0,0,0,0,0,0,0
45600,9708,0,274,0,5,0,6,0,5,0,2,0,0,0,0,0,0,0
45700,9700,0,287,0,5,0,1,0,4,0,3,0,0,0,0,0,0,0
45800,9705,0,287,0,3,0,3,0,2,0,0,0,0,0,0,0,0,0
45900,9711,0,279,0,2,0,1,0,3,0,4,0,0,0,0,0,0,0
46000,9658,0,325,0,6,0,5,0,3,0,2,0,0,0,0,0,1,0
46100,9669,0,314,0,1,0,11,0,2,0,3,0,0,0,0,0,0,0
46200,9659,0,322,0,2,0,13,0,2,0,2,0,0,0,0,0,0,0
46300,9695,0,288,0,5,0,9,0,2,0,1,0,0,0,0,0,0,0
46400,9715,0,272,0,3,0,3,0,5,0,2,0,0,0,0,0,0,0
46500,9736,0,258,0,2,0,3,0,1,0,0,0,0,0,0,0,0,0
46600,9727,0,259,0,3,0,1,0,9,0,1,0,0,0,0,0,0,0
46700,9769,0,219,0,8,0,2,0,2,0,0,0,0,0,0,0,0,0
46800,9787,0,206,0,2,0,2,0,2,0,1,0,0,0,0,0,0,0
46900,9779,0,213,0,5,0,1,0,1,0,1,0,0,0,0,0,0,0
47000,9777,0,212,0,5,0,2,0,4,0,0,0,0,0,0,0,0,0
47100,9770,0,212,0,6,0,2,0,9,0,1,0,0,0,0,0,0,0
47200,9779,0,208,0,4,0,1,0,6,0,2,0,0,0,0,0,0,0
47300,9779,0,206,0,5,0,2,0,7,0,1,0,0,0,0,0,0,0
47400,9786,0,205,0,3,0,3,0,3,0,0,0,0,0,0,0,0,0
47500,9789,0,195,0,8,0,2,0,4,0,2,0,0,0,0,0,0,0
47600,9790,0,201,0,3,0,3,0,2,0,1,0,0,0,0,0,0,0
47700,9787,0,200,0,5,0,3,0,5,0,0,0,0,0,0,0,0,0
47800,9785,0,199,0,5,0,6,0,4,0,1,0,0,0,0,0,0,0
47900,9779,0,204,0,7,0,4,0,3,0,3,0,0,0,0,0,0,0
48000,9780,0,207,0,5,0,3,0,4,0,0,0,1,0,0,0,0,0
48100,9788,0,204,0,3,0,3,0,1,0,1,0,0,0,0,0,0,0
48200,9803,0,185,0,0,0,1,0,6,0,5,0,0,0,0,0,0,0
48300,9802,0,185,0,5,0,4,0,4,0,0,0,0,0,0,0,0,0
48400,9811,0,175,0,3,0,2,0,7,0,2,0,0,0,0,0,0,0
48500,9804,0,179,0,5,0,6,0,5,0,1,0,0,0,0,0,0,0
48600,9807,0,182,0,2,0,3,0,4,0,2,0,0,0,0,0,0,0
48700,9765,0,221,0,3,0,8,0,2,0,1,0,0,0,0,0,0,0
48800,9766,0,225,0,1,0,3,0,4,0,1,0,0,0,0,0,0,0
48900,9767,0,221,0,0,0,5,0,5,0,2,0,0,0,0,0,0,0
49000,9750,0,240,0,1,0,1,0,4,0,4,0,0,0,0,0,0,0
49100,9745,0,238,0,6,0,2,0,6,0,3,0,0,0,0,0,0,0
49200,9753,0,235,0,6,0,3,0,2,0,1,0,0,0,0,0,0,0
49300,9766,0,228,0,2,0,0,0,3,0,1,0,0,0,0,0,0,0
49400,9812,0,181,0,2,0,1,0,2,0,2,0,0,0,0,0,0,0
49500,9805,0,183,0,4,0,0,0,6,0,2,0,0,0,0,0,0,0
49600,9797,0,192,0,1,0,0,0,7,0,3,0,0,0,0,0,0,0
49700,9800,0,192,0,0,0,2,0,6,0,0,0,0,0,0,0,0,0
49800,9805,0,191,0,0,0,1,0,1,0,2,0,0,0,0,0,0,0
49900,9795,0,195,0,1,0,4,0,3,0,2,0,0,0,0,0,0,0
50000,9798,0,195,0,2,0,4,0,1,0,0,0,0,0,0,0,0,0
50100,9808,0,177,0,2,0,5,0,8,0,0,0,0,0,0,0,0,0
50200,9822,0,170,0,3,0,1,0,3,0,1,0,0,0,0,0,0,0
50300,9825,0,169,0,2,0,2,0,2,0,0,0,0,0,0,0,0,0
50400,9817,0,174,0,4,0,0,0,2,0,3,0,0,0,0,0,0,0
50500,9862,0,127,0,3,0,3,0,3,0,2,0,0,0,0,0,0,0
50600,9905,0,89,0,0,0,2,0,2,0,2,0,0,0,0,0,0,0
50700,9921,0,75,0,1,0,0,0,2,0,1,0,0,0,0,0,0,0
50800,9917,0,75,0,1,0,2,0,2,0,3,0,0,0,0,0,0,0
50900,9916,0,73,0,3,0,2,0,5,0,1,0,0,0,0,0,0,0
51000,9912,0,73,0,8,0,4,0,3,0,0,0,0,0,0,0,0,0
51100,9891,0,92,0,3,0,13,0,0,0,1,0,0,0,0,0,0,0
51200,9891,0,86,0,3,0,17,0,2,0,1,0,0,0,0,0,0,0
51300,9895,0,88,0,1,0,12,0,3,0,1,0,0,0,0,0,0,0
51400,9892,0,87,0,2,0,12,0,4,0,3,0,0,0,0,0,0,0
51500,9902,0,77,0,2,0,14,0,3,0,2,0,0,0,0,0,0,0
51600,9877,0,102,0,2,0,18,0,1,0,0,0,0,0,0,0,0,0
51700,9851,0,130,0,3,0,14,0,2,0,0,0,0,0,0,0,0,0
51800,9852,0,125,0,6,0,13,0,3,0,1,0,0,0,0,0,0,0
51900,9855,0,128,0,0,0,12,0,3,0,1,0,1,0,0,0,0,0
52000,9852,0,128,0,1,0,14,0,3,0,2,0,0,0,0,0,0,0
52100,9858,0,122,0,2,0,14,0,2,0,2,0,0,0,0,0,0,0
52200,9815,0,155,0,3,0,15,0,10,0,2,0,0,0,0,0,0,0
52300,9771,0,206,0,4,0,18,0,1,0,0,0,0,0,0,0,0,0
52400,9779,0,204,0,1,0,12,0,3,0,1,0,0,0,0,0,0,0
52500,9768,0,207,0,6,0,14,0,3,0,2,0,0,0,0,0,0,0
52600,9768,0,209,0,3,0,13,0,7,0,0,0,0,0,0,0,0,0
52700,9804,0,174,0,3,0,14,0,4,0,1,0,0,0,0,0,0,0
52800,9809,0,175,0,1,0,13,0,1,0,1,0,0,0,0,0,0,0
52900,9798,0,182,0,1,0,14,0,5,0,0,0,0,0,0,0,0,0
53000,9797,0,175,0,5,0,15,0,5,0,3,0,0,0,0,0,0,0
53100,9808,0,173,0,3,0,12,0,4,0,0,0,0,0,0,0,0,0
53200,9813,0,168,0,3,0,14,0,2,0,0,0,0,0,0,0,0,0
53300,9858,0,124,0,0,0,14,0,4,0,0,0,0,0,0,0,0,0
53400,9841,0,154,0,2,0,1,0,2,0,0,0,0,0,0,0,0,0
53500,9873,0,117,0,3,0,1,0,4,0,2,0,0,0,0,0,0,0
53600,9881,0,111,0,3,0,1,0,2,0,2,0,0,0,0,0,0,0
53700,9925,0,68,0,1,0,2,0,3,0,1,0,0,0,0,0,0,0
53800,9983,0,10,0,4,0,0,0,3,0,0,0,0,0,0,0,0,0
53900,9985,0,6,0,1,0,4,0,3,0,1,0,0,0,0,0,0,0
54000,9983,0,8,0,3,0,2,0,1,0,3,0,0,0,0,0,0,0
54100,9994,0,3,0,1,0,1,0,1,0,0,0,0,0,0,0,0,0
54200,9983,0,7,0,3,0,3,0,1,0,3,0,0,0,0,0,0,0
54300,9984,0,6,0,4,0,1,0,5,0,0,0,0,0,0,0,0,0
54400,9987,0,8,0,2,0,1,0,2,0,0,0,0,0,0,0,0,0
54500,9987,0,7,0,0,0,1,0,4,0,1,0,0,0,0,0,0,0
54600,9977,0,5,0,3,0,3,0,10,0,2,0,0,0,0,0,0,0
54700,9975,0,6,0,4,0,3,0,10,0,2,0,0,0,0,0,0,0
54800,9985,0,5,0,5,0,2,0,3,0,0,0,0,0,0,0,0,0
54900,9988,0,3,0,1,0,0,0,4,0,4,0,0,0,0,0,0,0
55000,9982,0,11,0,1,0,3,0,2,0,1,0,0,0,0,0,0,0
55100,9987,0,7,0,1,0,1,0,3,0,1,0,0,0,0,0,0,0
55200,9972,0,15,0,5,0,2,0,6,0,0,0,0,0,0,0,0,0
55300,9970,0,18,0,4,0,2,0,4,0,2,0,0,0,0,0,0,0
55400,9979,0,20,0,1,0,0,0,0,0,0,0,0,0,0,0,0,0
55500,9972,0,19,0,2,0,2,0,3,0,2,0,0,0,0,0,0,0
55600,9969,0,24,0,0,0,6,0,1,0,0,0,0,0,0,0,0,0
55700,9972,0,16,0,1,0,5,0,4,0,2,0,0,0,0,0,0,0
55800,9970,0,20,0,2,0,3,0,3,0,2,0,0,0,0,0,0,0
55900,9963,0,25,0,3,0,4,0,3,0,2,0,0,0,0,0,0,0
56000,9965,0,27,0,2,0,0,0,6,0,0,0,0,0,0,0,0,0
56100,9956,0,33,0,2,0,4,0,5,0,0,0,0,0,0,0,0,0
56200,9959,0,33,0,3,0,1,0,3,0,1,0,0,0,0,0,0,0
56300,9953,0,38,0,2,0,1,0,4,0,2,0,0,0,0,0,0,0
56400,9944,0,40,0,3,0,4,0,7,0,2,0,0,0,0,0,0,0
56500,9944,0,41,0,5,0,2,0,6,0,2,0,0,0,0,0,0,0
56600,9950,0,42,0,5,0,0,0,3,0,0,0,0,0,0,0,0,0
56700,9946,0,42,0,6,0,1,0,3,0,2,0,0,0,0,0,0,0
56800,9948,0,44,0,3,0,1,0,3,0,1,0,0,0,0,0,0,0
56900,9951,0,40,0,6,0,0,0,3,0,0,0,0,0,0,0,0,0
57000,9941,0,42,0,2,0,6,0,5,0,4,0,0,0,0,0,0,0
57100,9948,0,41,0,4,0,5,0,2,0,0,0,0,0,0,0,0,0
57200,9955,0,42,0,2,0,0,0,1,0,0,0,0,0,0,0,0,0
57300,9941,0,53,0,1,0,0,0,2,0,3,0,0,0,0,0,0,0
57400,9881,0,102,0,3,0,5,0,5,0,4,0,0,0,0,0,0,0
57500,9879,0,108,0,2,0,2,0,5,0,4,0,0,0,0,0,0,0
57600,9886,0,100,0,3,0,6,0,5,0,0,0,0,0,0,0,0,0
57700,9880,0,100,0,5,0,12,0,2,0,1,0,0,0,0,0,0,0
57800,9828,0,139,0,8,0,16,0,8,0,1,0,0,0,0,0,0,0
57900,9792,0,178,0,6,0,14,0,9,0,1,0,0,0,0,0,0,0
58000,9797,0,181,0,6,0,11,0,5,0,0,0,0,0,0,0,0,0
58100,9798,0,179,0,3,0,11,0,6,0,3,0,0,0,0,0,0,0
58200,9844,0,135,0,1,0,11,0,5,0,4,0,0,0,0,0,0,0
58300,9862,0,117,0,5,0,11,0,3,0,2,0,0,0,0,0,0,0
58400,9856,0,119,0,7,0,12,0,4,0,2,0,0,0,0,0,0,0
58500,9876,0,101,0,1,0,12,0,8,0,2,0,0,0,0,0,0,0
58600,9900,0,84,0,2,0,8,0,3,0,2,0,1,0,0,0,0,0
58700,9912,0,81,0,2,0,1,0,4,0,0,0,0,0,0,0,0,0
58800,9900,0,83,0,6,0,1,0,9,0,1,0,0,0,0,0,0,0
58900,9914,0,77,0,3,0,2,0,2,0,2,0,0,0,0,0,0,0
59000,9918,0,76,0,2,0,3,0,0,0,1,0,0,0,0,0,0,0
59100,9906,0,76,0,1,0,9,0,8,0,0,0,0,0,0,0,0,0
59200,9908,0,81,0,3,0,4,0,0,0,4,0,0,0,0,0,0,0
59300,9896,0,89,0,1,0,4,0,7,0,3,0,0,0,0,0,0,0
59400,9871,0,119,0,2,0,2,0,3,0,3,0,0,0,0,0,0,0
59500,9872,0,120,0,0,0,3,0,3,0,2,0,0,0,0,0,0,0
59600,9867,0,120,0,6,0,2,0,4,0,1,0,0,0,0,0,0,0
59700,9862,0,118,0,2,0,6,0,10,0,2,0,0,0,0,0,0,0
59800,9854,0,131,0,3,0,4,0,4,0,4,0,0,0,0,0,0,0
59900,9842,0,144,0,2,0,2,0,7,0,3,0,0,0,0,0,0,0
60000,9834,0,150,0,5,0,11,0,0,0,0,0,0,0,0,0,0,0
60100,9848,0,145,0,0,0,1,0,2,0,4,0,0,0,0,0,0,0
60200,9828,0,149,0,4,0,13,0,4,0,2,0,0,0,0,0,0,0
60300,9841,0,143,0,2,0,7,0,4,0,3,0,0,0,0,0,0,0
60400,9849,0,141,0,1,0,6,0,1,0,2,0,0,0,0,0,0,0
60500,9843,0,144,0,4,0,2,0,4,0,3,0,0,0,0,0,0,0
60600,9804,0,183,0,3,0,4,0,3,0,3,0,0,0,0,0,0,0
60700,9793,0,194,0,1,0,8,0,4,0,0,0,0,0,0,0,0,0
60800,9831,0,154,0,2,0,8,0,3,0,2,0,0,0,0,0,0,0
60900,9848,0,137,0,3,0,9,0,3,0,0,0,0,0,0,0,0,0
61000,9849,0,135,0,3,0,6,0,5,0,2,0,0,0,0,0,0,0
61100,9851,0,139,0,4,0,2,0,4,0,0,0,0,0,0,0,0,0
61200,9851,0,139,0,1,0,4,0,5,0,0,0,0,0,0,0,0,0
61300,9844,0,141,0,3,0,4,0,6,0,2,0,0,0,0,0,0,0
61400,9883,0,107,0,2,0,4,0,3,0,1,0,0,0,0,0,0,0
61500,9895,0,81,0,3,0,10,0,9,0,1,0,1,0,0,0,0,0
61600,9892,0,83,0,1,0,16,0,6,0,2,0,0,0,0,0,0,0
61700,9894,0,84,0,6,0,10,0,5,0,1,0,0,0,0,0,0,0
61800,9850,0,128,0,0,0,15,0,7,0,0,0,0,0,0,0,0,0
61900,9852,0,132,0,1,0,6,0,7,0,2,0,0,0,0,0,0,0
62000,9848,0,131,0,4,0,9,0,4,0,4,0,0,0,0,0,0,0
62100,9841,0,143,0,4,0,9,0,3,0,0,0,0,0,0,0,0,0
62200,9824,0,155,0,7,0,11,0,3,0,0,0,0,0,0,0,0,0
62300,9781,0,209,0,3,0,3,0,3,0,1,0,0,0,0,0,0,0
62400,9749,0,232,0,4,0,12,0,3,0,0,0,0,0,0,0,0,0
62500,9702,0,282,0,5,0,8,0,2,0,1,0,0,0,0,0,0,0
62600,9705,0,278,0,2,0,11,0,2,0,2,0,0,0,0,0,0,0
62700,9650,0,332,0,1,0,14,0,0,0,2,0,1,0,0,0,0,0
62800,9656,0,334,0,1,0,5,0,3,0,1,0,0,0,0,0,0,0
62900,9659,0,332,0,3,0,4,0,2,0,0,0,0,0,0,0,0,0
63000,9676,0,308,0,4,0,5,0,5,0,2,0,0,0,0,0,0,0
63100,9679,0,304,0,5,0,6,0,5,0,1,0,0,0,0,0,0,0
63200,9720,0,265,0,2,0,8,0,3,0,2,0,0,0,0,0,0,0
63300,9713,0,281,0,0,0,5,0,1,0,0,0,0,0,0,0,0,0
63400,9704,0,284,0,4,0,7,0,1,0,0,0,0,0,0,0,0,0
63500,9693,0,295,0,1,0,8,0,0,0,3,0,0,0,0,0,0,0
63600,9730,0,260,0,3,0,3,0,2,0,2,0,0,0,0,0,0,0
63700,9778,0,210,0,2,0,6,0,3,0,1,0,0,0,0,0,0,0
63800,9778,0,208,0,5,0,8,0,1,0,0,0,0,0,0,0,0,0
63900,9784,0,200,0,2,0,8,0,6,0,0,0,0,0,0,0,0,0
64000,9789,0,195,0,1,0,10,0,4,0,1,0,0,0,0,0,0,0
64100,9786,0,190,0,3,0,10,0,10,0,1,0,0,0,0,0,0,0
64200,9750,0,240,0,0,0,8,0,1,0,1,0,0,0,0,0,0,0
64300,9734,0,251,0,3,0,11,0,1,0,0,0,0,0,0,0,0,0
64400,9720,0,266,0,4,0,7,0,3,0,0,0,0,0,0,0,0,0
64500,9724,0,259,0,2,0,13,0,1,0,1,0,0,0,0,0,0,0
64600,9723,0,259,0,0,0,12,0,3,0,3,0,0,0,0,0,0,0
64700,9704,0,281,0,2,0,11,0,1,0,1,0,0,0,0,0,0,0
64800,9666,0,321,0,4,0,3,0,3,0,3,0,0,0,0,0,0,0
64900,9623,0,360,0,3,0,9,0,1,0,4,0,0,0,0,0,0,0
65000,9632,0,354,0,2,0,2,0,5,0,5,0,0,0,0,0,0,0
65100,9648,0,341,0,1,0,9,0,1,0,0,0,0,0,0,0,0,0
65200,9632,0,348,0,3,0,11,0,3,0,3,0,0,0,0,0,0,0
65300,9622,0,367,0,2,0,3,0,5,0,1,0,0,0,0,0,0,0
65400,9621,0,362,0,3,0,6,0,5,0,3,0,0,0,0,0,0,0
65500,9615,0,374,0,3,0,1,0,7,0,0,0,0,0,0,0,0,0
65600,9562,0,432,0,1,0,3,0,2,0,0,0,0,0,0,0,0,0
65700,9551,0,432,0,3,0,6,0,6,0,2,0,0,0,0,0,0,0
65800,9560,0,429,0,3,0,2,0,3,0,3,0,0,0,0,0,0,0
65900,9592,0,392,0,2,0,9,0,3,0,2,0,0,0,0,0,0,0
66000,9607,0,376,0,6,0,7,0,4,0,0,0,0,0,0,0,0,0
66100,9646,0,338,0,3,0,11,0,1,0,1,0,0,0,0,0,0,0
66200,9656,0,336,0,2,0,5,0,0,0,1,0,0,0,0,0,0,0
66300,9640,0,349,0,2,0,4,0,4,0,1,0,0,0,0,0,0,0
66400,9578,0,413,0,2,0,4,0,2,0,1,0,0,0,0,0,0,0
66500,9537,0,450,0,4,0,4,0,3,0,2,0,0,0,0,0,0,0
66600,9536,0,438,0,7,0,17,0,2,0,0,0,0,0,0,0,0,0
66700,9540,0,447,0,3,0,7,0,2,0,1,0,0,0,0,0,0,0
66800,9532,0,459,0,1,0,4,0,2,0,2,0,0,0,0,0,0,0
66900,9503,0,480,0,3,0,8,0,4,0,2,0,0,0,0,0,0,0
67000,9515,0,470,0,3,0,1,0,8,0,3,0,0,0,0,0,0,0
67100,9485,0,499,0,3,0,8,0,3,0,2,0,0,0,0,0,0,0
67200,9503,0,482,0,4,0,6,0,4,0,1,0,0,0,0,0,0,0
67300,9491,0,495,0,3,0,3,0,7,0,1,0,0,0,0,0,0,0
67400,9590,0,401,0,1,0,5,0,3,0,0,0,0,0,0,0,0,0
67500,9604,0,378,0,2,0,7,0,6,0,3,0,0,0,0,0,0,0
67600,9574,0,405,0,6,0,7,0,5,0,3,0,0,0,0,0,0,0
67700,9597,0,394,0,2,0,6,0,0,0,1,0,0,0,0,0,0,0
67800,9611,0,379,0,1,0,5,0,4,0,0,0,0,0,0,0,0,0
67900,9579,0,405,0,4,0,4,0,6,0,2,0,0,0,0,0,0,0
68000,9561,0,421,0,5,0,3,0,6,0,4,0,0,0,0,0,0,0
68100,9546,0,436,0,4,0,4,0,8,0,2,0,0,0,0,0,0,0
68200,9537,0,444,0,6,0,7,0,5,0,1,0,0,0,0,0,0,0
68300,9535,0,453,0,2,0,6,0,4,0,0,0,0,0,0,0,0,0
68400,9475,0,510,0,1,0,7,0,7,0,0,0,0,0,0,0,0,0
68500,9435,0,555,0,2,0,5,0,2,0,1,0,0,0,0,0,0,0
68600,9481,0,512,0,0,0,6,0,0,0,1,0,0,0,0,0,0,0
68700,9463,0,530,0,1,0,1,0,4,0,1,0,0,0,0,0,0,0
68800,9504,0,491,0,2,0,3,0,0,0,0,0,0,0,0,0,0,0
68900,9523,0,463,0,1,0,9,0,2,0,2,0,0,0,0,0,0,0
69000,9558,0,426,0,3,0,9,0,2,0,2,0,0,0,0,0,0,0
69100,9618,0,370,0,2,0,8,0,1,0,1,0,0,0,0,0,0,0
69200,9732,0,257,0,1,0,8,0,2,0,0,0,0,0,0,0,0,0
69300,9719,0,260,0,4,0,9,0,6,0,2,0,0,0,0,0,0,0
69400,9682,0,303,0,1,0,8,0,5,0,1,0,0,0,0,0,0,0
69500,9657,0,327,0,1,0,11,0,2,0,2,0,0,0,0,0,0,0
69600,9606,0,371,0,3,0,14,0,3,0,3,0,0,0,0,0,0,0
69700,9608,0,373,0,0,0,18,0,1,0,0,0,0,0,0,0,0,0
69800,9570,0,414,0,3,0,9,0,1,0,3,0,0,0,0,0,0,0
69900,9527,0,451,0,4,0,12,0,6,0,0,0,0,0,0,0,0,0
70000,9535,0,441,0,7,0,11,0,2,0,4,0,0,0,0,0,0,0
70100,9523,0,463,0,1,0,11,0,2,0,0,0,0,0,0,0,0,0
70200,9541,0,436,0,2,0,13,0,4,0,3,0,1,0,0,0,0,0
70300,9566,0,421,0,1,0,10,0,1,0,1,0,0,0,0,0,0,0
70400,9578,0,404,0,3,0,10,0,2,0,3,0,0,0,0,0,0,0
70500,9570,0,411,0,3,0,11,0,3,0,2,0,0,0,0,0,0,0
70600,9578,0,407,0,0,0,10,0,4,0,1,0,0,0,0,0,0,0
70700,9569,0,413,0,2,0,12,0,3,0,1,0,0,0,0,0,0,0
70800,9570,0,419,0,2,0,6,0,2,0,1,0,0,0,0,0,0,0
70900,9583,0,406,0,4,0,7,0,0,0,0,0,0,0,0,0,0,0
71000,9597,0,393,0,1,0,2,0,6,0,1,0,0,0,0,0,0,0
71100,9636,0,352,0,2,0,5,0,3,0,2,0,0,0,0,0,0,0
71200,9609,0,380,0,2,0,2,0,7,0,0,0,0,0,0,0,0,0
71300,9574,0,409,0,3,0,10,0,1,0,2,0,1,0,0,0,0,0
71400,9576,0,407,0,3,0,9,0,3,0,2,0,0,0,0,0,0,0
71500,9587,0,400,0,1,0,5,0,6,0,1,0,0,0,0,0,0,0
71600,9587,0,399,0,4,0,8,0,1,0,1,0,0,0,0,0,0,0
71700,9633,0,355,0,2,0,8,0,2,0,0,0,0,0,0,0,0,0
71800,9653,0,334,0,2,0,8,0,2,0,1,0,0,0,0,0,0,0
71900,9637,0,351,0,1,0,3,0,5,0,2,0,1,0,0,0,0,0
72000,9641,0,350,0,0,0,6,0,2,0,1,0,0,0,0,0,0,0
72100,9619,0,364,0,3,0,6,0,5,0,3,0,0,0,0,0,0,0
72200,9613,0,368,0,4,0,7,0,6,0,1,0,1,0,0,0,0,0
72300,9606,0,380,0,1,0,5,0,8,0,0,0,0,0,0,0,0,0
72400,9621,0,365,0,1,0,8,0,4,0,1,0,0,0,0,0,0,0
72500,9613,0,376,0,2,0,7,0,2,0,0,0,0,0,0,0,0,0
72600,9665,0,323,0,2,0,8,0,2,0,0,0,0,0,0,0,0,0
72700,9668,0,321,0,0,0,6,0,4,0,1,0,0,0,0,0,0,0
72800,9716,0,275,0,2,0,1,0,4,0,2,0,0,0,0,0,0,0
72900,9728,0,262,0,0,0,2,0,6,0,2,0,0,0,0,0,0,0
73000,9738,0,256,0,0,0,3,0,1,0,2,0,0,0,0,0,0,0
73100,9743,0,247,0,2,0,3,0,4,0,1,0,0,0,0,0,0,0
73200,9738,0,249,0,2,0,5,0,6,0,0,0,0,0,0,0,0,0
73300,9710,0,276,0,2,0,4,0,6,0,2,0,0,0,0,0,0,0
73400,9686,0,306,0,0,0,0,0,6,0,2,0,0,0,0,0,0,0
73500,9697,0,294,0,2,0,1,0,3,0,3,0,0,0,0,0,0,0
73600,9719,0,269,0,1,0,2,0,8,0,1,0,0,0,0,0,0,0
73700,9697,0,290,0,2,0,4,0,5,0,2,0,0,0,0,0,0,0
73800,9667,0,330,0,0,0,1,0,1,0,1,0,0,0,0,0,0,0
73900,9667,0,328,0,1,0,0,0,2,0,2,0,0,0,0,0,0,0
74000,9641,0,337,0,3,0,15,0,3,0,0,0,1,0,0,0,0,0
74100,9571,0,385,0,3,0,36,0,2,0,3,0,0,0,0,0,0,0
74200,9583,0,375,0,1,0,35,0,3,0,3,0,0,0,0,0,0,0
74300,9587,0,370,0,1,0,35,0,4,0,3,0,0,0,0,0,0,0
74400,9572,0,387,0,2,0,34,0,4,0,1,0,0,0,0,0,0,0
74500,9560,0,395,0,0,0,37,0,8,0,0,0,0,0,0,0,0,0
74600,9562,0,387,0,9,0,37,0,2,0,3,0,0,0,0,0,0,0
74700,9541,0,416,0,2,0,34,0,5,0,2,0,0,0,0,0,0,0
74800,9530,0,427,0,4,0,37,0,2,0,0,0,0,0,0,0,0,0
74900,9528,0,433,0,1,0,35,0,3,0,0,0,0,0,0,0,0,0
75000,9511,0,450,0,1,0,36,0,1,0,1,0,0,0,0,0,0,0
75100,9489,0,465,0,2,0,35,0,6,0,3,0,0,0,0,0,0,0
75200,9478,0,471,0,4,0,41,0,4,0,2,0,0,0,0,0,0,0
75300,9487,0,506,0,1,0,3,0,3,0,0,0,0,0,0,0,0,0
75400,9481,0,508,0,3,0,3,0,4,0,1,0,0,0,0,0,0,0
75500,9511,0,484,0,4,0,1,0,0,0,0,0,0,0,0,0,0,0
75600,9499,0,492,0,3,0,4,0,2,0,0,0,0,0,0,0,0,0
75700,9543,0,445,0,1,0,6,0,4,0,1,0,0,0,0,0,0,0
75800,9561,0,428,0,2,0,4,0,3,0,2,0,0,0,0,0,0,0
75900,9594,0,389,0,3,0,2,0,11,0,1,0,0,0,0,0,0,0
76000,9640,0,345,0,3,0,7,0,3,0,2,0,0,0,0,0,0,0
76100,9641,0,353,0,0,0,1,0,4,0,1,0,0,0,0,0,0,0
76200,9650,0,340,0,2,0,3,0,2,0,3,0,0,0,0,0,0,0
76300,9723,0,271,0,3,0,2,0,0,0,1,0,0,0,0,0,0,0
76400,9727,0,265,0,2,0,3,0,1,0,1,0,1,0,0,0,0,0
76500,9700,0,278,0,2,0,6,0,12,0,2,0,0,0,0,0,0,0
76600,9693,0,289,0,3,0,2,0,12,0,1,0,0,0,0,0,0,0
76700,9664,0,315,0,0,0,2,0,15,0,4,0,0,0,0,0,0,0
76800,9688,0,301,0,4,0,2,0,4,0,1,0,0,0,0,0,0,0
76900,9690,0,301,0,2,0,1,0,6,0,0,0,0,0,0,0,0,0
77000,9715,0,283,0,0,0,0,0,1,0,1,0,0,0,0,0,0,0
77100,9714,0,276,0,1,0,4,0,4,0,1,0,0,0,0,0,0,0
77200,9703,0,287,0,3,0,3,0,2,0,2,0,0,0,0,0,0,0
77300,9715,0,270,0,5,0,1,0,9,0,0,0,0,0,0,0,0,0
77400,9719,0,267,0,2,0,0,0,10,0,2,0,0,0,0,0,0,0
77500,9717,0,272,0,2,0,0,0,9,0,0,0,0,0,0,0,0,0
77600,9652,0,341,0,0,0,4,0,2,0,1,0,0,0,0,0,0,0
77700,9637,0,358,0,1,0,0,0,4,0,0,0,0,0,0,0,0,0
77800,9635,0,363,0,1,0,0,0,0,0,1,0,0,0,0,0,0,0
77900,9618,0,376,0,2,0,0,0,4,0,0,0,0,0,0,0,0,0
78000,9605,0,373,0,1,0,1,0,18,0,2,0,0,0,0,0,0,0
78100,9579,0,408,0,0,0,1,0,11,0,1,0,0,0,0,0,0,0
78200,9495,0,491,0,3,0,1,0,8,0,2,0,0,0,0,0,0,0
78300,9439,0,552,0,5,0,2,0,1,0,1,0,0,0,0,0,0,0
78400,9490,0,505,0,1,0,1,0,3,0,0,0,0,0,0,0,0,0
78500,9511,0,483,0,1,0,1,0,2,0,2,0,0,0,0,0,0,0
78600,9461,0,534,0,2,0,2,0,1,0,0,0,0,0,0,0,0,0
78700,9444,0,550,0,0,0,0,0,4,0,2,0,0,0,0,0,0,0
78800,9455,0,533,0,0,0,0,0,9,0,3,0,0,0,0,0,0,0
78900,9468,0,513,0,2,0,4,0,13,0,0,0,0,0,0,0,0,0
79000,9541,0,443,0,0,0,1,0,13,0,2,0,0,0,0,0,0,0
79100,9484,0,507,0,2,0,4,0,2,0,1,0,0,0,0,0,0,0
79200,9460,0,529,0,5,0,1,0,5,0,0,0,0,0,0,0,0,0
79300,9459,0,535,0,2,0,2,0,1,0,1,0,0,0,0,0,0,0
79400,9472,0,522,0,2,0,1,0,2,0,1,0,0,0,0,0,0,0
79500,9420,0,562,0,3,0,5,0,9,0,0,0,1,0,0,0,0,0
79600,9436,0,548,0,1,0,2,0,12,0,1,0,0,0,0,0,0,0
79700,9407,0,578,0,3,0,0,0,12,0,0,0,0,0,0,0,0,0
79800,9382,0,608,0,1,0,1,0,6,0,2,0,0,0,0,0,0,0
79900,9275,0,708,0,6,0,4,0,6,0,1,0,0,0,0,0,0,0
80000,9260,0,731,0,3,0,1,0,4,0,1,0,0,0,0,0,0,0
80100,9257,0,739,0,1,0,2,0,1,0,0,0,0,0,0,0,0,0
80200,9267,0,729,0,2,0,2,0,0,0,0,0,0,0,0,0,0,0
80300,9324,0,668,0,1,0,0,0,5,0,2,0,0,0,0,0,0,0
80400,9361,0,634,0,1,0,2,0,2,0,0,0,0,0,0,0,0,0
80500,9403,0,588,0,2,0,0,0,5,0,2,0,0,0,0,0,0,0
80600,9376,0,620,0,0,0,0,0,4,0,0,0,0,0,0,0,0,0
80700,9401,0,590,0,2,0,1,0,5,0,1,0,0,0,0,0,0,0
80800,9460,0,532,0,4,0,1,0,3,0,0,0,0,0,0,0,0,0
80900,9526,0,464,0,4,0,3,0,3,0,0,0,0,0,0,0,0,0
81000,9559,0,428,0,1,0,5,0,4,0,3,0,0,0,0,0,0,0
81100,9578,0,415,0,1,0,3,0,1,0,2,0,0,0,0,0,0,0
81200,9610,0,380,0,3,0,3,0,3,0,1,0,0,0,0,0,0,0
81300,9609,0,385,0,1,0,1,0,3,0,1,0,0,0,0,0,0,0
81400,9581,0,410,0,1,0,0,0,5,0,3,0,0,0,0,0,0,0
81500,9564,0,419,0,8,0,3,0,5,0,1,0,0,0,0,0,0,0
81600,9554,0,434,0,3,0,3,0,4,0,2,0,0,0,0,0,0,0
81700,9556,0,439,0,1,0,3,0,0,0,1,0,0,0,0,0,0,0
81800,9624,0,370,0,3,0,0,0,3,0,0,0,0,0,0,0,0,0
81900,9626,0,364,0,2,0,4,0,3,0,1,0,0,0,0,0,0,0
82000,9632,0,360,0,1,0,2,0,3,0,2,0,0,0,0,0,0,0
82100,9608,0,386,0,2,0,0,0,4,0,0,0,0,0,0,0,0,0
82200,9603,0,386,0,5,0,3,0,3,0,0,0,0,0,0,0,0,0
82300,9622,0,368,0,3,0,3,0,3,0,1,0,0,0,0,0,0,0
82400,9653,0,341,0,2,0,0,0,2,0,2,0,0,0,0,0,0,0
82500,9659,0,336,0,2,0,0,0,2,0,1,0,0,0,0,0,0,0
82600,9662,0,329,0,6,0,2,0,1,0,0,0,0,0,0,0,0,0
82700,9652,0,338,0,3,0,4,0,2,0,1,0,0,0,0,0,0,0
82800,9652,0,341,0,4,0,0,0,3,0,0,0,0,0,0,0,0,0
82900,9657,0,340,0,2,0,0,0,1,0,0,0,0,0,0,0,0,0
83000,9657,0,330,0,6,0,2,0,4,0,1,0,0,0,0,0,0,0
83100,9680,0,317,0,1,0,1,0,1,0,0,0,0,0,0,0,0,0
83200,9683,0,307,0,0,0,4,0,5,0,1,0,0,0,0,0,0,0
83300,9732,0,263,0,1,0,1,0,2,0,1,0,0,0,0,0,0,0
83400,9709,0,278,0,4,0,3,0,5,0,1,0,0,0,0,0,0,0
83500,9716,0,275,0,3,0,6,0,0,0,0,0,0,0,0,0,0,0
83600,9722,0,272,0,1,0,4,0,1,0,0,0,0,0,0,0,0,0
83700,9709,0,285,0,2,0,2,0,2,0,0,0,0,0,0,0,0,0
83800,9713,0,283,0,1,0,1,0,1,0,1,0,0,0,0,0,0,0
83900,9713,0,281,0,2,0,1,0,3,0,0,0,0,0,0,0,0,0
84000,9719,0,271,0,2,0,6,0,2,0,0,0,0,0,0,0,0,0
84100,9729,0,266,0,2,0,2,0,1,0,0,0,0,0,0,0,0,0
84200,9722,0,271,0,0,0,1,0,4,0,2,0,0,0,0,0,0,0
84300,9732,0,263,0,1,0,0,0,3,0,1,0,0,0,0,0,0,0
84400,9736,0,258,0,1,0,4,0,1,0,0,0,0,0,0,0,0,0
84500,9756,0,235,0,3,0,2,0,2,0,2,0,0,0,0,0,0,0
84600,9757,0,239,0,1,0,2,0,1,0,0,0,0,0,0,0,0,0
84700,9748,0,246,0,1,0,3,0,1,0,1,0,0,0,0,0,0,0
84800,9747,0,245,0,2,0,2,0,1,0,3,0,0,0,0,0,0,0
84900,9747,0,244,0,1,0,1,0,6,0,1,0,0,0,0,0,0,0
85000,9747,0,243,0,2,0,2,0,4,0,2,0,0,0,0,0,0,0
85100,9751,0,245,0,1,0,0,0,2,0,1,0,0,0,0,0,0,0
85200,9769,0,227,0,2,0,0,0,1,0,1,0,0,0,0,0,0,0
85300,9832,0,160,0,1,0,5,0,2,0,0,0,0,0,0,0,0,0
85400,9835,0,160,0,1,0,2,0,1,0,1,0,0,0,0,0,0,0
85500,9858,0,134,0,3,0,1,0,4,0,0,0,0,0,0,0,0,0
85600,9917,0,80,0,2,0,0,0,1,0,0,0,0,0,0,0,0,0
85700,9915,0,81,0,4,0,0,0,0,0,0,0,0,0,0,0,0,0
85800,9912,0,80,0,2,0,2,0,2,0,2,0,0,0,0,0,0,0
85900,9913,0,80,0,2,0,3,0,2,0,0,0,0,0,0,0,0,0
86000,9912,0,80,0,1,0,5,0,0,0,2,0,0,0,0,0,0,0
86100,9908,0,84,0,2,0,1,0,3,0,2,0,0,0,0,0,0,0
86200,9910,0,89,0,1,0,0,0,0,0,0,0,0,0,0,0,0,0
86300,9906,0,89,0,1,0,2,0,2,0,0,0,0,0,0,0,0,0
86400,9903,0,85,0,2,0,7,0,2,0,1,0,0,0,0,0,0,0
86500,9909,0,87,0,1,0,1,0,2,0,0,0,0,0,0,0,0,0
86600,9901,0,89,0,3,0,1,0,5,0,1,0,0,0,0,0,0,0
86700,9896,0,98,0,1,0,1,0,1,0,3,0,0,0,0,0,0,0
86800,9893,0,101,0,3,0,1,0,2,0,0,0,0,0,0,0,0,0
86900,9893,0,98,0,3,0,2,0,2,0,2,0,0,0,0,0,0,0
87000,9898,0,98,0,0,0,2,0,2,0,0,0,0,0,0,0,0,0
87100,9895,0,97,0,3,0,1,0,4,0,0,0,0,0,0,0,0,0
87200,9894,0,100,0,1,0,3,0,1,0,1,0,0,0,0,0,0,0
87300,9896,0,98,0,1,0,1,0,3,0,1,0,0,0,0,0,0,0
87400,9890,0,102,0,2,0,1,0,4,0,1,0,0,0,0,0,0,0
87500,9891,0,100,0,2,0,2,0,3,0,2,0,0,0,0,0,0,0
87600,9891,0,100,0,3,0,1,0,3,0,2,0,0,0,0,0,0,0
87700,9895,0,96,0,4,0,3,0,1,0,1,0,0,0,0,0,0,0
87800,9890,0,105,0,2,0,2,0,1,0,0,0,0,0,0,0,0,0
87900,9891,0,107,0,0,0,2,0,0,0,0,0,0,0,0,0,0,0
88000,9884,0,108,0,5,0,1,0,2,0,0,0,0,0,0,0,0,0
88100,9900,0,92,0,6,0,0,0,1,0,1,0,0,0,0,0,0,0
88200,9875,0,93,0,4,0,24,0,3,0,1,0,0,0,0,0,0,0
88300,9869,0,97,0,5,0,27,0,0,0,2,0,0,0,0,0,0,0
88400,9876,0,93,0,7,0,24,0,0,0,0,0,0,0,0,0,0,0
88500,9874,0,92,0,7,0,24,0,1,0,2,0,0,0,0,0,0,0
88600,9867,0,93,0,3,0,28,0,7,0,2,0,0,0,0,0,0,0
88700,9880,0,93,0,2,0,23,0,1,0,1,0,0,0,0,0,0,0
88800,9869,0,95,0,5,0,24,0,4,0,3,0,0,0,0,0,0,0
88900,9873,0,92,0,4,0,30,0,1,0,0,0,0,0,0,0,0,0
89000,9875,0,93,0,5,0,23,0,3,0,1,0,0,0,0,0,0,0
89100,9880,0,92,0,5,0,23,0,0,0,0,0,0,0,0,0,0,0
89200,9875,0,93,0,3,0,26,0,3,0,0,0,0,0,0,0,0,0
89300,9875,0,91,0,5,0,22,0,5,0,2,0,0,0,0,0,0,0
89400,9876,0,97,0,3,0,23,0,1,0,0,0,0,0,0,0,0,0
89500,9875,0,93,0,5,0,22,0,2,0,3,0,0,0,0,0,0,0
89600,9874,0,96,0,4,0,24,0,1,0,1,0,0,0,0,0,0,0
89700,9877,0,97,0,3,0,22,0,1,0,0,0,0,0,0,0,0,0
89800,9871,0,95,0,5,0,25,0,4,0,0,0,0,0,0,0,0,0
89900,9871,0,94,0,4,0,27,0,4,0,0,0,0,0,0,0,0,0
90000,9877,0,98,0,3,0,22,0,0,0,0,0,0,0,0,0,0,0
90100,9880,0,94,0,3,0,22,0,1,0,0,0,0,0,0,0,0,0
90200,9876,0,95,0,2,0,24,0,2,0,1,0,0,0,0,0,0,0
90300,9850,0,95,0,6,0,46,0,2,0,1,0,0,0,0,0,0,0
90400,9857,0,94,0,4,0,45,0,0,0,0,0,0,0,0,0,0,0
90500,9852,0,96,0,5,0,44,0,1,0,2,0,0,0,0,0,0,0
90600,9851,0,97,0,3,0,45,0,3,0,1,0,0,0,0,0,0,0
90700,9853,0,94,0,5,0,47,0,1,0,0,0,0,0,0,0,0,0
90800,9850,0,93,0,3,0,47,0,5,0,2,0,0,0,0,0,0,0
90900,9857,0,92,0,3,0,47,0,1,0,0,0,0,0,0,0,0,0
91000,9870,0,93,0,7,0,28,0,1,0,1,0,0,0,0,0,0,0
91100,9880,0,92,0,3,0,22,0,3,0,0,0,0,0,0,0,0,0
91200,9917,0,54,0,6,0,23,0,0,0,0,0,0,0,0,0,0,0
91300,9950,0,12,0,6,0,23,0,8,0,1,0,0,0,0,0,0,0
91400,9956,0,14,0,6,0,23,0,1,0,0,0,0,0,0,0,0,0
91500,9949,0,14,0,8,0,23,0,5,0,1,0,0,0,0,0,0,0
91600,9955,0,16,0,5,0,23,0,1,0,0,0,0,0,0,0,0,0
91700,9953,0,15,0,6,0,23,0,0,0,3,0,0,0,0,0,0,0
91800,9954,0,13,0,6,0,22,0,2,0,3,0,0,0,0,0,0,0
91900,9953,0,13,0,7,0,24,0,3,0,0,0,0,0,0,0,0,0
92000,9949,0,13,0,9,0,24,0,5,0,0,0,0,0,0,0,0,0
92100,9954,0,13,0,5,0,25,0,2,0,1,0,0,0,0,0,0,0
92200,9958,0,14,0,3,0,23,0,2,0,0,0,0,0,0,0,0,0
92300,9953,0,13,0,5,0,24,0,2,0,3,0,0,0,0,0,0,0
92400,9959,0,14,0,3,0,22,0,2,0,0,0,0,0,0,0,0,0
92500,9960,0,13,0,1,0,24,0,1,0,1,0,0,0,0,0,0,0
92600,9958,0,14,0,1,0,24,0,3,0,0,0,0,0,0,0,0,0
92700,9959,0,12,0,1,0,22,0,5,0,1,0,0,0,0,0,0,0
92800,9955,0,13,0,4,0,23,0,4,0,1,0,0,0,0,0,0,0
92900,9953,0,15,0,0,0,28,0,3,0,1,0,0,0,0,0,0,0
93000,9959,0,13,0,1,0,24,0,3,0,0,0,0,0,0,0,0,0
93100,9951,0,12,0,1,0,27,0,8,0,1,0,0,0,0,0,0,0
93200,9953,0,16,0,1,0,23,0,5,0,2,0,0,0,0,0,0,0
93300,9963,0,12,0,2,0,22,0,0,0,1,0,0,0,0,0,0,0
93400,9957,0,13,0,2,0,24,0,3,0,1,0,0,0,0,0,0,0
93500,9955,0,16,0,2,0,22,0,4,0,1,0,0,0,0,0,0,0
93600,9957,0,15,0,2,0,23,0,1,0,2,0,0,0,0,0,0,0
93700,9955,0,19,0,1,0,22,0,3,0,0,0,0,0,0,0,0,0
93800,9952,0,21,0,1,0,22,0,4,0,0,0,0,0,0,0,0,0
93900,9952,0,20,0,2,0,23,0,1,0,2,0,0,0,0,0,0,0
94000,9952,0,22,0,1,0,23,0,2,0,0,0,0,0,0,0,0,0
94100,9956,0,19,0,0,0,22,0,2,0,1,0,0,0,0,0,0,0
94200,9953,0,21,0,1,0,23,0,1,0,1,0,0,0,0,0,0,0
94300,9951,0,20,0,4,0,24,0,1,0,0,0,0,0,0,0,0,0
94400,9975,0,21,0,1,0,2,0,0,0,1,0,0,0,0,0,0,0
94500,9974,0,20,0,3,0,2,0,1,0,0,0,0,0,0,0,0,0
94600,9975,0,21,0,1,0,2,0,0,0,1,0,0,0,0,0,0,0
94700,9975,0,19,0,2,0,2,0,2,0,0,0,0,0,0,0,0,0
94800,9972,0,25,0,2,0,1,0,0,0,0,0,0,0,0,0,0,0
94900,9975,0,20,0,2,0,3,0,0,0,0,0,0,0,0,0,0,0
95000,9973,0,21,0,3,0,0,0,2,0,1,0,0,0,0,0,0,0
95100,9977,0,18,0,1,0,2,0,1,0,1,0,0,0,0,0,0,0
95200,9982,0,14,0,0,0,2,0,0,0,2,0,0,0,0,0,0,0
95300,9986,0,12,0,0,0,1,0,1,0,0,0,0,0,0,0,0,0
95400,9974,0,19,0,1,0,0,0,6,0,0,0,0,0,0,0,0,0
95500,9982,0,14,0,1,0,0,0,3,0,0,0,0,0,0,0,0,0
95600,9984,0,13,0,0,0,1,0,1,0,1,0,0,0,0,0,0,0
95700,9921,0,73,0,1,0,0,0,4,0,1,0,0,0,0,0,0,0
95800,9877,0,115,0,4,0,0,0,3,0,1,0,0,0,0,0,0,0
95900,9882,0,115,0,0,0,1,0,2,0,0,0,0,0,0,0,0,0
96000,9877,0,117,0,3,0,1,0,2,0,0,0,0,0,0,0,0,0
96100,9880,0,113,0,2,0,2,0,1,0,2,0,0,0,0,0,0,0
96200,9882,0,114,0,1,0,0,0,2,0,1,0,0,0,0,0,0,0
96300,9881,0,114,0,2,0,1,0,2,0,0,0,0,0,0,0,0,0
96400,9875,0,117,0,1,0,2,0,5,0,0,0,0,0,0,0,0,0
96500,9873,0,117,0,3,0,5,0,2,0,0,0,0,0,0,0,0,0
96600,9881,0,113,0,1,0,2,0,3,0,0,0,0,0,0,0,0,0
96700,9875,0,124,0,0,0,0,0,1,0,0,0,0,0,0,0,0,0
96800,9868,0,126,0,2,0,2,0,1,0,1,0,0,0,0,0,0,0
96900,9889,0,100,0,2,0,2,0,4,0,3,0,0,0,0,0,0,0
97000,9984,0,13,0,2,0,0,0,1,0,0,0,0,0,0,0,0,0
97100,9982,0,13,0,0,0,2,0,3,0,0,0,0,0,0,0,0,0
97200,9972,0,16,0,2,0,3,0,6,0,1,0,0,0,0,0,0,0
97300,9973,0,18,0,1,0,1,0,6,0,1,0,0,0,0,0,0,0
97400,9963,0,35,0,0,0,1,0,1,0,0,0,0,0,0,0,0,0
97500,9948,0,39,0,3,0,2,0,4,0,4,0,0,0,0,0,0,0
97600,9953,0,41,0,1,0,0,0,3,0,2,0,0,0,0,0,0,0
97700,9958,0,36,0,1,0,3,0,2,0,0,0,0,0,0,0,0,0
97800,9950,0,40,0,4,0,4,0,2,0,0,0,0,0,0,0,0,0
97900,9951,0,37,0,0,0,8,0,2,0,2,0,0,0,0,0,0,0
98000,9961,0,37,0,0,0,0,0,2,0,0,0,0,0,0,0,0,0
98100,9957,0,35,0,1,0,6,0,1,0,0,0,0,0,0,0,0,0
98200,9955,0,30,0,2,0,4,0,8,0,1,0,0,0,0,0,0,0
98300,9970,0,29,0,1,0,0,0,0,0,0,0,0,0,0,0,0,0
98400,9960,0,31,0,1,0,2,0,4,0,1,0,1,0,0,0,0,0
98500,9975,0,23,0,1,0,1,0,0,0,0,0,0,0,0,0,0,0
98600,9974,0,22,0,0,0,3,0,1,0,0,0,0,0,0,0,0,0
98700,9972,0,22,0,2,0,1,0,2,0,1,0,0,0,0,0,0,0
98800,9976,0,19,0,1,0,1,0,3,0,0,0,0,0,0,0,0,0
98900,9970,0,17,0,3,0,5,0,3,0,2,0,0,0,0,0,0,0
99000,9970,0,19,0,1,0,7,0,2,0,1,0,0,0,0,0,0,0
99100,9976,0,15,0,1,0,8,0,0,0,0,0,0,0,0,0,0,0
99200,9962,0,20,0,0,0,15,0,1,0,2,0,0,0,0,0,0,0
99300,9967,0,16,0,4,0,12,0,0,0,1,0,0,0,0,0,0,0
99400,9966,0,16,0,2,0,16,0,0,0,0,0,0,0,0,0,0,0
99500,9978,0,7,0,0,0,15,0,0,0,0,0,0,0,0,0,0,0
99600,9976,0,6,0,0,0,15,0,3,0,0,0,0,0,0,0,0,0
99700,9959,0,17,0,1,0,18,0,4,0,1,0,0,0,0,0,0,0
99800,9954,0,21,0,1,0,22,0,1,0,1,0,0,0,0,0,0,0
99900,9963,0,19,0,0,0,14,0,1,0,3,0,0,0,0,0,0,0
100000,9952,0,24,0,3,0,16,0,3,0,2,0,0,0,0,0,0,0
