update,host_task_NOT,sym_task_NOT,host_task_NAND,sym_task_NAND,host_task_AND,sym_task_AND,host_task_ORN,sym_task_ORN,host_task_OR,sym_task_OR,host_task_ANDN,sym_task_ANDN,host_task_NOR,sym_task_NOR,host_task_XOR,sym_task_XOR,host_task_EQU,sym_task_EQU
0,0,0,0,0,0,0,0,0,0,0,0,0,0,0,0,0,0,0
100,9997,0,0,0,0,0,1,0,4,0,0,0,0,0,0,0,0,0
200,9994,0,0,0,3,0,1,0,1,0,1,0,0,0,0,0,0,0
300,9991,0,0,0,5,0,2,0,2,0,0,0,0,0,0,0,0,0
400,9998,0,0,0,1,0,1,0,0,0,0,0,0,0,0,0,0,0
500,9991,0,0,0,4,0,1,0,4,0,0,0,0,0,0,0,0,0
600,9989,0,4,0,2,0,2,0,1,0,2,0,0,0,0,0,0,0
700,9991,0,4,0,1,0,1,0,2,0,1,0,0,0,0,0,0,0
800,9990,0,4,0,1,0,0,0,2,0,3,0,0,0,0,0,0,0
900,9987,0,4,0,3,0,4,0,2,0,0,0,0,0,0,0,0,0
1000,9989,0,4,0,3,0,0,0,2,0,2,0,0,0,0,0,0,0
1100,9991,0,2,0,3,0,2,0,2,0,0,0,0,0,0,0,0,0
1200,9993,0,0,0,3,0,1,0,1,0,2,0,0,0,0,0,0,0
1300,9995,0,1,0,3,0,1,0,0,0,0,0,0,0,0,0,0,0
1400,9991,0,0,0,3,0,1,0,3,0,2,0,0,0,0,0,0,0
1500,9990,0,0,0,2,0,4,0,3,0,1,0,0,0,0,0,0,0
1600,9995,0,0,0,3,0,0,0,1,0,1,0,0,0,0,0,0,0
1700,9991,0,2,0,3,0,3,0,0,0,1,0,0,0,0,0,0,0
1800,9986,0,0,0,4,0,4,0,5,0,1,0,0,0,0,0,0,0
1900,9987,0,1,0,2,0,3,0,3,0,4,0,0,0,0,0,0,0
2000,9987,0,0,0,5,0,2,0,5,0,1,0,0,0,0,0,0,0
2100,9990,0,1,0,4,0,2,0,2,0,1,0,0,0,0,0,0,0
2200,9991,0,3,0,1,0,2,0,3,0,0,0,0,0,0,0,0,0
2300,9987,0,1,0,4,0,4,0,4,0,0,0,0,0,0,0,0,0
2400,9988,0,3,0,3,0,1,0,3,0,2,0,0,0,0,0,0,0
2500,9989,0,2,0,2,0,3,0,4,0,0,0,0,0,0,0,0,0
2600,9989,0,2,0,3,0,5,0,0,0,1,0,0,0,0,0,0,0
2700,9982,0,9,0,3,0,4,0,2,0,0,0,0,0,0,0,0,0
2800,9985,0,6,0,2,0,3,0,2,0,2,0,0,0,0,0,0,0
2900,9982,0,7,0,2,0,5,0,3,0,1,0,0,0,0,0,0,0
3000,9982,0,6,0,3,0,6,0,3,0,0,0,0,0,0,0,0,0
3100,9984,0,8,0,1,0,3,0,3,0,1,0,0,0,0,0,0,0
3200,9975,0,14,0,0,0,3,0,4,0,4,0,0,0,0,0,0,0
3300,9977,0,17,0,1,0,2,0,1,0,2,0,0,0,0,0,0,0
3400,9958,0,25,0,1,0,9,0,5,0,2,0,0,0,0,0,0,0
3500,9961,0,17,0,3,0,17,0,2,0,0,0,0,0,0,0,0,0
3600,9960,0,21,0,2,0,14,0,2,0,1,0,0,0,0,0,0,0
3700,9956,0,17,0,1,0,18,0,7,0,1,0,0,0,0,0,0,0
3800,9956,0,18,0,4,0,17,0,4,0,1,0,0,0,0,0,0,0
3900,9964,0,12,0,2,0,18,0,3,0,1,0,0,0,0,0,0,0
4000,9963,0,15,0,0,0,17,0,5,0,0,0,0,0,0,0,0,0
4100,9956,0,16,0,2,0,17,0,4,0,5,0,0,0,0,0,0,0
4200,9971,0,10,0,1,0,18,0,0,0,0,0,0,0,0,0,0,0
4300,9953,0,23,0,3,0,18,0,2,0,1,0,0,0,0,0,0,0
4400,9959,0,19,0,0,0,17,0,4,0,1,0,0,0,0,0,0,0
4500,9953,0,21,0,1,0,18,0,4,0,3,0,0,0,0,0,0,0
4600,9953,0,23,0,2,0,20,0,0,0,2,0,0,0,0,0,0,0
4700,9949,0,17,0,6,0,21,0,7,0,0,0,0,0,0,0,0,0
4800,9946,0,29,0,0,0,18,0,5,0,2,0,0,0,0,0,0,0
4900,9942,0,30,0,3,0,17,0,5,0,3,0,0,0,0,0,0,0
5000,9936,0,33,0,3,0,17,0,9,0,2,0,0,0,0,0,0,0
5100,9948,0,27,0,3,0,17,0,5,0,0,0,0,0,0,0,0,0
5200,9930,0,45,0,2,0,16,0,6,0,1,0,0,0,0,0,0,0
5300,9928,0,36,0,4,0,21,0,11,0,0,0,0,0,0,0,0,0
5400,9930,0,42,0,0,0,21,0,6,0,1,0,0,0,0,0,0,0
5500,9929,0,44,0,3,0,19,0,5,0,0,0,0,0,0,0,0,0
5600,9928,0,39,0,7,0,19,0,5,0,2,0,0,0,0,0,0,0
5700,9937,0,32,0,2,0,23,0,4,0,2,0,0,0,0,0,0,0
5800,9932,0,37,0,3,0,17,0,6,0,5,0,0,0,0,0,0,0
5900,9944,0,37,0,4,0,6,0,5,0,4,0,0,0,0,0,0,0
6000,9947,0,35,0,5,0,5,0,6,0,2,0,0,0,0,0,0,0
6100,9949,0,36,0,4,0,5,0,6,0,0,0,0,0,0,0,0,0
6200,9947,0,36,0,4,0,5,0,7,0,1,0,0,0,0,0,0,0
6300,9928,0,47,0,7,0,7,0,8,0,2,0,1,0,0,0,0,0
6400,9904,0,73,0,3,0,11,0,7,0,2,0,0,0,0,0,0,0
6500,9786,0,191,0,3,0,12,0,7,0,1,0,0,0,0,0,0,0
6600,9734,0,245,0,2,0,8,0,11,0,0,0,0,0,0,0,0,0
6700,9705,0,269,0,6,0,10,0,9,0,1,0,0,0,0,0,0,0
6800,9606,0,373,0,7,0,7,0,6,0,1,0,0,0,0,0,0,0
6900,9480,0,502,0,3,0,6,0,8,0,1,0,0,0,0,0,0,0
7000,9518,0,463,0,3,0,7,0,6,0,3,0,0,0,0,0,0,0
7100,9530,0,447,0,4,0,9,0,6,0,4,0,0,0,0,0,0,0
7200,9526,0,456,0,4,0,9,0,4,0,1,0,0,0,0,0,0,0
7300,9525,0,457,0,2,0,5,0,8,0,3,0,0,0,0,0,0,0
7400,9493,0,486,0,3,0,8,0,8,0,2,0,0,0,0,0,0,0
7500,9461,0,518,0,10,0,2,0,7,0,2,0,0,0,0,0,0,0
7600,9406,0,574,0,4,0,6,0,9,0,1,0,0,0,0,0,0,0
7700,9368,0,613,0,2,0,2,0,11,0,3,0,1,0,0,0,0,0
7800,9329,0,659,0,1,0,2,0,8,0,1,0,0,0,0,0,0,0
7900,9345,0,640,0,5,0,5,0,3,0,2,0,0,0,0,0,0,0
8000,9313,0,663,0,6,0,9,0,8,0,1,0,0,0,0,0,0,0
8100,9266,0,713,0,1,0,3,0,13,0,4,0,0,0,0,0,0,0
8200,9285,0,699,0,4,0,3,0,7,0,2,0,0,0,0,0,0,0
8300,9202,0,779,0,6,0,2,0,9,0,2,0,0,0,0,0,0,0
8400,9289,0,693,0,3,0,5,0,6,0,4,0,0,0,0,0,0,0
8500,9292,0,681,0,6,0,5,0,12,0,4,0,0,0,0,0,0,0
8600,9304,0,680,0,9,0,1,0,2,0,4,0,0,0,0,0,0,0
8700,9311,0,673,0,4,0,3,0,6,0,3,0,0,0,0,0,0,0
8800,9260,0,716,0,10,0,5,0,9,0,0,0,0,0,0,0,0,0
8900,9351,0,634,0,2,0,3,0,5,0,5,0,0,0,0,0,0,0
9000,9347,0,631,0,5,0,4,0,10,0,3,0,0,0,0,0,0,0
9100,9402,0,579,0,4,0,4,0,9,0,2,0,0,0,0,0,0,0
9200,9431,0,552,0,5,0,5,0,4,0,3,0,0,0,0,0,0,0
9300,9380,0,592,0,6,0,5,0,12,0,5,0,0,0,0,0,0,0
9400,9356,0,629,0,4,0,7,0,4,0,0,0,0,0,0,0,0,0
9500,9341,0,635,0,4,0,8,0,8,0,3,0,1,0,0,0,0,0
9600,9381,0,603,0,4,0,4,0,6,0,2,0,0,0,0,0,0,0
9700,9367,0,626,0,1,0,2,0,4,0,0,0,0,0,0,0,0,0
9800,9313,0,670,0,9,0,3,0,3,0,2,0,0,0,0,0,0,0
9900,9263,0,719,0,1,0,3,0,9,0,5,0,0,0,0,0,0,0
10000,9237,0,737,0,8,0,7,0,9,0,2,0,0,0,0,0,0,0
10100,9262,0,721,0,3,0,4,0,5,0,5,0,0,0,0,0,0,0
10200,9314,0,664,0,7,0,2,0,9,0,4,0,0,0,0,0,0,0
10300,9298,0,684,0,1,0,4,0,8,0,5,0,0,0,0,0,0,0
10400,9253,0,726,0,5,0,5,0,6,0,5,0,0,0,0,0,0,0
10500,9166,0,818,0,4,0,5,0,6,0,1,0,0,0,0,0,0,0
10600,9130,0,851,0,5,0,4,0,8,0,2,0,0,0,0,0,0,0
10700,9162,0,818,0,6,0,7,0,5,0,2,0,0,0,0,0,0,0
10800,9247,0,746,0,2,0,0,0,0,0,5,0,0,0,0,0,0,0
10900,9232,0,748,0,5,0,1,0,10,0,4,0,0,0,0,0,0,0
11000,9211,0,766,0,7,0,4,0,11,0,1,0,0,0,0,0,0,0
11100,9275,0,704,0,10,0,5,0,6,0,0,0,0,0,0,0,0,0
11200,9281,0,703,0,5,0,3,0,4,0,4,0,0,0,0,0,0,0
11300,9292,0,695,0,4,0,2,0,6,0,1,0,0,0,0,0,0,0
11400,9273,0,715,0,5,0,2,0,3,0,2,0,0,0,0,0,0,0
11500,9281,0,704,0,3,0,2,0,7,0,3,0,0,0,0,0,0,0
11600,9241,0,744,0,4,0,4,0,5,0,2,0,0,0,0,0,0,0
11700,9178,0,804,0,3,0,3,0,5,0,7,0,0,0,0,0,0,0
11800,9155,0,828,0,5,0,3,0,6,0,3,0,0,0,0,0,0,0
11900,9165,0,810,0,6,0,5,0,8,0,4,0,1,0,1,0,0,0
12000,9133,0,842,0,13,0,2,0,8,0,2,0,0,0,0,0,0,0
12100,9082,0,906,0,2,0,2,0,6,0,2,0,0,0,0,0,0,0
12200,9036,0,946,0,6,0,4,0,6,0,2,0,0,0,0,0,0,0
12300,9016,0,958,0,8,0,5,0,10,0,3,0,0,0,0,0,0,0
12400,8976,0,1001,0,3,0,5,0,11,0,4,0,0,0,0,0,0,0
12500,9014,0,967,0,5,0,6,0,6,0,2,0,0,0,0,0,0,0
12600,9098,0,887,0,5,0,1,0,5,0,4,0,0,0,0,0,0,0
12700,9109,0,865,0,3,0,12,0,8,0,3,0,0,0,0,0,0,0
12800,9103,0,877,0,8,0,7,0,5,0,0,0,0,0,0,0,0,0
12900,9115,0,861,0,11,0,9,0,4,0,0,0,0,0,0,0,0,0
13000,9107,0,866,0,13,0,7,0,6,0,1,0,0,0,0,0,0,0
13100,9133,0,837,0,13,0,7,0,6,0,4,0,0,0,0,0,0,0
13200,9300,0,677,0,11,0,7,0,1,0,4,0,0,0,0,0,0,0
13300,9312,0,664,0,12,0,8,0,2,0,2,0,0,0,0,0,0,0
13400,9304,0,661,0,15,0,10,0,6,0,4,0,0,0,0,0,0,0
13500,9359,0,606,0,13,0,15,0,4,0,3,0,0,0,0,0,0,0
13600,9357,0,605,0,9,0,19,0,7,0,3,0,0,0,0,0,0,0
13700,9377,0,593,0,6,0,17,0,7,0,0,0,0,0,0,0,0,0
13800,9359,0,609,0,8,0,18,0,6,0,0,0,0,0,0,0,0,0
13900,9339,0,632,0,6,0,17,0,4,0,2,0,0,0,0,0,0,0
14000,9362,0,608,0,2,0,18,0,8,0,2,0,0,0,0,0,0,0
14100,9345,0,623,0,8,0,17,0,5,0,2,0,0,0,0,0,0,0
14200,9329,0,636,0,9,0,17,0,6,0,3,0,0,0,0,0,0,0
14300,9319,0,657,0,3,0,11,0,7,0,3,0,0,0,0,0,0,0
14400,9267,0,712,0,7,0,7,0,5,0,2,0,0,0,0,0,0,0
14500,9265,0,713,0,2,0,12,0,4,0,4,0,0,0,0,0,0,0
14600,9321,0,657,0,6,0,12,0,3,0,1,0,0,0,0,0,0,0
14700,9345,0,628,0,4,0,14,0,7,0,2,0,0,0,0,0,0,0
14800,9399,0,577,0,4,0,12,0,6,0,2,0,0,0,0,0,0,0
14900,9439,0,530,0,6,0,17,0,7,0,1,0,0,0,0,0,0,0
15000,9502,0,470,0,6,0,15,0,3,0,4,0,0,0,0,0,0,0
15100,9531,0,443,0,4,0,10,0,9,0,3,0,0,0,0,0,0,0
15200,9557,0,426,0,4,0,3,0,9,0,1,0,0,0,0,0,0,0
15300,9539,0,443,0,6,0,3,0,6,0,3,0,0,0,0,0,0,0
15400,9538,0,438,0,5,0,7,0,9,0,3,0,0,0,0,0,0,0
15500,9534,0,446,0,7,0,5,0,5,0,3,0,0,0,0,0,0,0
15600,9405,0,579,0,7,0,3,0,4,0,2,0,0,0,0,0,0,0
15700,9363,0,617,0,9,0,4,0,5,0,2,0,0,0,0,0,0,0
15800,9358,0,624,0,4,0,3,0,4,0,7,0,0,0,0,0,0,0
15900,9274,0,710,0,6,0,3,0,5,0,2,0,0,0,0,0,0,0
16000,9275,0,708,0,3,0,5,0,4,0,5,0,0,0,0,0,0,0
16100,9268,0,716,0,3,0,5,0,6,0,2,0,0,0,0,0,0,0
16200,9237,0,746,0,3,0,4,0,8,0,2,0,0,0,0,0,0,0
16300,9207,0,775,0,4,0,7,0,5,0,2,0,0,0,0,0,0,0
16400,9206,0,778,0,5,0,5,0,4,0,2,0,0,0,0,0,0,0
16500,9223,0,752,0,6,0,9,0,6,0,4,0,0,0,0,0,0,0
16600,9257,0,718,0,6,0,9,0,6,0,4,0,0,0,0,0,0,0
16700,9301,0,678,0,4,0,12,0,2,0,3,0,0,0,0,0,0,0
16800,9309,0,668,0,7,0,10,0,3,0,3,0,0,0,0,0,0,0
16900,9284,0,697,0,3,0,11,0,4,0,1,0,0,0,0,0,0,0
17000,9337,0,645,0,5,0,8,0,3,0,2,0,0,0,0,0,0,0
17100,9387,0,590,0,6,0,8,0,6,0,3,0,0,0,0,0,0,0
17200,9362,0,622,0,5,0,5,0,5,0,1,0,0,0,0,0,0,0
17300,9327,0,653,0,6,0,8,0,4,0,2,0,0,0,0,0,0,0
17400,9369,0,609,0,8,0,6,0,6,0,2,0,0,0,0,0,0,0
17500,9390,0,585,0,4,0,10,0,7,0,4,0,0,0,0,0,0,0
17600,9398,0,584,0,2,0,12,0,2,0,2,0,0,0,0,0,0,0
17700,9408,0,573,0,5,0,9,0,4,0,1,0,0,0,0,0,0,0
17800,9480,0,499,0,5,0,9,0,5,0,2,0,0,0,0,0,0,0
17900,9473,0,504,0,6,0,8,0,6,0,3,0,0,0,0,0,0,0
18000,9463,0,512,0,10,0,9,0,3,0,3,0,0,0,0,0,0,0
18100,9473,0,511,0,6,0,7,0,1,0,2,0,0,0,0,0,0,0
18200,9466,0,508,0,4,0,12,0,8,0,2,0,0,0,0,0,0,0
18300,9496,0,480,0,4,0,9,0,7,0,4,0,0,0,0,0,0,0
18400,9525,0,459,0,5,0,7,0,4,0,0,0,0,0,0,0,0,0
18500,9515,0,456,0,7,0,10,0,7,0,5,0,0,0,0,0,0,0
18600,9530,0,451,0,2,0,8,0,6,0,3,0,0,0,0,0,0,0
18700,9524,0,449,0,9,0,9,0,7,0,2,0,0,0,0,0,0,0
18800,9624,0,357,0,5,0,10,0,4,0,0,0,0,0,0,0,0,0
18900,9681,0,287,0,6,0,19,0,7,0,0,0,0,0,0,0,0,0
19000,9692,0,289,0,4,0,12,0,2,0,1,0,0,0,0,0,0,0
19100,9673,0,297,0,6,0,16,0,3,0,5,0,0,0,0,0,0,0
19200,9674,0,299,0,11,0,12,0,3,0,1,0,0,0,0,0,0,0
19300,9680,0,294,0,10,0,7,0,7,0,2,0,0,0,0,0,0,0
19400,9653,0,326,0,9,0,8,0,3,0,1,0,0,0,0,0,0,0
19500,9610,0,359,0,14,0,12,0,3,0,2,0,0,0,0,0,0,0
19600,9593,0,379,0,10,0,10,0,6,0,1,0,1,0,0,0,0,0
19700,9662,0,313,0,10,0,7,0,5,0,3,0,0,0,0,0,0,0
19800,9700,0,286,0,6,0,2,0,2,0,4,0,0,0,0,0,0,0
19900,9723,0,260,0,7,0,7,0,2,0,1,0,0,0,0,0,0,0
20000,9726,0,252,0,9,0,6,0,4,0,3,0,0,0,0,0,0,0
20100,9776,0,213,0,1,0,6,0,2,0,2,0,0,0,0,0,0,0
20200,9776,0,199,0,3,0,11,0,6,0,5,0,0,0,0,0,0,0
20300,9771,0,206,0,5,0,11,0,6,0,1,0,0,0,0,0,0,0
20400,9764,0,218,0,5,0,9,0,3,0,1,0,0,0,0,0,0,0
20500,9726,0,251,0,3,0,6,0,13,0,1,0,0,0,0,0,0,0
20600,9679,0,291,0,6,0,17,0,6,0,1,0,0,0,0,0,0,0
20700,9673,0,298,0,13,0,5,0,8,0,3,0,0,0,0,0,0,0
20800,9688,0,293,0,6,0,4,0,7,0,2,0,0,0,0,0,0,0
20900,9652,0,326,0,5,0,12,0,5,0,0,0,0,0,0,0,0,0
21000,9599,0,379,0,8,0,8,0,4,0,2,0,0,0,0,0,0,0
21100,9606,0,377,0,5,0,8,0,3,0,1,0,0,0,0,0,0,0
21200,9618,0,367,0,4,0,3,0,8,0,0,0,0,0,0,0,0,0
21300,9678,0,308,0,5,0,4,0,4,0,1,0,0,0,0,0,0,0
21400,9700,0,282,0,3,0,11,0,4,0,0,0,0,0,0,0,0,0
21500,9718,0,272,0,3,0,3,0,3,0,1,0,0,0,0,0,0,0
21600,9713,0,267,0,3,0,8,0,4,0,5,0,0,0,0,0,0,0
21700,9718,0,268,0,4,0,5,0,2,0,3,0,0,0,0,0,0,0
21800,9747,0,237,0,4,0,5,0,7,0,0,0,0,0,0,0,0,0
21900,9785,0,206,0,1,0,4,0,3,0,1,0,0,0,0,0,0,0
22000,9740,0,245,0,4,0,4,0,4,0,3,0,0,0,0,0,0,0
22100,9738,0,249,0,2,0,6,0,5,0,0,0,0,0,0,0,0,0
22200,9710,0,278,0,4,0,3,0,4,0,1,0,0,0,0,0,0,0
22300,9687,0,301,0,3,0,4,0,5,0,0,0,0,0,0,0,0,0
22400,9677,0,307,0,4,0,4,0,7,0,1,0,0,0,0,0,0,0
22500,9684,0,302,0,2,0,4,0,5,0,3,0,0,0,0,0,0,0
22600,9687,0,302,0,5,0,1,0,4,0,1,0,0,0,0,0,0,0
22700,9628,0,353,0,1,0,8,0,7,0,3,0,0,0,0,0,0,0
22800,9662,0,322,0,5,0,3,0,6,0,2,0,0,0,0,0,0,0
22900,9685,0,306,0,3,0,4,0,2,0,0,0,0,0,0,0,0,0
23000,9676,0,303,0,5,0,8,0,5,0,3,0,0,0,0,0,0,0
23100,9715,0,264,0,5,0,7,0,7,0,2,0,0,0,0,0,0,0
23200,9722,0,249,0,9,0,11,0,6,0,3,0,0,0,0,0,0,0
23300,9720,0,253,0,4,0,12,0,10,0,1,0,0,0,0,0,0,0
23400,9723,0,259,0,2,0,9,0,3,0,4,0,0,0,0,0,0,0
23500,9703,0,274,0,7,0,13,0,1,0,2,0,0,0,0,0,0,0
23600,9661,0,321,0,3,0,9,0,5,0,1,0,0,0,0,0,0,0
23700,9701,0,273,0,3,0,13,0,9,0,1,0,0,0,0,0,0,0
23800,9719,0,253,0,5,0,15,0,8,0,0,0,0,0,0,0,0,0
23900,9732,0,252,0,4,0,6,0,5,0,1,0,0,0,0,0,0,0
24000,9725,0,259,0,4,0,8,0,4,0,0,0,0,0,0,0,0,0
24100,9733,0,253,0,3,0,7,0,1,0,3,0,0,0,0,0,0,0
24200,9728,0,255,0,4,0,5,0,7,0,1,0,0,0,0,0,0,0
24300,9728,0,256,0,5,0,4,0,5,0,2,0,0,0,0,0,0,0
24400,9731,0,254,0,5,0,4,0,4,0,2,0,0,0,0,0,0,0
24500,9732,0,249,0,6,0,9,0,2,0,2,0,0,0,0,0,0,0
24600,9771,0,213,0,4,0,6,0,6,0,0,0,0,0,0,0,0,0
24700,9747,0,237,0,4,0,9,0,2,0,1,0,0,0,0,0,0,0
24800,9728,0,258,0,1,0,9,0,2,0,1,0,1,0,0,0,0,0
24900,9725,0,255,0,4,0,8,0,5,0,3,0,0,0,0,0,0,0
25000,9667,0,312,0,7,0,3,0,9,0,2,0,0,0,0,0,0,0
25100,9662,0,315,0,5,0,8,0,8,0,2,0,0,0,0,0,0,0
25200,9694,0,293,0,2,0,6,0,4,0,1,0,0,0,0,0,0,0
25300,9725,0,254,0,7,0,2,0,8,0,4,0,0,0,0,0,0,0
25400,9746,0,228,0,6,0,12,0,7,0,1,0,0,0,0,0,0,0
25500,9751,0,235,0,1,0,6,0,5,0,2,0,0,0,0,0,0,0
25600,9814,0,171,0,3,0,7,0,4,0,1,0,0,0,0,0,0,0
25700,9842,0,145,0,2,0,3,0,6,0,2,0,0,0,0,0,0,0
25800,9827,0,154,0,7,0,4,0,6,0,2,0,0,0,0,0,0,0
25900,9842,0,145,0,9,0,1,0,0,0,0,0,3,0,0,0,0,0
26000,9772,0,212,0,6,0,3,0,6,0,1,0,0,0,0,0,0,0
26100,9784,0,205,0,2,0,2,0,5,0,2,0,0,0,0,0,0,0
26200,9770,0,221,0,3,0,0,0,5,0,1,0,0,0,0,0,0,0
26300,9725,0,263,0,5,0,2,0,3,0,2,0,0,0,0,0,0,0
26400,9732,0,257,0,3,0,3,0,3,0,2,0,0,0,0,0,0,0
26500,9740,0,250,0,1,0,5,0,2,0,2,0,0,0,0,0,0,0
26600,9729,0,260,0,1,0,6,0,1,0,3,0,0,0,0,0,0,0
26700,9739,0,250,0,3,0,2,0,4,0,2,0,0,0,0,0,0,0
26800,9709,0,275,0,3,0,2,0,7,0,4,0,0,0,0,0,0,0
26900,9687,0,296,0,2,0,8,0,3,0,4,0,0,0,0,0,0,0
27000,9651,0,339,0,2,0,2,0,4,0,2,0,0,0,0,0,0,0
27100,9637,0,355,0,4,0,1,0,1,0,2,0,0,0,0,0,0,0
27200,9609,0,382,0,2,0,2,0,5,0,0,0,0,0,0,0,0,0
27300,9502,0,473,0,4,0,9,0,9,0,3,0,0,0,0,0,0,0
27400,9575,0,412,0,5,0,2,0,5,0,1,0,0,0,0,0,0,0
27500,9599,0,387,0,2,0,5,0,5,0,2,0,0,0,0,0,0,0
27600,9566,0,421,0,6,0,1,0,3,0,3,0,0,0,0,0,0,0
27700,9614,0,374,0,3,0,3,0,6,0,0,0,0,0,0,0,0,0
27800,9639,0,335,0,7,0,5,0,11,0,3,0,0,0,0,0,0,0
27900,9695,0,296,0,3,0,1,0,2,0,3,0,0,0,0,0,0,0
28000,9702,0,281,0,5,0,5,0,6,0,1,0,0,0,0,0,0,0
28100,9704,0,282,0,2,0,5,0,4,0,3,0,0,0,0,0,0,0
28200,9694,0,300,0,0,0,1,0,5,0,0,0,0,0,0,0,0,0
28300,9733,0,248,0,7,0,2,0,7,0,3,0,0,0,0,0,0,0
28400,9731,0,254,0,7,0,1,0,4,0,3,0,0,0,0,0,0,0
28500,9726,0,262,0,3,0,3,0,5,0,1,0,0,0,0,0,0,0
28600,9742,0,247,0,5,0,1,0,3,0,2,0,0,0,0,0,0,0
28700,9748,0,240,0,2,0,6,0,4,0,0,0,0,0,0,0,0,0
28800,9739,0,250,0,0,0,6,0,4,0,1,0,0,0,0,0,0,0
28900,9724,0,266,0,5,0,1,0,3,0,1,0,0,0,0,0,0,0
29000,9735,0,252,0,3,0,4,0,6,0,0,0,0,0,0,0,0,0
29100,9789,0,200,0,4,0,2,0,4,0,1,0,0,0,0,0,0,0
29200,9772,0,209,0,6,0,4,0,5,0,4,0,0,0,0,0,0,0
29300,9770,0,217,0,5,0,2,0,3,0,3,0,0,0,0,0,0,0
29400,9776,0,207,0,7,0,4,0,3,0,3,0,0,0,0,0,0,0
29500,9804,0,184,0,2,0,3,0,5,0,2,0,0,0,0,0,0,0
29600,9806,0,169,0,7,0,5,0,11,0,2,0,0,0,0,0,0,0
29700,9780,0,210,0,3,0,2,0,4,0,1,0,0,0,0,0,0,0
29800,9780,0,205,0,3,0,7,0,3,0,2,0,0,0,0,0,0,0
29900,9831,0,160,0,1,0,5,0,2,0,1,0,0,0,0,0,0,0
30000,9823,0,165,0,2,0,5,0,4,0,1,0,0,0,0,0,0,0
30100,9835,0,147,0,2,0,10,0,2,0,4,0,0,0,0,0,0,0
30200,9843,0,141,0,4,0,4,0,6,0,2,0,0,0,0,0,0,0
30300,9853,0,135,0,6,0,2,0,3,0,1,0,0,0,0,0,0,0
30400,9861,0,130,0,4,0,1,0,3,0,1,0,0,0,0,0,0,0
30500,9842,0,150,0,2,0,2,0,3,0,1,0,0,0,0,0,0,0
30600,9824,0,152,0,6,0,6,0,9,0,3,0,0,0,0,0,0,0
30700,9837,0,155,0,3,0,1,0,3,0,1,0,0,0,0,0,0,0
30800,9857,0,132,0,3,0,2,0,6,0,0,0,0,0,0,0,0,0
30900,9858,0,129,0,3,0,4,0,3,0,3,0,0,0,0,0,0,0
31000,9821,0,163,0,7,0,3,0,4,0,2,0,0,0,0,0,0,0
31100,9813,0,184,0,2,0,0,0,0,0,1,0,0,0,0,0,0,0
31200,9762,0,228,0,2,0,2,0,2,0,4,0,0,0,0,0,0,0
31300,9763,0,223,0,4,0,5,0,4,0,1,0,0,0,0,0,0,0
31400,9770,0,222,0,2,0,0,0,2,0,4,0,0,0,0,0,0,0
31500,9759,0,229,0,3,0,0,0,5,0,4,0,0,0,0,0,0,0
31600,9765,0,221,0,2,0,4,0,5,0,3,0,0,0,0,0,0,0
31700,9785,0,208,0,3,0,0,0,3,0,1,0,0,0,0,0,0,0
31800,9784,0,205,0,3,0,4,0,3,0,1,0,0,0,0,0,0,0
31900,9779,0,205,0,3,0,3,0,6,0,4,0,0,0,0,0,0,0
32000,9778,0,208,0,3,0,1,0,8,0,2,0,0,0,0,0,0,0
32100,9759,0,230,0,4,0,3,0,4,0,0,0,0,0,0,0,0,0
32200,9806,0,177,0,6,0,8,0,3,0,0,0,0,0,0,0,0,0
32300,9832,0,153,0,7,0,1,0,6,0,1,0,0,0,0,0,0,0
32400,9834,0,158,0,4,0,2,0,1,0,1,0,0,0,0,0,0,0
32500,9824,0,164,0,6,0,2,0,2,0,1,0,1,0,0,0,0,0
32600,9821,0,161,0,4,0,3,0,8,0,3,0,0,0,0,0,0,0
32700,9838,0,149,0,4,0,2,0,5,0,2,0,0,0,0,0,0,0
32800,9886,0,103,0,4,0,2,0,3,0,2,0,0,0,0,0,0,0
32900,9873,0,117,0,4,0,0,0,4,0,2,0,0,0,0,0,0,0
33000,9826,0,168,0,2,0,0,0,2,0,2,0,0,0,0,0,0,0
33100,9842,0,154,0,0,0,2,0,1,0,1,0,0,0,0,0,0,0
33200,9836,0,149,0,4,0,3,0,4,0,4,0,0,0,0,0,0,0
33300,9825,0,163,0,4,0,6,0,2,0,0,0,0,0,0,0,0,0
33400,9810,0,172,0,0,0,4,0,11,0,3,0,0,0,0,0,0,0
33500,9823,0,172,0,2,0,1,0,2,0,0,0,0,0,0,0,0,0
33600,9822,0,157,0,4,0,5,0,9,0,3,0,0,0,0,0,0,0
33700,9858,0,134,0,1,0,3,0,2,0,2,0,0,0,0,0,0,0
33800,9832,0,156,0,3,0,5,0,2,0,2,0,0,0,0,0,0,0
33900,9852,0,132,0,2,0,2,0,11,0,1,0,0,0,0,0,0,0
34000,9851,0,136,0,3,0,7,0,2,0,1,0,0,0,0,0,0,0
34100,9850,0,141,0,4,0,3,0,1,0,1,0,0,0,0,0,0,0
34200,9843,0,142,0,2,0,4,0,7,0,2,0,0,0,0,0,0,0
34300,9851,0,135,0,5,0,4,0,3,0,2,0,0,0,0,0,0,0
34400,9868,0,122,0,4,0,1,0,4,0,1,0,0,0,0,0,0,0
34500,9872,0,114,0,4,0,2,0,8,0,0,0,0,0,0,0,0,0
34600,9897,0,91,0,4,0,5,0,2,0,1,0,0,0,0,0,0,0
34700,9912,0,76,0,1,0,3,0,5,0,3,0,0,0,0,0,0,0
34800,9975,0,19,0,1,0,3,0,2,0,0,0,0,0,0,0,0,0
34900,9964,0,21,0,1,0,7,0,7,0,0,0,0,0,0,0,0,0
35000,9979,0,8,0,4,0,3,0,5,0,1,0,0,0,0,0,0,0
35100,9978,0,12,0,5,0,1,0,4,0,0,0,0,0,0,0,0,0
35200,9985,0,11,0,1,0,1,0,2,0,0,0,0,0,0,0,0,0
35300,9982,0,13,0,1,0,2,0,1,0,1,0,0,0,0,0,0,0
35400,9969,0,15,0,5,0,5,0,1,0,5,0,0,0,0,0,0,0
35500,9984,0,9,0,1,0,1,0,4,0,1,0,0,0,0,0,0,0
35600,9978,0,10,0,3,0,1,0,7,0,1,0,0,0,0,0,0,0
35700,9970,0,17,0,3,0,4,0,2,0,4,0,0,0,0,0,0,0
35800,9977,0,13,0,5,0,0,0,4,0,1,0,0,0,0,0,0,0
35900,9975,0,16,0,1,0,4,0,0,0,4,0,0,0,0,0,0,0
36000,9967,0,21,0,5,0,3,0,4,0,0,0,0,0,0,0,0,0
36100,9976,0,16,0,3,0,0,0,4,0,0,0,1,0,0,0,0,0
36200,9976,0,17,0,4,0,2,0,1,0,0,0,0,0,0,0,0,0
36300,9975,0,17,0,3,0,2,0,3,0,0,0,0,0,0,0,0,0
36400,9980,0,7,0,1,0,1,0,9,0,2,0,0,0,0,0,0,0
36500,9976,0,13,0,1,0,5,0,1,0,4,0,0,0,0,0,0,0
36600,9990,0,4,0,2,0,0,0,3,0,1,0,0,0,0,0,0,0
36700,9986,0,7,0,3,0,2,0,2,0,0,0,0,0,0,0,0,0
36800,9986,0,8,0,2,0,0,0,2,0,2,0,0,0,0,0,0,0
36900,9988,0,8,0,2,0,0,0,2,0,0,0,0,0,0,0,0,0
37000,9982,0,7,0,4,0,1,0,5,0,1,0,0,0,0,0,0,0
37100,9983,0,10,0,3,0,1,0,3,0,0,0,0,0,0,0,0,0
37200,9984,0,8,0,2,0,4,0,2,0,0,0,0,0,0,0,0,0
37300,9985,0,6,0,5,0,1,0,2,0,1,0,0,0,0,0,0,0
37400,9981,0,8,0,4,0,3,0,4,0,0,0,0,0,0,0,0,0
37500,9977,0,12,0,6,0,2,0,3,0,0,0,0,0,0,0,0,0
37600,9979,0,14,0,1,0,1,0,5,0,0,0,0,0,0,0,0,0
37700,9975,0,10,0,4,0,5,0,4,0,2,0,0,0,0,0,0,0
37800,9980,0,9,0,5,0,5,0,1,0,0,0,0,0,0,0,0,0
37900,9988,0,6,0,2,0,3,0,1,0,0,0,0,0,0,0,0,0
38000,9982,0,5,0,6,0,3,0,1,0,3,0,0,0,0,0,0,0
38100,9967,0,20,0,8,0,3,0,2,0,0,0,0,0,0,0,0,0
38200,9946,0,36,0,9,0,3,0,5,0,1,0,0,0,0,0,0,0
38300,9955,0,33,0,6,0,0,0,4,0,2,0,0,0,0,0,0,0
38400,9965,0,25,0,5,0,2,0,1,0,2,0,0,0,0,0,0,0
38500,9956,0,33,0,4,0,2,0,4,0,1,0,0,0,0,0,0,0
38600,9958,0,30,0,8,0,0,0,2,0,2,0,0,0,0,0,0,0
38700,9957,0,32,0,4,0,1,0,5,0,1,0,0,0,0,0,0,0
38800,9955,0,31,0,6,0,0,0,6,0,2,0,0,0,0,0,0,0
38900,9950,0,35,0,6,0,7,0,2,0,0,0,0,0,0,0,0,0
39000,9953,0,35,0,2,0,1,0,6,0,3,0,0,0,0,0,0,0
39100,9952,0,36,0,3,0,5,0,2,0,2,0,0,0,0,0,0,0
39200,9954,0,43,0,1,0,1,0,0,0,1,0,0,0,0,0,0,0
39300,9959,0,34,0,0,0,4,0,3,0,0,0,0,0,0,0,0,0
39400,9955,0,34,0,1,0,5,0,4,0,1,0,0,0,0,0,0,0
39500,9958,0,31,0,3,0,2,0,6,0,0,0,0,0,0,0,0,0
39600,9957,0,32,0,2,0,2,0,5,0,2,0,0,0,0,0,0,0
39700,9951,0,34,0,2,0,6,0,7,0,0,0,0,0,0,0,0,0
39800,9961,0,34,0,1,0,3,0,0,0,1,0,0,0,0,0,0,0
39900,9948,0,33,0,3,0,10,0,6,0,0,0,0,0,0,0,0,0
40000,9955,0,33,0,1,0,2,0,7,0,2,0,0,0,0,0,0,0
40100,9959,0,30,0,5,0,1,0,5,0,0,0,0,0,0,0,0,0
40200,9956,0,36,0,3,0,1,0,4,0,0,0,0,0,0,0,0,0
40300,9948,0,45,0,2,0,1,0,2,0,2,0,0,0,0,0,0,0
40400,9960,0,35,0,0,0,3,0,2,0,0,0,0,0,0,0,0,0
40500,9962,0,32,0,2,0,0,0,3,0,1,0,0,0,0,0,0,0
40600,9958,0,31,0,4,0,1,0,3,0,3,0,0,0,0,0,0,0
40700,9964,0,30,0,1,0,4,0,1,0,0,0,0,0,0,0,0,0
40800,9968,0,26,0,2,0,3,0,1,0,0,0,0,0,0,0,0,0
40900,9959,0,33,0,2,0,3,0,2,0,1,0,0,0,0,0,0,0
41000,9966,0,26,0,1,0,2,0,5,0,0,0,0,0,0,0,0,0
41100,9960,0,31,0,1,0,5,0,1,0,2,0,0,0,0,0,0,0
41200,9965,0,28,0,3,0,2,0,2,0,0,0,0,0,0,0,0,0
41300,9967,0,26,0,4,0,1,0,1,0,1,0,0,0,0,0,0,0
41400,9952,0,43,0,1,0,1,0,2,0,1,0,0,0,0,0,0,0
41500,9955,0,39,0,1,0,0,0,3,0,2,0,0,0,0,0,0,0
41600,9967,0,31,0,1,0,0,0,0,0,1,0,0,0,0,0,0,0
41700,9969,0,28,0,1,0,0,0,2,0,0,0,0,0,0,0,0,0
41800,9968,0,28,0,2,0,0,0,1,0,1,0,0,0,0,0,0,0
41900,9962,0,30,0,1,0,0,0,5,0,2,0,0,0,0,0,0,0
42000,9962,0,30,0,0,0,4,0,4,0,0,0,0,0,0,0,0,0
42100,9962,0,29,0,1,0,1,0,6,0,1,0,0,0,0,0,0,0
42200,9960,0,34,0,1,0,0,0,5,0,0,0,0,0,0,0,0,0
42300,9956,0,33,0,1,0,4,0,5,0,1,0,0,0,0,0,0,0
42400,9959,0,30,0,3,0,0,0,6,0,2,0,0,0,0,0,0,0
42500,9984,0,14,0,1,0,0,0,1,0,0,0,0,0,0,0,0,0
42600,9979,0,16,0,3,0,2,0,0,0,0,0,0,0,0,0,0,0
42700,9977,0,17,0,4,0,0,0,0,0,2,0,0,0,0,0,0,0
42800,9981,0,14,0,0,0,2,0,2,0,1,0,0,0,0,0,0,0
42900,9973,0,17,0,1,0,5,0,4,0,0,0,0,0,0,0,0,0
43000,9974,0,16,0,4,0,0,0,3,0,3,0,0,0,0,0,0,0
43100,9975,0,19,0,1,0,1,0,4,0,0,0,0,0,0,0,0,0
43200,9980,0,13,0,1,0,2,0,4,0,0,0,0,0,0,0,0,0
43300,9976,0,15,0,3,0,0,0,4,0,2,0,0,0,0,0,0,0
43400,9982,0,15,0,1,0,1,0,1,0,0,0,0,0,0,0,0,0
43500,9972,0,18,0,2,0,4,0,3,0,1,0,0,0,0,0,0,0
43600,9977,0,16,0,2,0,1,0,2,0,2,0,0,0,0,0,0,0
43700,9976,0,16,0,0,0,3,0,4,0,1,0,0,0,0,0,0,0
43800,9987,0,12,0,0,0,0,0,1,0,0,0,0,0,0,0,0,0
43900,9982,0,15,0,1,0,0,0,1,0,1,0,0,0,0,0,0,0
44000,9979,0,15,0,0,0,3,0,2,0,1,0,0,0,0,0,0,0
44100,9979,0,14,0,1,0,0,0,4,0,2,0,0,0,0,0,0,0
44200,9985,0,10,0,3,0,1,0,0,0,1,0,0,0,0,0,0,0
44300,9975,0,14,0,2,0,7,0,0,0,2,0,0,0,0,0,0,0
44400,9981,0,7,0,3,0,4,0,3,0,2,0,0,0,0,0,0,0
44500,9985,0,3,0,0,0,3,0,3,0,6,0,0,0,0,0,0,0
44600,9972,0,11,0,2,0,8,0,4,0,3,0,0,0,0,0,0,0
44700,9983,0,9,0,0,0,4,0,3,0,1,0,0,0,0,0,0,0
44800,9987,0,8,0,0,0,2,0,2,0,1,0,0,0,0,0,0,0
44900,9988,0,6,0,0,0,3,0,2,0,1,0,0,0,0,0,0,0
45000,9989,0,3,0,0,0,3,0,5,0,0,0,0,0,0,0,0,0
45100,9986,0,5,0,1,0,5,0,2,0,1,0,0,0,0,0,0,0
45200,9985,0,10,0,1,0,2,0,1,0,1,0,0,0,0,0,0,0
45300,9985,0,10,0,1,0,3,0,1,0,0,0,0,0,0,0,0,0
45400,9989,0,5,0,1,0,2,0,3,0,0,0,0,0,0,0,0,0
45500,9981,0,8,0,3,0,3,0,5,0,0,0,0,0,0,0,0,0
45600,9984,0,12,0,1,0,2,0,1,0,0,0,0,0,0,0,0,0
45700,9983,0,11,0,1,0,2,0,1,0,2,0,0,0,0,0,0,0
45800,9985,0,8,0,1,0,4,0,2,0,0,0,0,0,0,0,0,0
45900,9988,0,11,0,1,0,0,0,0,0,0,0,0,0,0,0,0,0
46000,9988,0,5,0,3,0,2,0,2,0,0,0,0,0,0,0,0,0
46100,9989,0,3,0,3,0,4,0,1,0,0,0,0,0,0,0,0,0
46200,9989,0,8,0,0,0,2,0,0,0,1,0,0,0,0,0,0,0
46300,9996,0,2,0,0,0,0,0,2,0,0,0,0,0,0,0,0,0
46400,9991,0,3,0,3,0,1,0,2,0,0,0,0,0,0,0,0,0
46500,9987,0,8,0,0,0,0,0,3,0,2,0,0,0,0,0,0,0
46600,9978,0,17,0,0,0,2,0,3,0,0,0,0,0,0,0,0,0
46700,9969,0,22,0,3,0,2,0,3,0,1,0,0,0,0,0,0,0
46800,9974,0,21,0,2,0,0,0,3,0,0,0,0,0,0,0,0,0
46900,9968,0,28,0,0,0,3,0,1,0,0,0,0,0,0,0,0,0
47000,9971,0,21,0,1,0,3,0,3,0,1,0,0,0,0,0,0,0
47100,9972,0,22,0,1,0,3,0,2,0,0,0,0,0,0,0,0,0
47200,9976,0,18,0,1,0,2,0,3,0,0,0,0,0,0,0,0,0
47300,9972,0,18,0,2,0,3,0,4,0,1,0,0,0,0,0,0,0
47400,9973,0,19,0,1,0,1,0,5,0,1,0,0,0,0,0,0,0
47500,9979,0,19,0,0,0,1,0,0,0,1,0,0,0,0,0,0,0
47600,9985,0,12,0,0,0,1,0,2,0,0,0,0,0,0,0,0,0
47700,9977,0,15,0,0,0,0,0,6,0,2,0,0,0,0,0,0,0
47800,9978,0,18,0,3,0,1,0,0,0,0,0,0,0,0,0,0,0
47900,9979,0,16,0,0,0,3,0,2,0,0,0,0,0,0,0,0,0
48000,9981,0,16,0,0,0,0,0,3,0,0,0,0,0,0,0,0,0
48100,9975,0,19,0,1,0,4,0,1,0,0,0,0,0,0,0,0,0
48200,9976,0,21,0,0,0,1,0,1,0,1,0,0,0,0,0,0,0
48300,9976,0,15,0,1,0,3,0,4,0,1,0,0,0,0,0,0,0
48400,9980,0,16,0,0,0,0,0,4,0,0,0,0,0,0,0,0,0
48500,9975,0,15,0,0,0,2,0,6,0,2,0,0,0,0,0,0,0
48600,9981,0,16,0,2,0,0,0,0,0,1,0,0,0,0,0,0,0
48700,9976,0,15,0,0,0,3,0,6,0,0,0,0,0,0,0,0,0
48800,9977,0,16,0,2,0,3,0,1,0,1,0,0,0,0,0,0,0
48900,9977,0,19,0,1,0,2,0,1,0,0,0,0,0,0,0,0,0
49000,9972,0,19,0,2,0,3,0,3,0,1,0,0,0,0,0,0,0
49100,9961,0,33,0,2,0,3,0,0,0,1,0,0,0,0,0,0,0
49200,9966,0,33,0,1,0,0,0,0,0,0,0,0,0,0,0,0,0
49300,9960,0,36,0,0,0,4,0,0,0,0,0,0,0,0,0,0,0
49400,9970,0,24,0,2,0,2,0,2,0,0,0,0,0,0,0,0,0
49500,9972,0,25,0,0,0,2,0,0,0,1,0,0,0,0,0,0,0
49600,9972,0,22,0,2,0,0,0,3,0,1,0,0,0,0,0,0,0
49700,9980,0,17,0,2,0,0,0,1,0,0,0,0,0,0,0,0,0
49800,9978,0,21,0,0,0,0,0,0,0,1,0,0,0,0,0,0,0
49900,9979,0,17,0,1,0,1,0,1,0,1,0,0,0,0,0,0,0
50000,9969,0,18,0,3,0,2,0,7,0,1,0,0,0,0,0,0,0
50100,9976,0,19,0,0,0,0,0,5,0,0,0,0,0,0,0,0,0
50200,9976,0,20,0,1,0,2,0,1,0,0,0,0,0,0,0,0,0
50300,9997,0,0,0,0,0,1,0,1,0,1,0,0,0,0,0,0,0
50400,9992,0,0,0,3,0,0,0,4,0,1,0,0,0,0,0,0,0
50500,9994,0,0,0,1,0,2,0,2,0,1,0,0,0,0,0,0,0
50600,9992,0,0,0,0,0,2,0,5,0,1,0,0,0,0,0,0,0
50700,9990,0,0,0,1,0,2,0,5,0,2,0,0,0,0,0,0,0
50800,9996,0,1,0,0,0,1,0,1,0,1,0,0,0,0,0,0,0
50900,9994,0,1,0,0,0,0,0,5,0,0,0,0,0,0,0,0,0
51000,9994,0,0,0,2,0,1,0,3,0,0,0,0,0,0,0,0,0
51100,9998,0,0,0,0,0,0,0,2,0,0,0,0,0,0,0,0,0
51200,9986,0,4,0,0,0,4,0,6,0,0,0,0,0,0,0,0,0
51300,9993,0,0,0,2,0,3,0,2,0,0,0,0,0,0,0,0,0
51400,9985,0,7,0,3,0,0,0,5,0,0,0,0,0,0,0,0,0
51500,9992,0,4,0,1,0,0,0,2,0,1,0,0,0,0,0,0,0
51600,9992,0,2,0,0,0,2,0,2,0,2,0,0,0,0,0,0,0
51700,9955,0,34,0,4,0,4,0,3,0,0,0,0,0,0,0,0,0
51800,9964,0,32,0,0,0,1,0,2,0,1,0,0,0,0,0,0,0
51900,9955,0,42,0,3,0,0,0,0,0,0,0,0,0,0,0,0,0
52000,9923,0,71,0,0,0,3,0,3,0,0,0,0,0,0,0,0,0
52100,9923,0,71,0,3,0,1,0,2,0,0,0,0,0,0,0,0,0
52200,9923,0,74,0,1,0,0,0,1,0,1,0,0,0,0,0,0,0
52300,9924,0,72,0,1,0,0,0,3,0,0,0,0,0,0,0,0,0
52400,9922,0,72,0,2,0,1,0,2,0,1,0,0,0,0,0,0,0
52500,9947,0,48,0,0,0,1,0,4,0,0,0,0,0,0,0,0,0
52600,9968,0,30,0,0,0,1,0,1,0,0,0,0,0,0,0,0,0
52700,9965,0,31,0,2,0,1,0,1,0,0,0,0,0,0,0,0,0
52800,9958,0,31,0,2,0,6,0,1,0,2,0,0,0,0,0,0,0
52900,9960,0,33,0,2,0,1,0,2,0,2,0,0,0,0,0,0,0
53000,9961,0,33,0,3,0,1,0,1,0,1,0,0,0,0,0,0,0
53100,9965,0,31,0,2,0,0,0,2,0,0,0,0,0,0,0,0,0
53200,9965,0,31,0,1,0,1,0,1,0,1,0,0,0,0,0,0,0
53300,9963,0,34,0,0,0,1,0,2,0,0,0,0,0,0,0,0,0
53400,9965,0,32,0,1,0,0,0,2,0,0,0,0,0,0,0,0,0
53500,9961,0,35,0,1,0,0,0,2,0,1,0,0,0,0,0,0,0
53600,9952,0,40,0,1,0,4,0,2,0,1,0,0,0,0,0,0,0
53700,9954,0,40,0,1,0,1,0,4,0,0,0,0,0,0,0,0,0
53800,9957,0,39,0,1,0,2,0,1,0,0,0,0,0,0,0,0,0
53900,9946,0,47,0,0,0,4,0,2,0,1,0,0,0,0,0,0,0
54000,9950,0,45,0,1,0,3,0,1,0,0,0,0,0,0,0,0,0
54100,9947,0,47,0,2,0,0,0,2,0,2,0,0,0,0,0,0,0
54200,9950,0,46,0,2,0,1,0,1,0,0,0,0,0,0,0,0,0
54300,9950,0,45,0,3,0,1,0,1,0,0,0,0,0,0,0,0,0
54400,9951,0,44,0,2,0,1,0,1,0,1,0,0,0,0,0,0,0
54500,9951,0,46,0,0,0,2,0,0,0,1,0,0,0,0,0,0,0
54600,9944,0,48,0,4,0,2,0,1,0,1,0,0,0,0,0,0,0
54700,9938,0,50,0,0,0,10,0,1,0,1,0,0,0,0,0,0,0
54800,9937,0,56,0,1,0,1,0,5,0,0,0,0,0,0,0,0,0
54900,9944,0,52,0,1,0,3,0,0,0,0,0,0,0,0,0,0,0
55000,9971,0,21,0,2,0,1,0,3,0,1,0,1,0,0,0,0,0
55100,9975,0,20,0,3,0,1,0,0,0,1,0,0,0,0,0,0,0
55200,9981,0,18,0,0,0,0,0,1,0,0,0,0,0,0,0,0,0
55300,9971,0,19,0,5,0,3,0,2,0,0,0,0,0,0,0,0,0
55400,9975,0,19,0,2,0,1,0,2,0,1,0,0,0,0,0,0,0
55500,9977,0,15,0,1,0,1,0,6,0,0,0,0,0,0,0,0,0
55600,9983,0,13,0,0,0,0,0,1,0,3,0,0,0,0,0,0,0
55700,9977,0,15,0,1,0,3,0,0,0,4,0,0,0,0,0,0,0
55800,9968,0,25,0,1,0,2,0,3,0,1,0,0,0,0,0,0,0
55900,9973,0,26,0,1,0,0,0,0,0,0,0,0,0,0,0,0,0
56000,9972,0,24,0,1,0,2,0,1,0,0,0,0,0,0,0,0,0
56100,9978,0,19,0,0,0,3,0,0,0,0,0,0,0,0,0,0,0
56200,9973,0,16,0,2,0,7,0,2,0,0,0,0,0,0,0,0,0
56300,9983,0,17,0,0,0,0,0,0,0,0,0,0,0,0,0,0,0
56400,9976,0,18,0,2,0,2,0,2,0,0,0,0,0,0,0,0,0
56500,9984,0,15,0,1,0,0,0,0,0,0,0,0,0,0,0,0,0
56600,9981,0,15,0,0,0,1,0,3,0,0,0,0,0,0,0,0,0
56700,9985,0,14,0,0,0,0,0,0,0,1,0,0,0,0,0,0,0
56800,9985,0,11,0,1,0,1,0,0,0,2,0,0,0,0,0,0,0
56900,9981,0,13,0,2,0,0,0,4,0,0,0,0,0,0,0,0,0
57000,9985,0,12,0,1,0,0,0,2,0,0,0,0,0,0,0,0,0
57100,9982,0,12,0,2,0,1,0,2,0,1,0,0,0,0,0,0,0
57200,9987,0,10,0,0,0,1,0,1,0,1,0,0,0,0,0,0,0
57300,9984,0,11,0,2,0,1,0,0,0,2,0,0,0,0,0,0,0
57400,9984,0,13,0,2,0,0,0,1,0,0,0,0,0,0,0,0,0
57500,9987,0,13,0,0,0,0,0,0,0,0,0,0,0,0,0,0,0
57600,9995,0,0,0,2,0,1,0,2,0,0,0,0,0,0,0,0,0
57700,9991,0,1,0,2,0,2,0,3,0,1,0,0,0,0,0,0,0
57800,9987,0,3,0,2,0,4,0,3,0,1,0,0,0,0,0,0,0
57900,9994,0,1,0,2,0,1,0,1,0,1,0,0,0,0,0,0,0
58000,9992,0,0,0,2,0,4,0,2,0,0,0,0,0,0,0,0,0
58100,9989,0,5,0,1,0,3,0,0,0,2,0,0,0,0,0,0,0
58200,9992,0,1,0,2,0,3,0,1,0,1,0,0,0,0,0,0,0
58300,9994,0,2,0,3,0,0,0,1,0,0,0,0,0,0,0,0,0
58400,9985,0,6,0,3,0,2,0,4,0,0,0,0,0,0,0,0,0
58500,9993,0,0,0,1,0,2,0,3,0,1,0,0,0,0,0,0,0
58600,9993,0,0,0,2,0,4,0,0,0,1,0,0,0,0,0,0,0
58700,9988,0,1,0,3,0,2,0,3,0,3,0,0,0,0,0,0,0
58800,9999,0,0,0,0,0,0,0,1,0,0,0,0,0,0,0,0,0
58900,9992,0,1,0,1,0,2,0,1,0,3,0,0,0,0,0,0,0
59000,9993,0,2,0,0,0,1,0,3,0,1,0,0,0,0,0,0,0
59100,9993,0,0,0,1,0,0,0,6,0,0,0,0,0,0,0,0,0
59200,9992,0,1,0,1,0,1,0,4,0,1,0,0,0,0,0,0,0
59300,9991,0,3,0,2,0,1,0,2,0,1,0,0,0,0,0,0,0
59400,9986,0,8,0,0,0,4,0,2,0,0,0,0,0,0,0,0,0
59500,9992,0,2,0,0,0,2,0,3,0,1,0,0,0,0,0,0,0
59600,9989,0,3,0,0,0,2,0,5,0,1,0,0,0,0,0,0,0
59700,9998,0,0,0,0,0,0,0,2,0,0,0,0,0,0,0,0,0
59800,9985,0,10,0,3,0,1,0,1,0,0,0,0,0,0,0,0,0
59900,9971,0,23,0,2,0,0,0,2,0,2,0,0,0,0,0,0,0
60000,9983,0,4,0,3,0,7,0,2,0,1,0,0,0,0,0,0,0
60100,9987,0,5,0,3,0,1,0,4,0,0,0,0,0,0,0,0,0
60200,9993,0,5,0,0,0,0,0,1,0,1,0,0,0,0,0,0,0
60300,9995,0,3,0,2,0,0,0,0,0,0,0,0,0,0,0,0,0
60400,9993,0,4,0,2,0,0,0,1,0,0,0,0,0,0,0,0,0
60500,9983,0,9,0,3,0,1,0,3,0,1,0,0,0,0,0,0,0
60600,9993,0,4,0,1,0,0,0,1,0,1,0,0,0,0,0,0,0
60700,9989,0,2,0,1,0,5,0,2,0,1,0,0,0,0,0,0,0
60800,9989,0,5,0,1,0,1,0,1,0,3,0,0,0,0,0,0,0
60900,9994,0,4,0,1,0,0,0,1,0,0,0,0,0,0,0,0,0
61000,9967,0,29,0,2,0,0,0,0,0,2,0,0,0,0,0,0,0
61100,9949,0,49,0,0,0,1,0,1,0,0,0,0,0,0,0,0,0
61200,9952,0,45,0,1,0,1,0,1,0,0,0,0,0,0,0,0,0
61300,9943,0,49,0,1,0,3,0,2,0,2,0,0,0,0,0,0,0
61400,9948,0,44,0,1,0,1,0,6,0,0,0,0,0,0,0,0,0
61500,9946,0,49,0,2,0,1,0,1,0,1,0,0,0,0,0,0,0
61600,9955,0,43,0,1,0,0,0,1,0,0,0,0,0,0,0,0,0
61700,9945,0,52,0,0,0,1,0,2,0,0,0,0,0,0,0,0,0
61800,9869,0,127,0,1,0,2,0,0,0,1,0,0,0,0,0,0,0
61900,9872,0,124,0,1,0,2,0,1,0,0,0,0,0,0,0,0,0
62000,9868,0,129,0,1,0,0,0,1,0,1,0,0,0,0,0,0,0
62100,9863,0,131,0,0,0,3,0,2,0,1,0,0,0,0,0,0,0
62200,9874,0,121,0,0,0,3,0,2,0,0,0,0,0,0,0,0,0
62300,9863,0,130,0,0,0,0,0,7,0,0,0,0,0,0,0,0,0
62400,9862,0,132,0,1,0,4,0,1,0,0,0,0,0,0,0,0,0
62500,9868,0,127,0,1,0,0,0,4,0,0,0,0,0,0,0,0,0
62600,9863,0,130,0,3,0,1,0,3,0,0,0,0,0,0,0,0,0
62700,9869,0,126,0,3,0,1,0,0,0,1,0,0,0,0,0,0,0
62800,9864,0,124,0,4,0,4,0,4,0,0,0,0,0,0,0,0,0
62900,9870,0,126,0,0,0,2,0,2,0,0,0,0,0,0,0,0,0
63000,9871,0,127,0,0,0,1,0,1,0,0,0,0,0,0,0,0,0
63100,9871,0,121,0,2,0,2,0,2,0,2,0,0,0,0,0,0,0
63200,9934,0,58,0,2,0,3,0,2,0,1,0,0,0,0,0,0,0
63300,9949,0,42,0,1,0,3,0,3,0,2,0,0,0,0,0,0,0
63400,9950,0,42,0,0,0,2,0,4,0,2,0,0,0,0,0,0,0
63500,9947,0,42,0,8,0,3,0,0,0,0,0,0,0,0,0,0,0
63600,9931,0,51,0,10,0,3,0,5,0,0,0,0,0,0,0,0,0
63700,9936,0,56,0,2,0,2,0,4,0,0,0,0,0,0,0,0,0
63800,9944,0,48,0,1,0,3,0,3,0,1,0,0,0,0,0,0,0
63900,9933,0,52,0,0,0,4,0,11,0,0,0,0,0,0,0,0,0
64000,9943,0,51,0,1,0,1,0,3,0,1,0,0,0,0,0,0,0
64100,9942,0,52,0,0,0,2,0,3,0,1,0,0,0,0,0,0,0
64200,9936,0,52,0,3,0,0,0,7,0,2,0,0,0,0,0,0,0
64300,9945,0,51,0,0,0,4,0,0,0,0,0,0,0,0,0,0,0
64400,9945,0,52,0,1,0,0,0,2,0,0,0,0,0,0,0,0,0
64500,9941,0,52,0,3,0,3,0,1,0,0,0,0,0,0,0,0,0
64600,9939,0,54,0,2,0,3,0,2,0,0,0,0,0,0,0,0,0
64700,9943,0,50,0,0,0,2,0,3,0,2,0,0,0,0,0,0,0
64800,9941,0,51,0,0,0,3,0,3,0,2,0,0,0,0,0,0,0
64900,9945,0,49,0,2,0,1,0,2,0,1,0,0,0,0,0,0,0
65000,9942,0,54,0,2,0,0,0,2,0,0,0,0,0,0,0,0,0
65100,9945,0,50,0,1,0,1,0,2,0,1,0,0,0,0,0,0,0
65200,9941,0,54,0,2,0,2,0,1,0,0,0,0,0,0,0,0,0
65300,9945,0,53,0,1,0,1,0,0,0,0,0,0,0,0,0,0,0
65400,9969,0,26,0,0,0,0,0,5,0,0,0,0,0,0,0,0,0
65500,9982,0,14,0,0,0,2,0,2,0,0,0,0,0,0,0,0,0
65600,9981,0,16,0,1,0,0,0,2,0,0,0,0,0,0,0,0,0
65700,9984,0,11,0,1,0,0,0,3,0,1,0,0,0,0,0,0,0
65800,9979,0,15,0,0,0,3,0,3,0,0,0,0,0,0,0,0,0
65900,9982,0,12,0,2,0,1,0,2,0,1,0,0,0,0,0,0,0
66000,9979,0,11,0,4,0,1,0,5,0,0,0,0,0,0,0,0,0
66100,9977,0,13,0,1,0,5,0,3,0,1,0,0,0,0,0,0,0
66200,9980,0,12,0,2,0,0,0,5,0,1,0,0,0,0,0,0,0
66300,9979,0,14,0,2,0,3,0,2,0,0,0,0,0,0,0,0,0
66400,9978,0,12,0,0,0,7,0,3,0,0,0,0,0,0,0,0,0
66500,9984,0,14,0,1,0,0,0,1,0,0,0,0,0,0,0,0,0
66600,9981,0,14,0,0,0,4,0,1,0,0,0,0,0,0,0,0,0
66700,9978,0,13,0,0,0,1,0,8,0,0,0,0,0,0,0,0,0
66800,9984,0,10,0,1,0,1,0,2,0,2,0,0,0,0,0,0,0
66900,9983,0,13,0,0,0,1,0,3,0,0,0,0,0,0,0,0,0
67000,9959,0,14,0,22,0,3,0,2,0,0,0,0,0,0,0,0,0
67100,9951,0,11,0,30,0,2,0,4,0,2,0,0,0,0,0,0,0
67200,9954,0,12,0,30,0,3,0,1,0,0,0,0,0,0,0,0,0
67300,9957,0,9,0,30,0,2,0,2,0,0,0,0,0,0,0,0,0
67400,9958,0,9,0,30,0,1,0,1,0,1,0,0,0,0,0,0,0
67500,9958,0,8,0,30,0,1,0,3,0,0,0,0,0,0,0,0,0
67600,9953,0,10,0,29,0,2,0,5,0,1,0,0,0,0,0,0,0
67700,9962,0,9,0,28,0,0,0,1,0,0,0,0,0,0,0,0,0
67800,9951,0,9,0,34,0,4,0,1,0,1,0,0,0,0,0,0,0
67900,9955,0,12,0,30,0,2,0,0,0,1,0,0,0,0,0,0,0
68000,9951,0,9,0,31,0,1,0,5,0,2,0,1,0,0,0,0,0
68100,9957,0,12,0,28,0,1,0,1,0,1,0,0,0,0,0,0,0
68200,9957,0,6,0,32,0,3,0,2,0,0,0,0,0,0,0,0,0
68300,9966,0,3,0,30,0,1,0,0,0,0,0,0,0,0,0,0,0
68400,9964,0,1,0,28,0,4,0,3,0,0,0,0,0,0,0,0,0
68500,9967,0,0,0,30,0,0,0,1,0,2,0,0,0,0,0,0,0
68600,9964,0,1,0,31,0,3,0,1,0,0,0,0,0,0,0,0,0
68700,9959,0,0,0,33,0,4,0,4,0,0,0,0,0,0,0,0,0
68800,9963,0,0,0,29,0,4,0,4,0,0,0,0,0,0,0,0,0
68900,9961,0,0,0,29,0,6,0,2,0,2,0,0,0,0,0,0,0
69000,9957,0,3,0,33,0,6,0,1,0,0,0,0,0,0,0,0,0
69100,9963,0,0,0,30,0,4,0,3,0,0,0,0,0,0,0,0,0
69200,9947,0,17,0,30,0,1,0,3,0,2,0,0,0,0,0,0,0
69300,9945,0,20,0,29,0,1,0,4,0,1,0,0,0,0,0,0,0
69400,9937,0,23,0,31,0,2,0,4,0,3,0,0,0,0,0,0,0
69500,9963,0,24,0,5,0,6,0,1,0,1,0,0,0,0,0,0,0
69600,9958,0,28,0,2,0,5,0,6,0,1,0,0,0,0,0,0,0
69700,9967,0,28,0,2,0,1,0,2,0,0,0,0,0,0,0,0,0
69800,9959,0,29,0,3,0,4,0,4,0,0,0,1,0,0,0,0,0
69900,9963,0,29,0,2,0,4,0,1,0,1,0,0,0,0,0,0,0
70000,9967,0,29,0,1,0,1,0,1,0,1,0,0,0,0,0,0,0
70100,9966,0,26,0,0,0,6,0,2,0,0,0,0,0,0,0,0,0
70200,9959,0,29,0,4,0,4,0,4,0,0,0,0,0,0,0,0,0
70300,9966,0,29,0,2,0,0,0,3,0,0,0,0,0,0,0,0,0
70400,9968,0,27,0,2,0,1,0,2,0,0,0,0,0,0,0,0,0
70500,9966,0,27,0,0,0,0,0,6,0,1,0,0,0,0,0,0,0
70600,9969,0,23,0,2,0,1,0,4,0,1,0,0,0,0,0,0,0
70700,9970,0,19,0,1,0,4,0,5,0,1,0,0,0,0,0,0,0
70800,9967,0,22,0,4,0,6,0,1,0,0,0,0,0,0,0,0,0
70900,9969,0,20,0,4,0,1,0,6,0,0,0,0,0,0,0,0,0
71000,9971,0,20,0,2,0,2,0,4,0,1,0,0,0,0,0,0,0
71100,9968,0,22,0,0,0,2,0,4,0,4,0,0,0,0,0,0,0
71200,9965,0,27,0,2,0,3,0,1,0,2,0,0,0,0,0,0,0
71300,9969,0,29,0,0,0,1,0,1,0,0,0,0,0,0,0,0,0
71400,9967,0,20,0,3,0,3,0,5,0,2,0,0,0,0,0,0,0
71500,9977,0,20,0,0,0,2,0,1,0,0,0,0,0,0,0,0,0
71600,9985,0,12,0,1,0,0,0,2,0,0,0,0,0,0,0,0,0
71700,9997,0,0,0,0,0,0,0,1,0,2,0,0,0,0,0,0,0
71800,9992,0,1,0,1,0,3,0,2,0,1,0,0,0,0,0,0,0
71900,9985,0,1,0,3,0,2,0,7,0,2,0,0,0,0,0,0,0
72000,9994,0,1,0,0,0,3,0,1,0,1,0,0,0,0,0,0,0
72100,9994,0,1,0,2,0,1,0,1,0,1,0,0,0,0,0,0,0
72200,9990,0,3,0,1,0,1,0,3,0,2,0,0,0,0,0,0,0
72300,9993,0,3,0,0,0,1,0,2,0,1,0,0,0,0,0,0,0
72400,9996,0,0,0,1,0,0,0,3,0,0,0,0,0,0,0,0,0
72500,9994,0,0,0,2,0,0,0,3,0,1,0,0,0,0,0,0,0
72600,9996,0,0,0,0,0,0,0,1,0,3,0,0,0,0,0,0,0
72700,9989,0,0,0,3,0,3,0,3,0,2,0,0,0,0,0,0,0
72800,9995,0,1,0,1,0,1,0,1,0,1,0,0,0,0,0,0,0
72900,9993,0,1,0,1,0,1,0,2,0,2,0,0,0,0,0,0,0
73000,9995,0,0,0,1,0,2,0,0,0,2,0,0,0,0,0,0,0
73100,9991,0,2,0,1,0,2,0,3,0,1,0,0,0,0,0,0,0
73200,9995,0,0,0,2,0,1,0,2,0,0,0,0,0,0,0,0,0
73300,9999,0,0,0,1,0,0,0,0,0,0,0,0,0,0,0,0,0
73400,9997,0,1,0,0,0,0,0,1,0,1,0,0,0,0,0,0,0
73500,9994,0,3,0,0,0,0,0,2,0,1,0,0,0,0,0,0,0
73600,9993,0,0,0,2,0,1,0,4,0,0,0,0,0,0,0,0,0
73700,9991,0,0,0,1,0,5,0,1,0,2,0,0,0,0,0,0,0
73800,9994,0,2,0,3,0,0,0,0,0,1,0,0,0,0,0,0,0
73900,9994,0,4,0,1,0,0,0,0,0,1,0,0,0,0,0,0,0
74000,9997,0,0,0,1,0,1,0,1,0,0,0,0,0,0,0,0,0
74100,9995,0,0,0,2,0,0,0,2,0,1,0,0,0,0,0,0,0
74200,9995,0,2,0,1,0,0,0,1,0,1,0,0,0,0,0,0,0
74300,9998,0,0,0,1,0,0,0,1,0,0,0,0,0,0,0,0,0
74400,9992,0,0,0,1,0,1,0,3,0,3,0,0,0,0,0,0,0
74500,9993,0,3,0,2,0,1,0,1,0,0,0,0,0,0,0,0,0
74600,9997,0,0,0,0,0,1,0,2,0,0,0,0,0,0,0,0,0
74700,9995,0,0,0,2,0,1,0,0,0,2,0,0,0,0,0,0,0
74800,9995,0,2,0,0,0,1,0,1,0,1,0,0,0,0,0,0,0
74900,9993,0,4,0,1,0,1,0,1,0,0,0,0,0,0,0,0,0
75000,9998,0,0,0,0,0,0,0,2,0,0,0,0,0,0,0,0,0
75100,9994,0,0,0,1,0,4,0,0,0,1,0,0,0,0,0,0,0
75200,9998,0,0,0,1,0,0,0,1,0,0,0,0,0,0,0,0,0
75300,9991,0,0,0,1,0,0,0,7,0,1,0,0,0,0,0,0,0
75400,9993,0,2,0,2,0,0,0,3,0,0,0,0,0,0,0,0,0
75500,9992,0,3,0,2,0,0,0,3,0,0,0,0,0,0,0,0,0
75600,9995,0,0,0,0,0,1,0,3,0,1,0,0,0,0,0,0,0
75700,9998,0,0,0,0,0,0,0,0,0,2,0,0,0,0,0,0,0
75800,9994,0,0,0,1,0,1,0,3,0,1,0,0,0,0,0,0,0
75900,9997,0,1,0,2,0,0,0,0,0,0,0,0,0,0,0,0,0
76000,9995,0,0,0,0,0,2,0,3,0,0,0,0,0,0,0,0,0
76100,9991,0,1,0,0,0,2,0,6,0,0,0,0,0,0,0,0,0
76200,9985,0,5,0,0,0,5,0,5,0,0,0,0,0,0,0,0,0
76300,9988,0,6,0,1,0,3,0,2,0,0,0,0,0,0,0,0,0
76400,9995,0,1,0,1,0,0,0,3,0,0,0,0,0,0,0,0,0
76500,9990,0,6,0,1,0,0,0,1,0,2,0,0,0,0,0,0,0
76600,9990,0,3,0,3,0,2,0,1,0,1,0,0,0,0,0,0,0
76700,9979,0,17,0,1,0,0,0,1,0,2,0,0,0,0,0,0,0
76800,9975,0,21,0,1,0,2,0,0,0,1,0,0,0,0,0,0,0
76900,9993,0,0,0,1,0,0,0,5,0,1,0,0,0,0,0,0,0
77000,9988,0,0,0,2,0,2,0,7,0,1,0,0,0,0,0,0,0
77100,9997,0,1,0,2,0,0,0,0,0,0,0,0,0,0,0,0,0
77200,9992,0,0,0,4,0,2,0,2,0,0,0,0,0,0,0,0,0
77300,9988,0,0,0,3,0,1,0,5,0,3,0,0,0,0,0,0,0
77400,9989,0,2,0,3,0,4,0,2,0,0,0,0,0,0,0,0,0
77500,9994,0,1,0,3,0,1,0,1,0,0,0,0,0,0,0,0,0
77600,9991,0,0,0,2,0,0,0,6,0,1,0,0,0,0,0,0,0
77700,9999,0,0,0,0,0,1,0,0,0,0,0,0,0,0,0,0,0
77800,9995,0,2,0,3,0,0,0,0,0,0,0,0,0,0,0,0,0
77900,9991,0,1,0,5,0,1,0,2,0,0,0,0,0,0,0,0,0
78000,9999,0,0,0,0,0,1,0,0,0,0,0,0,0,0,0,0,0
78100,9985,0,0,0,5,0,4,0,5,0,1,0,0,0,0,0,0,0
78200,9989,0,3,0,2,0,3,0,3,0,0,0,0,0,0,0,0,0
78300,9989,0,4,0,3,0,0,0,3,0,1,0,0,0,0,0,0,0
78400,9992,0,0,0,3,0,3,0,2,0,0,0,0,0,0,0,0,0
78500,9997,0,0,0,0,0,1,0,2,0,0,0,0,0,0,0,0,0
78600,9998,0,0,0,1,0,0,0,0,0,1,0,0,0,0,0,0,0
78700,9992,0,5,0,3,0,0,0,0,0,0,0,0,0,0,0,0,0
78800,9997,0,0,0,0,0,2,0,1,0,0,0,0,0,0,0,0,0
78900,9998,0,0,0,1,0,0,0,1,0,0,0,0,0,0,0,0,0
79000,9998,0,0,0,2,0,0,0,0,0,0,0,0,0,0,0,0,0
79100,9995,0,0,0,1,0,2,0,1,0,1,0,0,0,0,0,0,0
79200,9989,0,6,0,2,0,0,0,3,0,0,0,0,0,0,0,0,0
79300,9992,0,4,0,0,0,3,0,0,0,1,0,0,0,0,0,0,0
79400,9997,0,0,0,0,0,0,0,3,0,0,0,0,0,0,0,0,0
79500,9994,0,0,0,1,0,1,0,3,0,1,0,0,0,0,0,0,0
79600,9995,0,1,0,2,0,0,0,1,0,1,0,0,0,0,0,0,0
79700,9992,0,1,0,1,0,4,0,2,0,0,0,0,0,0,0,0,0
79800,9993,0,0,0,2,0,1,0,4,0,0,0,0,0,0,0,0,0
79900,9992,0,2,0,1,0,3,0,2,0,0,0,0,0,0,0,0,0
80000,9989,0,4,0,1,0,1,0,4,0,1,0,0,0,0,0,0,0
80100,9992,0,6,0,0,0,0,0,1,0,1,0,0,0,0,0,0,0
80200,9991,0,7,0,0,0,0,0,2,0,0,0,0,0,0,0,0,0
80300,9987,0,6,0,0,0,4,0,1,0,2,0,0,0,0,0,0,0
80400,9986,0,9,0,2,0,0,0,1,0,2,0,0,0,0,0,0,0
80500,9989,0,7,0,1,0,3,0,0,0,0,0,0,0,0,0,0,0
80600,9990,0,6,0,0,0,1,0,1,0,2,0,0,0,0,0,0,0
80700,9988,0,8,0,1,0,1,0,1,0,1,0,0,0,0,0,0,0
80800,9981,0,13,0,0,0,1,0,5,0,0,0,0,0,0,0,0,0
80900,9987,0,7,0,4,0,0,0,2,0,0,0,0,0,0,0,0,0
81000,9979,0,14,0,4,0,2,0,1,0,0,0,0,0,0,0,0,0
81100,9969,0,27,0,1,0,2,0,1,0,0,0,0,0,0,0,0,0
81200,9945,0,51,0,2,0,2,0,0,0,0,0,0,0,0,0,0,0
81300,9944,0,51,0,1,0,2,0,1,0,1,0,0,0,0,0,0,0
81400,9943,0,51,0,1,0,0,0,4,0,1,0,0,0,0,0,0,0
81500,9943,0,51,0,4,0,1,0,1,0,0,0,0,0,0,0,0,0
81600,9932,0,60,0,0,0,5,0,2,0,1,0,0,0,0,0,0,0
81700,9937,0,60,0,0,0,2,0,1,0,0,0,0,0,0,0,0,0
81800,9940,0,60,0,0,0,0,0,0,0,0,0,0,0,0,0,0,0
81900,9938,0,58,0,0,0,1,0,2,0,1,0,0,0,0,0,0,0
82000,9981,0,16,0,0,0,1,0,1,0,1,0,0,0,0,0,0,0
82100,9981,0,16,0,0,0,1,0,1,0,1,0,0,0,0,0,0,0
82200,9978,0,18,0,0,0,3,0,1,0,0,0,0,0,0,0,0,0
82300,9980,0,15,0,2,0,2,0,0,0,1,0,0,0,0,0,0,0
82400,9980,0,17,0,2,0,0,0,1,0,0,0,0,0,0,0,0,0
82500,9977,0,16,0,1,0,1,0,5,0,0,0,0,0,0,0,0,0
82600,9980,0,15,0,1,0,0,0,4,0,0,0,0,0,0,0,0,0
82700,9989,0,7,0,1,0,1,0,1,0,1,0,0,0,0,0,0,0
82800,9984,0,9,0,3,0,0,0,2,0,2,0,0,0,0,0,0,0
82900,9986,0,8,0,1,0,3,0,2,0,0,0,0,0,0,0,0,0
83000,9979,0,12,0,1,0,1,0,7,0,0,0,0,0,0,0,0,0
83100,9989,0,10,0,0,0,1,0,0,0,0,0,0,0,0,0,0,0
83200,9984,0,12,0,0,0,1,0,3,0,0,0,0,0,0,0,0,0
83300,9986,0,11,0,1,0,0,0,2,0,0,0,0,0,0,0,0,0
83400,9983,0,10,0,3,0,2,0,2,0,0,0,0,0,0,0,0,0
83500,9986,0,9,0,1,0,1,0,3,0,0,0,0,0,0,0,0,0
83600,9984,0,10,0,3,0,1,0,1,0,1,0,0,0,0,0,0,0
83700,9987,0,8,0,2,0,2,0,1,0,0,0,0,0,0,0,0,0
83800,9988,0,10,0,0,0,1,0,0,0,1,0,0,0,0,0,0,0
83900,9981,0,13,0,2,0,2,0,0,0,2,0,0,0,0,0,0,0
84000,9982,0,10,0,2,0,4,0,1,0,1,0,0,0,0,0,0,0
84100,9979,0,17,0,2,0,0,0,1,0,1,0,0,0,0,0,0,0
84200,9978,0,13,0,4,0,4,0,1,0,0,0,0,0,0,0,0,0
84300,9979,0,9,0,5,0,3,0,4,0,0,0,0,0,0,0,0,0
84400,9985,0,10,0,4,0,1,0,0,0,0,0,0,0,0,0,0,0
84500,9983,0,9,0,3,0,2,0,2,0,1,0,0,0,0,0,0,0
84600,9985,0,12,0,2,0,0,0,1,0,0,0,0,0,0,0,0,0
84700,9978,0,11,0,3,0,3,0,4,0,1,0,0,0,0,0,0,0
84800,9981,0,10,0,5,0,0,0,1,0,3,0,0,0,0,0,0,0
84900,9981,0,9,0,3,0,2,0,3,0,2,0,0,0,0,0,0,0
85000,9981,0,5,0,5,0,3,0,3,0,3,0,0,0,0,0,0,0
85100,9989,0,6,0,2,0,1,0,2,0,0,0,0,0,0,0,0,0
85200,9987,0,8,0,3,0,1,0,1,0,0,0,0,0,0,0,0,0
85300,9964,0,22,0,6,0,4,0,3,0,1,0,0,0,0,0,0,0
85400,9968,0,20,0,4,0,4,0,2,0,2,0,0,0,0,0,0,0
85500,9984,0,12,0,2,0,1,0,0,0,1,0,0,0,0,0,0,0
85600,9972,0,14,0,7,0,1,0,5,0,1,0,0,0,0,0,0,0
85700,9965,0,13,0,11,0,6,0,4,0,1,0,0,0,0,0,0,0
85800,9968,0,18,0,10,0,1,0,2,0,1,0,0,0,0,0,0,0
85900,9964,0,12,0,17,0,2,0,3,0,2,0,0,0,0,0,0,0
86000,9946,0,15,0,29,0,2,0,7,0,1,0,0,0,0,0,0,0
86100,9949,0,14,0,32,0,1,0,3,0,1,0,0,0,0,0,0,0
86200,9947,0,11,0,31,0,7,0,3,0,1,0,0,0,0,0,0,0
86300,9957,0,9,0,34,0,0,0,0,0,0,0,0,0,0,0,0,0
86400,9953,0,11,0,31,0,2,0,3,0,0,0,0,0,0,0,0,0
86500,9947,0,17,0,31,0,2,0,3,0,0,0,0,0,0,0,0,0
86600,9946,0,24,0,28,0,0,0,2,0,0,0,0,0,0,0,0,0
86700,9947,0,21,0,25,0,3,0,4,0,0,0,0,0,0,0,0,0
86800,9943,0,26,0,26,0,1,0,2,0,2,0,0,0,0,0,0,0
86900,9951,0,22,0,23,0,0,0,4,0,0,0,0,0,0,0,0,0
87000,9969,0,5,0,20,0,1,0,4,0,1,0,0,0,0,0,0,0
87100,9975,0,2,0,16,0,0,0,6,0,1,0,0,0,0,0,0,0
87200,9975,0,3,0,16,0,2,0,3,0,1,0,0,0,0,0,0,0
87300,9978,0,4,0,17,0,0,0,1,0,0,0,0,0,0,0,0,0
87400,9969,0,12,0,15,0,1,0,2,0,1,0,0,0,0,0,0,0
87500,9963,0,16,0,19,0,0,0,1,0,1,0,0,0,0,0,0,0
87600,9964,0,10,0,17,0,1,0,7,0,1,0,0,0,0,0,0,0
87700,9970,0,10,0,15,0,3,0,1,0,1,0,0,0,0,0,0,0
87800,9968,0,9,0,16,0,4,0,3,0,0,0,0,0,0,0,0,0
87900,9967,0,14,0,16,0,1,0,2,0,0,0,0,0,0,0,0,0
88000,9954,0,24,0,16,0,0,0,5,0,1,0,0,0,0,0,0,0
88100,9954,0,26,0,17,0,0,0,2,0,1,0,0,0,0,0,0,0
88200,9954,0,24,0,15,0,1,0,5,0,1,0,0,0,0,0,0,0
88300,9953,0,25,0,14,0,2,0,5,0,1,0,0,0,0,0,0,0
88400,9980,0,17,0,1,0,0,0,1,0,1,0,0,0,0,0,0,0
88500,9989,0,6,0,0,0,1,0,3,0,1,0,0,0,0,0,0,0
88600,9983,0,8,0,1,0,3,0,5,0,0,0,0,0,0,0,0,0
88700,9981,0,12,0,1,0,3,0,3,0,0,0,0,0,0,0,0,0
88800,9983,0,10,0,3,0,1,0,3,0,0,0,0,0,0,0,0,0
88900,9989,0,6,0,2,0,0,0,2,0,1,0,0,0,0,0,0,0
89000,9981,0,17,0,1,0,1,0,0,0,0,0,0,0,0,0,0,0
89100,9975,0,23,0,1,0,1,0,0,0,0,0,0,0,0,0,0,0
89200,9917,0,71,0,3,0,2,0,6,0,1,0,0,0,0,0,0,0
89300,9907,0,87,0,1,0,2,0,3,0,0,0,0,0,0,0,0,0
89400,9904,0,87,0,1,0,6,0,2,0,0,0,0,0,0,0,0,0
89500,9904,0,87,0,1,0,5,0,3,0,0,0,0,0,0,0,0,0
89600,9901,0,89,0,2,0,3,0,4,0,1,0,0,0,0,0,0,0
89700,9913,0,82,0,1,0,2,0,2,0,0,0,0,0,0,0,0,0
89800,9910,0,84,0,1,0,3,0,2,0,0,0,0,0,0,0,0,0
89900,9906,0,85,0,2,0,3,0,4,0,0,0,0,0,0,0,0,0
90000,9910,0,84,0,1,0,3,0,1,0,1,0,0,0,0,0,0,0
90100,9910,0,85,0,0,0,2,0,2,0,1,0,0,0,0,0,0,0
90200,9908,0,84,0,2,0,2,0,3,0,1,0,0,0,0,0,0,0
90300,9905,0,84,0,2,0,3,0,5,0,1,0,0,0,0,0,0,0
90400,9905,0,87,0,4,0,3,0,1,0,0,0,0,0,0,0,0,0
90500,9912,0,84,0,1,0,1,0,1,0,1,0,0,0,0,0,0,0
90600,9910,0,81,0,4,0,0,0,4,0,1,0,0,0,0,0,0,0
90700,9961,0,29,0,2,0,3,0,3,0,2,0,0,0,0,0,0,0
90800,9962,0,29,0,1,0,4,0,2,0,2,0,0,0,0,0,0,0
90900,9948,0,43,0,5,0,0,0,4,0,0,0,0,0,0,0,0,0
91000,9948,0,43,0,3,0,0,0,5,0,1,0,0,0,0,0,0,0
91100,9955,0,42,0,1,0,0,0,1,0,1,0,0,0,0,0,0,0
91200,9949,0,47,0,1,0,2,0,1,0,0,0,0,0,0,0,0,0
91300,9944,0,50,0,3,0,1,0,2,0,0,0,0,0,0,0,0,0
91400,9929,0,56,0,1,0,7,0,6,0,1,0,0,0,0,0,0,0
91500,9951,0,43,0,1,0,1,0,4,0,0,0,0,0,0,0,0,0
91600,9965,0,30,0,0,0,1,0,2,0,2,0,0,0,0,0,0,0
91700,9948,0,45,0,1,0,2,0,4,0,0,0,0,0,0,0,0,0
91800,9948,0,44,0,2,0,3,0,1,0,2,0,0,0,0,0,0,0
91900,9955,0,43,0,2,0,0,0,0,0,0,0,0,0,0,0,0,0
92000,9944,0,51,0,2,0,1,0,1,0,1,0,0,0,0,0,0,0
92100,9938,0,55,0,0,0,2,0,4,0,1,0,0,0,0,0,0,0
92200,9944,0,54,0,0,0,0,0,0,0,2,0,0,0,0,0,0,0
92300,9951,0,45,0,0,0,3,0,0,0,1,0,0,0,0,0,0,0
92400,9953,0,41,0,1,0,0,0,4,0,1,0,0,0,0,0,0,0
92500,9956,0,39,0,0,0,0,0,3,0,2,0,0,0,0,0,0,0
92600,9971,0,24,0,3,0,1,0,1,0,0,0,0,0,0,0,0,0
92700,9963,0,34,0,0,0,0,0,3,0,0,0,0,0,0,0,0,0
92800,9967,0,27,0,2,0,3,0,1,0,0,0,0,0,0,0,0,0
92900,9960,0,25,0,9,0,1,0,5,0,0,0,0,0,0,0,0,0
93000,9963,0,28,0,8,0,0,0,1,0,0,0,0,0,0,0,0,0
93100,9959,0,32,0,8,0,0,0,0,0,1,0,0,0,0,0,0,0
93200,9935,0,51,0,10,0,0,0,3,0,1,0,0,0,0,0,0,0
93300,9902,0,87,0,10,0,0,0,0,0,1,0,0,0,0,0,0,0
93400,9909,0,81,0,9,0,1,0,0,0,0,0,0,0,0,0,0,0
93500,9911,0,78,0,8,0,1,0,0,0,2,0,0,0,0,0,0,0
93600,9911,0,75,0,11,0,0,0,3,0,0,0,0,0,0,0,0,0
93700,9905,0,83,0,9,0,2,0,1,0,0,0,0,0,0,0,0,0
93800,9911,0,78,0,8,0,2,0,1,0,0,0,0,0,0,0,0,0
93900,9900,0,92,0,6,0,0,0,1,0,1,0,0,0,0,0,0,0
94000,9904,0,89,0,1,0,3,0,0,0,3,0,0,0,0,0,0,0
94100,9902,0,96,0,0,0,2,0,0,0,0,0,0,0,0,0,0,0
94200,9902,0,89,0,3,0,1,0,4,0,1,0,0,0,0,0,0,0
94300,9919,0,79,0,1,0,0,0,0,0,1,0,0,0,0,0,0,0
94400,9917,0,78,0,0,0,2,0,1,0,2,0,0,0,0,0,0,0
94500,9954,0,40,0,4,0,2,0,0,0,0,0,0,0,0,0,0,0
94600,9957,0,38,0,1,0,3,0,0,0,1,0,0,0,0,0,0,0
94700,9960,0,36,0,1,0,1,0,1,0,1,0,0,0,0,0,0,0
94800,9967,0,32,0,0,0,0,0,0,0,1,0,0,0,0,0,0,0
94900,9962,0,33,0,0,0,3,0,1,0,1,0,0,0,0,0,0,0
95000,9974,0,21,0,1,0,3,0,0,0,1,0,0,0,0,0,0,0
95100,9979,0,17,0,1,0,2,0,1,0,0,0,0,0,0,0,0,0
95200,9978,0,17,0,1,0,0,0,4,0,0,0,0,0,0,0,0,0
95300,9978,0,19,0,1,0,0,0,2,0,0,0,0,0,0,0,0,0
95400,9977,0,20,0,2,0,1,0,0,0,0,0,0,0,0,0,0,0
95500,9971,0,21,0,2,0,3,0,3,0,0,0,0,0,0,0,0,0
95600,9975,0,19,0,0,0,1,0,5,0,0,0,0,0,0,0,0,0
95700,9984,0,13,0,1,0,1,0,1,0,0,0,0,0,0,0,0,0
95800,9985,0,11,0,2,0,1,0,1,0,0,0,0,0,0,0,0,0
95900,9983,0,12,0,1,0,0,0,2,0,2,0,0,0,0,0,0,0
96000,9985,0,12,0,2,0,0,0,1,0,0,0,0,0,0,0,0,0
96100,9980,0,14,0,2,0,2,0,1,0,1,0,0,0,0,0,0,0
96200,9978,0,12,0,2,0,1,0,5,0,2,0,0,0,0,0,0,0
96300,9983,0,13,0,1,0,0,0,1,0,2,0,0,0,0,0,0,0
96400,9985,0,13,0,1,0,0,0,0,0,1,0,0,0,0,0,0,0
96500,9984,0,11,0,2,0,1,0,2,0,0,0,0,0,0,0,0,0
96600,9982,0,10,0,3,0,2,0,3,0,0,0,0,0,0,0,0,0
96700,9982,0,11,0,1,0,2,0,4,0,0,0,0,0,0,0,0,0
96800,9978,0,13,0,1,0,8,0,0,0,0,0,0,0,0,0,0,0
96900,9978,0,14,0,2,0,6,0,0,0,0,0,0,0,0,0,0,0
97000,9980,0,15,0,0,0,1,0,1,0,3,0,0,0,0,0,0,0
97100,9985,0,13,0,0,0,0,0,0,0,2,0,0,0,0,0,0,0
97200,9980,0,14,0,1,0,3,0,1,0,1,0,0,0,0,0,0,0
97300,9988,0,11,0,1,0,0,0,0,0,0,0,0,0,0,0,0,0
97400,9980,0,12,0,0,0,6,0,1,0,1,0,0,0,0,0,0,0
97500,9980,0,11,0,3,0,2,0,2,0,2,0,0,0,0,0,0,0
97600,9982,0,11,0,2,0,1,0,3,0,1,0,0,0,0,0,0,0
97700,9980,0,14,0,1,0,2,0,3,0,0,0,0,0,0,0,0,0
97800,9979,0,19,0,2,0,0,0,0,0,0,0,0,0,0,0,0,0
97900,9974,0,20,0,2,0,1,0,1,0,2,0,0,0,0,0,0,0
98000,9981,0,11,0,3,0,3,0,1,0,1,0,0,0,0,0,0,0
98100,9979,0,12,0,5,0,0,0,4,0,0,0,0,0,0,0,0,0
98200,9980,0,12,0,2,0,1,0,5,0,0,0,0,0,0,0,0,0
98300,9982,0,13,0,1,0,1,0,1,0,2,0,0,0,0,0,0,0
98400,9988,0,11,0,1,0,0,0,0,0,0,0,0,0,0,0,0,0
98500,9979,0,12,0,3,0,1,0,4,0,1,0,0,0,0,0,0,0
98600,9983,0,12,0,0,0,2,0,3,0,0,0,0,0,0,0,0,0
98700,9980,0,10,0,1,0,6,0,2,0,1,0,0,0,0,0,0,0
98800,9972,0,17,0,2,0,4,0,5,0,0,0,0,0,0,0,0,0
98900,9981,0,13,0,3,0,0,0,3,0,0,0,0,0,0,0,0,0
99000,9981,0,15,0,3,0,0,0,0,0,1,0,0,0,0,0,0,0
99100,9975,0,15,0,1,0,1,0,3,0,5,0,0,0,0,0,0,0
99200,9983,0,14,0,1,0,1,0,1,0,0,0,0,0,0,0,0,0
99300,9989,0,3,0,3,0,1,0,1,0,3,0,0,0,0,0,0,0
99400,9988,0,4,0,2,0,1,0,4,0,1,0,0,0,0,0,0,0
99500,9996,0,1,0,2,0,1,0,0,0,0,0,0,0,0,0,0,0
99600,9991,0,2,0,2,0,2,0,3,0,0,0,0,0,0,0,0,0
99700,9993,0,0,0,0,0,1,0,5,0,1,0,0,0,0,0,0,0
99800,9994,0,4,0,0,0,1,0,1,0,0,0,0,0,0,0,0,0
99900,9992,0,1,0,0,0,3,0,4,0,0,0,0,0,0,0,0,0
100000,9993,0,3,0,1,0,2,0,1,0,0,0,0,0,0,0,0,0
