update,host_task_NOT,sym_task_NOT,host_task_NAND,sym_task_NAND,host_task_AND,sym_task_AND,host_task_ORN,sym_task_ORN,host_task_OR,sym_task_OR,host_task_ANDN,sym_task_ANDN,host_task_NOR,sym_task_NOR,host_task_XOR,sym_task_XOR,host_task_EQU,sym_task_EQU
0,0,0,0,0,0,0,0,0,0,0,0,0,0,0,0,0,0,0
100,10000,38331,0,2,0,4,0,2,2,6,0,0,0,0,0,0,0,0
200,9992,33294,0,4,1,7,1,3,4,9,2,4,0,0,0,0,0,0
300,9991,33230,0,4,3,7,2,2,3,5,1,1,0,0,0,0,0,0
400,9993,33145,0,1,1,11,1,6,3,9,2,2,0,0,0,0,0,0
500,9992,33183,0,4,3,6,1,8,1,6,3,4,0,0,0,0,0,0
600,9993,27885,3,4,0,10,1,0,3,2,0,1,0,0,0,0,0,0
700,9988,25846,4,1,1,4,2,2,2,6,3,2,0,0,0,0,0,0
800,9989,25789,4,3,3,4,1,3,2,6,1,2,0,0,0,0,0,0
900,9990,25717,4,8,3,7,0,4,2,4,1,0,0,0,0,0,0,0
1000,9987,25914,6,8,4,5,0,5,2,8,1,1,0,0,0,0,0,0
1100,9989,23253,6,12,2,4,0,2,2,10,1,3,0,0,0,0,0,0
1200,9986,20417,9,5,2,6,0,1,3,3,0,2,0,0,0,0,0,0
1300,9982,20409,9,3,4,3,2,2,3,4,0,1,0,0,0,0,0,0
1400,9980,20458,11,4,2,5,0,2,3,5,4,1,0,0,0,0,0,0
1500,9984,20442,8,3,2,2,4,5,1,3,1,2,0,0,0,0,0,0
1600,9987,19472,10,3,0,1,1,1,1,8,1,1,0,0,0,0,0,0
1700,9979,16332,12,6,4,4,1,1,2,3,2,0,0,0,0,0,0,0
1800,9979,16335,13,5,2,3,0,1,5,2,1,3,0,0,0,0,0,0
1900,9984,16276,12,1,2,1,2,5,0,3,0,1,0,0,0,0,0,0
2000,9980,16212,12,5,0,1,4,8,1,4,3,2,0,0,0,0,0,0
2100,9981,16153,12,4,1,3,2,1,4,8,0,0,0,0,0,0,0,0
2200,9976,12888,13,2,4,1,5,0,1,6,1,2,0,0,0,0,0,0
2300,9973,12946,15,4,4,1,2,0,4,0,2,1,0,0,0,0,0,0
2400,9970,12983,18,5,5,2,4,0,0,5,3,1,0,0,0,0,0,0
2500,9980,12926,12,7,1,0,4,6,2,1,1,1,0,0,0,0,0,0
2600,9979,12951,12,19,3,1,0,3,5,1,1,1,0,0,0,0,0,0
2700,9977,11195,16,11,2,1,1,2,4,1,0,0,0,0,0,0,0,0
2800,9967,10709,18,4,1,3,6,1,5,5,3,0,0,0,0,0,0,0
2900,9971,10737,20,2,3,0,5,3,1,2,0,0,0,0,0,0,0,0
3000,9978,10670,18,13,1,2,2,1,0,3,1,2,0,0,0,0,0,0
3100,9967,10695,19,16,4,2,2,1,4,5,4,0,0,0,0,0,0,0
3200,9971,9650,16,8,0,1,5,0,6,3,2,0,0,0,0,0,0,0
3300,9974,8779,16,2,2,1,5,2,2,0,1,1,0,0,0,0,0,0
3400,9972,8852,16,0,1,2,4,1,3,2,4,0,0,0,0,0,0,0
3500,9975,8803,15,1,0,3,4,4,3,5,3,1,0,0,0,0,0,0
3600,9975,8771,14,6,5,3,5,1,0,4,1,0,0,0,0,0,0,0
3700,9980,8294,15,21,1,1,1,0,2,3,1,1,0,0,0,0,0,0
3800,9970,7244,19,13,3,1,1,1,7,2,0,0,0,0,0,0,0,0
3900,9966,7457,21,11,4,0,0,2,7,0,2,3,0,0,0,0,0,0
4000,9967,7747,17,7,6,2,3,1,6,2,1,0,0,0,0,0,0,0
4100,9969,7789,24,15,0,2,4,4,2,1,1,1,0,0,0,0,0,0
4200,9968,7937,19,13,1,2,0,2,10,3,2,2,0,0,0,0,0,0
4300,9967,6883,22,34,3,6,1,14,7,2,0,0,0,0,0,0,0,0
4400,9972,7796,23,40,1,0,0,4,3,1,1,5,0,0,0,0,0,0
4500,9970,8435,23,70,2,3,2,6,3,5,0,0,0,0,0,0,0,0
4600,9960,8972,24,112,3,2,5,1,7,2,1,2,0,0,0,0,0,0
4700,9960,9724,29,159,4,4,4,8,2,5,1,1,0,0,0,0,0,0
4800,9948,8529,34,130,4,3,5,8,7,2,2,3,0,0,0,0,0,0
4900,9949,9307,39,144,3,3,4,15,4,5,1,1,0,0,0,0,0,0
5000,9959,10917,33,197,1,3,5,19,1,11,1,3,0,0,0,0,0,0
5100,9954,12436,35,207,2,9,4,35,1,7,4,3,0,0,0,0,0,0
5200,9957,12014,30,298,2,12,2,28,7,5,2,3,0,0,0,0,0,0
5300,9956,11144,36,443,4,5,0,26,4,7,0,2,0,0,0,0,0,1
5400,9952,11687,37,305,2,5,4,71,3,10,2,1,0,1,0,0,0,0
5500,9947,11865,41,213,2,3,4,49,4,6,2,1,0,0,0,0,0,0
5600,9953,12211,39,193,2,3,4,111,2,2,0,4,0,0,0,0,0,0
5700,9952,12999,33,288,1,14,6,223,8,3,0,2,0,0,0,0,0,0
5800,9946,12256,37,356,2,10,6,149,8,9,1,2,0,0,0,0,0,0
5900,9943,10980,37,325,1,5,11,67,6,1,2,0,0,0,0,0,0,0
6000,9953,12657,32,372,2,3,7,54,4,6,2,1,0,0,0,0,0,0
6100,9947,14115,34,355,2,9,7,71,10,1,0,1,0,0,0,0,0,0
6200,9948,13084,32,306,3,29,8,88,6,5,3,0,0,0,0,0,0,0
6300,9951,13620,32,363,3,15,6,102,6,4,2,3,0,0,0,0,0,0
6400,9957,12827,30,421,0,8,6,86,7,4,0,2,0,0,0,0,0,0
6500,9957,13852,30,366,0,5,6,111,7,11,0,2,0,0,0,0,0,0
6600,9947,14617,31,386,4,4,9,140,8,2,0,4,1,0,0,0,0,0
6700,9942,14436,36,324,0,5,13,147,8,4,1,3,0,0,0,0,0,0
6800,9957,14025,31,193,2,7,7,86,0,7,2,2,1,0,0,0,0,0
6900,9951,13407,37,225,1,7,5,59,4,3,2,0,0,0,0,0,0,0
7000,9926,14850,47,306,5,6,16,86,4,11,2,1,0,0,0,0,0,0
7100,9932,15049,55,445,1,3,8,92,4,6,0,4,0,0,0,0,0,0
7200,9934,14845,45,332,1,9,12,47,7,7,1,2,0,0,0,0,0,0
7300,9909,14871,55,327,2,2,19,46,13,5,2,1,0,2,0,0,0,0
7400,9923,14421,53,440,2,4,19,71,2,8,1,0,0,0,0,0,0,0
7500,9912,13994,60,470,1,7,19,58,5,7,3,1,0,0,0,0,0,0
7600,9914,14577,63,620,2,28,19,115,1,3,1,0,0,0,0,0,0,0
7700,9905,15036,65,634,3,54,20,106,5,7,2,2,0,0,0,0,0,0
7800,9908,14370,64,463,5,31,19,98,4,9,0,2,0,0,0,0,0,0
7900,9903,13674,67,429,3,3,21,109,5,3,0,3,1,0,0,0,0,0
8000,9914,12338,56,645,0,4,23,172,2,5,5,2,0,0,0,0,0,0
8100,9901,13061,71,714,3,15,20,189,4,7,1,2,0,0,0,0,0,0
8200,9901,14181,62,575,5,20,23,116,7,1,2,2,0,0,0,0,0,0
8300,9907,14839,62,607,3,13,20,131,8,1,0,2,0,0,0,0,0,0
8400,9901,14398,66,789,2,10,21,159,9,4,1,1,0,0,0,0,0,0
8500,9905,12552,66,636,4,44,21,48,3,2,1,4,0,0,0,0,0,0
8600,9908,13653,62,595,6,58,19,35,5,4,0,1,0,0,0,0,0,0
8700,9901,13486,73,768,3,25,17,32,4,10,2,0,0,0,0,0,0,0
8800,9886,13619,84,589,2,7,22,0,3,2,2,2,1,0,0,0,0,0
8900,9878,14462,85,558,5,2,21,4,10,0,1,1,0,0,0,0,0,0
9000,9874,13559,91,531,3,6,25,25,5,6,2,1,0,0,0,0,0,0
9100,9839,13976,114,555,4,9,36,6,5,5,1,2,0,0,0,0,1,0
9200,9838,14567,118,591,5,2,30,11,4,7,4,2,1,0,0,0,0,0
9300,9826,15066,123,572,7,6,32,27,12,4,0,3,0,0,0,0,0,0
9400,9813,14624,143,600,3,2,35,28,4,6,2,3,0,0,0,0,0,0
9500,9803,12983,153,614,5,5,35,2,2,7,2,2,0,0,0,0,0,0
9600,9776,13810,167,590,3,5,43,9,10,3,1,2,0,0,0,0,0,0
9700,9797,13841,156,609,4,2,37,8,3,2,1,3,2,0,0,0,0,0
9800,9778,13416,169,403,3,18,40,11,10,5,0,1,0,0,0,0,0,0
9900,9774,13422,177,556,4,9,40,11,3,4,2,2,0,0,0,0,0,0
10000,9762,14001,190,439,3,2,38,9,5,3,2,2,0,0,0,0,0,0
10100,9740,13562,211,430,4,3,35,12,9,3,1,4,0,0,0,0,0,0
10200,9705,14160,244,489,4,2,38,11,5,9,4,2,0,0,0,0,0,0
10300,9693,14820,254,473,3,2,43,9,7,4,0,5,0,0,0,0,0,0
10400,9697,14897,246,650,4,5,40,13,10,5,3,2,0,0,0,0,0,0
10500,9708,14434,245,649,4,7,34,69,6,8,3,3,0,0,0,0,0,0
10600,9667,14106,285,585,7,8,32,116,7,3,1,3,1,0,0,0,0,0
10700,9634,13897,305,661,7,12,32,103,17,8,5,2,0,0,0,0,0,0
10800,9618,14211,317,659,7,4,30,56,23,2,5,3,0,1,0,0,0,0
10900,9636,13745,297,605,9,4,33,55,21,4,4,2,0,0,0,0,0,0
11000,9610,14614,314,499,4,3,52,63,18,6,2,3,0,0,0,0,0,0
11100,9614,14415,299,450,8,2,56,62,19,7,3,4,1,0,0,0,0,0
11200,9656,14822,267,522,5,1,50,53,20,4,2,1,0,0,0,0,0,0
11300,9700,15810,225,510,3,0,45,55,26,5,1,0,0,0,0,0,0,0
11400,9694,15791,228,564,2,1,47,57,27,4,1,3,0,0,0,0,1,0
11500,9703,15227,233,538,6,4,38,53,20,12,0,3,0,0,0,0,0,0
11600,9735,15175,199,440,1,5,44,62,19,7,2,1,0,0,0,0,0,0
11700,9753,14799,187,488,4,3,32,51,22,1,2,2,0,0,0,0,0,0
11800,9740,14320,182,500,5,9,45,50,26,4,1,2,1,0,0,0,0,0
11900,9749,13943,174,662,3,3,49,57,24,8,1,0,0,0,0,0,0,0
12000,9753,13981,158,701,6,1,57,59,25,4,1,3,0,0,0,0,0,0
12100,9755,13687,159,570,6,2,55,52,25,7,0,0,0,0,0,0,0,0
12200,9762,13459,159,560,3,0,50,44,23,5,3,1,0,0,0,0,0,0
12300,9774,12770,151,604,3,5,43,48,23,1,6,5,0,0,0,0,0,0
12400,9753,12845,165,574,8,8,52,48,21,6,1,2,0,0,0,0,0,0
12500,9735,12934,184,716,14,2,38,48,28,3,1,0,0,0,0,0,0,0
12600,9689,13043,234,746,7,2,44,62,22,8,4,1,0,0,0,0,0,0
12700,9706,13281,223,769,11,5,27,57,27,3,5,1,1,0,0,0,0,0
12800,9720,13351,224,707,5,4,26,52,22,3,3,4,0,0,0,0,0,0
12900,9728,13628,221,632,5,5,32,48,10,6,4,7,0,0,0,0,0,0
13000,9716,13279,228,607,5,4,37,52,12,8,2,1,0,0,0,0,0,0
13100,9727,12657,222,556,8,1,24,52,16,1,3,3,0,0,0,0,0,0
13200,9718,12831,223,636,12,22,30,47,16,1,1,2,0,0,0,0,0,0
13300,9687,12553,239,549,8,8,47,45,15,2,4,1,0,0,0,0,0,0
13400,9702,11279,232,680,5,3,48,48,11,4,2,3,0,0,0,0,0,0
13500,9666,11824,261,770,8,4,50,50,11,3,4,3,0,0,0,0,0,0
13600,9636,11047,284,732,7,8,59,50,12,6,2,3,0,0,0,0,0,0
13700,9657,10867,282,817,5,9,46,48,5,2,5,1,0,0,0,0,0,0
13800,9648,10441,276,829,10,7,61,46,4,3,1,2,0,1,0,0,0,0
13900,9657,11162,273,780,5,9,58,47,5,4,2,1,0,0,0,0,0,0
14000,9633,11010,290,752,4,3,63,47,8,4,2,1,0,0,0,0,0,0
14100,9629,11323,298,721,2,9,56,47,13,5,2,2,0,0,0,0,0,0
14200,9630,10692,296,971,4,7,54,46,10,9,6,1,0,0,0,0,0,0
14300,9646,10056,270,877,6,2,61,52,13,5,4,3,0,0,0,0,0,0
14400,9663,10121,265,832,2,3,61,48,7,4,2,3,0,0,0,0,0,0
14500,9672,10670,243,742,6,1,68,55,9,3,2,0,0,0,0,0,0,0
14600,9670,10716,235,770,12,2,66,48,10,4,6,3,1,0,0,0,0,0
14700,9719,10758,201,814,6,1,65,48,8,8,1,2,0,0,0,0,0,0
14800,9732,11545,183,953,6,5,62,50,10,7,7,1,0,0,0,0,0,0
14900,9739,11588,182,753,8,6,58,47,8,5,5,0,0,0,0,0,0,0
15000,9747,11327,179,695,5,0,57,51,7,1,5,0,0,0,0,0,0,0
15100,9739,10839,174,734,6,3,66,47,9,4,6,1,0,0,0,0,0,0
15200,9747,10819,175,715,4,12,64,46,6,7,4,1,0,0,0,0,0,0
15300,9772,10964,153,696,5,22,55,46,13,5,2,1,0,0,0,0,0,0
15400,9776,10704,149,759,7,18,55,47,9,6,4,0,0,0,0,0,0,0
15500,9751,9933,165,751,10,18,63,50,6,5,4,1,1,0,0,0,0,0
15600,9773,9828,146,815,9,17,60,50,7,4,5,3,0,0,0,0,0,0
15700,9751,10175,160,911,5,18,72,47,10,7,2,2,0,0,0,0,0,0
15800,9750,9838,156,847,1,19,74,46,13,6,6,1,0,0,0,0,0,0
15900,9739,10171,174,983,5,17,68,49,10,4,4,1,0,0,0,0,0,0
16000,9746,9729,156,817,11,15,81,46,3,3,3,3,0,0,0,0,0,0
16100,9792,9816,126,855,8,18,66,48,6,3,1,4,1,0,0,0,0,0
16200,9765,10214,146,837,10,18,72,46,5,5,2,1,0,0,0,0,0,0
16300,9780,9158,130,821,5,19,69,47,15,5,1,3,0,0,0,0,0,0
16400,9748,8709,155,874,5,11,82,75,6,2,2,1,2,0,0,0,0,0
16500,9755,8767,147,800,7,6,77,69,12,2,2,1,0,0,0,0,0,0
16600,9767,9721,130,793,3,6,84,54,11,6,5,2,0,0,0,0,0,0
16700,9760,10274,158,904,2,3,65,48,13,6,2,0,0,0,0,0,0,0
16800,9764,10240,154,900,5,9,67,52,9,3,1,3,0,0,0,0,0,0
16900,9761,9577,147,874,12,11,67,52,6,2,6,0,1,0,0,0,0,0
17000,9765,8723,150,878,7,16,70,48,6,10,1,1,1,0,0,0,0,0
17100,9784,9527,156,967,4,11,43,50,9,1,4,1,0,0,0,0,0,0
17200,9789,9611,154,1005,6,7,36,51,12,2,3,1,0,0,0,0,0,0
17300,9794,9725,144,1195,6,3,44,44,9,2,2,0,1,0,0,0,0,0
17400,9778,8754,157,1161,5,0,54,48,2,2,2,0,2,0,0,0,0,0
17500,9794,8035,131,1131,10,4,50,53,10,3,4,2,1,1,0,0,0,0
17600,9805,8420,144,1014,6,6,35,48,8,3,2,0,0,0,0,0,0,0
17700,9802,7839,143,825,3,11,37,47,11,2,3,1,1,0,0,0,0,0
17800,9814,7812,137,882,9,21,29,46,8,2,3,2,0,0,0,1,0,0
17900,9815,8044,133,1045,5,19,37,54,4,4,5,1,1,0,0,0,0,0
18000,9814,7975,132,910,8,9,34,56,9,0,3,0,0,0,0,0,0,0
18100,9793,8174,162,780,2,19,33,51,5,8,5,0,0,0,0,0,0,0
18200,9768,8721,180,668,7,15,32,47,10,2,3,1,0,0,0,0,0,0
18300,9751,8325,188,656,18,9,28,47,12,6,3,2,0,0,0,0,0,0
18400,9739,8698,198,714,23,7,30,52,8,5,1,0,1,0,0,0,0,0
18500,9745,8707,197,734,24,18,23,52,8,0,3,2,0,0,0,0,0,0
18600,9729,8565,211,763,22,11,28,96,10,4,0,3,0,0,0,0,0,0
18700,9720,7744,216,805,23,7,33,46,4,2,4,1,0,1,0,0,0,0
18800,9715,8014,222,638,26,9,28,53,6,3,3,1,0,0,0,0,0,0
18900,9721,8465,214,500,23,8,32,46,10,3,0,2,0,0,0,0,0,0
19000,9688,8627,231,470,24,8,45,46,8,2,4,2,0,0,0,0,0,0
19100,9681,7749,241,432,19,7,52,47,5,0,2,2,0,0,0,0,0,0
19200,9658,7711,266,401,24,8,43,55,7,2,2,2,0,0,0,0,0,0
19300,9651,7632,269,508,20,8,51,47,9,1,0,1,0,0,0,0,0,0
19400,9639,8525,287,528,20,11,45,49,7,8,2,1,0,0,0,0,0,0
19500,9623,8284,290,562,24,7,51,54,11,10,1,1,0,0,0,0,0,0
19600,9650,8488,295,615,23,11,20,56,8,3,4,1,0,0,0,0,0,0
19700,9638,8252,311,739,26,8,14,55,7,3,4,0,0,0,0,0,0,0
19800,9608,8263,330,704,23,15,27,47,9,3,3,1,0,0,0,0,0,0
19900,9606,8237,338,695,22,17,22,47,10,4,2,1,0,0,0,0,0,0
20000,9597,7749,365,813,21,17,13,53,1,7,3,0,0,0,0,0,0,0
20100,9553,7383,379,834,27,23,24,49,14,10,3,1,0,0,0,0,0,0
20200,9568,6937,373,689,23,29,22,52,11,5,3,3,0,0,0,0,0,0
20300,9570,7745,368,720,23,20,22,19,15,2,2,0,0,0,0,0,0,0
20400,9548,7615,383,741,27,19,28,19,12,4,2,1,0,0,0,0,0,0
20500,9558,7494,374,737,29,17,27,25,10,4,2,3,0,0,0,0,0,0
20600,9578,7996,368,776,22,17,25,6,6,4,1,1,0,0,0,0,0,0
20700,9552,7550,387,804,26,16,18,4,13,9,4,5,0,0,0,0,0,0
20800,9580,7405,386,805,19,15,9,2,3,3,3,1,0,0,0,0,0,0
20900,9591,7498,361,792,22,17,16,5,7,8,3,0,0,0,0,0,0,0
21000,9614,7219,338,842,23,11,12,49,11,3,2,1,0,0,0,0,0,0
21100,9618,7057,339,653,19,15,15,17,5,8,4,2,0,0,0,0,0,0
21200,9621,7560,338,945,19,15,12,2,6,5,3,3,1,0,0,0,0,0
21300,9561,6869,395,770,25,14,7,0,9,5,3,1,0,0,0,0,0,0
21400,9529,6479,417,816,20,12,19,3,10,3,5,0,0,0,0,0,0,0
21500,9546,7006,397,808,21,13,22,9,13,4,1,1,0,0,0,0,0,0
21600,9567,7548,383,882,25,18,15,6,9,10,1,0,0,0,0,0,0,0
21700,9561,7148,385,880,28,14,17,16,6,2,3,1,0,0,0,0,0,0
21800,9543,6887,397,905,27,12,21,8,7,1,3,3,2,0,0,0,0,0
21900,9537,6726,398,903,30,15,16,5,15,2,4,1,0,0,0,0,0,0
22000,9561,6912,382,854,23,16,22,13,10,7,2,2,0,0,0,0,0,0
22100,9544,7171,389,877,28,16,32,7,5,5,2,2,0,0,0,0,0,0
22200,9526,7318,404,771,30,15,28,5,7,3,5,0,0,0,0,0,0,0
22300,9522,6303,415,894,29,13,20,2,11,5,3,0,0,0,0,0,0,0
22400,9525,6959,417,885,24,9,22,4,7,2,5,1,0,0,0,0,0,0
22500,9530,6911,411,860,20,9,20,7,10,2,8,0,1,0,0,0,0,0
22600,9559,6724,398,669,22,8,14,6,4,5,3,0,0,0,0,0,0,0
22700,9573,6754,373,556,23,9,22,4,5,7,4,1,0,0,0,0,0,0
22800,9575,6519,376,707,21,12,18,2,4,3,5,1,1,1,0,0,0,0
22900,9542,6551,402,625,24,15,18,3,7,3,6,2,1,1,0,0,0,0
23000,9559,6374,389,584,20,7,19,5,8,1,5,4,0,0,0,0,0,0
23100,9531,6442,410,682,22,11,22,7,11,9,4,2,0,0,0,0,0,0
23200,9524,7000,421,827,23,10,24,5,5,6,3,2,0,1,0,0,0,0
23300,9484,7151,459,883,25,10,18,6,12,5,2,1,0,0,0,0,0,0
23400,9505,6695,425,784,23,6,35,5,7,0,5,4,0,0,0,0,0,0
23500,9529,6467,415,846,22,5,22,8,7,4,5,3,0,0,0,0,0,0
23600,9569,6924,381,947,21,12,12,12,12,3,5,2,0,0,0,0,0,0
23700,9574,6591,381,1038,18,17,15,3,11,4,1,1,0,0,0,0,0,0
23800,9562,6012,384,1115,23,19,20,1,9,2,2,0,0,0,0,0,0,0
23900,9545,5934,407,737,24,22,15,3,8,2,1,1,0,0,0,0,0,0
24000,9559,5987,388,790,23,27,17,7,11,1,2,0,0,0,0,0,0,0
24100,9573,6421,380,712,25,35,18,1,3,1,1,1,0,0,0,0,0,0
24200,9580,6498,381,550,21,3,12,8,5,4,0,2,1,0,0,0,0,0
24300,9568,7022,385,588,19,6,16,3,7,2,5,0,0,0,0,0,0,0
24400,9497,6488,451,476,21,3,16,9,12,7,3,1,0,0,0,0,0,0
24500,9491,6046,459,641,21,5,20,16,7,4,2,0,0,0,0,0,0,0
24600,9432,5942,494,722,24,6,42,8,5,5,3,2,0,0,0,0,0,0
24700,9429,6271,509,680,20,4,33,5,7,1,2,1,0,0,0,0,0,0
24800,9416,6452,503,631,22,5,43,6,11,5,5,2,0,0,0,0,0,0
24900,9456,5979,472,725,19,6,37,7,11,1,5,0,0,0,0,0,0,0
25000,9474,6273,453,543,24,7,39,5,9,3,1,1,0,0,0,0,0,0
25100,9456,6617,473,594,23,10,33,22,8,5,7,1,0,0,0,0,0,0
25200,9494,6409,431,698,21,5,43,12,6,6,5,0,0,0,0,0,0,0
25300,9476,5875,449,631,28,3,34,37,10,3,3,1,0,0,0,0,0,0
25400,9504,5825,429,790,19,1,40,15,8,3,0,2,0,1,0,0,0,0
25500,9548,6421,384,971,20,2,33,12,12,3,3,0,0,0,0,0,0,0
25600,9530,6542,412,913,22,1,27,3,7,4,2,0,0,0,0,0,0,0
25700,9562,6206,361,685,19,2,42,2,11,2,5,1,0,0,0,0,0,0
25800,9581,6279,350,632,25,3,38,2,4,3,2,2,0,0,0,0,0,0
25900,9573,6197,359,701,22,1,37,5,6,2,3,2,0,0,0,0,0,0
26000,9601,5976,341,666,11,0,40,4,4,3,3,0,0,0,0,0,0,0
26100,9632,5688,311,673,5,6,38,3,6,2,5,1,3,0,0,0,0,0
26200,9688,6181,267,632,3,5,32,1,7,3,2,2,1,0,0,0,0,0
26300,9687,6778,261,632,6,2,31,3,9,2,6,2,0,0,0,0,0,0
26400,9676,6690,273,648,2,1,38,6,3,3,8,0,0,0,0,0,0,0
26500,9686,6264,261,702,5,3,31,8,10,4,7,2,0,0,0,0,0,0
26600,9694,6620,258,946,9,3,34,4,1,3,4,0,0,0,0,0,0,0
26700,9680,6163,269,888,8,1,30,7,4,1,9,6,0,0,0,0,0,0
26800,9657,5831,291,860,9,3,26,10,9,3,8,2,0,1,0,0,0,0
26900,9671,6199,282,696,6,3,30,9,7,2,3,1,1,1,0,0,0,0
27000,9671,5042,282,702,6,4,28,16,9,5,4,0,0,0,0,0,0,0
27100,9671,5437,269,709,6,3,38,22,12,6,4,0,0,0,0,0,0,0
27200,9694,5725,249,648,9,6,33,5,13,2,2,0,0,0,0,0,0,0
27300,9687,5376,262,723,9,5,31,12,10,2,1,1,0,0,0,0,0,0
27400,9708,5520,236,895,11,5,34,7,8,9,3,0,0,0,0,0,0,0
27500,9731,5646,239,973,5,3,14,19,9,5,2,3,0,0,0,0,0,0
27600,9708,5831,256,851,9,1,13,12,10,6,4,2,0,0,0,0,0,0
27700,9681,5981,289,920,6,1,16,6,8,1,0,2,0,0,0,0,0,0
27800,9696,5455,276,724,4,2,14,12,7,0,2,0,1,0,0,0,0,0
27900,9708,5431,254,611,5,3,18,3,11,3,4,3,0,0,0,0,0,0
28000,9697,5421,269,674,7,4,13,7,10,6,4,1,0,0,0,0,0,0
28100,9704,5741,268,670,4,3,17,5,6,3,1,1,0,0,0,0,0,0
28200,9686,5325,282,683,7,5,15,3,9,5,1,0,0,0,0,0,0,0
28300,9660,5390,304,578,8,3,16,3,11,2,1,1,0,0,0,0,0,0
28400,9628,5339,342,647,5,2,15,3,7,3,3,1,0,0,0,0,0,0
28500,9637,5172,324,627,10,4,15,3,9,1,5,1,0,0,0,0,0,0
28600,9648,5407,308,489,4,1,25,2,10,5,3,0,2,0,0,0,0,0
28700,9656,4887,302,546,11,0,16,1,13,2,2,2,0,0,0,0,0,0
28800,9695,5569,290,606,2,2,11,4,2,3,0,2,0,0,0,0,0,0
28900,9673,4969,291,571,8,1,18,3,5,3,5,0,0,0,0,0,0,0
29000,9706,4849,265,532,4,2,14,1,8,3,3,1,0,0,0,0,0,0
29100,9708,5069,269,480,2,3,14,1,6,3,1,0,0,1,0,0,0,0
29200,9689,4592,273,480,12,5,16,6,10,9,0,2,0,0,0,0,0,0
29300,9700,4486,270,531,4,1,16,3,9,0,1,2,0,0,0,0,0,0
29400,9704,4480,266,624,10,0,12,4,6,4,1,1,1,0,0,0,0,0
29500,9726,4707,244,749,4,2,15,3,6,7,5,1,0,0,0,0,0,0
29600,9733,4629,228,631,6,0,19,4,12,0,2,0,0,0,0,0,0,0
29700,9752,5032,221,495,5,0,17,9,5,0,0,1,0,0,0,0,0,0
29800,9754,4468,217,428,3,0,16,0,8,1,2,0,0,0,0,0,0,0
29900,9725,4351,252,449,5,2,14,27,3,7,1,4,0,0,0,0,0,0
30000,9726,4185,243,474,4,14,19,34,5,2,3,1,0,0,0,0,0,0
30100,9718,3739,252,540,9,4,15,5,4,3,2,1,0,0,0,0,0,0
30200,9693,3486,277,466,10,1,13,34,4,4,3,2,0,0,0,0,0,0
30300,9637,3517,335,509,2,3,15,22,7,0,3,2,1,0,0,0,0,0
30400,9616,3898,359,525,4,1,10,8,7,2,4,0,0,0,0,0,0,0
30500,9589,4155,384,535,6,2,15,10,4,2,2,0,0,0,0,0,0,0
30600,9599,4163,382,443,5,5,8,7,4,4,2,0,0,0,0,0,0,0
30700,9585,4305,391,329,7,2,2,8,12,5,2,3,1,0,0,0,0,0
30800,9595,4744,381,307,5,4,9,9,9,0,1,0,0,0,0,0,0,0
30900,9608,4764,368,327,6,1,7,13,7,2,4,0,0,0,0,0,0,0
31000,9511,4330,474,253,1,2,7,8,6,1,1,2,0,0,0,0,0,0
31100,9492,4208,488,249,4,2,6,9,7,0,3,1,0,0,0,0,0,0
31200,9484,4198,493,239,7,1,7,11,8,4,0,1,1,0,0,0,0,0
31300,9512,4079,472,338,5,0,4,10,4,3,1,0,2,0,0,0,0,0
31400,9487,4235,486,332,4,1,13,14,7,3,3,1,0,0,0,0,0,0
31500,9454,4601,512,325,18,1,9,9,6,3,1,1,0,1,0,0,0,0
31600,9389,4385,564,331,30,0,7,10,7,3,2,0,0,0,0,0,1,0
31700,9407,4613,548,327,30,0,6,1,7,1,2,2,0,0,0,0,0,0
31800,9359,4694,589,375,31,2,9,1,8,0,4,0,0,0,0,0,0,0
31900,9343,4266,608,390,31,2,7,1,10,0,0,0,1,0,0,0,0,0
32000,9337,4160,624,405,28,3,1,2,7,2,3,1,0,0,0,0,0,0
32100,9340,4197,615,413,29,6,8,2,4,3,4,2,0,0,0,0,0,0
32200,9308,4590,641,370,34,1,12,6,2,1,3,0,0,0,0,0,0,0
32300,9324,4302,624,302,30,5,13,1,8,2,1,2,0,0,0,0,0,0
32400,9419,4082,530,425,27,5,18,3,4,2,2,1,0,0,0,0,0,0
32500,9434,3598,521,520,28,3,10,1,3,3,4,3,0,0,0,0,0,0
32600,9465,3666,486,446,30,1,11,1,4,1,4,0,0,0,0,0,0,0
32700,9458,3916,503,503,22,0,12,4,5,0,0,2,0,0,0,0,0,0
32800,9453,3490,520,569,4,5,17,4,5,3,1,0,0,0,0,0,0,0
32900,9486,3710,495,458,5,2,7,9,7,5,0,0,0,0,0,0,0,0
33000,9497,3913,466,370,20,1,12,71,4,2,1,0,0,0,0,0,0,0
33100,9497,3839,444,304,34,1,14,55,9,1,1,0,1,0,0,0,0,0
33200,9521,4372,435,396,30,1,9,46,4,1,1,1,0,0,0,0,0,0
33300,9518,3985,432,374,30,0,11,48,6,1,2,0,1,0,0,0,0,0
33400,9537,3551,419,363,31,3,10,44,3,0,0,2,0,0,0,0,0,0
33500,9560,3798,398,323,32,0,6,46,4,4,0,1,0,0,0,0,0,0
33600,9552,3733,397,301,32,2,11,48,6,3,2,2,0,0,0,0,0,0
33700,9588,4248,375,190,28,4,2,51,6,1,1,0,0,0,0,0,0,0
33800,9611,3917,340,167,33,4,5,46,6,4,4,2,1,0,0,0,0,0
33900,9570,3300,381,233,30,2,10,48,6,3,3,1,0,0,0,0,0,0
34000,9570,3107,385,221,31,2,6,46,6,2,1,2,1,0,0,0,0,0
34100,9549,3184,403,319,33,3,6,47,8,2,1,1,0,0,0,0,0,0
34200,9557,3281,398,373,34,3,7,47,3,0,1,1,0,0,0,0,0,0
34300,9568,3420,388,342,29,2,6,46,8,4,1,1,0,0,0,0,0,0
34400,9534,3256,422,411,29,2,11,45,2,2,2,3,0,0,0,0,0,0
34500,9523,3346,419,442,32,2,17,43,7,1,2,0,0,0,0,0,0,0
34600,9536,3389,410,398,34,2,12,2,5,2,3,0,0,0,0,0,0,0
34700,9531,3592,412,411,30,0,20,0,5,0,2,0,0,0,0,0,0,0
34800,9503,3590,434,417,30,0,26,2,6,3,1,0,0,0,0,0,0,0
34900,9540,3332,405,323,30,2,17,0,4,1,4,1,0,0,0,0,0,0
35000,9544,3384,391,270,30,4,22,2,8,2,5,1,0,0,0,0,0,0
35100,9539,3430,402,363,33,1,20,5,5,2,1,1,0,0,0,0,0,0
35200,9549,3469,382,375,31,1,30,1,7,2,1,2,0,0,0,0,0,0
35300,9567,3970,364,305,29,1,31,3,6,1,3,0,0,0,0,0,0,0
35400,9565,3710,386,284,30,2,18,1,1,4,0,3,0,0,0,0,0,0
35500,9603,3185,350,256,30,7,13,3,2,1,2,1,0,0,0,0,0,0
35600,9599,2931,347,280,31,0,16,13,4,2,3,1,0,0,0,0,0,0
35700,9612,3100,340,309,29,4,9,8,7,6,3,0,0,0,0,0,0,0
35800,9608,3898,338,417,29,3,13,12,8,3,4,2,0,0,0,0,0,0
35900,9615,3170,334,503,30,4,12,6,5,2,4,0,0,0,0,0,0,0
36000,9566,2688,380,525,27,0,21,2,3,3,3,0,0,0,0,0,0,0
36100,9569,3221,384,414,29,3,11,6,5,4,2,2,0,0,0,0,0,0
36200,9595,3389,346,374,34,4,18,6,4,1,3,0,0,0,0,0,0,0
36300,9644,3689,314,457,21,1,15,1,3,4,3,2,0,0,0,0,0,0
36400,9664,3771,319,564,2,0,8,1,3,2,4,1,0,0,0,0,0,0
36500,9674,4109,302,660,2,4,14,1,8,3,0,1,0,0,0,0,0,0
36600,9630,4118,338,724,3,1,18,4,6,5,5,1,0,0,0,0,0,0
36700,9646,4114,334,820,4,2,11,3,2,7,3,2,0,0,0,0,0,0
36800,9628,4174,326,728,32,2,9,2,3,3,2,0,0,0,0,0,0,0
36900,9605,3901,342,890,33,3,11,4,6,3,3,1,0,0,0,0,0,0
37000,9595,3651,342,835,30,1,28,8,1,2,4,4,0,0,0,0,0,0
37100,9610,3533,334,789,29,5,19,4,4,5,4,1,0,0,0,0,0,0
37200,9611,3739,335,840,33,2,16,5,4,3,1,0,0,0,0,0,0,0
37300,9639,3804,313,739,30,1,14,2,2,1,2,1,0,0,0,0,0,0
37400,9631,3961,307,661,31,7,20,4,10,1,1,0,0,0,0,0,0,0
37500,9631,3921,317,681,30,2,16,2,5,2,1,0,0,0,0,0,0,0
37600,9589,3693,354,519,29,1,17,4,6,5,5,0,0,0,0,0,0,0
37700,9571,3622,382,442,31,6,15,4,1,1,0,0,0,0,0,0,0,0
37800,9556,3269,389,442,34,5,14,9,3,4,4,1,0,0,0,0,0,0
37900,9545,2860,390,400,31,1,24,6,8,4,2,1,0,0,0,1,0,0
38000,9563,3115,389,336,29,3,14,10,4,5,1,4,0,0,0,0,0,0
38100,9531,3415,416,443,30,3,18,7,3,3,2,3,0,0,0,0,0,0
38200,9497,3734,447,497,32,9,15,9,6,2,3,1,0,0,0,0,0,0
38300,9510,3735,440,569,30,6,11,3,9,2,0,2,0,0,0,0,0,0
38400,9502,3610,451,620,30,8,13,4,3,1,1,1,0,0,0,0,0,0
38500,9498,3671,454,700,29,3,12,9,7,3,0,0,0,0,0,0,0,0
38600,9469,3632,478,656,30,1,13,9,9,4,1,0,0,1,0,0,0,0
38700,9451,3802,488,570,32,1,18,6,8,1,3,1,0,0,0,0,0,0
38800,9567,4169,385,521,31,2,10,7,6,3,0,0,0,0,0,0,1,0
38900,9600,3892,353,537,29,0,13,6,2,2,3,0,0,0,0,0,0,0
39000,9655,4042,291,350,33,1,14,19,6,0,1,0,0,0,0,0,0,0
39100,9641,3918,316,370,27,4,12,3,3,1,1,2,0,0,0,0,0,0
39200,9598,3672,353,447,31,1,10,9,5,2,3,2,0,0,0,0,0,0
39300,9625,3970,320,414,30,0,16,24,9,2,0,1,0,0,0,0,0,0
39400,9660,3682,285,369,30,1,20,20,3,0,2,0,0,0,0,0,0,0
39500,9662,3560,283,233,31,1,16,10,5,1,3,2,0,0,0,0,0,0
39600,9689,3065,244,245,47,2,14,4,2,2,3,1,1,0,0,0,0,0
39700,9701,3497,236,346,43,1,11,5,5,2,4,0,0,0,0,0,0,0
39800,9709,3551,220,412,47,1,21,8,1,2,2,2,0,0,0,0,0,0
39900,9684,3924,251,278,43,1,14,10,8,3,0,0,0,0,0,0,0,0
40000,9686,3642,252,205,45,2,13,4,2,1,2,0,0,0,0,0,0,0
40100,9691,3499,241,240,48,1,10,8,10,0,0,0,0,0,0,0,0,0
40200,9662,3604,272,316,44,1,13,9,5,3,4,0,0,0,0,0,0,0
40300,9672,3687,282,359,28,1,12,3,4,0,2,0,0,0,0,0,0,0
40400,9689,3598,263,372,30,3,14,5,3,2,1,1,0,0,0,0,0,0
40500,9745,3985,211,353,30,3,9,5,3,3,2,1,0,0,0,0,0,0
40600,9753,3953,202,301,32,1,9,3,4,1,0,0,0,0,0,0,0,0
40700,9763,3780,187,300,30,0,12,4,7,2,1,1,0,0,0,0,0,0
40800,9765,3774,181,330,30,2,13,3,8,2,3,0,0,0,0,0,0,0
40900,9752,3634,202,411,28,2,10,4,4,4,4,1,0,0,0,0,0,0
41000,9742,4045,218,317,29,2,10,4,1,3,0,1,0,0,0,0,0,0
41100,9738,3975,221,286,29,2,10,5,0,1,2,1,0,0,0,0,0,0
41200,9716,3797,234,267,35,3,10,4,5,4,0,1,0,0,0,0,0,0
41300,9728,3536,221,224,31,4,14,3,4,5,2,2,0,0,0,0,0,0
41400,9731,3515,220,207,30,0,9,7,7,0,3,0,0,0,0,0,0,0
41500,9762,3578,191,220,30,1,13,5,2,2,2,2,0,0,0,0,0,0
41600,9750,3394,208,200,28,0,10,6,2,1,2,1,0,0,0,0,0,0
41700,9732,3397,216,200,30,0,11,7,9,6,2,2,0,0,0,0,0,0
41800,9722,3107,229,209,29,2,10,4,8,0,2,0,0,0,0,0,0,0
41900,9779,3529,176,200,28,2,13,6,3,2,1,2,0,0,0,0,0,0
42000,9793,3638,153,213,30,1,14,4,6,3,3,0,1,0,0,0,0,0
42100,9798,3504,148,221,32,4,17,5,4,2,1,0,0,0,0,0,0,0
42200,9799,3344,141,240,34,1,15,3,10,4,1,2,0,0,0,0,0,0
42300,9782,3099,145,266,31,1,35,3,5,1,2,1,0,0,0,0,0,0
42400,9780,2917,149,276,28,1,42,3,1,1,0,2,0,0,0,0,0,0
42500,9792,3179,125,273,29,3,47,9,3,2,4,2,0,0,0,0,0,0
42600,9776,3267,135,320,31,2,51,5,6,2,1,2,0,0,0,0,0,0
42700,9784,2873,128,331,33,1,54,5,1,1,0,2,0,0,0,0,0,0
42800,9774,2660,134,294,29,6,55,15,6,2,2,2,0,0,0,0,0,0
42900,9776,2767,131,253,29,1,52,11,7,3,5,1,0,0,0,0,0,0
43000,9792,2707,119,210,28,2,52,4,6,5,3,0,0,0,0,0,0,0
43100,9795,2864,123,215,31,1,45,3,5,1,1,1,0,0,0,0,0,0
43200,9799,2987,133,280,30,7,34,5,3,3,1,0,0,0,0,0,0,0
43300,9796,2954,126,321,30,3,42,5,4,1,2,1,0,0,0,0,0,0
43400,9811,2864,118,143,31,0,32,3,7,0,1,0,0,0,0,0,0,0
43500,9843,3039,131,210,6,2,12,7,4,0,3,2,1,0,0,0,0,0
43600,9842,2915,141,189,2,1,12,3,2,0,1,0,0,0,0,0,0,0
43700,9777,3443,193,172,6,1,18,11,5,2,1,3,0,0,0,0,0,0
43800,9778,3789,199,200,4,2,6,7,10,1,3,2,0,0,0,0,0,0
43900,9783,3518,198,166,5,3,3,8,6,7,5,2,0,0,0,0,0,0
44000,9777,3005,208,177,4,5,5,8,3,6,3,2,0,0,0,0,0,0
44100,9777,3107,208,165,5,4,7,4,2,8,1,0,0,0,0,0,0,0
44200,9788,3269,198,169,4,5,6,2,4,2,0,2,0,0,0,0,0,0
44300,9805,3003,184,247,4,4,3,3,4,6,0,1,0,0,0,0,0,0
44400,9836,2724,156,234,2,2,5,6,1,0,0,2,0,0,0,0,0,0
44500,9797,2590,190,231,3,4,4,3,5,2,1,1,0,0,0,0,0,0
44600,9768,2620,199,156,5,3,14,17,11,0,3,0,0,0,0,0,0,0
44700,9736,2466,247,151,5,2,8,6,2,2,2,3,0,0,0,0,0,0
44800,9710,3045,268,117,4,2,15,2,3,1,0,0,0,0,0,0,0,0
44900,9713,2848,270,98,2,2,11,0,3,2,1,0,0,0,0,0,0,0
45000,9698,3175,277,89,5,3,10,2,8,1,2,0,0,0,0,0,0,0
45100,9718,3204,266,98,2,0,11,2,2,1,1,1,0,0,0,0,0,0
45200,9713,3628,272,129,1,3,10,0,3,1,1,1,0,0,0,0,0,0
45300,9688,3351,291,115,2,5,10,0,7,0,2,1,0,0,0,0,0,0
45400,9681,3399,306,193,3,2,5,2,2,4,2,4,1,0,0,0,0,0
45500,9727,3548,257,129,3,2,8,0,4,1,1,1,0,0,0,0,0,0
45600,9713,3402,272,106,2,4,7,2,3,3,3,0,0,0,0,0,0,0
45700,9668,3309,311,48,3,2,8,0,8,1,2,0,0,0,0,0,0,0
45800,9656,3271,318,127,1,1,19,2,3,1,3,0,0,0,0,0,0,0
45900,9673,3277,311,77,3,1,5,2,7,2,1,2,0,0,0,0,0,0
46000,9645,3022,333,44,8,0,10,1,3,0,1,0,0,0,0,0,0,0
46100,9593,3091,386,51,2,1,11,0,7,1,1,0,0,0,0,0,0,0
46200,9621,3077,367,46,3,8,4,0,3,2,2,3,0,0,0,0,0,0
46300,9590,2762,362,55,36,1,7,2,4,3,1,0,0,0,0,0,0,0
46400,9562,3169,385,67,40,2,7,0,3,0,2,0,1,0,0,0,0,0
46500,9562,3794,381,50,39,5,15,1,0,1,3,0,0,0,0,0,0,0
46600,9538,4101,408,51,41,3,9,1,4,0,0,0,0,0,0,0,0,0
46700,9525,3670,422,27,42,0,10,2,0,1,1,2,0,0,0,0,0,0
46800,9504,3685,439,10,42,0,10,0,2,0,3,1,0,0,0,0,0,0
46900,9468,3507,452,29,66,1,10,1,3,3,1,0,0,0,0,0,0,0
47000,9447,3279,457,86,81,1,12,4,2,0,0,0,0,0,1,0,0,0
47100,9450,2990,448,19,85,5,11,2,5,1,1,0,0,0,0,0,0,0
47200,9451,3039,453,2,84,0,5,0,3,4,4,2,0,0,0,0,0,0
47300,9457,2857,449,14,81,1,9,1,1,2,3,1,0,0,0,0,0,0
47400,9468,2606,434,27,82,1,11,1,5,2,0,0,0,0,0,0,0,0
47500,9506,2680,413,8,71,0,4,0,2,0,4,0,0,0,0,0,0,0
47600,9554,2624,390,1,41,1,6,0,7,0,2,0,0,0,0,0,0,0
47700,9581,2719,371,10,41,0,3,0,3,0,1,0,0,0,0,0,0,0
47800,9578,2720,366,76,43,1,5,0,4,1,4,1,0,0,0,0,0,0
47900,9602,2768,348,64,39,0,4,1,5,3,2,0,0,0,0,0,0,0
48000,9616,3164,328,41,43,0,6,0,4,0,2,0,1,0,0,0,0,0
48100,9622,2995,323,50,44,0,7,0,3,1,1,0,0,0,0,0,0,0
48200,9623,2945,322,46,45,0,7,1,2,1,1,2,0,0,0,0,0,0
48300,9624,2718,322,75,44,1,4,1,6,4,0,0,0,0,0,0,0,0
48400,9617,2946,322,101,44,2,8,2,6,1,3,0,0,0,0,0,0,0
48500,9621,3130,313,54,46,0,12,2,7,3,1,1,0,0,0,0,0,0
48600,9637,3080,306,54,43,1,5,1,4,3,5,2,0,0,0,0,0,0
48700,9634,2567,310,80,40,1,11,2,4,1,1,0,0,0,0,0,0,0
48800,9640,2346,301,129,44,2,7,7,4,1,4,0,0,0,0,0,0,0
48900,9640,2584,303,86,47,1,2,1,8,0,0,0,0,0,0,0,0,0
49000,9639,2779,297,128,49,1,11,7,3,0,1,1,0,0,0,0,0,0
49100,9614,2789,291,139,47,0,44,5,4,1,0,0,0,0,0,0,0,0
49200,9639,2762,252,175,65,1,33,4,8,1,3,0,0,0,0,0,0,0
49300,9635,2409,257,123,67,1,35,2,4,2,2,0,0,0,0,0,0,0
49400,9641,2391,254,125,68,0,36,6,1,1,0,0,0,0,0,0,0,0
49500,9638,2498,256,58,58,1,40,3,7,0,1,0,0,0,0,0,0,0
49600,9683,2296,227,67,52,0,35,8,2,0,1,0,0,0,0,0,0,0
49700,9690,2270,222,53,49,1,35,5,2,1,2,1,0,0,0,0,0,0
49800,9680,2691,227,46,51,0,34,0,7,4,1,0,0,0,0,0,0,0
49900,9676,2713,227,54,54,1,39,0,2,2,2,0,0,0,0,0,0,0
50000,9696,2980,220,46,42,1,36,1,5,0,1,0,0,0,0,0,0,0
50100,9705,2973,200,47,48,0,38,0,5,1,3,0,1,0,0,0,0,0
50200,9726,2555,185,41,48,2,34,0,5,1,2,1,0,0,0,0,0,0
50300,9710,2824,164,58,61,3,60,1,4,2,1,1,0,0,0,0,0,0
50400,9682,2590,168,84,86,0,57,0,7,0,0,0,0,0,0,0,0,0
50500,9684,2759,171,82,81,1,59,2,4,1,1,0,0,0,0,0,0,0
50600,9685,2381,171,67,83,4,56,0,4,3,1,1,0,0,0,0,0,0
50700,9698,2017,156,53,82,0,56,0,5,2,3,0,0,0,0,0,0,0
50800,9674,2495,179,65,86,0,57,3,2,1,2,0,0,0,0,0,0,0
50900,9649,2792,174,58,111,2,58,2,5,3,3,0,0,0,0,0,0,0
51000,9636,2564,191,104,108,3,59,1,4,0,2,1,0,0,0,0,0,0
51100,9652,2594,201,107,88,0,55,0,3,0,1,0,0,0,0,0,0,0
51200,9656,2671,231,58,71,0,32,0,6,1,4,0,0,0,0,1,0,0
51300,9674,2349,209,77,74,0,34,0,8,0,1,0,0,0,0,0,0,0
51400,9676,2500,207,96,72,1,31,2,13,1,1,1,0,0,0,0,0,0
51500,9679,2665,212,102,76,0,30,2,2,4,1,0,0,0,0,0,0,0
51600,9677,2731,209,102,76,1,36,0,0,1,2,0,0,0,0,0,0,0
51700,9668,2273,222,84,73,0,32,0,4,1,1,0,0,0,0,0,0,0
51800,9657,2259,225,74,72,11,39,1,6,5,1,0,0,0,0,0,0,0
51900,9681,2344,232,99,73,22,9,0,3,1,2,0,0,0,0,0,0,0
52000,9691,2572,227,76,68,23,6,1,6,0,2,0,0,0,0,0,0,0
52100,9708,2722,221,67,65,22,2,0,3,0,1,0,0,0,0,0,0,0
52200,9697,2765,227,62,65,24,4,2,7,1,0,0,0,0,0,0,0,0
52300,9691,2608,225,62,71,0,4,1,6,5,3,1,0,0,0,0,0,0
52400,9696,2898,226,46,70,1,3,0,5,0,0,0,0,0,0,0,0,0
52500,9703,2936,216,55,71,6,3,2,5,3,2,0,0,0,0,0,0,0
52600,9716,2708,198,69,70,1,1,5,11,1,4,0,0,0,0,0,0,0
52700,9736,2662,190,107,69,0,0,6,1,0,4,0,0,0,0,0,0,0
52800,9733,2482,192,59,65,2,5,2,5,2,0,1,0,0,0,0,0,0
52900,9722,2124,196,27,73,0,3,1,5,1,1,0,0,0,0,0,0,0
53000,9725,1990,205,23,69,3,0,1,0,3,1,0,0,0,0,0,0,0
53100,9717,2032,209,26,62,0,3,0,8,0,1,1,0,0,0,0,0,0
53200,9738,2087,190,58,62,0,5,0,4,2,1,1,0,0,0,0,0,0
53300,9741,2031,182,58,67,1,7,0,2,1,1,0,0,0,0,0,0,0
53400,9739,2328,185,108,64,2,4,2,7,4,1,0,0,0,0,0,0,0
53500,9736,2303,188,130,63,0,8,0,3,0,2,1,0,0,0,0,0,0
53600,9744,2147,181,129,63,0,8,0,4,1,0,0,0,0,0,0,0,0
53700,9748,2099,178,138,64,0,9,1,1,1,0,0,0,0,0,0,0,0
53800,9740,2300,189,173,61,0,5,15,4,1,1,0,0,0,0,0,0,0
53900,9723,2753,193,108,65,3,14,36,3,0,2,1,0,0,0,0,0,0
54000,9716,2430,188,92,62,1,21,59,13,3,0,2,0,0,0,0,0,0
54100,9737,2489,187,100,63,2,8,69,4,1,1,0,0,0,0,0,0,0
54200,9729,2661,197,94,63,0,9,47,1,2,1,0,0,0,0,0,0,0
54300,9726,2562,187,71,72,1,10,34,3,1,2,0,0,0,0,0,0,0
54400,9734,2593,162,70,84,1,12,33,4,1,4,0,0,0,0,0,0,0
54500,9747,2218,153,68,84,0,12,35,4,5,0,0,0,0,0,0,0,0
54600,9754,2186,142,93,86,0,10,33,6,0,2,0,0,0,0,0,0,0
54700,9754,2734,143,99,84,0,14,33,3,3,2,0,0,0,0,0,0,0
54800,9765,2499,132,98,87,1,10,29,3,0,2,1,1,0,0,0,0,0
54900,9785,2817,119,68,84,0,7,0,2,1,2,0,1,0,0,0,0,0
55000,9777,2595,124,67,85,1,9,1,2,1,3,1,0,0,0,0,0,0
55100,9779,2281,113,73,88,2,13,2,5,1,2,0,0,0,0,0,0,0
55200,9785,2551,117,72,86,1,6,3,5,2,1,0,0,0,0,0,0,0
55300,9760,2413,134,70,87,0,10,0,7,0,2,1,0,0,0,0,0,0
55400,9746,2461,147,71,91,0,10,1,6,0,0,0,0,0,0,0,0,0
55500,9756,2501,137,100,87,2,10,1,8,0,2,0,0,0,0,0,0,0
55600,9775,2446,121,62,89,1,8,0,5,1,2,1,0,0,0,0,0,0
55700,9765,2445,127,37,90,1,16,2,2,1,0,0,0,0,0,0,0,0
55800,9780,2108,125,48,86,1,7,1,1,0,1,0,0,0,0,0,0,0
55900,9779,2333,121,41,87,1,8,1,4,0,1,0,0,0,0,0,0,0
56000,9822,2411,85,45,85,0,5,1,1,2,2,0,0,0,0,0,0,0
56100,9816,2316,79,42,87,3,7,0,7,1,4,0,0,0,0,0,0,0
56200,9828,2272,86,75,67,2,12,0,5,0,2,0,0,0,0,0,0,0
56300,9821,2427,93,73,63,0,15,0,7,0,1,0,0,0,0,0,0,0
56400,9832,2480,84,92,65,1,11,1,8,3,0,0,0,0,0,0,0,0
56500,9816,2871,111,60,63,4,6,0,3,5,1,0,0,0,0,0,0,0
56600,9799,2834,128,8,60,4,7,1,3,1,3,3,0,0,0,0,0,0
56700,9776,2597,141,39,68,1,7,0,5,1,3,1,0,0,0,0,0,0
56800,9747,2503,177,46,61,1,12,1,3,0,0,0,0,0,0,0,0,0
56900,9782,2667,152,40,54,0,7,1,3,0,2,1,0,0,0,0,0,0
57000,9835,2248,109,38,45,0,5,0,4,2,2,1,0,0,0,0,0,0
57100,9790,2190,150,32,43,1,9,2,6,2,2,0,0,0,0,0,0,0
57200,9816,2518,136,49,41,2,4,0,1,0,2,0,0,0,0,0,0,0
57300,9809,2588,146,46,36,1,6,0,2,0,1,1,0,0,0,0,0,0
57400,9788,2598,157,20,40,2,6,3,7,2,2,0,0,0,0,0,0,0
57500,9811,2628,136,23,41,5,6,0,4,5,2,1,0,0,0,0,0,0
57600,9771,2541,167,108,37,2,12,46,11,1,1,0,1,0,0,0,0,0
57700,9778,2656,169,68,38,0,8,16,5,0,2,2,0,0,0,0,0,0
57800,9774,2499,177,54,39,0,7,1,3,1,0,0,0,0,0,0,0,0
57900,9794,2578,154,126,38,2,9,3,3,2,2,1,0,0,0,0,0,0
58000,9757,2916,178,122,41,0,16,1,4,0,4,0,0,0,0,0,0,0
58100,9778,2762,169,65,40,2,8,0,3,0,2,1,0,0,0,0,0,0
58200,9785,2628,167,11,40,2,6,0,1,2,1,0,0,0,0,0,0,0
58300,9829,2485,115,14,40,0,10,0,5,1,1,0,0,0,0,0,0,0
58400,9826,2594,127,41,38,1,5,1,4,0,0,0,0,0,0,0,0,0
58500,9864,2694,85,53,39,4,7,3,5,1,0,0,0,0,0,0,0,0
58600,9874,2629,69,101,40,2,14,2,2,0,1,2,0,0,0,0,0,0
58700,9867,2901,79,57,39,3,9,2,5,1,1,1,0,0,0,0,0,0
58800,9877,3003,74,25,38,3,8,1,1,3,2,0,0,0,0,0,0,0
58900,9845,2883,104,44,39,3,4,0,5,1,3,1,0,0,0,0,0,0
59000,9857,2644,83,154,42,1,9,0,6,0,3,1,0,0,0,0,0,0
59100,9887,2582,64,194,38,5,6,1,2,2,3,0,0,0,0,0,0,0
59200,9894,2430,64,125,37,0,2,0,0,0,3,0,0,0,0,0,0,0
59300,9884,2519,63,155,39,0,5,1,8,1,1,0,0,0,0,0,0,0
59400,9877,2776,72,112,39,1,9,1,2,1,1,0,0,0,0,0,0,0
59500,9882,2740,69,137,38,2,7,0,4,1,0,1,0,0,0,0,0,0
59600,9838,2845,109,151,41,5,10,2,2,2,0,4,0,0,0,0,0,0
59700,9831,2716,118,230,38,1,7,0,4,0,2,0,0,0,0,0,0,0
59800,9859,2811,94,178,38,1,6,0,1,5,2,0,0,0,0,0,0,0
59900,9879,2819,68,88,40,0,3,1,8,1,2,0,0,0,0,0,0,0
60000,9885,2496,69,56,38,1,3,0,5,1,0,0,0,0,0,0,0,0
60100,9883,2633,65,107,41,2,8,1,2,3,1,2,0,0,0,0,0,0
60200,9887,2867,57,84,39,1,9,0,5,1,3,0,0,0,0,0,0,0
60300,9898,2383,57,79,39,3,3,0,2,1,1,2,0,0,0,0,0,0
60400,9880,2340,66,68,39,1,8,2,6,2,1,0,0,0,0,0,0,0
60500,9879,2493,65,3,39,1,12,0,5,0,0,0,0,0,0,0,0,0
60600,9871,2640,68,28,41,5,9,2,8,1,3,0,0,0,0,0,0,0
60700,9867,2253,73,34,38,2,13,2,7,2,2,1,0,0,0,0,0,0
60800,9869,2321,73,5,39,1,11,2,6,0,2,0,0,0,0,0,0,0
60900,9876,2202,73,17,39,0,10,5,2,2,0,1,0,0,0,0,0,0
61000,9871,2443,69,6,41,5,12,0,5,1,2,0,0,0,0,0,0,0
61100,9859,2332,85,5,41,1,10,1,5,0,0,0,0,0,0,0,0,0
61200,9858,2322,92,12,37,2,5,1,5,0,3,0,0,0,0,0,0,0
61300,9849,2369,93,2,42,1,12,0,2,2,1,0,1,0,0,0,0,0
61400,9853,2533,94,1,39,1,7,0,4,0,3,0,0,0,0,0,0,0
61500,9855,2463,94,30,39,2,9,0,3,1,0,0,0,0,0,0,0,0
61600,9835,2277,114,130,39,3,6,0,5,0,1,0,0,0,0,0,0,0
61700,9803,2248,148,152,40,1,7,1,1,0,1,0,0,0,0,0,0,0
61800,9803,2546,147,141,41,0,2,1,6,1,1,2,0,0,0,0,0,0
61900,9790,2476,154,84,40,1,8,2,6,1,2,0,0,0,0,0,0,0
62000,9800,2383,146,75,39,2,6,1,8,2,1,0,0,0,0,0,0,0
62100,9810,2643,132,88,44,1,6,1,3,1,5,2,0,0,0,0,0,0
62200,9843,2623,104,73,44,2,2,4,5,1,2,2,0,0,0,0,0,0
62300,9847,2515,105,61,37,0,5,2,3,0,3,3,0,0,0,0,0,0
62400,9840,2195,110,109,39,1,6,1,4,1,1,0,0,0,0,0,0,0
62500,9843,2110,105,105,38,0,8,1,1,0,5,0,0,0,0,0,0,0
62600,9891,2259,90,74,10,0,3,1,5,1,1,3,0,0,0,0,0,0
62700,9916,1961,67,49,6,1,8,1,1,4,2,0,0,0,0,0,0,0
62800,9920,1781,62,49,6,2,10,1,1,3,1,0,0,0,0,0,0,0
62900,9874,2158,113,65,6,2,4,3,2,2,1,1,0,0,0,0,0,0
63000,9855,2480,129,112,10,4,4,1,1,1,1,1,0,0,0,0,0,0
63100,9854,2112,126,141,6,9,5,1,7,3,2,1,0,0,0,0,0,0
63200,9844,2185,139,110,6,8,6,0,4,1,1,0,0,0,0,0,0,0
63300,9818,2336,156,5,5,10,12,2,7,3,2,1,0,0,0,0,0,0
63400,9813,2327,153,5,7,2,17,0,8,1,2,0,0,0,0,0,0,0
63500,9824,2275,155,59,8,0,9,0,4,2,0,0,0,0,0,0,0,0
63600,9819,2402,159,97,6,1,11,1,5,0,0,1,0,0,0,0,0,0
63700,9848,2295,131,94,4,2,10,3,5,3,2,0,0,0,0,0,0,0
63800,9867,2640,113,61,0,0,13,0,5,4,2,0,0,0,0,0,0,0
63900,9871,2456,114,40,3,1,8,0,3,0,1,0,0,0,0,0,0,0
64000,9856,2028,121,24,5,0,10,1,7,1,1,0,0,0,0,0,0,0
64100,9843,1909,123,18,16,1,12,0,5,3,1,0,0,0,0,0,0,0
64200,9860,1887,117,16,10,0,7,2,1,4,5,0,0,0,0,0,0,0
64300,9862,1894,114,8,12,3,10,1,2,3,0,1,0,0,0,0,0,0
64400,9883,2339,89,24,17,1,6,2,5,0,0,0,0,0,0,0,0,0
64500,9890,2423,87,66,13,2,6,2,4,2,0,0,0,0,0,0,0,0
64600,9892,2345,83,99,13,2,7,1,5,1,0,0,0,0,0,0,0,0
64700,9890,2372,86,105,15,4,3,2,6,1,0,1,0,0,0,0,0,0
64800,9833,2307,139,98,16,4,4,1,7,3,1,0,0,0,0,0,0,0
64900,9814,2760,156,118,18,47,9,1,2,1,1,0,0,0,0,0,0,0
65000,9854,2617,122,107,10,17,10,2,2,0,2,0,0,0,0,0,0,0
65100,9864,2072,111,109,14,5,6,0,5,0,0,2,0,0,0,0,0,0
65200,9876,1884,102,82,14,1,3,3,4,1,1,1,0,0,0,0,0,0
65300,9900,2330,81,97,14,9,4,0,1,1,0,1,0,0,0,0,0,0
65400,9893,2698,79,159,20,2,5,0,1,2,2,2,0,0,0,0,0,0
65500,9903,2486,63,193,25,3,5,0,2,1,2,0,0,0,0,0,0,0
65600,9914,2351,42,253,23,2,12,3,7,2,2,0,0,0,0,0,0,0
65700,9929,2250,47,281,17,3,3,0,2,0,2,0,0,0,0,0,0,0
65800,9930,2188,39,244,14,1,7,4,9,2,1,0,0,0,0,0,0,0
65900,9949,2322,26,74,11,1,7,1,5,1,2,0,0,0,0,0,0,0
66000,9955,2592,27,62,10,0,4,0,3,0,1,0,0,0,0,0,0,0
66100,9959,2797,21,60,11,1,6,0,2,1,1,2,0,0,0,0,0,0
66200,9940,2773,36,51,10,7,7,3,7,1,0,1,0,0,0,0,0,0
66300,9949,2611,30,78,11,8,2,3,4,1,4,0,0,0,0,0,0,0
66400,9947,2487,32,58,12,17,4,3,4,3,1,1,0,0,0,0,0,0
66500,9955,2559,28,40,9,4,2,1,6,2,0,2,0,0,0,0,0,0
66600,9951,2154,31,86,10,3,5,2,2,1,0,1,1,0,0,0,0,0
66700,9947,2086,41,35,10,0,1,1,0,1,1,0,0,0,0,0,0,0
66800,9941,2029,42,37,8,1,3,0,5,3,1,1,0,0,0,0,0,0
66900,9950,2017,30,34,11,0,5,1,4,0,0,1,0,0,0,0,0,0
67000,9952,2550,28,44,13,0,2,2,3,1,2,0,0,0,0,0,0,0
67100,9953,2911,30,44,11,0,3,24,2,2,1,0,0,0,0,0,0,0
67200,9946,3080,31,48,13,0,5,3,4,0,1,2,0,0,0,0,0,0
67300,9953,2962,32,49,9,1,4,2,2,4,0,1,0,0,0,0,0,0
67400,9955,3069,28,42,10,2,3,0,2,0,2,2,0,0,0,0,0,0
67500,9953,2568,27,80,10,2,2,0,5,0,3,1,0,0,0,0,0,0
67600,9955,2591,28,62,12,1,3,1,1,0,1,1,0,0,0,0,0,0
67700,9960,2869,25,66,10,0,0,1,3,0,2,1,0,0,0,0,0,0
67800,9942,2957,31,26,13,1,5,4,8,0,1,0,0,0,0,0,0,0
67900,9959,2948,20,7,11,0,3,2,5,1,2,0,0,1,0,0,0,0
68000,9964,2977,19,40,10,0,4,0,3,1,0,0,0,0,0,0,0,0
68100,9960,2938,24,47,9,1,4,12,2,1,1,1,0,0,0,0,0,0
68200,9965,3299,21,38,11,0,0,45,2,1,1,0,0,0,0,0,0,0
68300,9966,2968,21,5,11,2,0,44,1,2,1,1,0,0,0,0,0,0
68400,9959,2467,17,13,12,4,1,47,9,3,2,1,0,0,0,0,0,0
68500,9957,2815,26,17,9,1,1,45,5,2,2,2,0,0,0,0,0,0
68600,9954,2702,28,20,11,0,4,45,1,2,1,0,1,0,0,0,0,0
68700,9957,2708,18,2,13,1,3,12,9,3,0,3,0,0,0,0,0,0
68800,9962,3108,17,11,11,0,6,2,3,0,1,1,0,0,0,0,0,0
68900,9943,3053,35,38,14,4,5,1,1,1,2,1,0,0,0,0,0,0
69000,9924,3197,57,19,13,1,2,1,2,2,2,0,0,0,0,0,0,0
69100,9919,2932,58,37,9,3,6,6,6,1,2,0,0,0,0,0,0,0
69200,9928,2181,59,16,6,0,0,1,5,1,2,0,0,0,0,0,0,0
69300,9929,2357,62,26,2,1,1,1,3,2,3,1,0,0,0,0,0,0
69400,9921,2531,67,44,1,2,4,2,5,1,2,2,0,0,0,0,0,0
69500,9912,2718,80,3,1,0,3,1,4,0,0,3,0,0,0,0,0,0
69600,9914,2885,80,39,3,3,1,0,1,0,1,0,0,0,0,0,0,0
69700,9907,2829,83,52,5,0,2,4,3,0,0,0,0,0,0,0,0,0
69800,9896,2539,97,55,1,3,1,1,4,3,1,0,0,0,0,0,0,0
69900,9859,2528,130,25,0,2,6,3,5,2,0,1,0,0,0,0,0,0
70000,9846,2789,146,5,4,3,3,2,1,3,0,1,0,0,0,0,0,0
70100,9854,2661,138,5,2,0,1,0,3,1,2,1,0,0,0,0,0,0
70200,9847,2444,146,107,0,1,3,2,0,1,4,1,0,0,0,0,0,0
70300,9810,2607,174,138,2,2,2,6,6,2,6,0,0,0,0,0,0,0
70400,9801,2930,188,129,3,1,2,7,5,1,1,0,0,0,0,0,0,0
70500,9810,2842,177,68,2,0,4,6,6,3,1,0,0,0,0,0,0,0
70600,9805,2794,177,8,7,0,2,6,8,2,1,0,0,0,0,0,0,0
70700,9808,2837,181,55,3,0,4,0,2,0,2,1,0,0,0,0,0,0
70800,9808,2710,177,49,3,0,1,0,10,0,1,0,0,0,0,0,0,0
70900,9804,3185,183,26,4,2,6,2,3,1,0,1,0,0,0,0,0,0
71000,9810,3002,175,101,4,2,5,3,4,0,2,0,0,0,0,0,0,0
71100,9811,3129,171,135,2,2,8,0,6,1,2,1,0,0,0,0,0,0
71200,9774,2915,208,143,3,0,5,1,3,0,7,0,0,0,0,0,0,0
71300,9783,2742,199,50,2,5,7,2,5,3,4,0,0,0,0,0,0,0
71400,9791,2745,192,80,5,1,7,0,5,2,0,0,0,0,0,0,0,0
71500,9815,2797,161,50,7,1,10,0,7,0,0,0,0,0,0,0,0,0
71600,9871,2760,118,68,3,1,3,1,2,0,3,2,0,0,0,0,0,0
71700,9868,3012,113,47,4,0,10,1,3,2,2,2,0,0,0,0,0,0
71800,9865,3353,111,49,4,0,14,1,2,1,4,0,0,0,0,0,0,0
71900,9885,3206,104,113,2,1,5,2,3,0,1,1,0,0,0,0,0,0
72000,9874,3184,109,122,4,3,5,4,8,1,0,1,0,0,0,0,0,0
72100,9878,3492,102,21,1,3,9,0,9,2,1,1,0,0,0,0,0,0
72200,9889,3386,99,14,2,2,7,2,2,3,1,0,0,0,0,0,0,0
72300,9886,3100,102,9,1,1,8,1,2,3,1,0,0,0,0,0,0,0
72400,9892,3219,97,32,4,1,5,2,2,1,0,0,0,0,0,0,0,0
72500,9884,3395,107,104,3,1,2,0,3,0,1,0,0,0,0,0,0,0
72600,9885,3262,103,62,2,0,1,0,5,0,3,0,1,0,0,0,0,0
72700,9842,3257,141,23,2,0,7,3,6,0,2,1,0,0,0,0,0,0
72800,9818,3133,172,26,5,3,2,1,3,2,0,2,0,0,0,0,0,0
72900,9797,3011,187,29,6,2,5,0,4,3,1,1,0,0,0,0,0,0
73000,9762,3016,225,2,1,1,8,3,2,1,2,1,0,0,0,0,0,0
73100,9748,2897,238,10,4,6,5,3,4,3,1,1,0,0,0,0,0,0
73200,9777,2714,211,9,3,0,3,1,5,3,1,0,0,0,0,0,0,0
73300,9791,2863,195,4,2,0,6,1,3,0,3,2,0,0,0,0,0,0
73400,9816,2760,166,23,3,4,7,0,8,1,0,0,0,0,0,0,0,0
73500,9812,2566,170,49,6,1,5,4,5,3,2,0,0,0,0,0,0,0
73600,9813,3252,172,42,4,1,6,0,3,3,2,1,0,0,0,0,0,0
73700,9823,3392,152,4,6,1,11,7,7,2,1,0,0,0,0,0,0,0
73800,9853,3030,132,3,5,3,2,0,4,2,4,2,0,0,0,0,0,0
73900,9835,3154,147,7,8,2,3,1,3,1,4,1,0,0,0,0,0,0
74000,9838,3022,151,12,4,1,3,2,2,1,2,2,0,0,0,0,0,0
74100,9812,2831,161,2,10,0,4,1,12,2,1,0,0,0,0,0,0,0
74200,9769,2568,203,32,11,3,10,3,5,2,2,0,0,0,0,0,0,0
74300,9741,2475,243,29,9,0,3,1,3,1,1,1,0,0,0,0,0,0
74400,9723,2765,262,14,6,1,5,1,2,0,2,1,0,0,0,0,0,0
74500,9715,3096,267,19,7,2,4,8,4,3,3,0,0,0,0,0,0,0
74600,9702,2660,286,23,2,0,3,10,7,0,0,2,0,0,0,0,0,0
74700,9689,2654,304,14,2,1,2,1,0,2,3,0,0,0,0,0,0,0
74800,9639,2903,340,8,4,2,9,1,4,1,4,0,0,0,0,0,0,0
74900,9661,2503,329,64,0,2,7,4,2,2,1,0,0,0,0,0,0,0
75000,9694,2613,292,87,3,1,7,0,3,2,1,0,0,0,0,0,0,0
75100,9732,2650,252,102,5,1,2,3,7,3,1,1,0,0,1,0,0,0
75200,9760,2830,229,129,3,3,1,0,5,5,2,1,0,0,0,0,0,0
75300,9759,2752,223,90,2,2,10,0,4,0,2,1,0,0,0,0,0,0
75400,9760,3049,217,50,4,0,10,2,8,1,1,1,0,0,0,0,0,0
75500,9786,2621,200,45,3,2,9,3,2,1,0,1,0,0,0,0,0,0
75600,9770,2150,208,11,2,1,11,1,7,1,2,3,0,0,0,0,0,0
75700,9773,2229,204,28,1,10,18,1,3,1,1,2,0,0,0,0,0,0
75800,9765,2425,210,86,5,17,13,1,5,2,2,0,0,0,0,0,0,0
75900,9756,2234,224,43,4,20,10,1,6,0,0,0,0,0,0,0,0,0
76000,9739,2319,242,58,2,12,13,5,3,0,1,0,0,0,0,0,0,0
76100,9716,2400,260,94,5,3,11,5,5,6,3,0,0,0,0,0,0,0
76200,9711,2667,263,25,2,0,11,0,10,3,2,0,1,0,0,0,0,0
76300,9711,2942,271,9,4,1,8,1,3,0,3,0,0,0,0,0,0,0
76400,9751,3105,222,17,2,3,23,0,1,1,1,0,0,0,0,0,0,0
76500,9742,2624,229,5,2,8,20,4,1,1,6,2,0,0,0,0,0,0
76600,9756,2856,225,10,2,8,15,2,2,2,0,2,0,0,0,0,0,0
76700,9756,2637,218,10,6,6,16,2,3,0,1,0,0,0,0,0,0,0
76800,9764,2472,219,26,1,5,13,1,3,4,0,2,0,0,0,0,0,0
76900,9767,2579,217,6,2,4,10,1,1,0,3,1,0,0,0,0,0,0
77000,9756,2668,224,8,5,3,6,11,4,3,5,1,0,0,0,0,0,0
77100,9763,2702,225,2,0,1,8,12,3,6,1,0,0,0,0,0,0,0
77200,9734,2500,249,3,2,1,13,7,1,1,0,2,0,0,1,0,0,0
77300,9701,2478,267,15,5,0,18,0,8,1,1,0,0,0,0,0,0,0
77400,9698,2508,278,10,3,1,13,1,5,4,3,0,0,0,0,0,0,0
77500,9704,2279,277,1,2,3,15,2,1,0,1,0,0,0,0,0,0,0
77600,9695,2308,281,2,2,0,14,1,7,1,1,1,0,0,0,0,0,0
77700,9696,2437,276,4,6,1,15,0,4,0,3,1,0,0,0,0,0,0
77800,9697,2446,283,2,2,2,14,0,2,3,2,0,0,0,0,0,0,0
77900,9701,2428,284,23,2,1,10,3,2,1,1,0,0,0,0,0,0,0
78000,9691,2717,286,11,6,0,9,1,5,2,3,1,0,0,0,0,0,0
78100,9690,2578,290,3,3,1,12,1,3,1,2,0,0,0,0,0,0,0
78200,9704,2433,279,1,2,2,6,3,6,2,3,0,0,0,0,0,0,0
78300,9685,2574,296,6,7,0,7,0,2,1,3,1,0,0,0,0,0,0
78400,9645,2457,328,14,5,0,14,4,5,0,3,0,0,0,0,0,0,0
78500,9660,2388,318,18,1,0,12,0,6,0,2,0,1,0,0,0,0,0
78600,9646,2494,335,18,3,0,14,1,2,1,0,0,0,0,0,0,0,0
78700,9661,2652,324,32,1,0,9,0,4,1,1,1,0,0,0,0,0,0
78800,9665,2426,315,12,4,2,10,7,5,1,1,0,0,0,0,0,0,0
78900,9630,2313,349,17,2,1,15,10,3,0,1,1,0,0,0,0,0,0
79000,9675,2226,295,8,7,1,15,1,4,1,4,0,0,0,0,0,0,0
79100,9718,2066,267,9,0,0,10,2,3,0,2,1,0,0,0,0,0,0
79200,9743,1968,236,51,3,2,12,2,6,1,0,0,0,0,0,0,0,0
79300,9736,2157,241,44,4,3,12,0,7,1,0,1,0,0,0,0,0,0
79400,9742,2036,244,27,2,0,9,0,2,0,1,0,0,0,0,0,0,0
79500,9733,2040,250,5,2,2,11,7,3,0,1,0,0,0,0,0,0,0
79600,9726,1900,252,12,3,1,12,1,4,2,3,1,0,0,0,0,0,0
79700,9759,1672,229,4,1,0,7,0,3,0,1,2,0,0,0,0,0,0
79800,9731,1827,247,4,3,0,9,0,8,1,2,0,0,0,0,0,0,0
79900,9735,2106,250,5,2,0,10,0,3,1,0,1,0,0,0,0,0,0
80000,9737,2256,248,2,2,1,8,0,4,1,1,0,0,0,0,0,0,0
80100,9763,1859,211,5,7,0,16,0,2,1,1,0,0,0,0,0,0,0
80200,9777,2094,210,10,3,0,6,2,2,0,2,0,0,0,0,0,0,0
80300,9762,2452,221,11,5,0,7,0,3,0,2,0,0,0,0,0,0,0
80400,9766,2128,217,11,4,3,10,1,3,3,0,0,0,0,0,0,0,0
80500,9767,2141,219,4,13,3,1,4,0,6,0,0,0,0,0,0,0,0
80600,9761,2458,219,2,15,3,1,1,2,10,2,0,0,0,0,0,0,0
80700,9774,2232,206,4,14,0,3,1,2,8,1,1,0,0,0,0,0,0
80800,9767,2372,203,12,16,1,4,0,10,2,0,0,0,0,0,0,0,0
80900,9791,2418,194,10,6,3,3,0,3,0,3,0,0,0,0,0,0,0
81000,9793,2273,195,28,3,4,5,0,2,2,2,0,0,0,0,0,0,0
81100,9784,2402,207,61,2,2,5,0,1,0,1,0,0,0,0,0,0,0
81200,9765,2252,229,70,0,1,2,0,3,2,1,0,0,0,0,0,0,0
81300,9752,2218,239,5,4,0,3,0,1,0,1,1,0,0,0,0,0,0
81400,9747,2213,241,11,5,0,4,0,2,0,1,0,0,1,0,0,0,0
81500,9785,2233,203,13,1,2,6,0,3,0,1,0,0,0,0,0,1,0
81600,9791,2075,199,8,3,1,1,1,5,1,1,1,0,0,0,0,0,0
81700,9679,2490,310,10,2,1,3,0,5,2,1,1,0,0,0,0,0,0
81800,9653,2829,336,9,3,1,3,2,2,0,3,0,0,0,0,0,0,0
81900,9652,2958,335,12,5,2,2,2,6,1,0,0,0,0,0,0,0,0
82000,9618,2635,363,9,2,4,10,1,4,1,3,0,0,0,0,0,0,0
82100,9587,2877,399,8,3,0,5,0,6,2,0,0,0,0,0,0,0,0
82200,9543,2738,436,3,1,1,9,1,9,2,2,0,0,0,0,0,0,0
82300,9567,2632,417,5,4,1,9,1,2,0,1,2,0,0,0,0,0,0
82400,9669,2636,324,10,1,1,2,0,4,1,0,0,0,0,0,0,0,0
82500,9699,2807,290,11,2,1,4,1,1,0,4,1,0,0,0,0,0,0
82600,9688,2718,295,13,6,3,3,1,4,2,4,0,0,0,0,0,0,0
82700,9671,2406,318,9,3,0,1,0,1,1,6,0,0,0,0,0,0,0
82800,9690,2542,303,11,1,1,1,0,4,1,0,0,1,0,0,0,0,0
82900,9697,2700,284,34,4,0,5,0,4,1,6,0,0,0,0,0,0,0
83000,9696,2660,279,22,4,1,8,1,5,5,8,0,0,0,0,0,0,0
83100,9697,2157,281,60,6,0,6,2,6,0,4,0,0,0,0,0,0,0
83200,9729,1933,253,52,3,0,9,1,2,0,4,1,0,0,0,0,0,0
83300,9801,2070,190,29,2,3,4,2,0,3,3,0,0,0,0,0,0,0
83400,9817,2796,161,22,1,0,10,0,4,1,7,2,0,0,0,0,0,0
83500,9849,2893,137,14,4,2,4,3,1,1,5,0,0,0,0,0,0,0
83600,9878,2688,113,48,4,0,2,1,3,0,0,0,0,0,0,0,0,0
83700,9880,2726,109,23,4,1,3,4,4,1,0,0,0,0,0,0,0,0
83800,9883,2842,105,13,4,0,5,1,3,0,0,1,0,0,0,0,0,0
83900,9873,2632,112,22,1,1,6,0,8,0,0,0,0,0,0,0,0,0
84000,9876,2598,110,9,4,0,3,0,6,1,1,1,0,0,0,0,0,0
84100,9874,2612,110,16,4,0,7,0,3,1,2,0,0,0,0,0,0,0
84200,9869,2411,110,16,6,1,8,1,3,1,4,1,0,0,0,0,0,0
84300,9836,2239,149,26,3,1,4,2,7,3,1,2,0,0,0,0,0,0
84400,9817,2305,170,13,5,2,0,0,7,0,1,0,0,1,0,0,0,0
84500,9818,2396,173,26,0,2,5,0,3,0,1,0,0,0,0,0,0,0
84600,9821,2587,173,58,0,1,2,1,4,0,0,1,0,0,0,0,0,0
84700,9800,2436,179,54,2,0,14,3,2,1,2,3,1,0,0,0,0,0
84800,9784,2847,188,102,0,0,22,1,5,0,1,1,0,0,0,0,0,0
84900,9731,2827,244,134,2,0,20,1,2,1,1,0,0,0,0,0,0,0
85000,9722,2812,246,171,3,0,21,2,7,1,1,0,0,0,0,0,0,0
85100,9720,2788,250,130,3,0,21,0,5,0,1,0,0,0,0,0,0,0
85200,9712,3137,256,131,5,0,23,0,4,0,0,0,0,0,0,0,0,0
85300,9719,3125,253,140,5,2,20,0,3,2,0,0,0,0,0,0,0,0
85400,9705,2973,265,140,2,1,21,1,6,2,1,0,0,0,0,0,0,0
85500,9652,2989,318,126,3,1,23,0,3,1,1,2,0,0,0,0,0,0
85600,9664,3191,308,139,3,3,22,6,3,2,0,0,0,0,0,0,0,0
85700,9677,3556,296,106,4,1,21,0,1,1,1,0,0,0,0,0,0,0
85800,9703,3117,258,131,5,1,25,0,7,2,2,0,0,0,0,0,0,0
85900,9724,2804,240,138,6,0,25,0,3,2,2,0,0,0,0,0,0,0
86000,9717,2901,250,127,1,2,21,0,8,1,3,1,0,0,0,0,0,0
86100,9716,2879,251,113,3,1,22,2,8,2,0,0,0,0,0,0,0,0
86200,9746,2636,208,103,0,1,41,2,4,1,1,0,0,0,0,0,0,0
86300,9750,2645,186,96,7,0,52,3,4,1,1,0,0,0,0,0,0,0
86400,9717,2356,200,134,2,3,77,0,2,1,2,0,0,0,0,0,0,0
86500,9718,2632,194,170,3,4,78,3,5,1,2,0,0,0,0,0,0,0
86600,9699,2814,211,97,6,3,80,0,3,0,1,0,0,0,0,0,0,0
86700,9694,3085,214,94,2,1,81,0,8,2,1,0,0,0,0,0,0,0
86800,9705,3006,211,54,3,15,78,1,2,2,1,0,0,0,0,0,0,0
86900,9701,2964,207,55,1,19,83,0,3,0,5,0,0,0,0,0,0,0
87000,9705,2803,198,67,2,19,95,3,0,4,0,1,0,0,0,0,0,0
87100,9710,2654,193,54,3,9,85,1,9,2,0,0,0,0,0,0,0,0
87200,9713,2715,193,53,6,0,83,0,4,1,1,0,0,0,0,0,0,0
87300,9717,2675,193,65,4,1,79,0,6,0,1,0,0,0,0,0,0,0
87400,9715,2852,193,122,2,1,83,3,3,1,4,0,0,0,0,0,0,0
87500,9713,2594,195,150,5,0,85,7,2,0,0,1,0,0,0,0,0,0
87600,9682,2820,231,120,2,0,76,1,8,1,1,1,0,0,0,0,0,0
87700,9651,2538,259,55,3,2,80,0,5,2,2,0,0,0,0,0,0,0
87800,9634,2680,262,51,3,1,97,0,4,0,0,1,0,1,0,0,0,0
87900,9625,2659,270,47,2,0,97,0,5,1,1,0,0,0,0,0,0,0
88000,9623,2531,277,46,3,1,93,0,1,1,3,0,0,0,0,0,0,0
88100,9652,2437,259,49,3,1,81,0,3,0,2,1,0,0,0,0,0,0
88200,9719,2644,199,54,3,0,74,0,4,0,1,1,0,0,0,0,0,0
88300,9703,2913,212,46,3,0,75,0,7,0,0,0,0,0,0,0,0,0
88400,9718,2939,179,52,3,1,92,1,7,1,1,0,0,1,0,0,0,0
88500,9719,3133,180,48,3,0,90,2,5,1,3,1,0,0,0,0,0,0
88600,9713,2900,183,67,2,0,96,0,6,0,0,0,0,0,0,0,0,0
88700,9737,2742,174,82,1,1,82,0,5,0,1,0,0,0,0,0,0,0
88800,9749,2880,163,53,2,4,79,3,7,0,0,0,0,0,0,0,0,0
88900,9753,3173,150,64,3,0,87,0,7,0,0,0,0,0,0,0,0,0
89000,9782,3121,110,47,4,1,91,1,10,0,3,1,0,0,0,0,0,0
89100,9795,2874,112,44,7,1,77,2,9,6,0,0,0,0,0,0,0,0
89200,9808,3063,108,49,4,0,74,1,2,0,4,0,0,0,0,0,0,0
89300,9790,3015,126,46,4,2,75,1,3,2,2,0,0,0,0,0,0,0
89400,9772,2818,166,66,2,0,53,1,5,3,2,0,0,0,0,0,0,0
89500,9781,2672,163,53,3,1,44,0,6,0,3,0,0,0,0,0,0,0
89600,9800,2862,163,80,2,1,29,1,4,0,2,0,0,0,0,0,0,0
89700,9815,2797,146,108,3,1,26,0,5,3,5,2,0,0,0,0,0,0
89800,9818,3024,143,53,6,24,26,0,6,3,1,0,0,0,0,0,0,0
89900,9823,3006,145,48,1,45,27,0,3,1,1,0,0,0,0,0,0,0
90000,9820,2900,147,55,2,10,24,0,7,0,0,1,0,0,0,0,0,0
90100,9817,2613,144,49,4,1,26,0,6,1,3,0,0,0,0,0,0,0
90200,9824,2574,143,79,2,1,28,0,2,1,1,0,0,0,0,0,0,0
90300,9834,2576,133,94,2,10,25,1,6,0,0,1,0,0,0,0,0,0
90400,9823,2659,142,59,5,6,27,1,3,1,0,0,0,0,0,0,0,0
90500,9817,2512,146,78,2,0,31,0,4,2,0,2,0,0,0,0,0,0
90600,9836,2504,130,73,5,1,23,2,3,0,3,0,0,0,0,0,0,0
90700,9822,2897,135,81,4,0,31,2,5,0,3,0,0,0,0,0,0,0
90800,9798,3709,157,60,5,0,31,2,5,0,4,0,0,0,0,0,0,0
90900,9807,4537,156,50,2,0,32,0,1,1,2,0,0,0,0,0,0,0
91000,9789,4820,173,56,2,0,31,0,1,0,4,0,0,0,0,0,0,0
91100,9783,4905,180,50,2,1,30,0,3,1,2,0,0,0,0,0,0,0
91200,9726,4803,233,49,6,0,29,0,3,1,3,0,0,0,0,0,0,0
91300,9706,4718,261,48,3,1,26,3,4,0,0,1,0,0,0,0,0,0
91400,9704,4440,257,67,1,1,30,6,6,1,2,1,0,0,0,0,0,0
91500,9710,4910,255,53,5,1,27,1,2,2,1,0,0,0,0,0,0,0
91600,9694,5211,268,52,3,1,28,1,4,4,3,0,0,0,0,0,0,0
91700,9726,3954,240,47,6,0,25,0,3,0,0,1,0,0,0,0,0,0
91800,9764,4071,195,54,2,1,30,2,8,0,1,0,0,0,0,0,0,0
91900,9753,4316,201,103,4,1,33,1,7,1,2,0,0,0,0,0,0,0
92000,9740,4264,216,133,5,6,31,0,7,0,1,0,0,0,0,0,0,0
92100,9747,4517,224,58,3,11,21,1,3,3,2,0,0,0,0,0,0,0
92200,9716,4801,273,39,4,5,5,1,1,1,1,0,0,0,0,0,0,0
92300,9637,4250,340,0,4,5,13,0,3,0,3,1,0,0,0,0,0,0
92400,9637,4561,352,8,0,3,7,0,2,3,2,1,0,0,0,0,0,0
92500,9652,5010,328,52,5,0,8,0,4,0,3,0,0,0,0,0,0,0
92600,9667,4516,324,136,2,1,6,2,1,4,0,0,0,0,0,0,0,0
92700,9650,3817,337,121,4,1,3,1,5,2,1,0,0,0,0,0,0,0
92800,9642,4429,346,204,6,2,5,0,0,3,1,0,0,0,0,0,0,0
92900,9618,4000,360,303,5,0,9,0,7,0,1,1,0,0,0,0,0,0
93000,9622,3975,362,206,3,3,11,0,2,1,0,3,0,0,0,0,0,0
93100,9638,4480,352,161,1,0,3,1,5,2,1,1,0,0,0,0,0,0
93200,9635,4564,347,134,3,1,9,2,5,1,1,1,0,0,0,0,0,0
93300,9610,4344,379,140,1,1,7,2,3,0,0,0,0,0,0,0,0,0
93400,9632,4014,357,279,1,0,7,0,3,0,0,0,0,0,0,0,0,0
93500,9625,4713,339,225,4,0,23,0,7,0,2,0,0,0,0,0,0,0
93600,9643,4064,322,130,2,1,32,1,0,1,1,0,0,0,0,0,0,0
93700,9646,3934,320,123,5,2,26,2,2,1,1,0,0,0,0,0,0,0
93800,9638,4101,327,131,2,0,31,1,1,0,1,1,0,0,0,0,0,0
93900,9651,4450,318,124,2,5,26,2,2,0,1,0,0,0,0,0,0,0
94000,9611,4397,354,159,8,2,17,1,7,0,3,0,0,0,0,0,0,0
94100,9569,4214,413,126,2,1,5,2,9,1,2,0,0,0,0,0,0,0
94200,9540,4695,435,138,8,0,9,0,6,1,2,0,0,0,0,0,0,0
94300,9488,5103,487,190,3,0,13,1,7,1,2,0,0,0,0,0,0,0
94400,9537,4208,437,255,2,0,16,2,7,3,1,0,0,0,0,0,0,0
94500,9466,4600,520,385,2,0,7,0,3,0,2,0,0,0,0,0,0,0
94600,9455,4220,525,461,3,2,13,1,3,1,1,1,0,0,0,0,0,0
94700,9419,4247,555,363,5,0,17,2,3,0,1,0,0,0,0,0,0,0
94800,9391,3999,594,260,1,0,9,1,5,0,0,0,0,0,0,0,0,0
94900,9373,4016,615,178,2,1,7,0,1,0,2,2,0,0,0,0,0,0
95000,9373,4520,599,177,3,1,18,0,3,1,4,0,0,0,0,0,0,0
95100,9366,3931,611,180,4,4,13,1,5,0,1,0,0,0,0,0,0,0
95200,9420,4207,565,125,3,2,5,1,6,0,1,1,0,0,0,0,0,0
95300,9432,4259,553,231,2,1,9,1,3,0,1,0,0,0,0,0,0,0
95400,9393,4108,595,385,2,0,5,1,2,1,3,0,0,0,0,0,0,0
95500,9369,3889,605,406,5,1,11,0,8,0,2,0,0,0,0,0,0,0
95600,9416,4073,560,336,3,2,12,0,5,1,4,0,0,0,0,0,0,0
95700,9377,4094,610,300,4,2,8,0,1,1,0,1,0,0,0,0,0,0
95800,9371,3720,607,314,3,1,13,3,4,4,2,0,0,0,0,0,0,0
95900,9337,3977,642,577,1,1,9,0,7,0,4,0,0,0,0,0,0,0
96000,9322,3906,657,688,1,0,16,2,4,3,0,0,0,0,0,0,0,0
96100,9347,4678,632,688,1,2,14,0,4,1,2,2,0,0,0,0,0,0
96200,9338,3785,647,686,3,0,8,1,3,1,1,1,0,0,0,0,0,0
96300,9322,3632,651,581,2,0,19,3,4,0,2,0,0,0,0,0,0,0
96400,9338,3458,646,632,1,1,11,0,4,1,0,0,0,0,0,0,0,0
96500,9424,3738,557,623,3,1,13,3,2,0,1,1,0,0,0,0,0,0
96600,9435,3650,542,416,2,1,15,0,2,1,4,1,0,0,0,0,0,0
96700,9505,3689,470,498,3,9,15,0,5,0,1,1,1,0,0,0,0,0
96800,9495,3048,482,431,2,10,14,4,5,0,2,0,0,0,0,0,0,0
96900,9470,3372,512,558,2,12,13,1,2,2,1,0,0,0,0,0,0,0
97000,9464,3013,520,474,4,2,9,1,2,1,1,0,0,0,0,0,0,0
97100,9438,3122,544,514,2,5,14,3,2,2,0,0,0,0,0,0,0,0
97200,9371,3689,610,833,4,1,7,1,7,0,1,1,0,0,0,2,0,0
97300,9326,4088,663,670,4,2,2,2,5,0,0,0,0,0,0,0,0,0
97400,9362,4551,627,678,1,1,5,1,5,0,0,1,0,0,0,0,0,0
97500,9416,4698,564,750,4,1,11,0,4,1,1,0,0,0,0,0,0,0
97600,9439,3951,545,752,3,0,7,3,5,2,1,0,0,0,0,0,0,0
97700,9461,3202,515,915,3,4,12,6,4,0,5,0,0,0,0,0,0,0
97800,9453,3784,514,754,3,2,19,1,8,2,3,0,0,0,0,0,0,0
97900,9475,4488,502,720,0,3,17,2,2,0,4,1,0,0,0,0,0,0
98000,9485,4595,489,823,6,2,17,0,3,1,0,0,0,0,0,0,0,0
98100,9448,4790,522,848,3,0,15,1,10,1,2,1,0,0,0,0,0,0
98200,9477,4232,501,887,4,0,15,0,2,2,1,1,0,0,0,0,0,0
98300,9483,4515,497,1091,1,0,16,1,2,0,1,0,0,0,0,0,0,0
98400,9464,4446,513,1237,4,2,15,2,3,0,1,2,0,0,0,0,0,0
98500,9498,4387,480,741,3,0,14,0,3,1,2,0,0,0,0,0,0,0
98600,9572,3729,409,689,1,0,12,0,3,2,2,0,1,0,0,0,0,0
98700,9565,3844,409,555,4,2,17,4,4,0,1,1,0,0,0,0,0,0
98800,9558,3663,425,604,1,1,12,0,3,3,1,0,0,0,0,0,0,0
98900,9550,3120,426,668,2,1,19,0,1,2,2,2,0,0,0,0,0,0
99000,9565,2944,414,609,5,2,14,1,2,4,0,1,0,0,0,0,0,0
99100,9585,4125,392,596,3,0,17,1,2,1,1,0,0,0,0,0,0,0
99200,9570,4933,402,645,0,1,22,0,5,0,1,0,0,0,0,0,0,0
99300,9556,5322,410,670,2,2,30,0,0,4,2,0,0,0,0,0,0,0
99400,9573,5611,404,580,4,0,15,2,3,2,1,0,0,0,0,0,0,0
99500,9565,5831,402,621,2,0,21,0,8,0,2,0,0,0,0,0,0,0
99600,9578,4569,404,801,3,5,12,4,2,3,1,0,0,0,0,0,0,0
99700,9596,4699,378,722,3,2,16,1,6,2,1,1,0,0,0,0,0,0
99800,9645,4551,337,506,1,1,16,1,1,0,0,1,0,0,0,0,0,0
99900,9651,5177,323,539,2,1,19,5,5,3,0,0,0,0,0,0,0,0
100000,9670,4932,304,474,1,2,21,1,1,1,3,0,0,0,0,0,0,0
