update,host_task_NOT,sym_task_NOT,host_task_NAND,sym_task_NAND,host_task_AND,sym_task_AND,host_task_ORN,sym_task_ORN,host_task_OR,sym_task_OR,host_task_ANDN,sym_task_ANDN,host_task_NOR,sym_task_NOR,host_task_XOR,sym_task_XOR,host_task_EQU,sym_task_EQU
0,0,0,0,0,0,0,0,0,0,0,0,0,0,0,0,0,0,0
100,10001,38357,0,1,0,4,0,0,0,1,1,2,0,0,0,0,0,0
200,9994,33254,0,1,1,8,2,1,2,3,1,4,0,0,0,0,0,0
300,9995,33182,0,5,3,6,2,1,0,8,0,4,0,0,0,0,0,0
400,9997,33202,0,6,2,4,0,6,1,7,0,3,0,0,0,0,0,0
500,9992,33179,0,4,2,6,1,2,5,5,0,4,0,0,0,0,0,0
600,9992,28074,0,3,2,2,0,4,5,1,1,2,0,0,0,0,0,0
700,9990,25938,0,3,2,4,2,3,3,5,3,3,0,0,0,0,0,0
800,9993,26051,0,9,4,5,1,4,2,7,0,3,0,0,0,0,0,0
900,9994,26044,0,10,2,6,1,2,3,2,0,0,0,0,0,0,0,0
1000,9991,26021,0,3,1,5,0,3,8,6,0,1,0,0,0,0,0,0
1100,9985,23331,5,19,1,3,4,3,5,4,0,1,0,0,0,0,0,0
1200,9983,20236,8,6,2,5,2,4,5,1,0,2,0,0,0,0,0,0
1300,9985,20210,9,7,3,4,1,2,1,9,1,0,0,0,0,0,0,0
1400,9983,20179,8,6,2,2,2,1,4,3,1,1,0,0,0,0,0,0
1500,9985,20289,12,4,0,1,1,1,2,4,0,2,0,0,0,0,0,0
1600,9983,19230,12,6,2,5,2,4,0,4,1,2,0,0,0,0,0,0
1700,9983,16116,12,9,1,3,1,5,2,4,1,0,0,0,0,0,0,0
1800,9975,15967,12,5,4,4,4,1,5,2,0,2,0,0,0,0,0,0
1900,9981,16180,12,3,1,3,1,0,2,2,3,3,0,0,0,0,0,0
2000,9981,16037,12,1,1,5,0,0,4,5,1,1,1,0,0,0,0,0
2100,9975,15849,13,9,5,1,0,4,4,5,1,1,2,0,0,0,0,0
2200,9981,12714,12,3,1,2,4,3,1,2,1,2,0,0,0,0,0,0
2300,9984,12763,9,2,1,5,1,6,4,1,1,0,0,0,0,0,0,0
2400,9980,12763,10,1,1,3,1,0,5,4,3,3,0,0,0,0,0,0
2500,9983,12754,10,5,1,2,1,0,5,3,0,0,0,0,0,0,0,0
2600,9980,12805,8,10,0,2,1,1,6,2,5,0,0,0,0,0,0,0
2700,9979,10912,16,21,1,4,0,1,3,5,1,0,0,0,0,0,0,0
2800,9966,10395,20,6,5,4,5,1,3,2,1,0,0,0,0,0,0,0
2900,9977,10500,16,5,1,4,0,1,4,3,2,0,0,0,0,0,0,0
3000,9976,10478,16,7,1,1,1,2,4,4,2,2,0,0,0,0,0,0
3100,9966,10467,21,3,1,3,4,3,4,3,4,1,0,0,0,0,0,0
3200,9960,9497,27,4,0,2,3,1,5,4,3,0,2,0,0,0,0,0
3300,9955,8630,38,5,0,4,3,1,3,3,0,2,1,0,0,0,0,0
3400,9946,8637,42,16,1,1,6,2,2,4,2,2,1,0,0,0,0,0
3500,9948,8630,42,19,1,0,5,2,2,1,2,1,0,0,0,0,0,0
3600,9950,8659,43,19,0,3,3,1,3,2,1,0,0,0,0,0,0,0
3700,9947,8203,44,3,4,2,2,2,2,1,1,1,0,0,0,0,0,0
3800,9943,7178,44,7,1,2,1,0,9,1,2,1,0,0,0,0,0,0
3900,9944,7234,47,10,2,1,3,5,3,2,1,1,0,1,0,0,0,0
4000,9945,7270,45,9,3,0,1,1,5,2,1,1,0,1,0,0,0,0
4100,9944,7250,46,8,4,0,2,0,3,2,1,2,0,0,0,0,0,0
4200,9946,7177,46,15,1,1,4,1,1,3,1,2,1,0,0,0,0,0
4300,9959,6153,35,12,2,1,2,0,1,2,1,0,0,0,0,0,0,0
4400,9949,6315,39,15,2,0,0,0,9,1,1,0,0,0,0,0,0,0
4500,9949,6442,40,15,2,0,1,0,6,4,2,0,0,0,0,0,0,0
4600,9951,6411,37,7,2,0,5,1,4,0,1,1,0,0,0,0,0,0
4700,9949,6518,42,1,1,0,2,1,5,2,1,1,0,0,0,0,0,0
4800,9949,5547,41,6,1,0,2,2,6,1,1,0,0,0,0,0,0,0
4900,9953,5336,37,17,2,1,1,1,7,1,0,0,0,0,0,0,0,0
5000,9938,5607,49,20,1,1,6,2,6,2,0,1,0,0,0,0,0,0
5100,9936,5574,52,20,3,2,5,3,4,3,0,0,0,0,0,0,0,0
5200,9935,5456,57,22,1,0,4,2,2,1,1,1,0,0,0,0,0,0
5300,9936,5022,54,11,3,3,4,7,3,1,0,0,0,0,0,0,0,0
5400,9944,4784,45,12,2,1,5,3,4,1,0,0,0,0,0,0,0,0
5500,9943,4987,44,10,2,6,3,3,8,3,0,0,0,0,0,0,0,0
5600,9945,5036,45,4,2,0,6,5,1,1,1,1,0,0,0,0,0,0
5700,9935,5017,51,10,2,1,6,3,5,4,1,0,0,0,0,0,0,0
5800,9934,4748,55,4,1,0,3,0,4,1,2,0,1,0,0,0,0,0
5900,9926,4378,57,13,4,0,3,1,9,0,1,2,0,0,0,0,0,0
6000,9908,4692,68,23,8,2,12,1,3,3,1,3,0,0,0,0,0,0
6100,9921,4615,66,26,3,1,7,1,3,2,0,1,0,0,0,0,0,0
6200,9918,4594,65,23,2,1,7,1,6,1,2,2,0,0,0,0,0,0
6300,9927,4528,61,24,1,3,3,1,5,1,2,0,1,0,0,0,0,0
6400,9956,3944,33,19,3,1,5,2,1,3,2,0,0,0,0,0,0,0
6500,9953,4307,32,21,2,0,2,2,5,2,3,0,3,0,0,0,0,0
6600,9943,4532,42,36,1,1,1,2,10,5,3,0,0,0,0,0,0,0
6700,9947,4594,42,51,2,2,2,3,6,2,0,1,1,0,0,0,0,0
6800,9950,4624,39,76,5,1,3,21,3,1,0,1,0,0,0,0,0,0
6900,9942,4256,44,39,3,1,3,1,3,5,4,0,1,0,0,0,0,0
7000,9946,4341,50,42,0,1,3,3,1,0,0,1,0,0,0,0,0,0
7100,9935,4576,59,40,2,1,4,10,0,2,0,1,0,1,0,0,0,0
7200,9925,4650,65,30,3,2,2,6,4,2,1,1,0,0,0,0,0,0
7300,9933,5009,54,14,4,2,5,5,4,7,0,2,0,0,0,0,0,0
7400,9928,4878,55,12,2,2,8,1,5,0,1,3,1,0,0,0,0,0
7500,9921,4935,64,38,3,1,8,2,4,1,0,0,0,0,0,0,0,0
7600,9921,5912,66,89,1,1,11,3,1,2,0,0,0,0,0,0,0,0
7700,9921,7201,70,97,1,5,2,2,6,3,0,1,0,0,0,0,0,0
7800,9903,8021,76,125,2,4,13,7,5,6,1,2,0,0,0,0,0,0
7900,9907,9705,74,139,5,9,7,5,5,6,2,3,0,0,0,0,0,0
8000,9911,10686,67,78,4,8,11,5,3,6,3,1,1,0,0,0,0,0
8100,9903,12701,69,148,2,5,16,14,6,7,4,1,0,0,0,0,0,0
8200,9904,13231,64,209,6,5,16,5,8,5,2,2,0,1,0,0,0,0
8300,9905,14657,72,356,2,5,15,8,5,8,1,4,0,0,0,0,0,0
8400,9880,15443,93,269,2,2,17,7,7,6,1,2,0,0,0,0,0,0
8500,9894,18308,85,109,3,8,12,3,4,3,2,1,0,0,0,0,0,0
8600,9889,21524,78,107,3,5,16,9,13,5,1,3,0,0,0,0,0,0
8700,9862,24137,107,151,4,5,21,6,5,9,1,3,0,0,0,0,0,0
8800,9868,25778,100,139,4,13,15,8,10,5,1,1,2,0,0,0,0,0
8900,9880,25659,95,95,0,3,11,9,10,5,3,1,1,0,0,0,0,0
9000,9864,23051,95,102,2,2,22,8,11,5,4,2,2,0,0,0,0,0
9100,9853,25056,108,140,7,9,13,10,17,5,1,1,1,0,0,0,0,0
9200,9864,26802,111,132,4,6,14,6,4,5,3,2,0,0,0,0,0,0
9300,9858,29173,106,160,4,9,17,8,10,8,5,2,0,0,0,0,0,0
9400,9864,29783,110,134,3,13,10,15,9,3,4,2,0,0,0,0,0,0
9500,9860,29779,107,212,7,4,10,4,6,8,9,0,1,0,0,0,0,0
9600,9866,30200,104,94,3,7,13,6,7,4,6,0,1,0,0,0,0,0
9700,9875,31587,97,129,10,13,11,8,6,9,1,0,0,0,0,0,0,0
9800,9863,30337,98,162,12,5,11,12,9,2,7,1,0,1,0,0,0,0
9900,9862,29832,98,154,10,4,11,8,11,5,7,0,1,0,0,0,0,0
10000,9861,28791,116,84,5,5,7,13,7,4,4,3,0,0,0,0,0,0
10100,9834,28719,146,91,6,3,7,17,5,8,2,1,0,0,0,0,0,0
10200,9824,30374,147,78,8,5,8,7,9,4,3,2,1,0,0,0,0,0
10300,9842,29255,131,114,11,6,10,13,4,3,0,2,2,0,0,0,0,0
10400,9828,30086,144,63,8,6,10,7,8,16,2,0,0,0,0,0,0,0
10500,9841,27726,137,130,7,2,8,10,5,8,2,2,0,1,0,0,0,0
10600,9846,29522,139,156,7,5,4,6,4,8,0,4,0,0,0,0,0,0
10700,9803,31403,173,114,10,4,7,8,4,6,3,1,0,0,0,0,0,0
10800,9864,28902,109,122,12,1,5,8,8,8,1,1,1,0,0,0,0,0
10900,9884,29872,91,115,10,5,9,8,2,10,4,1,0,0,0,0,0,0
11000,9880,28292,95,146,13,3,5,4,5,4,2,0,0,0,0,0,0,0
11100,9875,29911,99,65,10,8,9,3,5,14,2,3,0,0,0,0,0,0
11200,9882,28592,89,157,9,2,13,7,5,2,2,4,0,0,0,0,0,0
11300,9883,33862,91,243,9,5,10,4,3,8,4,0,0,0,0,0,0,0
11400,9882,30823,93,126,8,3,8,8,8,2,1,2,0,0,0,0,0,0
11500,9857,32026,107,119,13,4,7,7,11,7,5,2,0,0,0,0,0,0
11600,9865,32540,106,84,8,6,9,5,4,7,8,1,0,0,0,0,0,0
11700,9864,31375,98,26,14,6,18,12,3,4,2,2,1,0,0,0,0,0
11800,9871,31695,99,31,11,5,14,3,2,4,1,2,2,0,0,0,0,0
11900,9844,30659,132,91,10,4,9,10,4,12,1,3,0,0,0,0,0,0
12000,9786,31042,178,67,14,0,11,7,8,13,3,0,0,0,0,0,0,0
12100,9801,29797,176,126,6,3,14,4,2,4,1,2,0,0,0,0,0,0
12200,9783,29191,186,16,8,1,13,2,7,8,3,3,0,0,0,0,0,0
12300,9766,29033,213,34,4,5,11,14,3,4,3,1,0,0,0,0,0,0
12400,9746,28598,237,37,4,2,9,3,2,9,1,0,1,0,0,0,0,0
12500,9765,28931,215,23,2,1,11,3,6,4,1,0,0,0,0,0,0,0
12600,9745,28009,236,27,3,0,11,11,3,1,2,2,0,0,0,0,0,0
12700,9732,28419,240,28,4,3,13,4,9,10,2,1,0,0,0,0,0,0
12800,9745,27489,230,41,5,3,12,0,7,3,1,1,0,0,0,0,0,0
12900,9732,28529,242,104,7,2,10,8,7,6,2,3,0,0,0,0,0,0
13000,9655,28880,319,21,8,2,11,6,5,4,2,3,0,0,0,0,0,0
13100,9619,26051,359,30,4,3,11,10,6,4,1,1,0,0,0,0,0,0
13200,9675,25722,310,27,4,4,7,8,2,6,2,0,0,0,0,0,0,0
13300,9704,26597,269,32,6,6,10,3,10,2,0,0,1,0,0,0,0,0
13400,9706,25450,271,49,5,7,11,1,5,4,2,2,0,0,0,0,0,0
13500,9680,25435,285,23,6,4,14,5,11,4,4,2,0,0,0,0,0,0
13600,9684,23070,289,29,5,7,14,3,5,1,3,2,0,0,0,0,0,0
13700,9687,23734,292,44,2,3,13,0,3,10,2,0,1,0,0,0,0,0
13800,9667,23560,315,64,3,2,12,10,2,4,1,1,0,0,0,0,0,0
13900,9659,22745,317,29,4,2,12,6,5,1,3,1,0,0,0,0,0,0
14000,9666,21419,309,24,3,1,13,5,6,4,3,3,0,0,0,0,0,0
14100,9693,22205,289,24,3,2,10,2,3,8,2,1,0,0,0,0,0,0
14200,9712,20963,265,42,6,14,10,3,4,6,3,0,0,0,0,0,0,0
14300,9744,19137,232,95,1,5,17,2,3,2,3,1,0,0,0,0,0,0
14400,9735,19184,240,29,3,1,13,4,6,4,3,1,0,0,0,0,0,0
14500,9699,19982,272,22,8,4,13,2,5,2,3,0,0,0,0,0,0,0
14600,9728,19888,250,14,4,0,10,5,7,3,1,1,0,0,0,0,0,0
14700,9791,20912,194,19,1,1,10,3,4,3,0,2,0,0,0,0,0,0
14800,9780,20634,199,11,3,6,8,2,7,8,3,1,0,0,0,0,0,0
14900,9767,19513,212,38,5,3,11,2,5,4,0,4,0,0,0,0,0,0
15000,9758,20632,222,61,5,4,8,5,5,3,2,0,0,2,0,0,0,0
15100,9769,20204,219,38,2,3,6,2,4,1,0,0,0,0,0,0,0,0
15200,9764,19866,223,27,4,7,5,3,2,2,2,2,0,0,0,0,0,0
15300,9749,20125,231,19,5,5,7,9,5,6,2,1,1,0,0,0,0,0
15400,9807,18864,177,43,0,0,6,4,8,12,2,1,0,0,0,0,0,0
15500,9809,17419,171,57,4,4,11,0,4,2,1,0,0,0,0,0,0,0
15600,9800,18596,175,22,6,4,8,12,9,1,2,0,0,0,0,0,0,0
15700,9809,18743,169,21,7,1,6,3,8,3,1,0,0,0,0,0,0,0
15800,9824,18673,162,60,2,2,8,0,4,3,0,1,0,0,0,0,0,0
15900,9787,18951,200,37,7,4,0,1,5,3,1,0,0,0,0,0,0,0
16000,9765,20139,213,5,6,2,4,2,9,5,3,1,0,0,0,0,0,0
16100,9765,19488,217,23,3,0,4,3,2,4,7,0,0,0,2,0,0,0
16200,9741,18399,241,5,1,5,7,1,9,1,1,0,0,0,0,0,0,0
16300,9736,17180,247,16,4,1,5,7,8,2,0,1,0,0,0,0,0,0
16400,9741,17547,246,27,3,5,5,9,2,2,3,1,0,0,0,0,0,0
16500,9765,16839,208,47,5,4,9,5,11,9,2,1,0,0,0,0,0,0
16600,9749,16222,232,20,8,1,7,2,4,4,0,1,0,1,0,0,0,0
16700,9720,16849,263,25,1,0,5,2,8,1,3,2,0,0,0,0,0,0
16800,9680,15445,299,11,9,0,2,2,7,5,3,0,0,0,0,0,0,0
16900,9695,16448,280,38,7,4,9,2,7,7,2,0,0,0,0,0,0,0
17000,9690,16929,284,5,7,3,12,4,5,5,2,0,0,0,0,0,0,0
17100,9693,15851,291,7,5,0,9,1,1,3,1,2,0,0,0,0,0,0
17200,9669,16257,304,17,6,3,11,2,6,6,4,1,0,0,0,0,0,0
17300,9670,16500,298,41,9,1,10,3,10,4,3,2,0,0,0,0,0,0
17400,9680,15363,305,53,3,4,6,7,5,4,1,0,0,0,0,0,0,0
17500,9717,13407,266,24,6,0,5,8,4,2,2,0,0,0,0,0,0,0
17600,9699,12507,282,49,4,0,6,4,4,3,5,0,0,0,0,0,0,0
17700,9676,13449,312,18,3,3,3,1,3,0,3,2,0,0,0,0,0,0
17800,9644,13916,343,10,5,1,4,0,4,3,0,1,0,0,0,0,0,0
17900,9643,14326,335,20,4,1,9,3,6,2,3,0,0,0,0,0,0,0
18000,9638,14730,342,39,4,0,6,1,6,0,4,1,0,0,0,0,0,0
18100,9616,13439,367,17,5,4,8,1,3,3,1,0,0,0,0,0,0,0
18200,9619,13812,364,10,3,2,5,2,5,4,4,2,0,0,0,0,0,0
18300,9669,13166,315,11,3,0,2,2,8,1,3,0,0,0,0,0,0,0
18400,9679,12908,308,14,1,1,4,0,5,3,3,2,0,0,0,0,0,0
18500,9665,13464,315,6,4,3,5,1,7,7,4,0,0,0,0,0,0,0
18600,9648,13383,342,9,1,3,5,4,3,1,1,1,0,0,0,0,0,0
18700,9665,12663,321,7,2,0,4,2,4,1,3,0,1,0,0,0,0,0
18800,9665,12164,325,14,2,4,1,1,7,4,0,1,0,0,0,0,0,0
18900,9657,12982,328,9,3,3,5,1,5,0,2,1,0,0,0,0,0,0
19000,9655,13270,329,7,3,4,3,1,3,0,7,0,0,0,0,0,0,0
19100,9661,10513,320,10,2,4,10,3,5,2,2,0,0,0,0,0,0,0
19200,9631,12012,354,14,4,1,6,3,3,2,2,0,0,0,0,0,0,0
19300,9655,12087,331,4,2,3,4,3,6,2,2,0,0,0,0,0,0,0
19400,9651,11813,335,96,4,2,4,1,5,0,1,0,0,0,0,0,0,0
19500,9670,10168,315,111,0,0,9,3,3,2,3,0,0,0,0,0,0,0
19600,9664,11095,326,47,0,1,7,3,3,1,0,0,0,0,0,0,0,0
19700,9625,11340,358,10,5,1,6,1,3,0,3,0,0,0,0,0,0,0
19800,9613,10498,365,6,2,2,5,1,10,1,5,0,0,0,0,0,0,0
19900,9628,10236,354,5,4,0,4,1,6,5,4,0,0,0,0,0,0,0
20000,9627,9460,356,8,3,3,10,1,3,0,1,1,0,0,0,0,0,0
20100,9642,9091,346,30,2,1,4,2,4,0,2,0,0,0,0,0,0,0
20200,9647,8631,333,58,5,1,7,4,6,0,2,0,0,0,0,0,0,0
20300,9653,9801,321,13,5,1,11,0,8,0,2,0,0,0,0,0,0,0
20400,9656,9531,325,58,3,1,9,4,5,1,2,1,0,0,0,0,0,0
20500,9642,10557,343,52,3,1,2,1,6,1,4,0,0,0,0,0,0,0
20600,9640,10186,344,24,2,0,9,3,2,0,3,0,0,0,0,0,0,0
20700,9653,9884,326,90,4,1,7,3,10,2,0,1,0,0,0,0,0,0
20800,9658,9756,322,10,4,0,5,1,10,2,1,0,0,0,0,0,0,0
20900,9684,9889,291,8,6,2,9,3,8,3,2,2,0,0,0,0,0,0
21000,9687,9059,273,14,8,0,7,0,21,2,4,1,0,0,0,0,0,0
21100,9717,8931,260,20,8,1,5,0,10,2,0,0,0,0,0,0,0,0
21200,9726,7991,253,8,1,3,6,0,13,1,1,0,0,0,0,0,0,0
21300,9715,7650,252,8,5,2,10,1,15,2,3,0,0,0,0,0,0,0
21400,9710,7851,263,9,4,0,4,3,16,0,3,0,0,0,0,0,0,0
21500,9693,8580,264,22,6,2,26,2,8,2,3,0,0,0,0,0,0,0
21600,9702,8053,252,24,1,0,31,1,11,0,3,0,0,0,0,0,0,0
21700,9698,8014,256,12,3,0,35,3,6,0,2,0,0,0,0,0,0,0
21800,9682,8445,267,68,3,2,35,2,13,1,0,1,0,0,0,0,0,0
21900,9693,6963,259,9,5,3,35,1,6,2,2,0,0,0,0,0,0,0
22000,9673,7803,280,58,3,1,30,0,13,0,1,1,0,0,0,0,0,0
22100,9701,8938,252,0,1,3,33,1,12,1,1,0,0,0,0,0,0,0
22200,9695,7435,255,51,2,2,33,2,14,0,1,1,0,0,0,0,0,0
22300,9681,7082,270,4,6,1,35,0,6,0,2,0,0,0,0,0,0,0
22400,9674,6314,273,6,5,2,30,1,13,5,5,1,0,0,0,0,0,0
22500,9674,6826,277,13,2,1,31,0,12,3,3,0,1,0,0,0,0,0
22600,9674,6920,274,10,5,1,31,2,15,3,1,1,0,0,0,0,0,0
22700,9662,6774,284,45,4,0,37,0,10,3,3,0,0,0,0,0,0,0
22800,9683,7260,266,17,5,0,31,3,15,3,0,2,0,0,0,0,0,0
22900,9649,7945,272,5,4,0,61,1,13,1,1,0,0,0,0,0,0,0
23000,9650,7936,270,20,4,1,62,2,9,1,5,1,0,0,0,0,0,0
23100,9662,7361,261,7,0,1,61,0,14,0,2,0,0,0,0,0,0,0
23200,9665,6437,259,11,2,2,62,1,9,4,3,0,0,0,0,0,0,0
23300,9675,7092,248,10,5,0,62,1,8,1,2,0,0,0,0,0,0,0
23400,9708,8013,219,9,6,8,59,1,7,1,1,0,0,0,0,0,0,0
23500,9704,8080,221,29,3,10,60,0,11,2,1,2,0,0,0,0,0,0
23600,9674,6957,251,10,3,15,61,0,10,0,1,0,0,0,0,0,0,0
23700,9624,5842,298,9,4,12,63,3,7,1,4,0,0,0,0,0,0,0
23800,9679,5975,246,21,2,12,61,3,11,0,1,0,0,0,0,0,0,0
23900,9680,6200,239,22,1,12,71,3,7,2,2,0,0,1,0,0,0,0
24000,9604,6474,284,21,19,10,83,0,8,2,1,1,1,0,0,0,0,0
24100,9599,6055,278,7,28,11,74,8,17,0,4,0,0,0,0,0,0,0
24200,9567,5737,317,3,33,11,76,1,6,1,1,1,0,0,0,0,0,0
24300,9592,6603,302,6,28,11,68,0,8,0,2,0,0,0,0,0,0,0
24400,9561,6556,329,12,32,13,62,0,9,3,6,0,1,0,0,0,0,0
24500,9569,5991,330,17,28,12,64,1,6,0,3,1,0,0,0,0,0,0
24600,9597,6517,318,33,33,11,37,0,14,0,1,0,0,0,0,0,0,0
24700,9619,5996,305,14,32,12,38,1,6,2,0,0,0,0,0,0,0,0
24800,9616,5491,308,4,28,13,33,3,9,1,3,0,3,0,0,0,0,0
24900,9624,5294,305,2,28,12,33,0,6,0,4,0,0,0,0,0,0,0
25000,9622,5874,302,3,30,3,32,0,10,0,4,0,0,0,0,0,0,0
25100,9613,5484,318,48,30,2,33,1,4,1,2,0,0,0,0,0,0,0
25200,9620,4944,306,8,30,1,35,1,8,3,1,0,0,0,0,0,0,0
25300,9576,6221,344,5,32,0,39,1,8,2,1,2,0,0,0,0,0,0
25400,9580,6264,343,8,29,0,38,1,5,0,5,0,0,0,0,0,0,0
25500,9577,6395,346,4,29,1,34,0,12,0,2,0,0,0,0,0,0,0
25600,9577,6253,350,20,32,1,34,3,6,0,1,0,0,0,0,0,0,0
25700,9556,6524,357,21,29,3,40,0,16,1,2,0,0,0,0,0,0,0
25800,9591,5981,334,32,30,4,35,0,8,1,2,0,0,0,0,0,0,0
25900,9596,6749,334,4,29,2,34,2,4,1,3,0,0,0,0,0,0,0
26000,9623,6884,325,2,26,1,20,2,5,0,0,0,1,0,0,0,0,0
26100,9658,6431,301,1,30,2,2,2,7,0,2,0,0,0,0,0,0,0
26200,9647,6353,312,8,29,2,3,2,8,1,1,0,0,0,0,0,0,0
26300,9635,6966,320,8,31,1,6,2,8,0,0,0,0,0,0,0,0,0
26400,9628,7031,328,10,29,0,3,3,9,0,3,1,0,0,0,0,0,0
26500,9674,7634,282,32,32,3,5,0,5,3,2,0,0,0,0,0,0,0
26600,9715,6382,255,14,19,3,2,1,8,3,1,2,0,0,0,0,0,0
26700,9732,6601,248,52,4,0,4,0,11,4,1,0,0,0,0,0,0,0
26800,9734,6124,247,19,4,0,1,0,13,0,1,0,0,0,0,0,0,0
26900,9753,6049,241,13,1,1,2,0,2,2,1,1,0,0,0,0,0,0
27000,9753,5884,233,2,3,3,2,0,6,2,3,0,0,0,0,0,0,0
27100,9745,5492,239,4,2,2,2,0,8,4,4,0,0,0,0,0,0,0
27200,9746,5158,236,7,3,2,7,3,8,1,0,0,0,0,0,0,0,0
27300,9778,5453,213,2,3,0,4,0,2,2,0,0,0,0,0,0,0,0
27400,9783,5671,204,6,4,3,1,1,4,1,4,0,0,0,0,0,0,0
27500,9781,6628,208,8,3,0,3,1,3,2,2,1,0,0,0,0,0,0
27600,9775,7371,216,1,1,0,1,1,6,1,1,0,0,0,0,0,0,0
27700,9788,7234,199,8,3,0,8,1,2,2,0,0,0,0,0,0,0,0
27800,9803,5597,187,1,1,0,3,0,4,1,2,1,0,0,0,0,0,0
27900,9820,6190,167,109,4,1,3,0,4,0,2,2,0,0,0,0,0,0
28000,9827,5912,155,8,2,0,5,0,11,3,0,1,0,0,0,0,0,0
28100,9829,6364,151,6,6,0,2,0,8,1,4,0,0,0,0,0,0,0
28200,9849,7608,140,3,5,1,1,3,5,0,0,0,0,0,0,0,0,0
28300,9837,7256,143,2,8,0,6,3,2,5,4,1,0,0,0,0,0,0
28400,9869,7242,120,7,3,2,2,2,5,1,1,0,0,0,0,0,0,0
28500,9892,7096,100,5,2,3,0,3,3,1,3,0,0,0,0,0,0,0
28600,9890,6646,97,5,1,3,5,1,7,1,0,0,0,0,0,0,0,0
28700,9883,6215,103,10,2,0,5,0,3,0,4,0,0,0,0,0,0,0
28800,9895,5831,97,22,3,2,1,1,3,1,1,1,0,0,0,0,0,0
28900,9905,5442,84,27,5,0,2,1,3,0,1,0,0,0,0,0,0,0
29000,9905,4938,83,35,1,1,3,3,7,3,1,0,0,0,0,0,0,0
29100,9927,5031,63,31,3,0,3,2,4,1,0,0,0,0,0,0,0,0
29200,9938,5278,53,34,3,4,4,1,1,0,1,0,0,0,0,0,0,0
29300,9942,5473,52,41,2,1,0,1,4,2,0,0,0,0,0,0,0,0
29400,9940,5154,52,37,1,2,1,1,4,0,2,1,0,0,0,0,0,0
29500,9929,4717,58,33,2,0,1,3,9,2,1,1,0,0,0,0,0,0
29600,9936,5795,52,46,1,0,7,2,4,0,0,1,0,0,0,0,0,0
29700,9930,5609,56,52,2,1,3,1,8,0,1,0,0,0,0,0,0,0
29800,9899,5225,91,55,3,0,5,0,2,1,0,0,0,0,0,0,0,0
29900,9875,4755,117,65,2,1,2,1,3,1,0,0,1,0,0,0,0,0
30000,9849,4891,140,61,1,2,4,1,4,0,2,0,0,0,0,0,0,0
30100,9851,5295,144,88,2,1,0,1,3,2,0,0,0,0,0,0,0,0
30200,9840,4732,148,58,2,2,5,1,5,6,0,4,0,0,0,0,0,0
30300,9813,5029,170,60,3,1,6,5,7,3,1,0,0,0,0,0,0,0
30400,9774,5804,211,58,4,3,5,0,6,2,0,2,0,0,0,0,0,0
30500,9784,5892,203,52,3,3,3,0,3,0,4,0,0,0,0,0,0,0
30600,9809,5536,181,57,2,8,8,0,0,3,0,0,0,0,0,0,0,0
30700,9803,5791,179,55,3,0,3,1,8,3,4,0,0,0,0,0,0,0
30800,9790,5073,193,100,3,0,8,2,6,1,0,0,0,0,0,0,0,0
30900,9815,4936,176,49,0,0,6,0,1,3,2,0,0,0,0,0,0,0
31000,9786,4961,194,56,4,1,9,0,2,0,5,0,0,0,0,0,0,0
31100,9773,4918,203,82,7,0,11,0,4,1,2,1,0,0,0,0,0,0
31200,9798,4877,194,117,2,0,5,4,1,2,0,1,0,0,0,0,0,0
31300,9797,4488,183,135,6,1,13,5,1,6,0,0,0,0,0,0,0,0
31400,9806,4877,180,127,3,1,9,2,1,2,1,0,0,0,0,0,0,0
31500,9788,4852,200,92,2,0,6,0,2,0,2,0,0,0,0,0,0,0
31600,9769,5124,222,89,1,1,3,2,5,0,0,0,0,0,0,0,0,0
31700,9774,5282,218,127,0,0,6,4,1,4,1,0,0,0,0,0,0,0
31800,9749,4408,232,60,5,1,5,0,5,0,4,0,0,0,0,0,0,0
31900,9742,4383,245,165,1,2,9,1,2,1,1,0,0,0,0,0,0,0
32000,9711,4891,284,203,2,0,2,0,1,0,0,0,0,0,0,0,0,0
32100,9671,4104,325,116,1,2,0,1,3,0,0,1,0,0,0,0,0,0
32200,9676,5004,317,160,2,1,1,0,2,1,2,1,0,0,0,0,0,0
32300,9677,4481,310,179,6,1,3,0,4,4,0,1,0,0,0,0,0,0
32400,9704,3491,287,165,5,1,2,0,1,1,1,2,0,0,0,0,0,0
32500,9681,3817,307,181,4,0,6,0,1,3,1,0,0,0,0,0,0,0
32600,9684,4271,306,157,2,2,4,2,3,2,1,0,0,0,0,0,0,0
32700,9684,4582,306,118,3,0,0,1,6,2,1,0,0,0,0,0,0,0
32800,9705,4840,286,226,2,0,5,0,1,3,1,0,0,0,0,0,0,0
32900,9712,5289,276,130,4,0,3,0,3,1,2,2,0,0,0,0,0,0
33000,9735,5423,248,94,7,1,2,0,7,1,1,0,0,0,0,0,0,0
33100,9769,4579,228,85,1,2,1,1,1,1,0,0,0,0,0,0,0,0
33200,9782,4481,210,71,2,0,0,1,3,0,2,0,1,0,0,0,0,0
33300,9797,4445,196,34,3,0,3,1,1,2,0,1,0,0,0,0,0,0
33400,9759,5251,224,32,8,1,2,0,4,0,2,1,1,0,0,0,0,0
33500,9769,5056,218,24,8,0,2,1,3,0,0,1,0,0,0,0,0,0
33600,9798,5579,196,20,2,0,3,1,1,2,0,0,0,0,0,0,0,0
33700,9783,5163,202,21,4,0,6,1,5,1,0,0,0,0,0,0,0,0
33800,9774,4544,216,31,3,1,1,0,5,2,1,0,0,0,0,0,0,0
33900,9783,4370,200,24,6,0,7,1,4,1,0,0,0,0,0,0,0,0
34000,9821,4072,169,22,1,0,3,0,6,3,0,0,0,0,0,0,0,0
34100,9815,4039,162,21,1,0,14,1,6,0,2,0,0,0,0,0,0,0
34200,9822,3940,158,41,5,0,10,1,5,1,0,0,0,0,0,0,0,0
34300,9810,4006,171,13,5,1,6,0,8,0,0,0,0,0,0,0,0,0
34400,9755,4025,219,5,7,2,10,3,8,0,1,0,0,0,0,0,0,0
34500,9753,4382,232,2,4,0,10,0,1,0,0,0,0,0,0,0,0,0
34600,9757,4316,224,0,0,0,13,0,6,0,0,1,0,0,0,0,0,0
34700,9762,4405,214,13,2,2,19,2,2,3,1,0,0,0,0,0,0,0
34800,9735,5066,249,1,1,0,10,0,1,0,4,0,0,0,0,0,0,0
34900,9702,4596,279,9,1,1,16,0,2,0,0,2,0,0,0,0,0,0
35000,9688,4099,291,13,2,0,12,0,6,2,1,2,0,0,0,0,0,0
35100,9703,4684,284,12,1,2,11,2,0,0,1,1,0,0,0,0,0,0
35200,9701,4410,278,5,3,2,14,2,2,4,2,2,0,0,0,0,0,0
35300,9633,3892,346,55,2,0,14,2,4,2,1,0,0,0,0,0,0,0
35400,9598,4218,383,84,1,4,12,0,4,3,2,0,0,0,0,0,0,0
35500,9625,3865,342,23,6,1,17,0,7,1,3,0,0,0,0,0,0,0
35600,9642,3750,343,15,3,3,10,0,0,3,2,1,0,0,0,0,0,0
35700,9622,3897,358,12,2,7,12,1,5,2,1,0,0,0,0,0,0,0
35800,9580,3664,396,0,2,1,16,0,5,1,1,0,0,0,0,0,0,0
35900,9582,3611,397,6,5,3,13,0,1,0,2,1,0,0,0,0,0,0
36000,9561,3060,419,2,3,3,13,0,2,1,2,0,0,0,0,0,0,0
36100,9563,3004,419,2,2,0,10,0,3,1,3,0,0,0,0,0,0,0
36200,9557,3056,424,4,4,2,10,0,4,0,1,0,0,0,0,0,0,0
36300,9583,2954,400,25,2,4,12,0,3,5,0,2,0,0,0,0,0,0
36400,9575,3007,411,23,2,0,9,0,3,2,0,0,0,0,0,0,0,0
36500,9632,3276,358,28,1,1,5,1,2,3,2,0,0,0,0,0,0,0
36600,9607,3541,379,18,2,0,8,1,2,0,2,1,0,0,0,0,0,0
36700,9631,3268,355,15,3,0,8,1,2,0,1,1,0,0,0,0,0,0
36800,9627,3489,347,2,5,1,11,1,6,0,4,0,0,0,0,0,0,0
36900,9641,3461,339,4,2,1,13,1,3,1,2,1,0,0,0,0,0,0
37000,9662,3192,314,2,5,1,10,1,9,1,0,0,0,0,0,0,0,0
37100,9632,3407,347,5,4,0,10,0,7,1,0,0,0,0,0,0,0,0
37200,9646,3451,327,28,5,2,15,0,5,2,2,0,0,0,0,0,0,0
37300,9700,3119,279,7,1,2,15,0,1,0,4,0,0,0,0,0,0,0
37400,9699,3682,282,11,2,2,13,1,4,0,0,1,0,0,0,0,0,0
37500,9691,3970,285,6,5,2,14,0,5,1,0,0,0,0,0,0,0,0
37600,9694,3903,288,7,3,0,12,0,3,0,0,0,0,0,0,0,0,0
37700,9683,3430,288,14,4,0,17,0,6,1,2,0,0,0,0,0,0,0
37800,9757,3638,217,5,1,1,20,1,3,0,2,0,0,0,0,0,0,0
37900,9783,3271,194,3,3,1,12,0,6,0,2,0,0,0,0,0,0,0
38000,9772,3032,208,2,1,1,15,1,2,0,2,1,0,0,0,0,0,0
38100,9774,3581,205,7,5,1,12,0,4,0,0,2,0,0,0,0,0,0
38200,9729,3876,247,6,1,2,19,0,2,0,2,0,0,0,0,0,0,0
38300,9705,4819,261,5,5,1,23,0,4,0,2,0,0,0,0,0,0,0
38400,9709,4501,268,17,2,1,19,0,1,0,1,0,0,0,0,0,0,0
38500,9682,4184,289,10,4,2,19,1,5,1,1,0,0,0,0,0,0,0
38600,9684,4327,287,9,1,2,20,0,5,1,3,0,0,0,0,0,0,0
38700,9685,3881,287,18,3,1,22,3,2,0,1,0,0,0,0,0,0,0
38800,9726,4021,245,1,0,0,22,6,4,0,3,0,0,0,0,0,0,0
38900,9755,4346,213,16,4,0,21,0,5,0,2,0,0,0,0,0,0,0
39000,9771,4493,202,4,1,0,23,0,1,0,2,0,0,0,0,0,0,0
39100,9775,4550,198,6,2,0,23,3,1,0,1,0,0,0,0,0,0,0
39200,9771,4387,196,1,8,0,21,1,3,0,0,0,1,0,0,0,0,0
39300,9786,4641,188,7,2,0,21,1,3,0,0,0,0,0,0,0,0,0
39400,9834,4577,143,10,0,2,19,0,4,0,0,0,0,0,0,0,0,0
39500,9830,4519,146,1,1,0,19,0,2,0,2,0,0,0,0,0,0,0
39600,9863,3841,114,1,1,1,20,0,1,5,1,1,0,0,0,0,0,0
39700,9886,3521,90,10,2,1,19,0,3,0,0,1,0,0,0,0,0,0
39800,9873,4340,97,3,2,1,25,2,1,1,2,0,0,0,0,0,0,0
39900,9880,4176,95,2,1,1,22,5,1,3,1,0,0,0,0,0,0,0
40000,9867,4437,109,2,0,0,20,0,1,0,3,0,0,0,0,0,0,0
40100,9857,4450,117,9,1,1,20,0,2,0,3,0,0,0,0,0,0,0
40200,9860,3950,119,10,1,1,19,4,1,0,0,0,0,0,0,0,0,0
40300,9861,3289,116,11,1,1,19,0,2,0,1,1,0,0,0,0,0,0
40400,9848,4086,124,11,2,1,22,0,3,3,1,0,0,0,0,0,0,0
40500,9844,4533,129,10,4,0,18,0,4,0,1,0,0,0,0,0,0,0
40600,9851,4201,125,8,2,1,20,2,0,1,2,0,0,0,0,0,0,0
40700,9860,3521,120,3,1,0,18,0,1,1,0,1,0,0,0,0,0,0
40800,9860,3798,119,20,2,0,18,3,1,0,0,1,0,0,0,0,0,0
40900,9853,4046,119,7,1,0,23,0,3,3,1,0,0,0,0,0,0,0
41000,9824,3771,151,0,2,1,18,0,4,0,1,1,0,0,0,0,0,0
41100,9799,4202,173,2,2,0,20,0,5,0,1,1,0,0,0,0,0,0
41200,9794,3830,181,2,0,0,20,0,4,0,1,0,0,0,0,0,0,0
41300,9818,4271,163,5,0,0,18,0,1,0,0,1,0,0,0,0,0,0
41400,9811,4680,169,15,0,0,18,1,1,0,1,0,0,0,0,0,0,0
41500,9803,4897,174,20,2,1,20,1,0,1,1,1,0,0,0,0,0,0
41600,9811,4762,162,10,3,0,18,3,5,1,1,0,0,0,0,0,0,0
41700,9792,4056,175,12,2,2,21,3,5,1,5,1,0,0,0,0,0,0
41800,9796,4601,177,11,1,2,22,1,3,0,1,0,0,0,0,0,0,0
41900,9796,4122,178,9,3,1,20,0,2,0,1,0,0,0,0,0,0,0
42000,9802,3588,175,9,0,0,20,3,3,2,0,0,0,0,0,0,0,0
42100,9798,3290,175,13,3,0,19,1,5,0,0,1,0,0,0,0,0,0
42200,9847,3251,121,9,5,0,22,1,4,0,1,0,0,0,0,0,0,0
42300,9868,2665,100,10,2,2,21,1,9,0,0,0,0,0,0,0,0,0
42400,9881,3052,90,5,3,1,18,2,6,0,2,0,0,0,0,0,0,0
42500,9872,3435,93,1,6,0,21,5,4,0,4,0,0,0,0,0,0,0
42600,9873,3456,95,13,5,0,21,4,4,1,2,0,0,0,0,0,0,0
42700,9877,3726,98,65,4,0,20,3,0,2,1,0,0,0,0,0,0,0
42800,9866,3470,103,3,5,2,19,0,5,0,2,0,0,0,0,0,0,0
42900,9866,3585,107,1,2,1,21,1,3,0,1,0,0,0,0,0,0,0
43000,9876,3450,95,3,3,1,22,2,4,1,0,0,0,0,0,0,0,0
43100,9873,3190,98,4,3,6,22,1,3,0,1,0,0,0,0,0,0,0
43200,9876,3158,97,4,2,4,19,4,6,0,0,0,0,0,0,0,0,0
43300,9873,3429,101,9,1,1,21,0,4,1,0,0,0,0,0,0,0,0
43400,9901,3442,69,12,3,0,20,0,5,0,2,0,0,0,0,0,0,0
43500,9900,3039,71,5,2,0,23,0,3,1,1,0,0,0,0,0,0,0
43600,9906,3188,70,4,1,3,20,2,2,3,1,0,0,0,0,0,0,0
43700,9896,3579,78,7,1,0,22,3,3,2,0,1,0,0,0,0,0,0
43800,9897,3810,77,6,2,1,20,0,3,0,1,0,0,0,0,0,0,0
43900,9901,3746,70,2,3,1,24,0,2,0,0,0,0,0,0,0,0,0
44000,9893,3831,69,0,3,0,27,2,6,1,2,1,0,0,0,0,0,0
44100,9903,3191,69,4,1,0,22,0,3,0,2,0,0,0,0,0,0,0
44200,9902,3185,66,3,2,0,26,1,2,1,2,0,0,0,0,0,0,0
44300,9901,3579,70,2,2,2,21,1,6,1,0,0,0,0,0,0,0,0
44400,9893,3459,70,2,10,2,20,1,5,0,2,0,0,0,0,0,0,0
44500,9884,3773,86,7,3,0,24,0,3,0,0,0,0,0,0,0,0,0
44600,9891,3933,81,1,3,1,21,0,4,2,0,0,0,0,0,0,0,0
44700,9923,3290,65,0,1,1,10,0,1,1,0,0,0,0,0,0,0,0
44800,9931,4168,62,1,3,1,2,0,1,0,1,0,0,0,0,0,0,0
44900,9934,4214,55,4,5,1,5,0,0,1,1,0,0,0,0,0,0,0
45000,9942,4120,50,3,1,0,4,0,0,0,3,1,0,0,0,0,0,0
45100,9948,4148,48,1,1,0,1,0,1,1,1,0,0,0,0,0,0,0
45200,9945,3466,41,17,3,0,1,0,8,1,2,0,0,0,0,0,0,0
45300,9950,4052,42,13,2,0,5,1,1,1,0,0,0,0,0,0,0,0
45400,9950,4202,43,1,2,0,1,5,2,0,2,0,0,0,0,0,0,0
45500,9951,3955,44,0,1,0,1,4,2,0,1,0,0,0,0,0,0,0
45600,9944,3378,49,3,4,1,0,1,3,1,0,0,0,0,0,0,0,0
45700,9940,3980,52,5,2,1,1,0,4,1,1,0,0,0,0,0,0,0
45800,9941,4259,55,2,2,0,0,1,0,1,2,1,0,0,0,0,0,0
45900,9942,4384,56,13,1,0,0,0,0,1,1,0,0,0,0,0,0,0
46000,9948,3975,47,71,0,0,0,0,4,1,1,0,0,0,0,0,0,0
46100,9941,3715,53,67,4,1,1,1,1,1,0,0,0,0,0,0,0,0
46200,9935,3445,53,7,3,0,2,0,6,0,1,1,0,0,0,0,0,0
46300,9930,3254,59,4,3,1,0,3,5,1,3,1,0,0,0,0,0,0
46400,9937,3016,55,7,1,0,2,0,5,1,0,0,0,1,0,0,0,0
46500,9946,3867,45,3,4,1,2,0,2,0,1,0,0,0,0,0,0,0
46600,9978,3379,13,3,3,1,1,0,4,1,1,0,0,0,0,0,0,0
46700,9987,3086,4,4,2,1,5,1,2,2,0,1,0,0,0,0,0,0
46800,9982,2985,6,5,3,0,7,1,1,1,1,0,0,0,0,0,0,0
46900,9988,2805,9,6,0,1,1,2,2,1,0,0,0,0,0,0,0,0
47000,9984,3195,10,0,3,2,1,0,2,1,0,0,0,0,0,0,0,0
47100,9984,3587,11,11,2,0,1,4,1,3,1,1,0,0,0,0,0,0
47200,9978,3564,7,3,3,0,2,0,8,2,2,0,0,0,0,0,0,0
47300,9981,4310,8,43,2,1,3,2,5,1,1,0,0,0,0,0,0,0
47400,9980,3696,7,8,3,0,5,1,5,0,0,1,0,0,0,0,0,0
47500,9983,3372,10,4,4,0,2,1,0,1,1,0,0,0,0,0,0,0
47600,9987,3755,7,8,4,1,0,1,2,2,0,1,0,0,0,0,0,0
47700,9984,3712,6,19,3,0,1,0,5,0,1,0,0,0,0,0,0,0
47800,9977,4544,10,18,1,0,4,0,7,1,1,0,0,0,0,0,0,0
47900,9992,3996,2,6,3,0,1,0,2,0,0,1,0,0,0,0,0,0
48000,9981,4115,7,9,1,0,3,0,3,3,5,0,0,0,0,0,0,0
48100,9983,4096,11,3,1,1,1,0,2,1,2,0,0,0,0,0,0,0
48200,9967,3766,15,2,3,0,4,1,10,1,1,0,0,0,0,0,0,0
48300,9983,4192,8,2,3,0,2,0,2,1,2,0,0,0,0,0,0,0
48400,9980,4611,10,2,2,0,6,5,1,1,1,0,0,0,0,0,0,0
48500,9987,4248,9,7,2,3,1,0,1,0,0,0,0,0,0,0,0,0
48600,9988,3796,8,3,2,11,1,0,0,3,1,0,0,0,0,0,0,0
48700,9983,3600,4,2,5,14,2,0,5,1,1,0,0,0,0,0,0,0
48800,9993,3714,2,8,1,15,2,1,2,3,0,0,0,0,0,0,0,0
48900,9986,4192,7,0,2,13,0,0,3,0,2,0,0,0,0,0,0,0
49000,9989,4381,8,0,0,1,0,0,1,2,2,0,0,0,0,0,0,0
49100,9971,3987,10,0,2,0,9,1,7,0,1,0,0,0,0,0,0,0
49200,9972,3239,13,3,1,0,9,4,5,2,0,1,0,0,0,0,0,0
49300,9960,3392,26,0,0,1,9,0,5,1,0,0,0,0,0,0,0,0
49400,9959,3835,24,2,3,0,10,0,2,2,2,0,0,0,0,0,0,0
49500,9948,4227,26,9,3,0,10,0,9,3,4,2,0,0,0,0,0,0
49600,9967,3821,21,6,0,0,9,0,3,2,0,0,0,0,0,0,0,0
49700,9962,4441,27,0,2,2,4,0,3,0,2,0,0,0,0,0,0,0
49800,9968,3811,24,88,2,0,1,1,4,3,1,0,0,0,0,0,0,0
49900,9975,3736,21,5,2,1,1,0,1,1,0,1,0,0,0,0,0,0
50000,9968,2833,24,2,3,1,2,1,2,0,1,0,0,0,0,0,0,0
50100,9969,3326,22,0,2,1,1,0,4,1,2,0,0,0,0,0,0,0
50200,9974,3533,20,3,1,0,1,0,3,1,1,0,0,0,0,0,0,0
50300,9971,3567,20,2,1,0,4,0,2,2,2,0,0,0,0,0,0,0
50400,9966,4416,21,10,3,1,6,0,2,1,2,0,0,0,0,0,0,0
50500,9967,4980,23,7,3,0,2,0,3,2,2,0,0,0,0,0,0,0
50600,9965,4819,22,14,4,0,5,1,2,0,2,0,0,0,0,0,0,0
50700,9969,4188,20,9,3,0,4,2,4,0,0,0,0,0,0,0,0,0
50800,9968,4033,19,0,2,2,6,1,5,0,0,0,0,0,0,0,0,0
50900,9974,4182,19,4,2,0,1,0,3,1,1,0,0,0,0,0,0,0
51000,9967,3572,20,8,2,0,8,1,3,0,0,0,0,0,0,0,0,0
51100,9961,3996,20,2,2,0,10,0,2,0,5,0,0,0,0,0,0,0
51200,9961,4290,20,1,2,4,12,2,3,0,2,0,0,0,0,0,0,0
51300,9961,4851,18,5,2,7,16,1,2,0,1,0,0,0,0,0,0,0
51400,9961,3960,19,20,3,2,11,1,5,1,1,0,0,0,0,0,0,0
51500,9960,3899,22,10,2,1,9,0,6,0,1,0,0,0,0,0,0,0
51600,9965,3793,19,4,4,1,9,0,2,0,1,1,0,0,0,0,0,0
51700,9964,3410,22,0,1,0,9,0,2,0,2,0,0,1,0,0,0,0
51800,9962,3390,26,18,1,0,7,0,2,1,2,0,0,0,0,0,0,0
51900,9957,3369,32,37,2,0,8,1,1,0,0,0,0,0,0,0,0,0
52000,9959,3109,22,2,2,2,9,0,4,2,4,0,0,0,0,0,0,0
52100,9964,2706,20,6,0,1,14,1,1,0,1,1,0,0,0,0,0,0
52200,9959,2965,21,5,5,2,9,0,5,4,1,0,0,0,0,0,0,0
52300,9961,3200,21,0,3,0,11,0,3,0,1,0,0,0,0,0,0,0
52400,9955,2606,27,0,4,0,10,0,2,0,2,0,0,0,0,0,0,0
52500,9908,2223,78,4,3,2,9,2,2,0,0,0,0,0,0,0,0,0
52600,9895,2483,90,0,0,0,13,0,1,3,1,0,0,0,0,0,0,0
52700,9889,2324,98,1,2,0,8,2,3,0,0,0,0,0,0,0,0,0
52800,9901,2433,90,2,2,1,7,0,0,1,0,0,0,0,0,0,0,0
52900,9934,2859,50,3,1,1,11,0,3,0,1,1,0,0,0,0,0,0
53000,9957,3151,27,4,0,1,9,0,5,0,2,2,0,0,0,0,0,0
53100,9952,3203,33,5,1,0,14,0,0,6,0,0,0,0,0,0,0,0
53200,9924,3475,69,2,0,1,3,2,1,0,3,1,0,0,0,0,0,0
53300,9914,3050,75,4,1,1,4,5,3,0,3,0,0,0,0,0,0,0
53400,9958,2869,34,12,1,0,3,4,3,1,1,0,0,0,0,0,0,0
53500,9965,2807,24,3,4,0,4,1,3,1,0,1,0,0,0,0,0,0
53600,9965,2977,30,6,3,1,1,2,1,0,0,1,0,0,0,0,0,0
53700,9954,3336,40,0,2,1,3,1,1,1,0,0,0,0,0,0,0,0
53800,9952,3290,40,2,2,2,1,0,5,0,0,1,0,0,0,0,0,0
53900,9954,3593,39,14,1,0,2,0,1,2,2,1,1,0,0,0,0,0
54000,9955,3609,33,19,1,0,8,2,3,0,0,0,0,0,0,0,0,0
54100,9919,3145,76,3,1,3,0,0,4,0,0,0,0,0,0,0,0,0
54200,9890,3122,102,5,5,0,2,0,0,3,1,1,0,0,0,0,0,0
54300,9890,2632,105,4,1,1,2,1,2,1,0,0,0,0,0,0,0,0
54400,9891,3235,107,3,1,0,1,1,0,0,0,0,0,0,0,0,0,0
54500,9875,3017,113,9,4,0,5,2,2,0,1,0,0,0,0,0,0,0
54600,9824,3651,159,4,2,1,9,1,6,0,0,0,0,0,0,0,0,0
54700,9837,3745,155,6,0,5,5,0,3,0,0,0,0,0,0,0,0,0
54800,9841,3847,149,6,3,6,7,0,0,0,0,0,0,0,0,0,0,0
54900,9839,3653,152,5,1,1,5,0,2,0,1,1,0,0,0,0,0,0
55000,9831,3665,154,3,3,1,3,0,8,1,1,0,0,0,0,0,0,0
55100,9837,3711,153,9,3,0,3,0,1,0,3,1,0,0,0,0,0,0
55200,9839,3076,157,3,2,0,0,1,0,0,2,0,0,0,0,0,0,0
55300,9834,3146,154,3,4,0,3,1,3,1,2,0,0,0,0,0,0,0
55400,9841,2963,155,4,0,1,1,3,2,1,1,0,0,0,0,0,0,0
55500,9842,3641,155,14,0,1,2,2,1,1,0,0,0,0,0,0,0,0
55600,9829,3397,163,19,1,2,1,0,5,1,1,0,0,0,0,0,0,0
55700,9825,2784,167,0,1,0,3,1,2,0,2,0,0,0,0,0,0,0
55800,9836,2424,157,2,1,0,2,0,4,0,0,0,0,0,0,0,0,0
55900,9790,2482,201,0,3,0,4,3,2,0,0,1,0,0,0,0,0,0
56000,9786,2729,209,3,2,0,1,2,2,1,0,0,0,0,0,0,0,0
56100,9757,2558,239,2,1,0,0,0,3,0,0,0,0,0,0,0,0,0
56200,9713,2611,286,0,0,0,0,1,1,1,0,1,0,0,0,0,0,0
56300,9710,2345,285,4,0,0,1,0,4,0,0,3,0,0,0,0,0,0
56400,9698,2430,294,7,4,1,0,0,3,0,1,6,0,0,0,0,0,0
56500,9663,2496,324,3,5,0,4,1,3,0,1,1,0,0,0,0,0,0
56600,9671,3009,321,3,3,1,2,1,3,0,0,0,0,0,0,0,0,0
56700,9677,2627,311,7,4,1,4,0,3,0,1,0,0,0,0,0,0,0
56800,9707,2646,289,3,1,1,0,1,2,0,1,0,0,0,0,0,0,0
56900,9698,2308,294,20,1,0,2,1,4,1,1,2,0,0,0,0,0,0
57000,9699,2113,292,31,1,1,3,0,3,1,2,0,0,0,0,0,0,0
57100,9695,2573,295,32,2,0,1,0,5,0,2,0,0,0,0,0,0,0
57200,9738,2277,253,42,1,0,4,0,4,0,0,0,0,0,0,0,0,0
57300,9802,1971,185,46,3,0,2,0,6,1,2,1,0,0,0,0,0,0
57400,9796,1618,184,33,7,2,0,0,12,0,1,0,0,0,0,0,0,0
57500,9789,1896,200,8,6,0,0,0,4,1,1,1,0,0,0,0,0,0
57600,9782,2303,213,9,0,0,2,1,2,1,1,0,0,0,0,0,0,0
57700,9733,2460,257,1,1,1,2,1,5,2,2,0,0,0,0,0,0,0
57800,9704,2669,289,0,1,1,1,0,4,0,1,0,0,0,0,0,0,0
57900,9685,2506,305,1,1,1,0,0,6,1,3,0,0,0,0,0,0,0
58000,9690,2706,301,2,3,0,2,0,2,0,2,0,0,0,0,0,0,0
58100,9694,2571,295,0,6,1,1,0,3,4,1,0,0,0,0,0,0,0
58200,9688,2725,304,1,3,0,1,0,4,1,0,1,0,1,0,0,0,0
58300,9681,2750,310,4,3,1,2,0,2,0,2,0,0,0,0,0,0,0
58400,9696,3504,296,1,0,2,4,0,3,1,1,0,0,0,0,0,0,0
58500,9696,3656,280,3,4,1,2,1,15,1,3,1,0,0,0,0,0,0
58600,9716,3962,272,18,3,3,1,0,5,0,3,0,0,0,0,0,0,0
58700,9728,3649,265,16,1,1,1,1,1,4,4,0,0,0,0,0,0,0
58800,9706,4025,287,24,2,1,1,0,2,0,2,0,0,0,0,0,0,0
58900,9717,3362,277,112,1,1,2,0,1,0,2,0,0,0,0,0,0,0
59000,9713,3510,283,26,0,0,3,0,1,2,0,0,0,0,0,0,0,0
59100,9640,3529,352,4,2,0,3,0,1,0,2,0,0,0,0,0,0,0
59200,9641,3047,348,3,3,0,2,0,2,0,4,0,0,0,0,0,0,0
59300,9645,3297,350,17,2,0,2,0,1,1,0,0,0,0,0,0,0,0
59400,9641,3005,346,8,4,0,2,1,4,1,3,2,0,0,0,0,0,0
59500,9658,2945,331,4,2,0,4,0,5,0,0,0,0,0,0,0,0,0
59600,9712,3749,280,2,0,0,4,2,3,1,1,0,0,0,0,0,0,0
59700,9724,3313,268,5,1,0,5,1,2,0,0,0,0,0,0,0,0,0
59800,9722,3304,272,2,3,2,1,0,2,2,0,0,0,0,0,0,0,0
59900,9736,3847,259,3,2,0,1,1,1,0,1,0,0,0,0,0,0,0
60000,9732,2974,261,3,2,0,2,1,1,1,2,0,0,0,0,0,0,0
60100,9713,2706,273,1,5,1,4,0,4,2,1,0,0,0,0,0,0,0
60200,9706,2559,290,4,2,1,1,1,0,1,1,0,0,0,0,0,0,0
60300,9703,2290,286,11,4,0,4,0,2,1,1,1,0,0,0,0,0,0
60400,9715,2431,275,25,4,0,2,1,2,1,2,0,0,0,0,0,0,0
60500,9767,2139,220,18,5,1,6,1,2,0,0,0,0,0,0,0,0,0
60600,9793,1788,194,15,4,0,1,0,8,0,0,0,0,0,0,0,0,0
60700,9824,2663,173,2,3,0,0,1,0,1,0,0,0,0,0,0,0,0
60800,9859,2827,136,9,2,0,1,0,2,0,0,0,0,0,0,0,0,0
60900,9860,2437,129,26,5,1,0,1,5,0,1,0,0,0,0,0,0,0
61000,9864,3313,125,19,5,3,0,1,5,0,1,0,0,0,0,0,0,0
61100,9876,3567,120,21,0,4,1,0,2,1,1,1,0,0,0,0,0,0
61200,9863,2991,133,23,0,0,1,0,3,1,0,0,0,0,0,0,0,0
61300,9894,2901,98,28,6,1,0,1,2,2,0,0,0,0,0,0,0,0
61400,9913,3044,82,11,3,0,1,4,1,0,0,0,0,0,0,0,0,0
61500,9917,3483,75,0,0,1,3,3,3,0,2,0,0,0,0,0,0,0
61600,9925,3166,66,12,4,3,1,1,1,2,3,2,0,0,0,0,0,0
61700,9939,3034,55,13,2,0,0,0,3,1,1,0,0,0,0,0,0,0
61800,9933,3246,60,7,1,0,5,1,1,1,0,0,0,0,0,0,0,0
61900,9929,2895,62,5,5,1,1,0,3,1,0,0,0,0,0,0,0,0
62000,9916,3031,66,5,4,0,6,1,7,2,1,0,0,0,0,0,0,0
62100,9950,3026,40,6,5,1,1,0,3,1,1,0,0,0,0,0,0,0
62200,9964,3021,31,6,0,0,2,0,2,0,1,0,0,0,0,0,0,0
62300,9970,3055,27,5,2,0,1,1,0,1,0,0,0,0,0,0,0,0
62400,9970,3462,24,5,1,1,2,0,1,0,2,0,0,0,0,0,0,0
62500,9973,3938,17,12,5,2,4,1,1,0,0,0,0,0,0,0,0,0
62600,9965,3372,30,25,0,0,0,0,4,0,1,1,0,0,0,0,0,0
62700,9959,3358,29,11,3,1,3,1,6,1,0,1,0,0,0,0,0,0
62800,9950,3223,35,8,5,0,3,0,5,0,2,0,0,0,0,0,0,0
62900,9976,2524,19,34,1,0,3,1,0,0,1,1,0,0,0,0,0,0
63000,9968,3581,25,37,2,1,2,0,3,2,0,2,0,0,0,0,0,0
63100,9973,3470,23,3,1,0,3,0,0,0,0,0,0,0,0,0,0,0
63200,9971,3869,22,0,2,2,2,0,3,1,0,1,0,0,0,0,0,0
63300,9968,3646,27,26,1,1,1,2,0,1,3,0,0,0,0,0,0,0
63400,9966,4244,24,85,2,1,6,1,2,1,0,0,0,0,0,0,0,0
63500,9963,4568,30,6,2,1,0,2,4,0,1,1,0,0,0,0,0,0
63600,9974,5097,21,9,0,0,3,0,2,1,0,0,0,0,0,0,0,0
63700,9964,5293,27,0,2,1,2,0,5,4,0,0,0,0,0,0,0,0
63800,9972,5296,22,2,1,0,4,0,1,0,0,1,0,0,0,0,0,0
63900,9960,5028,34,5,2,0,1,0,0,2,3,0,0,0,0,0,0,0
64000,9977,3981,18,7,1,2,0,0,2,2,2,0,0,0,0,0,0,0
64100,9969,3497,21,2,4,1,3,0,2,1,1,0,0,0,0,0,0,0
64200,9973,3580,21,3,5,0,0,1,1,1,0,1,0,0,0,0,0,0
64300,9982,3111,12,5,2,1,2,0,2,0,0,0,0,0,0,0,0,0
64400,9980,3943,16,0,0,0,1,0,2,2,1,2,0,0,0,0,0,0
64500,9980,3776,14,4,1,0,2,0,1,0,2,1,0,0,0,0,0,0
64600,9984,4802,10,1,1,0,3,3,2,1,0,0,0,0,0,0,0,0
64700,9986,4153,9,3,1,1,1,1,1,3,2,0,0,0,0,0,0,0
64800,9979,4167,7,0,3,0,5,4,4,1,2,0,0,0,0,0,0,0
64900,9985,4257,7,5,0,1,3,0,4,0,1,0,0,0,0,0,0,0
65000,9987,4199,7,1,0,0,1,0,1,1,4,0,0,0,0,0,0,0
65100,9978,3439,18,2,1,0,2,0,1,0,0,0,0,0,0,0,0,0
65200,9973,3414,8,4,3,2,6,0,7,0,3,0,0,0,0,0,0,0
65300,9984,3445,10,1,0,0,4,1,2,1,0,1,0,0,0,0,0,0
65400,9985,3560,6,4,1,0,3,0,5,1,0,0,0,0,0,0,0,0
65500,9987,3658,7,8,0,1,3,1,2,0,1,0,0,0,0,0,0,0
65600,9971,3150,20,14,3,0,3,1,1,1,2,0,0,0,0,0,0,0
65700,9974,3067,17,13,1,2,2,0,4,2,2,1,0,0,0,0,0,0
65800,9977,2440,15,8,1,0,5,0,2,0,0,0,0,0,0,0,0,0
65900,9972,2783,16,5,2,5,4,1,6,3,0,0,0,0,0,0,0,0
66000,9975,3019,18,9,2,7,3,0,2,1,0,0,0,0,0,0,0,0
66100,9975,3009,15,10,1,2,4,1,3,0,2,0,0,0,0,0,0,0
66200,9976,2593,17,4,3,1,0,1,4,1,0,0,0,0,0,0,0,0
66300,9975,3010,15,2,2,1,6,0,1,0,1,0,0,0,0,0,0,0
66400,9976,2809,16,0,1,0,4,1,1,0,2,2,0,0,0,0,0,0
66500,9974,3242,15,10,2,0,3,0,4,1,2,0,0,0,0,0,0,0
66600,9980,3086,17,9,1,0,1,0,1,3,0,0,0,0,0,0,0,0
66700,9974,3063,15,1,1,0,2,0,6,3,2,1,0,0,0,0,0,0
66800,9977,2450,16,2,1,2,3,3,3,2,0,0,0,0,0,0,0,0
66900,9973,2409,19,4,3,0,1,1,4,0,0,0,0,0,0,0,0,0
67000,9973,2952,17,3,2,1,6,0,1,0,1,0,0,0,0,0,0,0
67100,9972,3018,19,3,1,1,7,1,1,2,0,0,0,0,0,0,0,0
67200,9969,3105,17,3,2,1,3,0,6,1,3,0,0,0,0,0,0,0
67300,9976,3273,17,1,3,0,1,0,3,0,0,2,0,0,0,0,0,0
67400,9974,3655,18,5,2,0,2,1,3,0,1,1,0,0,0,0,0,0
67500,9965,3510,22,7,2,1,2,0,7,0,2,0,0,0,0,0,0,0
67600,9978,3593,15,11,0,0,5,0,0,3,2,0,0,0,0,0,0,0
67700,9972,3935,17,3,2,2,2,1,4,0,3,0,0,0,0,0,0,0
67800,9975,4524,19,4,3,0,1,0,2,0,0,0,0,0,0,0,0,0
67900,9965,3812,20,11,1,0,9,1,5,1,0,0,0,0,0,0,0,0
68000,9977,3907,18,5,1,1,1,2,3,1,0,1,0,0,0,0,0,0
68100,9938,3276,54,0,1,0,3,1,2,1,2,0,0,0,0,0,0,0
68200,9908,3523,84,11,1,3,2,0,2,1,3,0,0,0,0,0,0,0
68300,9917,4131,79,2,1,0,1,1,2,0,0,0,0,0,0,0,0,0
68400,9917,3611,80,19,2,1,0,1,0,1,1,1,0,0,0,0,0,0
68500,9912,3767,79,26,3,1,1,0,3,4,2,1,0,0,0,0,0,0
68600,9916,4142,78,7,0,2,0,0,6,1,0,1,0,0,0,0,0,0
68700,9910,4321,79,2,3,2,3,1,4,2,1,0,0,0,0,0,0,0
68800,9911,3896,78,4,5,0,3,0,3,0,0,0,0,0,0,0,0,0
68900,9913,3446,77,9,4,0,1,0,3,2,2,1,0,0,0,0,0,0
69000,9922,3457,70,11,1,0,1,2,4,2,2,0,0,0,0,0,0,0
69100,9924,3085,70,1,1,0,4,1,0,0,1,0,0,0,0,0,0,0
69200,9913,3097,70,3,3,1,6,1,8,1,0,0,0,0,0,0,0,0
69300,9920,3059,73,3,2,1,1,0,1,0,3,0,0,0,0,0,0,0
69400,9921,3353,68,7,2,1,4,2,3,0,2,0,0,0,0,0,0,0
69500,9919,2873,72,6,2,2,3,1,2,3,2,0,0,0,0,0,0,0
69600,9923,3224,69,0,2,0,3,0,2,1,1,0,0,0,0,0,0,0
69700,9924,3320,69,2,1,0,2,0,3,0,1,0,0,0,0,0,0,0
69800,9926,3585,67,12,3,0,2,0,1,0,1,0,0,0,0,0,0,0
69900,9927,3607,67,6,3,0,1,0,2,1,0,0,0,0,0,0,0,0
70000,9924,4228,68,5,3,1,3,1,2,2,0,0,0,0,0,0,0,0
70100,9925,3470,68,5,3,0,1,0,2,0,1,0,0,0,0,0,0,0
70200,9925,2774,68,3,1,0,2,1,1,0,3,0,0,0,0,0,0,0
70300,9924,2513,67,0,2,1,4,1,1,1,2,0,0,0,0,0,0,0
70400,9921,2687,76,9,1,0,1,3,1,0,0,0,0,0,0,0,0,0
70500,9923,3022,67,10,4,1,0,0,4,1,2,0,0,0,0,0,0,0
70600,9925,2615,68,4,2,1,3,0,2,2,0,1,0,0,0,0,0,0
70700,9925,2789,66,5,3,0,3,0,2,0,1,0,0,0,0,0,0,0
70800,9926,2816,69,1,1,0,0,1,2,1,2,1,0,0,0,0,0,0
70900,9922,3095,70,10,3,0,1,0,3,0,1,0,0,0,0,0,0,0
71000,9929,2605,69,0,0,1,0,1,1,2,1,3,0,0,0,0,0,0
71100,9925,3420,67,12,0,0,0,2,6,1,2,0,0,0,0,0,0,0
71200,9926,3111,70,7,1,0,0,0,2,1,1,0,0,0,0,0,0,0
71300,9927,3555,66,3,2,0,2,0,1,0,2,1,0,0,0,0,0,0
71400,9926,3244,67,2,3,0,3,1,1,0,0,0,0,0,0,0,0,0
71500,9914,3537,75,3,3,2,5,0,2,0,1,0,0,0,0,0,0,0
71600,9920,4384,75,14,1,0,3,0,1,1,0,0,0,0,0,0,0,0
71700,9921,4232,76,81,1,2,1,1,1,0,0,1,0,0,0,0,0,0
71800,9911,3653,78,3,2,0,4,0,3,0,2,0,0,0,0,0,0,0
71900,9914,3028,72,2,2,2,4,0,7,0,1,0,0,0,0,0,0,0
72000,9914,2818,74,3,2,1,6,1,3,1,1,0,0,0,0,0,0,0
72100,9916,3446,76,8,1,0,5,2,1,2,1,0,0,0,0,0,0,0
72200,9919,3700,74,1,0,0,5,0,2,1,0,0,0,0,0,0,0,0
72300,9921,3805,74,3,2,2,1,1,0,0,2,0,0,0,0,0,0,0
72400,9916,3770,71,2,3,0,5,0,4,0,1,0,0,0,0,0,0,0
72500,9914,3781,79,5,2,0,1,0,3,0,1,0,0,0,0,0,0,0
72600,9915,3583,77,2,0,1,3,2,3,1,2,0,0,0,0,0,0,0
72700,9918,2640,79,18,0,0,2,0,1,0,0,0,0,0,0,0,0,0
72800,9917,2342,77,3,0,1,5,2,1,1,0,0,0,0,0,0,0,0
72900,9921,3011,76,7,1,0,1,0,1,0,0,0,0,0,0,0,0,0
73000,9919,3433,74,2,0,0,4,0,1,0,2,1,0,0,0,0,0,0
73100,9919,3361,72,1,2,0,3,1,3,0,1,0,0,0,0,0,0,0
73200,9911,3681,74,12,3,1,10,0,1,0,1,1,0,0,0,0,0,0
73300,9921,3725,75,4,2,0,1,0,1,2,0,0,0,0,0,0,0,0
73400,9928,4077,66,11,1,0,1,0,2,2,2,0,0,0,0,0,0,0
73500,9915,4750,80,5,0,0,1,1,3,3,1,0,0,0,0,0,0,0
73600,9911,4292,85,7,1,1,2,1,0,0,1,0,0,0,0,0,0,0
73700,9915,4191,79,0,0,2,1,0,5,0,0,0,0,0,0,0,0,0
73800,9920,3719,72,5,1,3,0,1,6,0,1,0,0,0,0,0,0,0
73900,9918,3475,75,2,1,0,1,1,5,1,0,1,0,0,0,0,0,0
74000,9914,3870,79,0,2,0,2,1,3,0,0,0,0,0,0,0,0,0
74100,9910,3985,83,4,2,0,4,0,1,2,0,1,0,0,0,0,0,0
74200,9888,4000,101,2,2,0,2,0,7,0,0,0,0,0,0,0,0,0
74300,9886,3228,102,1,1,1,4,0,5,1,2,0,0,0,0,0,0,0
74400,9885,3123,103,4,5,1,1,1,6,1,0,0,0,0,0,0,0,0
74500,9889,3210,103,9,0,0,7,0,0,1,1,1,0,0,0,0,0,0
74600,9853,2990,136,23,1,2,3,0,5,0,2,0,0,0,0,0,0,0
74700,9830,3757,162,48,0,1,3,1,5,0,0,0,0,0,0,0,0,0
74800,9826,4015,165,30,0,0,2,3,7,0,0,0,0,0,0,0,0,0
74900,9829,4615,162,69,2,1,2,2,4,2,1,0,0,0,0,0,0,0
75000,9821,4749,171,10,2,0,3,0,3,1,0,1,0,0,0,0,0,0
75100,9818,3898,177,28,0,0,2,2,1,0,2,0,0,0,0,0,0,0
75200,9818,3761,172,29,2,1,5,0,1,2,2,0,0,0,0,0,0,0
75300,9816,3106,171,77,3,0,5,3,5,1,0,0,0,0,0,0,0,0
75400,9817,3616,178,8,0,0,2,2,3,0,0,1,0,0,0,0,0,0
75500,9819,3736,175,1,0,0,4,0,1,0,1,0,0,0,0,0,0,0
75600,9815,3524,175,2,3,0,1,1,6,0,0,1,0,0,0,0,0,0
75700,9824,3009,174,1,1,1,1,0,0,0,0,0,0,0,0,0,0,0
75800,9816,3192,175,1,4,1,0,0,3,0,2,0,0,0,0,0,0,0
75900,9812,3352,178,2,2,1,2,0,6,4,0,0,0,0,0,0,0,0
76000,9803,3513,192,0,2,0,0,2,2,0,1,0,0,0,0,0,0,0
76100,9866,3065,133,14,0,0,0,0,1,2,0,0,0,0,0,0,0,0
76200,9863,3045,125,9,3,0,5,0,4,0,0,0,0,0,0,0,0,0
76300,9862,3810,133,1,3,0,1,0,1,0,0,0,0,0,0,0,0,0
76400,9857,3295,138,9,2,0,0,1,3,1,0,0,0,0,0,0,0,0
76500,9845,2534,148,0,1,1,2,1,3,0,1,0,0,0,0,0,0,0
76600,9844,2445,149,14,1,0,1,1,5,0,0,0,0,0,0,0,0,0
76700,9852,2570,144,8,0,0,1,1,0,0,3,0,0,0,0,0,0,0
76800,9856,2860,142,14,0,0,1,2,1,0,0,0,0,0,0,0,0,0
76900,9850,2849,142,16,1,0,0,0,5,2,2,1,0,0,0,0,0,0
77000,9861,3338,131,24,0,0,6,0,2,0,0,0,0,0,0,0,0,0
77100,9860,3248,136,14,2,0,1,1,0,1,1,1,0,0,0,0,0,0
77200,9862,2853,137,2,0,0,1,1,0,1,0,0,0,0,0,0,0,0
77300,9859,3210,132,7,6,0,1,2,2,0,0,0,0,0,0,0,0,0
77400,9869,2853,126,4,0,0,2,1,3,0,0,0,0,0,0,0,0,0
77500,9870,2753,127,0,3,1,0,1,0,0,0,0,0,1,0,0,0,0
77600,9871,2713,126,2,2,0,0,0,1,0,0,0,0,0,0,0,0,0
77700,9901,3501,89,4,3,1,3,0,2,2,2,1,0,0,0,0,0,0
77800,9933,2826,59,1,4,2,1,0,2,1,1,0,0,0,0,0,0,0
77900,9938,3362,60,6,0,0,1,0,0,1,1,0,0,0,0,0,0,0
78000,9942,3800,56,11,0,1,2,1,0,1,0,0,0,0,0,0,0,0
78100,9947,3212,48,12,0,0,2,2,2,0,1,0,0,0,0,0,0,0
78200,9948,3563,45,5,2,0,1,0,3,0,1,0,0,0,0,0,0,0
78300,9954,3567,40,7,2,0,2,1,2,1,0,0,0,0,0,0,0,0
78400,9966,3752,32,2,1,2,0,0,0,1,1,1,0,0,0,0,0,0
78500,9956,3511,36,0,1,0,4,2,2,0,1,0,0,0,0,0,0,0
78600,9957,3652,36,0,1,0,3,1,2,0,1,0,0,0,0,0,0,0
78700,9963,3077,34,22,0,5,2,0,0,1,1,0,0,0,0,0,0,0
78800,9962,2838,33,40,1,0,2,0,2,4,0,1,0,0,0,0,0,0
78900,9963,3357,33,18,3,0,0,1,0,0,1,0,0,0,0,0,0,0
79000,9959,3278,34,14,2,0,1,1,4,0,0,0,0,0,0,0,0,0
79100,9966,2510,33,13,0,1,1,0,0,1,0,0,0,0,0,0,0,0
79200,9965,2927,32,4,0,1,2,0,1,0,0,0,0,0,0,0,0,0
79300,9957,3633,33,1,1,1,5,1,0,0,4,0,0,0,0,0,0,0
79400,9961,3334,35,1,0,0,3,3,1,0,0,0,0,0,0,0,0,0
79500,9962,3631,35,0,2,0,0,0,0,0,1,0,0,0,0,0,0,0
79600,9960,3370,35,6,2,1,0,0,3,0,0,0,0,0,0,0,0,0
79700,9957,3409,36,2,1,0,0,0,5,0,1,0,0,0,0,0,0,0
79800,9963,3489,36,0,0,0,0,0,1,0,0,0,0,0,0,0,0,0
79900,9962,4056,38,3,0,0,0,0,0,0,0,0,0,0,0,0,0,0
80000,9961,3498,37,2,1,0,0,0,0,1,1,0,0,0,0,0,0,0
80100,9955,3057,36,3,2,0,0,0,5,1,2,0,0,0,0,0,0,0
80200,9962,2806,35,1,0,0,1,3,2,0,0,0,0,0,0,0,0,0
80300,9962,3079,34,3,0,0,3,1,1,3,0,0,0,0,0,0,0,0
80400,9958,3085,37,3,0,0,3,0,2,0,0,0,0,0,0,0,0,0
80500,9962,2700,34,2,2,0,0,0,1,4,1,1,0,0,0,0,0,0
80600,9961,3187,32,0,2,0,0,3,4,0,1,0,0,0,0,0,0,0
80700,9970,3915,23,0,3,1,2,0,2,0,0,0,0,0,0,0,0,0
80800,9974,3795,23,2,1,2,1,0,1,1,0,0,0,0,0,0,0,0
80900,9969,3429,25,3,2,0,0,0,3,0,1,2,0,0,0,0,0,0
81000,9973,3384,22,0,2,5,0,1,3,2,0,1,0,0,0,0,0,0
81100,9970,3547,28,3,1,3,0,0,1,1,0,0,0,0,0,0,0,0
81200,9966,3124,23,5,1,0,5,0,3,1,2,0,0,0,0,0,0,0
81300,9969,3441,26,48,2,0,0,4,1,3,2,0,0,0,0,0,0,0
81400,9971,2567,27,16,1,0,0,4,0,3,1,0,0,0,0,0,0,0
81500,9964,2808,29,0,3,0,2,0,1,1,1,0,0,0,0,0,0,0
81600,9969,2796,23,7,0,0,3,0,3,0,2,0,0,0,0,0,0,0
81700,9972,3338,23,0,1,0,2,0,1,0,1,0,0,0,0,0,0,0
81800,9970,3603,25,0,2,1,1,0,2,1,0,1,0,0,0,0,0,0
81900,9969,3308,27,2,0,1,0,0,3,0,1,0,0,0,0,0,0,0
82000,9907,2452,89,26,2,0,0,1,1,0,1,1,0,0,0,0,0,0
82100,9900,2526,93,45,0,0,4,0,3,2,0,0,0,0,0,0,0,0
82200,9902,3752,89,7,1,0,4,0,3,2,1,1,0,0,0,0,0,0
82300,9903,4155,92,5,3,0,0,0,2,1,0,0,0,0,0,0,0,0
82400,9900,3974,92,7,1,1,4,0,3,0,0,0,0,0,0,0,0,0
82500,9904,3812,90,0,4,0,0,1,1,0,1,0,0,0,0,0,0,0
82600,9904,3933,91,1,2,1,2,2,1,2,0,0,0,0,0,0,0,0
82700,9899,3237,95,1,5,1,0,1,1,4,0,0,0,0,0,0,0,0
82800,9964,3681,29,5,2,1,3,2,0,0,2,0,0,0,0,0,0,0
82900,9961,3502,28,3,4,0,4,0,2,0,1,0,0,0,0,0,0,0
83000,9970,3195,25,2,1,1,3,1,1,0,0,0,0,0,0,0,0,0
83100,9972,2403,25,0,1,0,0,0,0,0,2,0,0,0,0,0,0,0
83200,9972,2885,28,0,0,0,0,0,0,0,0,1,0,0,0,0,0,0
83300,9964,2938,27,2,0,1,2,0,4,3,3,0,0,0,0,0,0,0
83400,9968,3510,26,2,3,0,2,0,1,0,0,0,0,0,0,0,0,0
83500,9968,3127,27,2,3,0,1,0,1,1,0,0,0,0,0,0,0,0
83600,9973,2494,26,0,0,0,0,0,0,0,1,0,0,0,0,0,0,0
83700,9967,3313,30,4,0,1,0,1,2,3,0,0,1,0,0,0,0,0
83800,9963,3904,25,16,4,1,3,0,5,1,0,0,0,0,0,0,0,0
83900,9972,3339,24,22,0,0,1,0,3,0,0,1,0,0,0,0,0,0
84000,9972,3283,25,11,1,1,0,1,1,0,1,0,0,0,0,0,0,0
84100,9968,4022,24,6,3,0,4,1,1,1,0,1,0,0,0,0,0,0
84200,9972,3362,23,6,2,0,2,1,1,0,0,0,0,0,0,0,0,0
84300,9971,2790,23,7,1,1,1,1,3,1,1,0,0,0,0,0,0,0
84400,9969,2452,24,11,2,1,4,0,1,0,0,0,0,0,0,0,0,0
84500,9974,2099,25,16,1,0,0,1,0,0,0,1,0,0,0,0,0,0
84600,9974,2587,24,13,1,0,0,0,0,0,1,0,0,0,0,0,0,0
84700,9970,3758,24,4,1,0,4,0,1,2,0,0,0,0,0,0,0,0
84800,9971,3761,23,4,2,1,1,0,3,2,0,0,0,0,0,0,0,0
84900,9965,3025,25,0,4,2,2,1,3,0,1,0,0,0,0,0,0,0
85000,9973,3651,24,3,1,0,1,0,1,0,0,0,0,0,0,0,0,0
85100,9974,3858,24,6,1,1,1,0,0,2,0,0,0,0,0,0,0,0
85200,9953,3479,37,2,5,1,2,0,3,3,0,0,0,0,0,0,0,0
85300,9959,3383,38,2,0,0,1,0,2,1,0,1,0,0,0,0,0,0
85400,9953,3207,43,2,0,0,1,1,2,1,1,1,0,0,0,0,0,0
85500,9959,3794,38,8,2,1,0,2,0,0,1,0,0,0,0,0,0,0
85600,9957,3231,38,5,0,0,1,0,4,0,0,1,0,0,0,0,0,0
85700,9960,3352,39,16,0,0,0,2,1,1,0,0,0,0,0,0,0,0
85800,9954,3258,39,10,0,1,2,0,2,0,2,1,1,0,0,0,0,0
85900,9959,3309,37,1,0,0,0,0,3,0,1,0,0,0,0,0,0,0
86000,9979,3414,17,1,0,0,2,0,2,0,0,0,0,0,0,0,0,0
86100,9963,4650,30,2,2,0,0,0,5,2,0,1,0,0,0,0,0,0
86200,9963,3918,31,9,0,1,1,0,3,1,2,1,0,0,0,0,0,0
86300,9963,3844,32,10,0,3,1,3,2,1,2,0,0,0,0,0,0,0
86400,9966,4291,30,5,2,0,1,0,1,0,0,1,0,0,0,0,0,0
86500,9966,4040,30,0,1,0,1,0,2,2,0,0,0,0,0,0,0,0
86600,9962,3193,30,1,0,0,2,0,3,0,2,0,1,0,0,0,0,0
86700,9961,3153,34,0,1,0,1,0,1,0,2,0,0,0,0,0,0,0
86800,9959,2995,33,3,3,0,1,0,4,0,0,0,0,0,0,0,0,0
86900,9966,2193,33,2,1,1,0,0,0,2,0,0,0,0,0,0,0,0
87000,9961,2254,32,2,2,1,2,1,2,0,1,0,0,0,0,0,0,0
87100,9962,2529,33,2,1,0,1,1,2,3,1,0,0,0,0,0,0,0
87200,9970,2892,24,0,1,2,4,0,1,0,0,0,0,0,0,0,0,0
87300,9972,3461,23,7,2,2,1,0,2,0,0,0,0,0,0,0,0,0
87400,9962,3228,24,4,3,1,1,0,10,1,0,1,0,0,0,0,0,0
87500,9971,3263,21,5,3,0,2,1,2,0,1,1,0,0,0,0,0,0
87600,9976,3103,21,3,0,1,1,0,1,0,1,0,0,0,0,0,0,0
87700,9980,3092,18,5,1,0,0,3,1,1,0,1,0,0,0,0,0,0
87800,9974,3525,19,1,0,1,3,0,1,1,3,0,0,0,0,0,0,0
87900,9974,4087,22,0,2,1,1,0,1,1,0,1,0,0,0,0,0,0
88000,9978,4140,20,3,0,4,0,1,2,3,0,0,0,0,0,0,0,0
88100,9981,3223,17,4,0,19,0,0,0,1,2,2,0,0,0,0,0,0
88200,9977,2754,19,2,3,17,0,1,0,0,1,1,0,0,0,0,0,0
88300,9982,2824,16,6,0,10,0,1,2,0,0,0,0,0,0,0,0,0
88400,9982,2073,16,3,1,1,0,0,1,1,0,0,0,0,0,0,0,0
88500,9978,2287,19,8,0,0,0,1,2,0,1,1,0,0,0,0,0,0
88600,9974,2675,19,52,2,1,0,0,5,1,0,2,0,0,0,0,0,0
88700,9979,2729,16,1,1,0,1,0,2,0,1,1,0,0,0,0,0,0
88800,9978,2403,16,0,3,7,0,1,2,0,1,2,0,0,0,0,0,0
88900,9978,2734,17,2,0,1,4,1,0,0,1,0,0,0,0,0,0,0
89000,9975,3125,17,1,0,0,1,0,7,3,0,1,0,0,0,0,0,0
89100,9977,2739,17,26,4,1,0,4,2,0,0,1,0,0,0,0,0,0
89200,9981,3202,16,57,1,0,1,0,1,0,0,0,0,0,0,0,0,0
89300,9970,3451,16,71,4,1,4,0,4,2,2,0,0,0,0,0,0,0
89400,9970,3649,23,60,2,1,2,3,1,1,2,0,0,0,0,0,0,0
89500,9967,3619,29,65,1,2,0,0,3,0,0,0,0,0,0,0,0,0
89600,9962,3277,32,4,1,1,1,0,2,1,2,1,0,0,0,0,0,0
89700,9954,2912,39,4,1,4,2,0,2,3,2,1,0,0,0,0,0,0
89800,9979,2142,18,15,0,0,0,1,2,0,1,1,0,0,0,0,0,0
89900,9982,2534,15,18,2,0,0,0,0,2,0,0,1,0,0,0,0,0
90000,9979,2545,15,2,3,2,1,0,1,2,1,0,0,0,0,0,0,0
90100,9979,2722,15,4,3,0,1,1,1,2,1,0,0,0,0,0,0,0
90200,9976,2477,19,1,1,1,0,0,3,1,1,0,0,0,0,0,0,0
90300,9980,2726,14,7,1,0,1,0,4,1,0,0,0,0,0,0,0,0
90400,9977,2500,17,2,1,0,1,0,3,2,1,0,0,0,0,0,0,0
90500,9982,2616,16,6,1,0,0,1,1,0,0,0,0,0,0,0,0,0
90600,9974,2670,18,2,1,1,2,0,3,0,2,1,0,0,0,0,0,0
90700,9977,2928,16,3,3,0,0,0,3,1,1,0,0,0,0,0,0,0
90800,9969,3158,17,2,5,2,2,0,5,0,2,1,0,0,0,0,0,0
90900,9979,2709,19,0,0,0,0,1,1,3,1,0,0,0,0,0,0,0
91000,9971,2384,20,1,1,0,3,1,4,0,1,0,0,0,0,0,0,0
91100,9978,2533,17,0,0,2,2,1,3,0,0,0,0,0,0,0,0,0
91200,9971,2631,23,4,0,0,3,1,3,0,0,0,0,0,0,0,0,0
91300,9972,2600,23,5,2,0,0,0,3,1,0,0,0,0,0,0,0,0
91400,9977,2403,21,3,1,2,0,0,1,1,0,0,0,0,0,0,0,0
91500,9978,2452,17,0,1,0,2,0,1,0,1,0,0,0,0,0,0,0
91600,9970,2962,23,4,3,0,1,1,2,0,1,0,0,0,0,0,0,0
91700,9974,2395,18,3,3,0,4,1,1,0,0,0,0,0,0,0,0,0
91800,9983,2082,14,2,0,1,0,2,1,2,2,0,0,0,0,0,0,0
91900,9980,2778,17,2,0,0,0,1,3,0,0,0,0,0,0,0,0,0
92000,9980,3534,14,2,0,0,2,0,3,3,1,0,0,0,0,0,0,0
92100,9980,3511,15,4,1,0,2,1,2,0,0,0,0,0,0,0,0,0
92200,9981,2898,13,2,1,1,1,3,4,0,0,2,0,0,0,0,0,0
92300,9979,2991,14,4,3,2,1,0,0,0,2,0,1,0,0,0,0,0
92400,9980,4321,15,6,2,0,2,1,0,3,1,0,0,0,0,0,0,0
92500,9978,4368,14,1,4,0,2,1,2,0,0,0,0,0,0,0,0,0
92600,9979,3742,15,1,2,1,2,0,1,1,1,0,0,0,0,0,0,0
92700,9981,2841,13,1,3,1,1,0,1,0,1,0,0,0,0,0,0,0
92800,9980,2956,15,2,1,0,2,0,2,0,0,0,0,0,0,0,0,0
92900,9974,3125,15,2,3,1,6,0,2,1,0,0,0,0,0,0,0,0
93000,9979,2981,14,1,2,1,2,0,0,0,3,0,0,0,0,0,0,0
93100,9980,2870,15,7,3,1,1,1,1,0,0,0,0,0,0,0,0,0
93200,9982,3366,12,0,2,1,0,1,4,2,0,0,0,0,0,0,0,0
93300,9992,3429,1,1,3,0,0,1,3,0,1,0,0,0,0,0,0,0
93400,9988,3432,0,0,3,0,2,2,4,0,3,0,0,0,0,0,0,0
93500,9994,3306,0,0,2,1,1,1,3,0,0,1,0,0,0,0,0,0
93600,9994,3149,2,3,2,0,2,1,0,1,0,0,0,0,0,0,0,0
93700,9988,3111,0,3,2,0,1,0,7,0,2,0,0,0,0,0,0,0
93800,9992,2781,0,13,3,0,1,3,2,0,2,0,0,0,0,0,0,0
93900,9926,3180,63,5,2,1,2,1,5,1,2,0,0,0,0,0,0,0
94000,9908,3225,83,2,2,1,2,0,4,0,1,0,0,0,0,0,0,0
94100,9914,3115,83,4,1,0,1,4,1,1,0,0,0,0,0,0,0,0
94200,9904,3049,89,1,2,7,1,1,2,1,2,0,0,0,0,0,0,0
94300,9909,2910,83,5,1,0,3,0,1,0,3,0,0,0,0,0,0,0
94400,9906,3731,86,3,4,1,2,0,2,0,0,2,0,0,0,0,0,0
94500,9911,4039,83,4,3,0,0,0,2,0,1,0,0,0,0,0,0,0
94600,9909,3866,84,3,2,0,1,0,3,0,1,0,0,0,0,0,0,0
94700,9906,3927,84,3,2,0,3,0,5,1,0,0,0,0,0,0,0,0
94800,9896,3702,95,10,1,0,4,1,4,0,0,0,0,0,0,0,0,0
94900,9906,2838,93,7,0,0,1,0,0,0,0,0,0,0,0,0,0,0
95000,9902,2672,91,1,1,1,4,1,1,3,1,0,0,0,0,0,0,0
95100,9914,2472,83,3,1,0,0,0,1,3,1,0,0,0,0,0,0,0
95200,9881,2396,115,0,1,1,0,1,2,1,1,0,0,0,0,0,0,0
95300,9826,2180,162,4,5,0,3,0,2,0,2,0,0,0,0,0,0,0
95400,9751,2218,243,8,0,1,1,0,4,1,1,0,0,0,0,0,0,0
95500,9756,3046,242,7,1,1,0,0,1,1,0,0,0,0,0,0,0,0
95600,9752,3116,242,2,1,0,3,0,1,3,1,1,0,0,0,0,0,0
95700,9729,2582,268,0,1,0,1,0,0,0,1,0,0,0,0,0,0,0
95800,9673,2904,323,6,0,0,2,0,0,0,2,1,0,0,0,0,0,0
95900,9669,3014,325,13,0,0,4,1,0,0,2,0,0,0,0,0,0,0
96000,9670,3260,321,7,5,1,0,0,3,2,1,1,0,0,0,0,0,0
96100,9603,3203,392,1,4,0,0,0,1,0,0,0,0,0,0,0,0,0
96200,9564,3955,429,7,0,0,5,1,2,0,0,1,0,0,0,0,0,0
96300,9577,3709,416,5,1,0,5,2,1,1,0,0,0,0,0,0,0,0
96400,9592,3848,406,6,1,1,1,0,0,0,0,0,0,0,0,0,0,0
96500,9589,3155,402,7,0,0,4,1,4,1,1,0,0,0,0,0,0,0
96600,9590,3047,404,8,1,0,3,0,1,0,1,1,0,0,0,0,0,0
96700,9604,2856,387,4,2,0,3,0,4,2,0,0,0,0,0,0,0,0
96800,9591,3242,402,3,2,3,3,0,2,0,0,0,0,0,0,0,0,0
96900,9593,2711,402,12,2,0,0,0,1,0,2,1,0,0,0,0,0,0
97000,9593,2883,401,9,3,1,1,3,2,1,0,0,0,0,0,0,0,0
97100,9594,3077,402,8,2,1,2,1,0,0,0,0,0,0,0,0,0,0
97200,9592,2894,403,3,1,0,1,2,3,0,0,0,0,0,0,0,0,0
97300,9590,3018,405,2,3,0,0,1,1,1,1,1,0,0,0,0,0,0
97400,9596,2837,403,1,0,0,1,0,0,0,0,0,0,0,0,0,0,0
97500,9535,2557,462,2,1,0,1,2,1,0,0,0,0,0,0,0,0,0
97600,9515,2138,480,8,1,0,2,0,0,1,2,0,0,0,0,0,0,0
97700,9537,1872,459,4,2,0,1,1,1,0,0,0,0,0,0,0,0,0
97800,9589,2276,401,5,0,0,5,0,3,0,2,0,0,0,0,0,0,0
97900,9587,2188,405,29,5,0,1,0,1,0,1,1,0,0,0,0,0,0
98000,9589,2962,405,21,2,0,3,0,0,0,1,0,0,0,0,0,0,0
98100,9600,3301,393,0,3,0,1,0,3,0,0,1,0,0,0,0,0,0
98200,9661,2921,332,0,4,0,2,1,0,0,1,0,0,0,0,0,0,0
98300,9658,3483,337,1,1,0,1,0,1,0,2,1,0,0,0,0,0,0
98400,9665,3648,332,4,0,1,2,0,1,0,0,1,0,0,0,0,0,0
98500,9665,3677,327,14,4,0,2,0,1,0,1,0,0,0,0,0,0,0
98600,9665,3785,332,9,2,0,0,0,1,0,0,0,0,0,0,0,0,0
98700,9655,3702,329,1,4,0,9,0,3,0,0,0,0,0,0,0,0,0
98800,9661,3821,333,3,0,0,5,0,1,1,0,0,0,0,0,0,0,0
98900,9607,3728,376,25,1,0,9,0,3,0,4,0,0,0,0,0,0,0
99000,9505,3294,483,6,2,0,7,0,3,0,0,0,0,0,0,0,0,0
99100,9507,3141,482,29,4,2,5,0,1,1,1,1,0,0,0,0,0,0
99200,9511,3415,480,34,1,2,3,0,3,1,2,0,0,0,0,0,0,0
99300,9507,3929,484,8,1,0,3,0,3,0,2,0,0,0,0,0,0,0
99400,9504,4055,481,3,3,1,8,1,4,2,0,0,0,0,0,0,0,0
99500,9453,4806,538,7,3,0,6,0,0,1,0,0,0,0,0,0,0,0
99600,9371,3796,619,2,1,1,4,3,4,0,1,0,0,0,0,0,0,0
99700,9425,3988,564,10,2,0,8,0,1,1,0,0,0,0,0,0,0,0
99800,9427,4203,565,8,1,0,6,0,0,1,1,1,0,0,0,0,0,0
99900,9417,4004,572,7,1,0,8,0,1,0,1,0,0,0,0,0,0,0
100000,9405,3274,578,8,4,0,5,0,4,4,2,1,2,0,0,0,0,0
