update,host_task_NOT,sym_task_NOT,host_task_NAND,sym_task_NAND,host_task_AND,sym_task_AND,host_task_ORN,sym_task_ORN,host_task_OR,sym_task_OR,host_task_ANDN,sym_task_ANDN,host_task_NOR,sym_task_NOR,host_task_XOR,sym_task_XOR,host_task_EQU,sym_task_EQU
0,0,0,0,0,0,0,0,0,0,0,0,0,0,0,0,0,0,0
100,9999,0,0,0,0,0,1,0,2,0,0,0,0,0,0,0,0,0
200,9995,0,0,0,0,0,1,0,3,0,1,0,0,0,0,0,0,0
300,9995,0,0,0,1,0,0,0,3,0,1,0,0,0,0,0,0,0
400,9995,0,0,0,3,0,2,0,0,0,0,0,0,0,0,0,0,0
500,9993,0,0,0,3,0,1,0,1,0,2,0,0,0,0,0,0,0
600,9989,0,5,0,1,0,1,0,3,0,1,0,0,0,0,0,0,0
700,9986,0,10,0,3,0,0,0,0,0,1,0,0,0,0,0,0,0
800,9989,0,8,0,2,0,0,0,0,0,1,0,0,0,0,0,0,0
900,9988,0,8,0,0,0,1,0,3,0,0,0,0,0,0,0,0,0
1000,9985,0,8,0,2,0,0,0,5,0,0,0,0,0,0,0,0,0
1100,9982,0,9,0,2,0,1,0,4,0,2,0,0,0,0,0,0,0
1200,9981,0,13,0,2,0,1,0,3,0,0,0,0,0,0,0,0,0
1300,9981,0,12,0,1,0,1,0,4,0,1,0,0,0,0,0,0,0
1400,9985,0,12,0,0,0,1,0,1,0,1,0,0,0,0,0,0,0
1500,9982,0,12,0,2,0,1,0,2,0,1,0,0,0,0,0,0,0
1600,9980,0,12,0,4,0,0,0,4,0,0,0,0,0,0,0,0,0
1700,9980,0,12,0,4,0,3,0,1,0,0,0,0,0,0,0,0,0
1800,9981,0,15,0,2,0,0,0,2,0,0,0,0,0,0,0,0,0
1900,9983,0,12,0,2,0,1,0,2,0,0,0,0,0,0,0,0,0
2000,9981,0,12,0,2,0,1,0,2,0,2,0,0,0,0,0,0,0
2100,9980,0,14,0,3,0,1,0,1,0,1,0,0,0,0,0,0,0
2200,9988,0,9,0,1,0,1,0,1,0,0,0,0,0,0,0,0,0
2300,9981,0,11,0,3,0,2,0,2,0,1,0,0,0,0,0,0,0
2400,9977,0,13,0,2,0,5,0,3,0,0,0,0,0,0,0,0,0
2500,9983,0,11,0,0,0,3,0,3,0,0,0,0,0,0,0,0,0
2600,9981,0,9,0,4,0,4,0,1,0,1,0,0,0,0,0,0,0
2700,9980,0,9,0,3,0,5,0,1,0,2,0,0,0,0,0,0,0
2800,9976,0,9,0,1,0,7,0,6,0,1,0,0,0,0,0,0,0
2900,9976,0,14,0,3,0,4,0,3,0,0,0,0,0,0,0,0,0
3000,9978,0,10,0,3,0,3,0,4,0,2,0,0,0,0,0,0,0
3100,9981,0,11,0,0,0,7,0,1,0,0,0,0,0,0,0,0,0
3200,9975,0,13,0,3,0,2,0,6,0,1,0,0,0,0,0,0,0
3300,9975,0,12,0,1,0,6,0,4,0,2,0,0,0,0,0,0,0
3400,9972,0,11,0,3,0,7,0,7,0,0,0,0,0,0,0,0,0
3500,9979,0,8,0,1,0,5,0,7,0,0,0,0,0,0,0,0,0
3600,9975,0,11,0,3,0,3,0,7,0,1,0,0,0,0,0,0,0
3700,9982,0,7,0,4,0,2,0,2,0,2,0,1,0,0,0,0,0
3800,9979,0,5,0,2,0,6,0,5,0,3,0,0,0,0,0,0,0
3900,9986,0,5,0,1,0,5,0,1,0,2,0,0,0,0,0,0,0
4000,9988,0,6,0,1,0,1,0,3,0,1,0,0,0,0,0,0,0
4100,9983,0,4,0,2,0,0,0,10,0,1,0,0,0,0,0,0,0
4200,9983,0,7,0,2,0,2,0,5,0,1,0,0,0,0,0,0,0
4300,9984,0,11,0,1,0,2,0,2,0,0,0,0,0,0,0,0,0
4400,9970,0,18,0,1,0,5,0,5,0,1,0,0,0,0,0,0,0
4500,9969,0,14,0,2,0,11,0,3,0,1,0,0,0,0,0,0,0
4600,9973,0,18,0,1,0,4,0,3,0,1,0,0,0,0,0,0,0
4700,9975,0,14,0,3,0,4,0,1,0,2,0,1,0,0,0,0,0
4800,9979,0,13,0,1,0,4,0,1,0,2,0,0,0,0,0,0,0
4900,9966,0,20,0,2,0,6,0,4,0,2,0,0,0,0,0,0,0
5000,9967,0,20,0,4,0,3,0,3,0,2,0,1,0,0,0,0,0
5100,9964,0,21,0,4,0,4,0,5,0,2,0,0,0,0,0,0,0
5200,9973,0,17,0,3,0,5,0,1,0,1,0,0,0,0,0,0,0
5300,9969,0,17,0,1,0,7,0,6,0,0,0,0,0,0,0,0,0
5400,9965,0,16,0,3,0,7,0,8,0,1,0,0,0,0,0,0,0
5500,9964,0,18,0,2,0,10,0,6,0,0,0,0,0,0,0,0,0
5600,9967,0,17,0,1,0,9,0,4,0,2,0,0,0,0,0,0,0
5700,9967,0,17,0,0,0,9,0,5,0,2,0,0,0,0,0,0,0
5800,9968,0,17,0,1,0,11,0,3,0,0,0,0,0,0,0,0,0
5900,9945,0,32,0,4,0,14,0,5,0,0,0,0,0,0,0,0,0
6000,9948,0,38,0,2,0,7,0,4,0,1,0,0,0,0,0,0,0
6100,9946,0,37,0,1,0,9,0,6,0,0,0,1,0,0,0,0,0
6200,9940,0,38,0,0,0,12,0,10,0,0,0,0,0,0,0,0,0
6300,9948,0,37,0,1,0,10,0,3,0,0,0,1,0,0,0,0,0
6400,9942,0,39,0,3,0,10,0,5,0,0,0,1,0,0,0,0,0
6500,9952,0,35,0,2,0,8,0,3,0,0,0,0,0,0,0,0,0
6600,9944,0,38,0,5,0,7,0,5,0,1,0,0,0,0,0,0,0
6700,9947,0,34,0,2,0,6,0,11,0,0,0,0,0,0,0,0,0
6800,9947,0,39,0,1,0,7,0,6,0,0,0,0,0,0,0,0,0
6900,9943,0,42,0,4,0,6,0,4,0,1,0,0,0,0,0,0,0
7000,9940,0,48,0,3,0,5,0,3,0,0,0,1,0,0,0,0,0
7100,9938,0,46,0,4,0,5,0,6,0,1,0,0,0,0,0,0,0
7200,9928,0,49,0,1,0,11,0,10,0,1,0,0,0,0,0,0,0
7300,9937,0,55,0,0,0,5,0,3,0,0,0,0,0,0,0,0,0
7400,9925,0,58,0,5,0,4,0,7,0,1,0,0,0,0,0,0,0
7500,9924,0,58,0,1,0,7,0,7,0,3,0,0,0,0,0,0,0
7600,9927,0,63,0,1,0,6,0,1,0,2,0,0,0,0,0,0,0
7700,9918,0,68,0,2,0,9,0,3,0,0,0,0,0,0,0,0,0
7800,9922,0,70,0,0,0,4,0,1,0,3,0,0,0,0,0,0,0
7900,9906,0,74,0,3,0,9,0,3,0,3,0,2,0,0,0,0,0
8000,9921,0,66,0,2,0,3,0,5,0,0,0,3,0,0,0,0,0
8100,9908,0,70,0,3,0,11,0,8,0,0,0,0,0,0,0,0,0
8200,9903,0,81,0,4,0,5,0,5,0,2,0,0,0,0,0,0,0
8300,9897,0,88,0,2,0,8,0,2,0,2,0,1,0,0,0,0,0
8400,9905,0,82,0,2,0,7,0,4,0,0,0,0,0,0,0,0,0
8500,9911,0,76,0,3,0,4,0,5,0,1,0,0,0,0,0,0,0
8600,9899,0,85,0,0,0,8,0,5,0,3,0,0,0,0,0,0,0
8700,9912,0,74,0,3,0,6,0,4,0,1,0,0,0,0,0,0,0
8800,9892,0,89,0,2,0,9,0,7,0,1,0,0,0,0,0,0,0
8900,9894,0,95,0,4,0,2,0,3,0,2,0,0,0,0,0,0,0
9000,9866,0,111,0,4,0,10,0,6,0,3,0,0,0,0,0,0,0
9100,9853,0,132,0,4,0,5,0,4,0,2,0,0,0,0,0,0,0
9200,9833,0,146,0,3,0,8,0,6,0,4,0,0,0,0,0,0,0
9300,9817,0,157,0,5,0,12,0,7,0,2,0,0,0,0,0,0,0
9400,9820,0,160,0,3,0,13,0,3,0,1,0,0,0,0,0,0,0
9500,9800,0,174,0,6,0,12,0,7,0,1,0,0,0,0,0,0,0
9600,9773,0,191,0,4,0,24,0,3,0,5,0,0,0,0,0,0,0
9700,9777,0,204,0,7,0,4,0,5,0,2,0,1,0,0,0,0,0
9800,9771,0,201,0,13,0,11,0,3,0,1,0,0,0,0,0,0,0
9900,9740,0,224,0,9,0,8,0,17,0,1,0,0,0,1,0,0,0
10000,9745,0,234,0,2,0,9,0,7,0,3,0,0,0,0,0,0,0
10100,9769,0,206,0,7,0,10,0,7,0,1,0,0,0,0,0,0,0
10200,9723,0,249,0,6,0,8,0,8,0,5,0,1,0,0,0,0,0
10300,9752,0,227,0,3,0,7,0,8,0,3,0,0,0,0,0,0,0
10400,9744,0,237,0,3,0,8,0,8,0,0,0,0,0,0,0,0,0
10500,9723,0,252,0,9,0,8,0,4,0,4,0,0,0,0,0,0,0
10600,9727,0,259,0,4,0,5,0,2,0,3,0,0,0,0,0,0,0
10700,9706,0,263,0,6,0,11,0,8,0,6,0,0,0,0,0,0,0
10800,9744,0,242,0,4,0,6,0,3,0,1,0,0,0,0,0,0,0
10900,9743,0,238,0,5,0,6,0,7,0,1,0,0,0,0,0,0,0
11000,9711,0,262,0,8,0,12,0,5,0,2,0,0,0,0,0,0,0
11100,9700,0,277,0,4,0,6,0,10,0,3,0,0,0,0,0,0,0
11200,9679,0,294,0,8,0,10,0,6,0,3,0,0,0,0,0,0,0
11300,9717,0,260,0,9,0,8,0,5,0,1,0,0,0,0,0,0,0
11400,9738,0,228,0,11,0,9,0,13,0,1,0,0,0,0,0,0,0
11500,9755,0,217,0,7,0,13,0,4,0,4,0,0,0,0,0,0,0
11600,9782,0,198,0,7,0,4,0,5,0,3,0,1,0,0,0,0,0
11700,9806,0,163,0,11,0,9,0,7,0,4,0,0,0,0,0,0,0
11800,9803,0,179,0,8,0,5,0,4,0,1,0,0,0,0,0,0,0
11900,9812,0,168,0,7,0,4,0,4,0,5,0,0,0,0,0,0,0
12000,9813,0,167,0,9,0,6,0,5,0,0,0,0,0,0,0,0,0
12100,9789,0,178,0,7,0,15,0,6,0,5,0,0,0,0,0,0,0
12200,9791,0,175,0,9,0,18,0,7,0,0,0,0,0,0,0,0,0
12300,9774,0,191,0,2,0,22,0,9,0,2,0,0,0,0,0,0,0
12400,9772,0,196,0,6,0,15,0,9,0,2,0,0,0,0,0,0,0
12500,9785,0,191,0,5,0,10,0,5,0,4,0,0,0,0,0,0,0
12600,9782,0,182,0,5,0,15,0,8,0,8,0,0,0,0,0,0,0
12700,9805,0,181,0,1,0,6,0,3,0,3,0,1,0,0,0,0,0
12800,9737,0,227,0,10,0,4,0,21,0,1,0,0,0,0,0,0,0
12900,9722,0,250,0,4,0,8,0,13,0,3,0,0,0,0,0,0,0
13000,9747,0,233,0,1,0,11,0,6,0,2,0,0,0,0,0,0,0
13100,9735,0,233,0,5,0,17,0,7,0,3,0,0,0,0,0,0,0
13200,9729,0,232,0,8,0,20,0,7,0,4,0,0,0,0,0,0,0
13300,9749,0,209,0,8,0,20,0,8,0,6,0,0,0,0,0,0,0
13400,9763,0,204,0,6,0,18,0,7,0,2,0,0,0,0,0,0,0
13500,9726,0,228,0,9,0,21,0,13,0,3,0,0,0,0,0,0,0
13600,9757,0,212,0,4,0,19,0,7,0,0,0,1,0,0,0,0,0
13700,9732,0,227,0,9,0,20,0,9,0,3,0,0,0,0,0,0,0
13800,9746,0,222,0,3,0,19,0,6,0,4,0,0,0,0,0,0,0
13900,9757,0,205,0,5,0,19,0,11,0,3,0,0,0,0,0,0,0
14000,9746,0,212,0,6,0,21,0,10,0,5,0,0,0,0,0,0,0
14100,9774,0,200,0,3,0,16,0,5,0,2,0,0,0,0,0,0,0
14200,9749,0,202,0,7,0,22,0,14,0,5,0,1,0,0,0,0,0
14300,9750,0,198,0,8,0,27,0,11,0,6,0,0,0,0,0,0,0
14400,9743,0,208,0,5,0,32,0,11,0,1,0,0,0,0,0,0,0
14500,9763,0,196,0,4,0,30,0,3,0,4,0,0,0,0,0,0,0
14600,9756,0,214,0,5,0,17,0,5,0,3,0,0,0,0,0,0,0
14700,9758,0,211,0,3,0,17,0,8,0,3,0,0,0,0,0,0,0
14800,9764,0,207,0,6,0,13,0,7,0,3,0,0,0,0,0,0,0
14900,9762,0,209,0,4,0,17,0,6,0,2,0,0,0,0,0,0,0
15000,9761,0,209,0,6,0,13,0,10,0,1,0,0,0,0,0,0,0
15100,9758,0,219,0,2,0,11,0,6,0,4,0,0,0,0,0,0,0
15200,9724,0,247,0,6,0,17,0,3,0,3,0,0,0,0,0,0,0
15300,9732,0,243,0,4,0,14,0,6,0,1,0,0,0,0,0,0,0
15400,9709,0,257,0,5,0,14,0,9,0,6,0,0,0,0,0,0,0
15500,9696,0,271,0,8,0,18,0,6,0,1,0,0,0,0,0,0,0
15600,9711,0,263,0,8,0,12,0,6,0,0,0,0,0,0,0,0,0
15700,9703,0,273,0,3,0,12,0,7,0,2,0,0,0,0,0,0,0
15800,9699,0,276,0,4,0,12,0,5,0,4,0,0,0,0,0,0,0
15900,9684,0,285,0,6,0,17,0,8,0,0,0,0,0,0,0,0,0
16000,9673,0,301,0,3,0,15,0,5,0,3,0,0,0,0,0,0,0
16100,9694,0,273,0,6,0,17,0,5,0,4,0,1,0,0,0,0,0
16200,9702,0,278,0,2,0,11,0,4,0,3,0,0,0,0,0,0,0
16300,9708,0,260,0,6,0,16,0,9,0,1,0,0,0,0,0,0,0
16400,9713,0,255,0,5,0,17,0,8,0,1,0,1,0,0,0,0,0
16500,9722,0,249,0,3,0,16,0,7,0,3,0,0,0,0,0,0,0
16600,9731,0,244,0,3,0,11,0,8,0,3,0,0,0,0,0,0,0
16700,9722,0,255,0,4,0,15,0,3,0,1,0,0,0,0,0,0,0
16800,9723,0,249,0,3,0,15,0,7,0,3,0,0,0,0,0,0,0
16900,9717,0,254,0,7,0,13,0,6,0,3,0,0,0,0,0,0,0
17000,9723,0,252,0,4,0,13,0,3,0,4,0,1,0,0,0,0,0
17100,9727,0,244,0,5,0,15,0,8,0,1,0,0,0,0,0,0,0
17200,9731,0,244,0,6,0,13,0,3,0,3,0,0,0,0,0,0,0
17300,9738,0,232,0,5,0,15,0,7,0,3,0,0,0,0,0,0,0
17400,9719,0,254,0,1,0,19,0,4,0,3,0,0,0,0,0,0,0
17500,9706,0,262,0,5,0,17,0,7,0,3,0,0,0,0,0,0,0
17600,9692,0,277,0,5,0,19,0,3,0,4,0,0,0,0,0,0,0
17700,9695,0,280,0,4,0,16,0,5,0,0,0,0,0,0,0,0,0
17800,9687,0,282,0,5,0,16,0,6,0,4,0,0,0,0,0,0,0
17900,9695,0,281,0,5,0,13,0,5,0,1,0,0,0,0,0,0,0
18000,9614,0,357,0,2,0,18,0,5,0,4,0,0,0,0,0,0,0
18100,9600,0,370,0,6,0,15,0,8,0,1,0,0,0,0,0,0,0
18200,9623,0,346,0,8,0,15,0,3,0,5,0,0,0,0,0,0,0
18300,9625,0,346,0,2,0,16,0,8,0,3,0,0,0,0,0,0,0
18400,9622,0,348,0,5,0,18,0,5,0,2,0,0,0,0,0,0,0
18500,9633,0,343,0,1,0,12,0,6,0,5,0,0,0,0,0,0,0
18600,9580,0,380,0,7,0,17,0,8,0,8,0,0,0,0,0,0,0
18700,9593,0,374,0,8,0,15,0,6,0,4,0,0,0,0,0,0,0
18800,9605,0,366,0,2,0,18,0,6,0,2,0,1,0,0,0,0,0
18900,9626,0,339,0,4,0,16,0,11,0,4,0,0,0,0,0,0,0
19000,9635,0,336,0,8,0,15,0,4,0,2,0,0,0,0,0,0,0
19100,9647,0,328,0,3,0,14,0,5,0,3,0,0,0,0,0,0,0
19200,9617,0,354,0,6,0,15,0,6,0,2,0,0,0,0,0,0,0
19300,9630,0,340,0,5,0,17,0,5,0,3,0,0,0,0,0,0,0
19400,9647,0,323,0,3,0,15,0,7,0,5,0,0,0,0,0,0,0
19500,9646,0,320,0,8,0,19,0,6,0,1,0,0,0,0,0,0,0
19600,9643,0,327,0,8,0,15,0,6,0,1,0,0,0,0,0,0,0
19700,9643,0,324,0,7,0,15,0,6,0,5,0,0,0,0,0,0,0
19800,9633,0,342,0,4,0,14,0,3,0,4,0,0,0,0,0,0,0
19900,9646,0,319,0,6,0,16,0,6,0,7,0,0,0,0,0,0,0
20000,9620,0,350,0,7,0,13,0,4,0,6,0,0,0,0,0,0,0
20100,9624,0,349,0,3,0,13,0,6,0,5,0,0,0,0,0,0,0
20200,9597,0,373,0,2,0,18,0,7,0,3,0,0,0,0,0,0,0
20300,9596,0,365,0,1,0,24,0,10,0,4,0,0,0,0,0,0,0
20400,9559,0,414,0,3,0,14,0,8,0,2,0,0,0,0,0,0,0
20500,9556,0,410,0,4,0,21,0,5,0,4,0,0,0,0,0,0,0
20600,9532,0,441,0,4,0,12,0,8,0,3,0,0,0,0,0,0,0
20700,9485,0,490,0,4,0,13,0,7,0,1,0,0,0,0,0,0,0
20800,9430,0,534,0,5,0,19,0,9,0,3,0,0,0,0,0,0,0
20900,9414,0,560,0,3,0,14,0,7,0,2,0,0,0,0,0,0,0
21000,9393,0,572,0,3,0,18,0,10,0,4,0,0,0,0,0,0,0
21100,9406,0,564,0,6,0,16,0,7,0,1,0,0,0,0,0,0,0
21200,9373,0,594,0,3,0,23,0,4,0,3,0,0,0,0,0,0,0
21300,9266,0,694,0,3,0,28,0,8,0,1,0,0,0,0,0,0,0
21400,9236,0,723,0,2,0,30,0,5,0,4,0,0,0,0,0,0,0
21500,9312,0,651,0,2,0,27,0,7,0,1,0,0,0,0,0,0,0
21600,9235,0,706,0,20,0,26,0,8,0,5,0,0,0,0,0,0,0
21700,9253,0,690,0,23,0,26,0,6,0,2,0,0,0,0,0,0,0
21800,9286,0,657,0,22,0,29,0,3,0,3,0,0,0,0,0,0,0
21900,9305,0,640,0,21,0,29,0,5,0,0,0,0,0,0,0,0,0
22000,9288,0,651,0,24,0,28,0,8,0,1,0,0,0,0,0,0,0
22100,9322,0,617,0,24,0,27,0,8,0,2,0,0,0,0,0,0,0
22200,9274,0,666,0,24,0,29,0,6,0,1,0,0,0,0,0,0,0
22300,9284,0,657,0,24,0,33,0,2,0,0,0,0,0,0,0,0,0
22400,9290,0,647,0,24,0,30,0,5,0,4,0,0,0,0,0,0,0
22500,9319,0,612,0,30,0,27,0,8,0,4,0,0,0,0,0,0,0
22600,9292,0,642,0,32,0,22,0,8,0,2,0,2,0,0,0,0,0
22700,9344,0,606,0,30,0,17,0,0,0,2,0,1,0,0,0,0,0
22800,9288,0,656,0,31,0,14,0,9,0,1,0,0,0,1,0,0,0
22900,9275,0,678,0,32,0,10,0,4,0,1,0,0,0,0,0,0,0
23000,9293,0,665,0,27,0,8,0,6,0,1,0,0,0,0,0,0,0
23100,9284,0,674,0,33,0,2,0,3,0,4,0,0,0,0,0,0,0
23200,9238,0,725,0,30,0,5,0,1,0,1,0,0,0,0,0,0,0
23300,9213,0,743,0,31,0,6,0,5,0,2,0,0,0,0,0,0,0
23400,9276,0,685,0,26,0,5,0,5,0,3,0,0,0,0,0,0,0
23500,9367,0,602,0,21,0,0,0,8,0,2,0,0,0,0,0,0,0
23600,9392,0,583,0,9,0,4,0,11,0,1,0,0,0,0,0,0,0
23700,9378,0,589,0,14,0,7,0,7,0,5,0,0,0,0,0,0,0
23800,9365,0,613,0,8,0,7,0,5,0,2,0,0,0,0,0,0,0
23900,9372,0,609,0,10,0,3,0,5,0,1,0,0,0,0,0,0,0
24000,9364,0,616,0,10,0,9,0,0,0,1,0,0,0,0,0,0,0
24100,9308,0,680,0,7,0,2,0,3,0,0,0,0,0,0,0,0,0
24200,9316,0,670,0,5,0,3,0,4,0,2,0,0,0,0,0,0,0
24300,9332,0,657,0,2,0,3,0,5,0,1,0,0,0,0,0,0,0
24400,9308,0,667,0,7,0,7,0,7,0,4,0,0,0,0,0,0,0
24500,9317,0,674,0,3,0,2,0,3,0,1,0,0,0,0,0,0,0
24600,9291,0,695,0,7,0,3,0,3,0,1,0,0,0,0,0,0,0
24700,9297,0,686,0,7,0,2,0,8,0,0,0,0,0,0,0,0,0
24800,9294,0,692,0,2,0,5,0,6,0,1,0,0,0,0,0,0,0
24900,9285,0,696,0,7,0,2,0,7,0,3,0,0,0,0,0,0,0
25000,9286,0,697,0,6,0,1,0,6,0,4,0,0,0,0,0,0,0
25100,9272,0,712,0,6,0,2,0,3,0,3,0,2,0,0,0,0,0
25200,9343,0,644,0,4,0,3,0,3,0,3,0,0,0,0,0,0,0
25300,9306,0,671,0,2,0,7,0,12,0,1,0,1,0,0,0,0,0
25400,9247,0,736,0,2,0,4,0,11,0,0,0,0,0,0,0,0,0
25500,9301,0,685,0,5,0,1,0,6,0,1,0,1,0,0,0,0,0
25600,9331,0,656,0,3,0,4,0,1,0,4,0,0,0,0,0,1,0
25700,9343,0,642,0,5,0,4,0,4,0,2,0,0,0,0,0,0,0
25800,9360,0,618,0,6,0,4,0,7,0,5,0,0,0,0,0,0,0
25900,9365,0,615,0,5,0,6,0,7,0,2,0,0,0,0,0,0,0
26000,9388,0,591,0,1,0,4,0,8,0,8,0,0,0,0,0,0,0
26100,9419,0,564,0,5,0,5,0,4,0,3,0,0,0,0,0,0,0
26200,9402,0,574,0,5,0,7,0,8,0,4,0,0,0,0,0,0,0
26300,9392,0,579,0,6,0,10,0,8,0,4,0,1,0,0,0,0,0
26400,9403,0,577,0,3,0,4,0,9,0,3,0,1,0,0,0,0,0
26500,9401,0,579,0,9,0,7,0,2,0,2,0,0,0,0,0,0,0
26600,9441,0,538,0,2,0,8,0,9,0,2,0,0,0,0,0,0,0
26700,9465,0,514,0,8,0,8,0,5,0,0,0,0,0,0,0,0,0
26800,9452,0,529,0,3,0,7,0,7,0,2,0,0,0,0,0,0,0
26900,9476,0,507,0,7,0,3,0,5,0,2,0,0,0,0,0,0,0
27000,9479,0,502,0,3,0,6,0,4,0,6,0,0,0,0,0,0,0
27100,9494,0,489,0,2,0,4,0,6,0,4,0,1,0,0,0,0,0
27200,9484,0,499,0,3,0,7,0,4,0,3,0,0,0,0,0,0,0
27300,9495,0,477,0,7,0,5,0,12,0,4,0,0,0,0,0,0,0
27400,9573,0,407,0,4,0,6,0,8,0,2,0,0,0,0,0,0,0
27500,9583,0,397,0,7,0,5,0,7,0,1,0,0,0,0,0,0,0
27600,9637,0,344,0,2,0,7,0,8,0,2,0,0,0,0,0,0,0
27700,9618,0,365,0,6,0,2,0,6,0,3,0,0,0,0,0,0,0
27800,9631,0,356,0,2,0,5,0,5,0,1,0,0,0,0,0,0,0
27900,9621,0,364,0,3,0,5,0,6,0,1,0,0,0,0,0,0,0
28000,9630,0,352,0,5,0,3,0,5,0,5,0,0,0,0,0,0,0
28100,9613,0,373,0,3,0,4,0,4,0,3,0,0,0,0,0,0,0
28200,9612,0,373,0,3,0,4,0,8,0,0,0,0,0,0,0,0,0
28300,9624,0,366,0,3,0,2,0,4,0,1,0,0,0,0,0,0,0
28400,9629,0,356,0,7,0,4,0,3,0,1,0,0,0,0,0,0,0
28500,9627,0,359,0,3,0,2,0,5,0,4,0,0,0,0,0,0,0
28600,9631,0,351,0,5,0,7,0,5,0,1,0,0,0,0,0,0,0
28700,9576,0,405,0,8,0,7,0,3,0,1,0,0,0,0,0,0,0
28800,9589,0,396,0,5,0,2,0,3,0,5,0,0,0,0,0,0,0
28900,9618,0,358,0,7,0,5,0,10,0,2,0,0,0,0,0,0,0
29000,9631,0,354,0,3,0,4,0,6,0,2,0,0,0,0,0,0,0
29100,9596,0,391,0,1,0,4,0,6,0,2,0,0,0,0,0,0,0
29200,9581,0,402,0,6,0,3,0,2,0,6,0,0,0,0,0,0,0
29300,9604,0,376,0,10,0,1,0,7,0,2,0,0,0,0,0,0,0
29400,9608,0,383,0,4,0,0,0,4,0,1,0,0,0,0,0,0,0
29500,9591,0,389,0,6,0,8,0,4,0,2,0,0,0,0,0,0,0
29600,9574,0,405,0,7,0,4,0,5,0,5,0,0,0,0,0,0,0
29700,9541,0,448,0,3,0,5,0,2,0,1,0,0,0,0,0,0,0
29800,9554,0,435,0,1,0,3,0,5,0,2,0,0,0,0,0,0,0
29900,9574,0,411,0,3,0,3,0,7,0,2,0,0,0,0,0,0,0
30000,9579,0,405,0,5,0,3,0,6,0,2,0,0,0,0,0,0,0
30100,9557,0,429,0,2,0,4,0,6,0,2,0,0,0,0,0,0,0
30200,9572,0,417,0,2,0,1,0,6,0,2,0,0,0,0,0,0,0
30300,9607,0,382,0,5,0,2,0,4,0,0,0,0,0,0,0,0,0
30400,9628,0,354,0,1,0,5,0,8,0,4,0,0,0,0,0,0,0
30500,9695,0,286,0,4,0,3,0,8,0,4,0,0,0,0,0,0,0
30600,9715,0,266,0,3,0,8,0,6,0,2,0,0,0,0,0,0,0
30700,9703,0,279,0,5,0,3,0,7,0,3,0,0,0,0,0,0,0
30800,9711,0,276,0,3,0,2,0,4,0,4,0,0,0,0,0,0,0
30900,9680,0,302,0,3,0,4,0,8,0,3,0,0,0,0,0,0,0
31000,9673,0,305,0,7,0,7,0,5,0,3,0,0,0,0,0,0,0
31100,9692,0,298,0,3,0,4,0,1,0,2,0,0,0,0,0,0,0
31200,9685,0,294,0,5,0,2,0,12,0,2,0,0,0,0,0,0,0
31300,9643,0,342,0,0,0,5,0,7,0,3,0,0,0,0,0,0,0
31400,9620,0,356,0,6,0,5,0,11,0,2,0,0,0,0,0,0,0
31500,9642,0,342,0,2,0,4,0,4,0,4,0,2,0,0,0,0,0
31600,9624,0,347,0,6,0,12,0,6,0,5,0,0,0,0,0,0,0
31700,9646,0,341,0,4,0,2,0,4,0,3,0,0,0,0,0,0,0
31800,9673,0,308,0,4,0,5,0,9,0,1,0,0,0,0,0,0,0
31900,9684,0,302,0,3,0,4,0,4,0,3,0,0,0,0,0,0,0
32000,9684,0,300,0,3,0,7,0,4,0,2,0,0,0,0,0,0,0
32100,9719,0,265,0,1,0,4,0,10,0,1,0,0,0,0,0,0,0
32200,9740,0,251,0,2,0,3,0,4,0,0,0,0,0,0,0,0,0
32300,9735,0,245,0,4,0,2,0,8,0,5,0,1,0,0,0,0,0
32400,9737,0,234,0,19,0,5,0,4,0,1,0,0,0,0,0,0,0
32500,9715,0,245,0,19,0,11,0,8,0,2,0,0,0,0,0,0,0
32600,9744,0,226,0,19,0,3,0,8,0,0,0,0,0,0,0,0,0
32700,9745,0,224,0,21,0,3,0,4,0,3,0,0,0,0,0,0,0
32800,9740,0,225,0,21,0,5,0,6,0,3,0,0,0,0,0,0,0
32900,9746,0,222,0,22,0,6,0,4,0,0,0,0,0,0,0,0,0
33000,9768,0,221,0,5,0,0,0,3,0,3,0,0,0,0,0,0,0
33100,9784,0,204,0,6,0,2,0,4,0,0,0,0,0,0,0,0,0
33200,9817,0,173,0,7,0,0,0,3,0,0,0,0,0,0,0,0,0
33300,9825,0,156,0,5,0,4,0,8,0,2,0,0,0,0,0,0,0
33400,9840,0,138,0,7,0,4,0,9,0,2,0,0,0,0,0,0,0
33500,9839,0,146,0,5,0,2,0,4,0,4,0,0,0,0,0,0,0
33600,9806,0,171,0,9,0,5,0,5,0,4,0,0,0,0,0,0,0
33700,9802,0,178,0,10,0,5,0,4,0,1,0,0,0,0,0,0,0
33800,9795,0,186,0,16,0,0,0,2,0,1,0,0,0,0,0,0,0
33900,9780,0,198,0,9,0,5,0,4,0,4,0,0,0,0,0,0,0
34000,9781,0,200,0,11,0,3,0,5,0,0,0,0,0,0,0,0,0
34100,9805,0,165,0,12,0,7,0,8,0,3,0,0,0,0,0,0,0
34200,9816,0,170,0,6,0,0,0,7,0,1,0,0,0,0,0,0,0
34300,9773,0,202,0,11,0,6,0,3,0,5,0,0,0,0,0,0,0
34400,9771,0,209,0,9,0,2,0,8,0,1,0,0,0,0,0,0,0
34500,9759,0,220,0,13,0,4,0,3,0,1,0,0,0,0,0,0,0
34600,9738,0,234,0,13,0,8,0,6,0,1,0,0,0,0,0,0,0
34700,9736,0,225,0,29,0,4,0,4,0,2,0,0,0,0,0,0,0
34800,9748,0,230,0,16,0,3,0,1,0,2,0,0,0,0,0,0,0
34900,9750,0,213,0,26,0,4,0,7,0,0,0,0,0,0,0,0,0
35000,9793,0,168,0,28,0,6,0,3,0,2,0,0,0,0,0,0,0
35100,9808,0,155,0,26,0,4,0,6,0,1,0,0,0,0,0,0,0
35200,9841,0,130,0,16,0,3,0,7,0,3,0,0,0,0,0,0,0
35300,9858,0,112,0,25,0,1,0,4,0,0,0,0,0,0,0,0,0
35400,9852,0,109,0,25,0,3,0,8,0,3,0,0,0,0,0,0,0
35500,9866,0,106,0,19,0,2,0,3,0,4,0,0,0,0,0,0,0
35600,9861,0,102,0,25,0,4,0,3,0,5,0,0,0,0,0,0,0
35700,9889,0,98,0,6,0,3,0,3,0,1,0,0,0,0,0,0,0
35800,9883,0,97,0,12,0,1,0,5,0,2,0,0,0,0,0,0,0
35900,9888,0,88,0,19,0,2,0,2,0,1,0,0,0,0,0,0,0
36000,9877,0,87,0,19,0,10,0,4,0,3,0,0,0,0,0,0,0
36100,9898,0,84,0,7,0,5,0,6,0,0,0,0,0,0,0,0,0
36200,9902,0,76,0,15,0,3,0,4,0,0,0,0,0,0,0,0,0
36300,9888,0,76,0,20,0,5,0,9,0,2,0,0,0,0,0,0,0
36400,9881,0,76,0,26,0,3,0,11,0,3,0,0,0,0,0,0,0
36500,9886,0,84,0,20,0,1,0,5,0,4,0,0,0,0,0,0,0
36600,9888,0,83,0,22,0,6,0,1,0,0,0,0,0,0,0,0,0
36700,9910,0,71,0,9,0,3,0,5,0,2,0,0,0,0,0,0,0
36800,9903,0,76,0,13,0,6,0,2,0,0,0,0,0,0,0,0,0
36900,9906,0,67,0,14,0,7,0,4,0,2,0,0,0,0,0,0,0
37000,9889,0,81,0,15,0,9,0,4,0,2,0,0,0,0,0,0,0
37100,9908,0,73,0,11,0,2,0,3,0,3,0,0,0,0,0,0,0
37200,9888,0,76,0,22,0,7,0,2,0,5,0,0,0,0,0,0,0
37300,9891,0,77,0,21,0,5,0,4,0,2,0,0,0,0,0,0,0
37400,9906,0,64,0,18,0,7,0,4,0,1,0,0,0,0,0,0,0
37500,9898,0,66,0,19,0,10,0,5,0,2,0,0,0,0,0,0,0
37600,9913,0,58,0,11,0,8,0,7,0,2,0,1,0,0,0,0,0
37700,9917,0,61,0,12,0,4,0,4,0,2,0,0,0,0,0,0,0
37800,9928,0,53,0,10,0,4,0,3,0,2,0,0,0,0,0,0,0
37900,9934,0,52,0,8,0,1,0,4,0,1,0,0,0,0,0,0,0
38000,9933,0,49,0,9,0,3,0,4,0,2,0,0,0,0,0,0,0
38100,9900,0,72,0,16,0,5,0,6,0,1,0,0,0,0,0,0,0
38200,9908,0,69,0,11,0,4,0,6,0,2,0,0,0,0,0,0,0
38300,9916,0,69,0,7,0,1,0,4,0,3,0,0,0,0,0,0,0
38400,9910,0,68,0,5,0,6,0,10,0,1,0,0,0,0,0,0,0
38500,9906,0,75,0,9,0,2,0,6,0,2,0,0,0,0,0,0,0
38600,9912,0,71,0,8,0,3,0,4,0,2,0,0,0,0,0,0,0
38700,9904,0,78,0,12,0,2,0,3,0,1,0,0,0,0,0,0,0
38800,9906,0,75,0,10,0,6,0,3,0,0,0,0,0,0,0,0,0
38900,9910,0,67,0,12,0,6,0,3,0,2,0,0,0,0,0,0,0
39000,9935,0,48,0,11,0,0,0,5,0,1,0,0,0,0,0,0,0
39100,9932,0,45,0,16,0,4,0,0,0,3,0,0,0,0,0,0,0
39200,9949,0,37,0,6,0,2,0,5,0,1,0,0,0,0,0,0,0
39300,9953,0,34,0,4,0,5,0,4,0,0,0,0,0,0,0,0,0
39400,9941,0,40,0,11,0,4,0,2,0,2,0,0,0,0,0,0,0
39500,9945,0,42,0,3,0,3,0,5,0,2,0,0,0,0,0,0,0
39600,9942,0,48,0,4,0,4,0,2,0,0,0,0,0,0,0,0,0
39700,9940,0,48,0,3,0,1,0,7,0,1,0,0,0,0,0,0,0
39800,9931,0,50,0,9,0,5,0,4,0,1,0,0,0,0,0,0,0
39900,9930,0,43,0,19,0,2,0,4,0,2,0,0,0,0,0,0,0
40000,9925,0,45,0,19,0,2,0,6,0,3,0,0,0,0,0,0,0
40100,9922,0,55,0,14,0,2,0,5,0,2,0,0,0,0,0,0,0
40200,9922,0,56,0,6,0,6,0,5,0,4,0,1,0,0,0,0,0
40300,9906,0,79,0,4,0,5,0,5,0,1,0,0,0,0,0,0,0
40400,9894,0,90,0,7,0,3,0,5,0,1,0,0,0,0,0,0,0
40500,9905,0,83,0,3,0,4,0,3,0,1,0,1,0,0,0,0,0
40600,9897,0,79,0,8,0,8,0,6,0,2,0,0,0,0,0,0,0
40700,9907,0,74,0,6,0,5,0,7,0,1,0,0,0,0,0,0,0
40800,9905,0,76,0,7,0,3,0,7,0,2,0,0,0,0,0,0,0
40900,9901,0,80,0,7,0,5,0,7,0,0,0,0,0,0,0,0,0
41000,9873,0,112,0,6,0,2,0,5,0,2,0,0,0,0,0,0,0
41100,9858,0,129,0,5,0,3,0,4,0,1,0,0,0,0,0,0,0
41200,9851,0,138,0,2,0,2,0,4,0,3,0,0,0,0,0,0,0
41300,9850,0,141,0,2,0,3,0,4,0,0,0,0,0,0,0,0,0
41400,9854,0,134,0,1,0,4,0,5,0,2,0,0,0,0,0,0,0
41500,9860,0,123,0,5,0,2,0,8,0,2,0,0,0,0,0,0,0
41600,9859,0,130,0,3,0,2,0,3,0,3,0,0,0,0,0,0,0
41700,9847,0,144,0,3,0,3,0,3,0,0,0,0,0,0,0,0,0
41800,9849,0,140,0,3,0,2,0,4,0,2,0,0,0,0,0,0,0
41900,9844,0,140,0,3,0,5,0,7,0,1,0,0,0,0,0,0,0
42000,9851,0,135,0,0,0,8,0,5,0,1,0,0,0,0,0,0,0
42100,9861,0,130,0,3,0,2,0,4,0,0,0,0,0,0,0,0,0
42200,9855,0,133,0,2,0,6,0,3,0,1,0,0,0,0,0,0,0
42300,9878,0,106,0,6,0,4,0,4,0,2,0,0,0,0,0,0,0
42400,9916,0,82,0,0,0,1,0,1,0,0,0,0,0,0,0,0,0
42500,9909,0,76,0,5,0,3,0,5,0,2,0,0,0,0,0,0,0
42600,9902,0,86,0,3,0,5,0,1,0,3,0,0,0,0,0,0,0
42700,9895,0,93,0,4,0,2,0,4,0,1,0,1,0,0,0,0,0
42800,9895,0,97,0,2,0,2,0,3,0,1,0,0,0,0,0,0,0
42900,9888,0,101,0,5,0,2,0,3,0,1,0,0,0,0,0,0,0
43000,9876,0,109,0,5,0,1,0,6,0,3,0,0,0,0,0,0,0
43100,9883,0,110,0,1,0,1,0,4,0,1,0,0,0,0,0,0,0
43200,9876,0,112,0,5,0,2,0,5,0,0,0,0,0,0,0,0,0
43300,9885,0,109,0,2,0,4,0,0,0,0,0,0,0,0,0,0,0
43400,9896,0,95,0,1,0,4,0,4,0,0,0,0,0,0,0,0,0
43500,9889,0,99,0,4,0,1,0,6,0,1,0,0,0,0,0,0,0
43600,9887,0,104,0,2,0,1,0,3,0,3,0,0,0,0,0,0,0
43700,9888,0,101,0,2,0,4,0,3,0,2,0,0,0,0,0,0,0
43800,9890,0,101,0,3,0,4,0,1,0,1,0,0,0,0,0,0,0
43900,9882,0,104,0,4,0,5,0,3,0,2,0,0,0,0,0,0,0
44000,9891,0,96,0,2,0,7,0,2,0,2,0,0,0,0,0,0,0
44100,9883,0,101,0,6,0,7,0,3,0,0,0,0,0,0,0,0,0
44200,9887,0,98,0,3,0,9,0,3,0,0,0,0,0,0,0,0,0
44300,9884,0,104,0,1,0,4,0,3,0,4,0,0,0,0,0,0,0
44400,9889,0,103,0,2,0,3,0,2,0,1,0,0,0,0,0,0,0
44500,9883,0,98,0,2,0,6,0,9,0,1,0,1,0,0,0,0,0
44600,9847,0,143,0,3,0,5,0,1,0,1,0,0,0,0,0,0,0
44700,9830,0,154,0,3,0,8,0,3,0,2,0,0,0,0,0,0,0
44800,9819,0,168,0,3,0,6,0,2,0,2,0,0,0,0,0,0,0
44900,9829,0,161,0,2,0,2,0,4,0,2,0,0,0,0,0,0,0
45000,9795,0,196,0,1,0,0,0,8,0,0,0,0,0,0,0,0,0
45100,9801,0,191,0,0,0,4,0,4,0,0,0,0,0,0,0,0,0
45200,9797,0,192,0,2,0,5,0,4,0,0,0,0,0,0,0,0,0
45300,9773,0,213,0,2,0,10,0,2,0,0,0,0,0,0,0,0,0
45400,9781,0,201,0,2,0,12,0,1,0,3,0,0,0,0,0,0,0
45500,9790,0,198,0,2,0,5,0,5,0,0,0,0,0,0,0,0,0
45600,9784,0,200,0,2,0,4,0,7,0,3,0,0,0,0,0,0,0
45700,9784,0,202,0,3,0,7,0,3,0,1,0,0,0,0,0,0,0
45800,9777,0,217,0,3,0,1,0,2,0,0,0,0,0,0,0,0,0
45900,9772,0,216,0,3,0,6,0,2,0,1,0,0,0,0,0,0,0
46000,9825,0,159,0,5,0,7,0,3,0,1,0,0,0,0,0,0,0
46100,9824,0,168,0,2,0,4,0,1,0,1,0,0,0,0,0,0,0
46200,9823,0,169,0,0,0,4,0,2,0,2,0,0,0,0,0,0,0
46300,9818,0,170,0,3,0,4,0,3,0,2,0,0,0,0,0,0,0
46400,9828,0,158,0,5,0,2,0,7,0,0,0,0,0,0,0,0,0
46500,9844,0,141,0,4,0,4,0,4,0,3,0,0,0,0,0,0,0
46600,9853,0,140,0,5,0,0,0,2,0,0,0,0,0,0,0,0,0
46700,9845,0,144,0,3,0,1,0,6,0,1,0,0,0,0,0,0,0
46800,9849,0,141,0,4,0,4,0,2,0,0,0,0,0,0,0,0,0
46900,9816,0,170,0,7,0,3,0,3,0,1,0,0,0,0,0,0,0
47000,9812,0,181,0,2,0,2,0,2,0,1,0,0,0,0,0,0,0
47100,9811,0,183,0,0,0,2,0,2,0,2,0,0,0,0,0,0,0
47200,9815,0,180,0,0,0,1,0,3,0,1,0,0,0,0,0,0,0
47300,9797,0,194,0,4,0,2,0,3,0,0,0,0,0,0,0,0,0
47400,9774,0,214,0,4,0,2,0,4,0,2,0,0,0,0,0,0,0
47500,9765,0,219,0,5,0,2,0,9,0,0,0,0,0,0,0,0,0
47600,9769,0,221,0,3,0,2,0,3,0,2,0,0,0,0,0,0,0
47700,9836,0,154,0,1,0,2,0,6,0,1,0,0,0,0,0,0,0
47800,9855,0,141,0,1,0,2,0,0,0,1,0,0,0,0,0,0,0
47900,9852,0,138,0,2,0,2,0,3,0,3,0,0,0,0,0,0,0
48000,9842,0,137,0,6,0,3,0,7,0,4,0,0,0,1,0,0,0
48100,9857,0,138,0,1,0,1,0,2,0,1,0,0,0,0,0,0,0
48200,9844,0,141,0,3,0,8,0,3,0,1,0,0,0,0,0,0,0
48300,9845,0,140,0,3,0,4,0,6,0,2,0,0,0,0,0,0,0
48400,9851,0,138,0,3,0,4,0,3,0,1,0,0,0,0,0,0,0
48500,9849,0,141,0,3,0,4,0,3,0,0,0,0,0,0,0,0,0
48600,9857,0,139,0,1,0,1,0,0,0,2,0,0,0,0,0,0,0
48700,9840,0,143,0,6,0,3,0,6,0,2,0,0,0,0,0,0,0
48800,9852,0,140,0,1,0,1,0,3,0,3,0,0,0,0,0,0,0
48900,9854,0,140,0,2,0,1,0,1,0,2,0,0,0,0,0,0,0
49000,9863,0,124,0,5,0,0,0,7,0,1,0,0,0,0,0,0,0
49100,9860,0,123,0,13,0,0,0,4,0,0,0,0,0,0,0,0,0
49200,9857,0,122,0,16,0,2,0,3,0,0,0,0,0,0,0,0,0
49300,9855,0,124,0,11,0,5,0,4,0,1,0,0,0,0,0,0,0
49400,9853,0,122,0,13,0,4,0,4,0,4,0,0,0,0,0,0,0
49500,9859,0,119,0,12,0,5,0,3,0,2,0,0,0,0,0,0,0
49600,9867,0,119,0,11,0,1,0,2,0,0,0,0,0,0,0,0,0
49700,9872,0,105,0,15,0,1,0,5,0,2,0,0,0,0,0,0,0
49800,9878,0,110,0,10,0,0,0,1,0,1,0,0,0,0,0,0,0
49900,9884,0,102,0,10,0,2,0,1,0,1,0,0,0,0,0,0,0
50000,9918,0,64,0,10,0,1,0,5,0,2,0,0,0,0,0,0,0
50100,9916,0,67,0,11,0,3,0,1,0,2,0,0,0,0,0,0,0
50200,9922,0,62,0,12,0,2,0,2,0,0,0,0,0,0,0,0,0
50300,9912,0,69,0,11,0,4,0,2,0,2,0,0,0,0,0,0,0
50400,9922,0,56,0,16,0,0,0,5,0,1,0,0,0,0,0,0,0
50500,9955,0,26,0,13,0,0,0,4,0,2,0,0,0,0,0,0,0
50600,9961,0,27,0,10,0,1,0,1,0,0,0,0,0,0,0,0,0
50700,9964,0,22,0,12,0,2,0,0,0,0,0,0,0,0,0,0,0
50800,9952,0,28,0,10,0,3,0,7,0,0,0,0,0,0,0,0,0
50900,9952,0,30,0,11,0,4,0,1,0,2,0,0,0,0,0,0,0
51000,9947,0,31,0,11,0,3,0,5,0,3,0,0,0,0,0,0,0
51100,9953,0,31,0,12,0,2,0,2,0,0,0,0,0,0,0,0,0
51200,9948,0,40,0,11,0,0,0,1,0,0,0,0,0,0,0,0,0
51300,9955,0,30,0,11,0,1,0,3,0,0,0,0,0,0,0,0,0
51400,9941,0,39,0,11,0,3,0,5,0,1,0,0,0,0,0,0,0
51500,9947,0,37,0,13,0,0,0,3,0,0,0,0,0,0,0,0,0
51600,9942,0,40,0,12,0,2,0,3,0,1,0,0,0,0,0,0,0
51700,9936,0,39,0,13,0,5,0,5,0,2,0,0,0,0,0,0,0
51800,9936,0,46,0,9,0,3,0,4,0,2,0,0,0,0,0,0,0
51900,9922,0,52,0,12,0,5,0,9,0,0,0,0,0,0,0,0,0
52000,9938,0,48,0,9,0,1,0,2,0,2,0,0,0,0,0,0,0
52100,9946,0,42,0,11,0,1,0,0,0,0,0,0,0,0,0,0,0
52200,9932,0,49,0,12,0,1,0,4,0,2,0,0,0,0,0,0,0
52300,9937,0,43,0,13,0,4,0,3,0,0,0,0,0,0,0,0,0
52400,9945,0,42,0,11,0,1,0,1,0,0,0,0,0,0,0,0,0
52500,9947,0,41,0,10,0,0,0,2,0,0,0,0,0,0,0,0,0
52600,9946,0,45,0,5,0,2,0,2,0,0,0,0,0,0,0,0,0
52700,9942,0,42,0,9,0,3,0,4,0,0,0,0,0,0,0,0,0
52800,9953,0,38,0,7,0,0,0,2,0,0,0,0,0,0,0,0,0
52900,9954,0,35,0,5,0,3,0,1,0,2,0,0,0,0,0,0,0
53000,9953,0,34,0,6,0,4,0,1,0,2,0,0,0,0,0,0,0
53100,9943,0,37,0,8,0,7,0,3,0,2,0,0,0,0,0,0,0
53200,9953,0,36,0,8,0,0,0,3,0,0,0,0,0,0,0,0,0
53300,9955,0,34,0,6,0,0,0,4,0,1,0,0,0,0,0,0,0
53400,9956,0,34,0,8,0,1,0,1,0,0,0,0,0,0,0,0,0
53500,9951,0,37,0,8,0,1,0,3,0,0,0,0,0,0,0,0,0
53600,9952,0,35,0,9,0,2,0,2,0,0,0,0,0,0,0,0,0
53700,9950,0,36,0,7,0,6,0,1,0,0,0,0,0,0,0,0,0
53800,9960,0,32,0,4,0,0,0,3,0,1,0,0,0,0,0,0,0
53900,9949,0,39,0,6,0,2,0,3,0,1,0,0,0,0,0,0,0
54000,9970,0,21,0,5,0,2,0,1,0,1,0,0,0,0,0,0,0
54100,9962,0,28,0,6,0,1,0,3,0,0,0,0,0,0,0,0,0
54200,9971,0,18,0,6,0,0,0,5,0,0,0,0,0,0,0,0,0
54300,9975,0,12,0,11,0,0,0,2,0,0,0,0,0,0,0,0,0
54400,9971,0,13,0,8,0,3,0,5,0,0,0,0,0,0,0,0,0
54500,9989,0,0,0,8,0,0,0,2,0,1,0,0,0,0,0,0,0
54600,9980,0,4,0,6,0,6,0,3,0,1,0,0,0,0,0,0,0
54700,9987,0,0,0,4,0,6,0,2,0,1,0,0,0,0,0,0,0
54800,9994,0,0,0,3,0,1,0,1,0,1,0,0,0,0,0,0,0
54900,9996,0,0,0,3,0,0,0,1,0,0,0,0,0,0,0,0,0
55000,9993,0,2,0,2,0,1,0,1,0,1,0,0,0,0,0,0,0
55100,9989,0,3,0,2,0,2,0,3,0,1,0,0,0,0,0,0,0
55200,9972,0,17,0,3,0,4,0,3,0,1,0,0,0,0,0,0,0
55300,9981,0,18,0,0,0,0,0,1,0,0,0,0,0,0,0,0,0
55400,9981,0,15,0,1,0,1,0,0,0,2,0,0,0,0,0,0,0
55500,9975,0,21,0,1,0,1,0,2,0,0,0,0,0,0,0,0,0
55600,9971,0,19,0,2,0,6,0,2,0,0,0,0,0,0,0,0,0
55700,9978,0,16,0,2,0,1,0,3,0,0,0,0,0,0,0,0,0
55800,9974,0,18,0,3,0,1,0,3,0,1,0,0,0,0,0,0,0
55900,9980,0,15,0,1,0,1,0,2,0,1,0,0,0,0,0,0,0
56000,9984,0,14,0,1,0,0,0,1,0,0,0,0,0,0,0,0,0
56100,9977,0,16,0,1,0,3,0,2,0,1,0,0,0,0,0,0,0
56200,9979,0,14,0,1,0,3,0,3,0,0,0,0,0,0,0,0,0
56300,9979,0,15,0,2,0,3,0,0,0,1,0,0,0,0,0,0,0
56400,9981,0,15,0,3,0,1,0,0,0,0,0,0,0,0,0,0,0
56500,9974,0,20,0,1,0,0,0,1,0,4,0,0,0,0,0,0,0
56600,9975,0,20,0,0,0,2,0,3,0,0,0,0,0,0,0,0,0
56700,9972,0,22,0,2,0,2,0,1,0,1,0,0,0,0,0,0,0
56800,9966,0,22,0,3,0,3,0,5,0,1,0,0,0,0,0,0,0
56900,9977,0,19,0,1,0,1,0,2,0,0,0,0,0,0,0,0,0
57000,9970,0,16,0,4,0,6,0,3,0,1,0,0,0,0,0,0,0
57100,9979,0,17,0,1,0,2,0,0,0,1,0,0,0,0,0,0,0
57200,9981,0,15,0,1,0,2,0,0,0,1,0,0,0,0,0,0,0
57300,9975,0,17,0,1,0,1,0,4,0,2,0,0,0,0,0,0,0
57400,9972,0,19,0,2,0,6,0,1,0,0,0,0,0,0,0,0,0
57500,9977,0,15,0,2,0,3,0,3,0,0,0,0,0,0,0,0,0
57600,9977,0,19,0,0,0,1,0,1,0,2,0,0,0,0,0,0,0
57700,9982,0,16,0,1,0,0,0,0,0,1,0,0,0,0,0,0,0
57800,9973,0,18,0,0,0,6,0,3,0,0,0,0,0,0,0,0,0
57900,9972,0,21,0,3,0,2,0,2,0,0,0,0,0,0,0,0,0
58000,9974,0,17,0,3,0,5,0,1,0,0,0,0,0,0,0,0,0
58100,9972,0,20,0,5,0,0,0,2,0,1,0,0,0,0,0,0,0
58200,9975,0,20,0,1,0,1,0,3,0,0,0,0,0,0,0,0,0
58300,9970,0,22,0,1,0,3,0,2,0,2,0,0,0,0,0,0,0
58400,9979,0,18,0,1,0,0,0,2,0,0,0,0,0,0,0,0,0
58500,9977,0,19,0,1,0,1,0,2,0,0,0,0,0,0,0,0,0
58600,9961,0,31,0,5,0,1,0,1,0,1,0,0,0,0,0,0,0
58700,9972,0,24,0,1,0,0,0,3,0,0,0,0,0,0,0,0,0
58800,9969,0,22,0,4,0,1,0,3,0,1,0,0,0,0,0,0,0
58900,9962,0,29,0,0,0,4,0,4,0,1,0,0,0,0,0,0,0
59000,9973,0,18,0,3,0,1,0,4,0,1,0,0,0,0,0,0,0
59100,9973,0,20,0,4,0,1,0,1,0,1,0,0,0,0,0,0,0
59200,9968,0,20,0,3,0,2,0,4,0,3,0,0,0,0,0,0,0
59300,9972,0,18,0,3,0,1,0,6,0,0,0,0,0,0,0,0,0
59400,9981,0,17,0,0,0,0,0,2,0,0,0,0,0,0,0,0,0
59500,9978,0,15,0,1,0,5,0,1,0,0,0,0,0,0,0,0,0
59600,9978,0,16,0,1,0,1,0,1,0,3,0,0,0,0,0,0,0
59700,9971,0,21,0,2,0,2,0,4,0,0,0,0,0,0,0,0,0
59800,9979,0,16,0,1,0,3,0,1,0,0,0,0,0,0,0,0,0
59900,9972,0,19,0,3,0,5,0,0,0,1,0,0,0,0,0,0,0
60000,9981,0,14,0,0,0,3,0,1,0,1,0,0,0,0,0,0,0
60100,9976,0,17,0,4,0,0,0,2,0,1,0,0,0,0,0,0,0
60200,9979,0,19,0,1,0,0,0,0,0,1,0,0,0,0,0,0,0
60300,9972,0,18,0,4,0,2,0,4,0,0,0,0,0,0,0,0,0
60400,9978,0,15,0,1,0,1,0,5,0,0,0,0,0,0,0,0,0
60500,9984,0,12,0,1,0,0,0,2,0,1,0,0,0,0,0,0,0
60600,9968,0,20,0,4,0,3,0,4,0,1,0,0,0,0,0,0,0
60700,9982,0,14,0,2,0,1,0,1,0,0,0,0,0,0,0,0,0
60800,9977,0,16,0,1,0,1,0,4,0,1,0,0,0,0,0,0,0
60900,9979,0,12,0,2,0,2,0,4,0,1,0,0,0,0,0,0,0
61000,9974,0,16,0,3,0,3,0,3,0,1,0,0,0,0,0,0,0
61100,9974,0,22,0,1,0,2,0,1,0,0,0,0,0,0,0,0,0
61200,9974,0,21,0,0,0,0,0,5,0,0,0,0,0,0,0,0,0
61300,9974,0,19,0,3,0,1,0,2,0,1,0,0,0,0,0,0,0
61400,9977,0,18,0,0,0,2,0,3,0,0,0,0,0,0,0,0,0
61500,9969,0,22,0,4,0,0,0,3,0,2,0,0,0,0,0,0,0
61600,9982,0,14,0,0,0,4,0,0,0,0,0,0,0,0,0,0,0
61700,9982,0,14,0,1,0,2,0,0,0,1,0,0,0,0,0,0,0
61800,9976,0,17,0,2,0,0,0,3,0,1,0,1,0,0,0,0,0
61900,9975,0,16,0,2,0,1,0,4,0,2,0,0,0,0,0,0,0
62000,9975,0,18,0,2,0,3,0,2,0,0,0,0,0,0,0,0,0
62100,9966,0,26,0,1,0,3,0,4,0,0,0,0,0,0,0,0,0
62200,9970,0,22,0,0,0,2,0,4,0,2,0,0,0,0,0,0,0
62300,9978,0,14,0,3,0,1,0,4,0,0,0,0,0,0,0,0,0
62400,9982,0,6,0,4,0,2,0,5,0,1,0,0,0,0,0,0,0
62500,9985,0,8,0,1,0,2,0,4,0,0,0,0,0,0,0,0,0
62600,9977,0,10,0,3,0,4,0,4,0,2,0,0,0,0,0,0,0
62700,9983,0,8,0,2,0,5,0,1,0,1,0,0,0,0,0,0,0
62800,9976,0,12,0,1,0,5,0,5,0,1,0,0,0,0,0,0,0
62900,9993,0,2,0,1,0,2,0,1,0,1,0,0,0,0,0,0,0
63000,9992,0,0,0,3,0,3,0,1,0,1,0,0,0,0,0,0,0
63100,9989,0,4,0,4,0,2,0,1,0,0,0,0,0,0,0,0,0
63200,9986,0,7,0,2,0,1,0,3,0,1,0,0,0,0,0,0,0
63300,9988,0,4,0,2,0,1,0,3,0,2,0,0,0,0,0,0,0
63400,9989,0,1,0,4,0,1,0,3,0,2,0,0,0,0,0,0,0
63500,9994,0,2,0,0,0,0,0,3,0,1,0,0,0,0,0,0,0
63600,9985,0,4,0,2,0,5,0,3,0,1,0,0,0,0,0,0,0
63700,9987,0,4,0,2,0,2,0,4,0,1,0,0,0,0,0,0,0
63800,9978,0,10,0,1,0,4,0,6,0,1,0,0,0,0,0,0,0
63900,9987,0,1,0,4,0,1,0,7,0,0,0,0,0,0,0,0,0
64000,9984,0,5,0,1,0,1,0,8,0,1,0,0,0,0,0,0,0
64100,9984,0,5,0,4,0,2,0,5,0,0,0,0,0,0,0,0,0
64200,9984,0,6,0,6,0,2,0,1,0,1,0,0,0,0,0,0,0
64300,9981,0,4,0,6,0,0,0,9,0,0,0,0,0,0,0,0,0
64400,9990,0,2,0,2,0,0,0,3,0,3,0,0,0,0,0,0,0
64500,9992,0,2,0,4,0,2,0,0,0,0,0,0,0,0,0,0,0
64600,9988,0,6,0,1,0,3,0,1,0,1,0,0,0,0,0,0,0
64700,9989,0,3,0,4,0,2,0,1,0,1,0,0,0,0,0,0,0
64800,9984,0,7,0,5,0,3,0,1,0,0,0,0,0,0,0,0,0
64900,9988,0,1,0,4,0,2,0,5,0,0,0,0,0,0,0,0,0
65000,9989,0,7,0,1,0,1,0,2,0,0,0,0,0,0,0,0,0
65100,9986,0,4,0,1,0,4,0,4,0,1,0,0,0,0,0,0,0
65200,9990,0,2,0,5,0,2,0,1,0,0,0,0,0,0,0,0,0
65300,9989,0,6,0,1,0,2,0,2,0,0,0,0,0,0,0,0,0
65400,9986,0,7,0,1,0,2,0,4,0,0,0,0,0,0,0,0,0
65500,9991,0,2,0,3,0,0,0,2,0,2,0,0,0,0,0,0,0
65600,9989,0,3,0,1,0,1,0,3,0,3,0,0,0,0,0,0,0
65700,9990,0,1,0,2,0,3,0,3,0,1,0,0,0,0,0,0,0
65800,9982,0,8,0,4,0,1,0,3,0,2,0,0,0,0,0,0,0
65900,9987,0,2,0,2,0,4,0,0,0,5,0,0,0,0,0,0,0
66000,9991,0,3,0,2,0,3,0,1,0,0,0,0,0,0,0,0,0
66100,9978,0,9,0,1,0,5,0,4,0,3,0,0,0,0,0,0,0
66200,9986,0,5,0,4,0,0,0,5,0,0,0,0,0,0,0,0,0
66300,9989,0,4,0,2,0,0,0,5,0,0,0,0,0,0,0,0,0
66400,9990,0,6,0,0,0,0,0,4,0,0,0,0,0,0,0,0,0
66500,9989,0,5,0,1,0,2,0,3,0,0,0,0,0,0,0,0,0
66600,9986,0,7,0,1,0,2,0,3,0,1,0,0,0,0,0,0,0
66700,9979,0,16,0,1,0,1,0,2,0,1,0,0,0,0,0,0,0
66800,9990,0,6,0,1,0,2,0,1,0,0,0,0,0,0,0,0,0
66900,9975,0,8,0,5,0,8,0,3,0,1,0,0,0,0,0,0,0
67000,9981,0,8,0,3,0,3,0,3,0,2,0,0,0,0,0,0,0
67100,9977,0,4,0,1,0,14,0,2,0,2,0,0,0,0,0,0,0
67200,9975,0,10,0,3,0,7,0,4,0,1,0,0,0,0,0,0,0
67300,9978,0,6,0,2,0,13,0,1,0,0,0,0,0,0,0,0,0
67400,9979,0,10,0,0,0,10,0,0,0,1,0,0,0,0,0,0,0
67500,9977,0,9,0,2,0,6,0,6,0,0,0,0,0,0,0,0,0
67600,9983,0,7,0,2,0,5,0,1,0,2,0,0,0,0,0,0,0
67700,9971,0,8,0,4,0,9,0,8,0,0,0,0,0,0,0,0,0
67800,9982,0,7,0,1,0,5,0,3,0,2,0,0,0,0,0,0,0
67900,9984,0,8,0,1,0,4,0,2,0,1,0,0,0,0,0,0,0
68000,9985,0,5,0,1,0,3,0,4,0,2,0,0,0,0,0,0,0
68100,9991,0,4,0,3,0,0,0,2,0,0,0,0,0,0,0,0,0
68200,9980,0,5,0,4,0,4,0,5,0,2,0,0,0,0,0,0,0
68300,9989,0,5,0,1,0,5,0,0,0,0,0,0,0,0,0,0,0
68400,9971,0,10,0,4,0,7,0,7,0,1,0,0,0,0,0,0,0
68500,9981,0,7,0,1,0,5,0,3,0,1,0,2,0,0,0,0,0
68600,9991,0,5,0,1,0,2,0,0,0,1,0,0,0,0,0,0,0
68700,9986,0,8,0,1,0,4,0,0,0,1,0,0,0,0,0,0,0
68800,9987,0,9,0,1,0,1,0,2,0,0,0,0,0,0,0,0,0
68900,9976,0,16,0,2,0,1,0,4,0,1,0,0,0,0,0,0,0
69000,9988,0,6,0,1,0,1,0,4,0,0,0,0,0,0,0,0,0
69100,9978,0,11,0,2,0,8,0,1,0,0,0,0,0,0,0,0,0
69200,9987,0,8,0,0,0,1,0,3,0,1,0,0,0,0,0,0,0
69300,9989,0,4,0,2,0,1,0,3,0,1,0,0,0,0,0,0,0
69400,9984,0,7,0,1,0,0,0,6,0,2,0,0,0,0,0,0,0
69500,9990,0,5,0,0,0,1,0,4,0,0,0,0,0,0,0,0,0
69600,9980,0,12,0,3,0,3,0,2,0,0,0,0,0,0,0,0,0
69700,9989,0,3,0,0,0,1,0,7,0,0,0,0,0,0,0,0,0
69800,9979,0,9,0,2,0,3,0,4,0,3,0,0,0,0,0,0,0
69900,9982,0,9,0,1,0,3,0,1,0,4,0,0,0,0,0,0,0
70000,9989,0,6,0,0,0,1,0,2,0,2,0,0,0,0,0,0,0
70100,9989,0,6,0,1,0,0,0,2,0,2,0,0,0,0,0,0,0
70200,9987,0,8,0,2,0,0,0,2,0,1,0,0,0,0,0,0,0
70300,9994,0,1,0,1,0,1,0,2,0,1,0,0,0,0,0,0,0
70400,9986,0,6,0,3,0,4,0,0,0,1,0,0,0,0,0,0,0
70500,9989,0,6,0,1,0,3,0,1,0,0,0,0,0,0,0,0,0
70600,9993,0,1,0,1,0,2,0,2,0,1,0,0,0,0,0,0,0
70700,9994,0,0,0,3,0,0,0,1,0,2,0,0,0,0,0,0,0
70800,9986,0,2,0,4,0,2,0,3,0,3,0,0,0,0,0,0,0
70900,9988,0,5,0,3,0,0,0,3,0,1,0,0,0,0,0,0,0
71000,9989,0,4,0,5,0,0,0,1,0,1,0,0,0,0,0,0,0
71100,9991,0,2,0,1,0,1,0,3,0,2,0,0,0,0,0,0,0
71200,9994,0,3,0,1,0,1,0,1,0,0,0,0,0,0,0,0,0
71300,9991,0,6,0,1,0,0,0,2,0,0,0,0,0,0,0,0,0
71400,9994,0,2,0,1,0,2,0,1,0,0,0,0,0,0,0,0,0
71500,9985,0,6,0,2,0,4,0,2,0,1,0,0,0,0,0,0,0
71600,9994,0,4,0,0,0,1,0,1,0,0,0,0,0,0,0,0,0
71700,9993,0,1,0,2,0,3,0,1,0,0,0,0,0,0,0,0,0
71800,9991,0,4,0,1,0,3,0,1,0,0,0,0,0,0,0,0,0
71900,9989,0,4,0,4,0,2,0,0,0,1,0,0,0,0,0,0,0
72000,9979,0,15,0,0,0,3,0,3,0,0,0,0,0,0,0,0,0
72100,9970,0,26,0,1,0,1,0,2,0,0,0,0,0,0,0,0,0
72200,9970,0,27,0,1,0,0,0,1,0,1,0,0,0,0,0,0,0
72300,9960,0,32,0,3,0,3,0,2,0,0,0,0,0,0,0,0,0
72400,9968,0,29,0,2,0,0,0,1,0,0,0,0,0,0,0,0,0
72500,9975,0,20,0,4,0,1,0,0,0,0,0,0,0,0,0,0,0
72600,9968,0,25,0,2,0,0,0,5,0,0,0,0,0,0,0,0,0
72700,9976,0,18,0,1,0,0,0,1,0,4,0,0,0,0,0,0,0
72800,9957,0,38,0,0,0,1,0,4,0,0,0,0,0,0,0,0,0
72900,9949,0,46,0,3,0,0,0,2,0,0,0,0,0,0,0,0,0
73000,9953,0,36,0,2,0,4,0,3,0,2,0,0,0,0,0,0,0
73100,9963,0,27,0,2,0,4,0,3,0,1,0,0,0,0,0,0,0
73200,9964,0,33,0,0,0,1,0,2,0,0,0,0,0,0,0,0,0
73300,9977,0,18,0,2,0,0,0,1,0,2,0,0,0,0,0,0,0
73400,9972,0,22,0,0,0,3,0,3,0,0,0,0,0,0,0,0,0
73500,9972,0,19,0,2,0,3,0,4,0,0,0,0,0,0,0,0,0
73600,9973,0,20,0,1,0,0,0,5,0,1,0,0,0,0,0,0,0
73700,9961,0,32,0,1,0,0,0,4,0,2,0,0,0,0,0,0,0
73800,9970,0,24,0,2,0,1,0,3,0,0,0,0,0,0,0,0,0
73900,9979,0,17,0,1,0,1,0,2,0,0,0,0,0,0,0,0,0
74000,9987,0,10,0,1,0,0,0,2,0,0,0,0,0,0,0,0,0
74100,9994,0,5,0,1,0,0,0,0,0,0,0,0,0,0,0,0,0
74200,9994,0,1,0,0,0,3,0,0,0,2,0,0,0,0,0,0,0
74300,9985,0,5,0,1,0,1,0,6,0,2,0,0,0,0,0,0,0
74400,9997,0,1,0,2,0,0,0,0,0,0,0,0,0,0,0,0,0
74500,9994,0,1,0,2,0,1,0,0,0,2,0,0,0,0,0,0,0
74600,9991,0,1,0,1,0,7,0,0,0,0,0,0,0,0,0,0,0
74700,9993,0,1,0,2,0,1,0,3,0,0,0,0,0,0,0,0,0
74800,9995,0,2,0,1,0,1,0,1,0,0,0,0,0,0,0,0,0
74900,9987,0,5,0,0,0,4,0,3,0,1,0,0,0,0,0,0,0
75000,9992,0,2,0,1,0,4,0,1,0,0,0,0,0,0,0,0,0
75100,9991,0,5,0,2,0,2,0,0,0,0,0,0,0,0,0,0,0
75200,9990,0,4,0,2,0,1,0,2,0,1,0,0,0,0,0,0,0
75300,9987,0,3,0,2,0,3,0,5,0,0,0,0,0,0,0,0,0
75400,9991,0,2,0,2,0,0,0,4,0,1,0,0,0,0,0,0,0
75500,9985,0,4,0,1,0,3,0,7,0,0,0,0,0,0,0,0,0
75600,9994,0,3,0,0,0,2,0,1,0,0,0,0,0,0,0,0,0
75700,9993,0,2,0,1,0,2,0,2,0,0,0,0,0,0,0,0,0
75800,9988,0,6,0,2,0,0,0,4,0,0,0,0,0,0,0,0,0
75900,9987,0,7,0,1,0,1,0,3,0,1,0,0,0,0,0,0,0
76000,9997,0,0,0,1,0,0,0,2,0,0,0,0,0,0,0,0,0
76100,9988,0,4,0,3,0,1,0,3,0,1,0,0,0,0,0,0,0
76200,9991,0,5,0,2,0,1,0,1,0,0,0,0,0,0,0,0,0
76300,9989,0,4,0,3,0,0,0,4,0,0,0,0,0,0,0,0,0
76400,9986,0,5,0,1,0,4,0,3,0,1,0,0,0,0,0,0,0
76500,9987,0,6,0,2,0,4,0,0,0,1,0,0,0,0,0,0,0
76600,9989,0,2,0,0,0,8,0,0,0,1,0,0,0,0,0,0,0
76700,9990,0,5,0,2,0,0,0,1,0,2,0,0,0,0,0,0,0
76800,9958,0,8,0,4,0,27,0,0,0,3,0,0,0,0,0,0,0
76900,9970,0,4,0,1,0,23,0,2,0,0,0,0,0,0,0,0,0
77000,9954,0,12,0,6,0,24,0,4,0,0,0,0,0,0,0,0,0
77100,9963,0,13,0,0,0,24,0,0,0,0,0,0,0,0,0,0,0
77200,9951,0,17,0,2,0,25,0,4,0,1,0,0,0,0,0,0,0
77300,9980,0,15,0,2,0,2,0,1,0,0,0,0,0,0,0,0,0
77400,9980,0,16,0,0,0,4,0,0,0,0,0,0,0,0,0,0,0
77500,9994,0,0,0,1,0,2,0,3,0,0,0,0,0,0,0,0,0
77600,9991,0,4,0,2,0,0,0,2,0,1,0,0,0,0,0,0,0
77700,9990,0,4,0,0,0,0,0,2,0,4,0,0,0,0,0,0,0
77800,9983,0,4,0,3,0,4,0,4,0,2,0,0,0,0,0,0,0
77900,9987,0,2,0,1,0,1,0,8,0,1,0,0,0,0,0,0,0
78000,9997,0,1,0,1,0,0,0,0,0,1,0,0,0,0,0,0,0
78100,9978,0,18,0,2,0,2,0,0,0,0,0,0,0,0,0,0,0
78200,9971,0,20,0,2,0,3,0,3,0,0,0,1,0,0,0,0,0
78300,9976,0,18,0,2,0,2,0,2,0,0,0,0,0,0,0,0,0
78400,9981,0,15,0,2,0,0,0,2,0,0,0,0,0,0,0,0,0
78500,9982,0,10,0,3,0,1,0,3,0,1,0,0,0,0,0,0,0
78600,9983,0,8,0,2,0,1,0,6,0,0,0,0,0,0,0,0,0
78700,9983,0,10,0,1,0,1,0,4,0,1,0,0,0,0,0,0,0
78800,9988,0,7,0,1,0,0,0,3,0,1,0,0,0,0,0,0,0
78900,9987,0,4,0,1,0,3,0,5,0,0,0,0,0,0,0,0,0
79000,9989,0,3,0,1,0,1,0,0,0,6,0,0,0,0,0,0,0
79100,9989,0,5,0,2,0,2,0,1,0,1,0,0,0,0,0,0,0
79200,9989,0,3,0,1,0,2,0,2,0,3,0,0,0,0,0,0,0
79300,9993,0,3,0,0,0,2,0,2,0,0,0,0,0,0,0,0,0
79400,9989,0,2,0,2,0,4,0,1,0,2,0,0,0,0,0,0,0
79500,9995,0,1,0,0,0,0,0,4,0,0,0,0,0,0,0,0,0
79600,9993,0,5,0,2,0,0,0,0,0,0,0,0,0,0,0,0,0
79700,9991,0,2,0,2,0,4,0,1,0,0,0,0,0,0,0,0,0
79800,9990,0,8,0,1,0,0,0,1,0,0,0,0,0,0,0,0,0
79900,9986,0,7,0,0,0,3,0,4,0,0,0,0,0,0,0,0,0
80000,9987,0,3,0,2,0,3,0,4,0,1,0,0,0,0,0,0,0
80100,9995,0,3,0,1,0,0,0,1,0,0,0,0,0,0,0,0,0
80200,9988,0,2,0,1,0,5,0,4,0,0,0,0,0,0,0,0,0
80300,9988,0,3,0,2,0,1,0,6,0,0,0,0,0,0,0,0,0
80400,9990,0,3,0,3,0,1,0,3,0,0,0,0,0,0,0,0,0
80500,9997,0,1,0,1,0,0,0,0,0,1,0,0,0,0,0,0,0
80600,9989,0,2,0,1,0,5,0,2,0,1,0,0,0,0,0,0,0
80700,9992,0,1,0,2,0,3,0,1,0,1,0,0,0,0,0,0,0
80800,9991,0,2,0,1,0,4,0,2,0,0,0,0,0,0,0,0,0
80900,9996,0,0,0,1,0,1,0,1,0,1,0,0,0,0,0,0,0
81000,9992,0,5,0,2,0,1,0,0,0,0,0,0,0,0,0,0,0
81100,9995,0,1,0,2,0,1,0,1,0,0,0,0,0,0,0,0,0
81200,9993,0,0,0,0,0,5,0,1,0,1,0,0,0,0,0,0,0
81300,9988,0,6,0,1,0,1,0,3,0,1,0,0,0,0,0,0,0
81400,9987,0,1,0,4,0,4,0,2,0,2,0,0,0,0,0,0,0
81500,9990,0,0,0,3,0,2,0,3,0,2,0,0,0,0,0,0,0
81600,9997,0,0,0,1,0,0,0,0,0,2,0,0,0,0,0,0,0
81700,9995,0,2,0,0,0,0,0,1,0,2,0,0,0,0,0,0,0
81800,9989,0,3,0,3,0,1,0,4,0,0,0,0,0,0,0,0,0
81900,9993,0,3,0,2,0,0,0,1,0,1,0,0,0,0,0,0,0
82000,9993,0,4,0,1,0,0,0,1,0,1,0,0,0,0,0,0,0
82100,9990,0,2,0,1,0,3,0,3,0,1,0,0,0,0,0,0,0
82200,9993,0,0,0,3,0,0,0,2,0,2,0,0,0,0,0,0,0
82300,9991,0,4,0,1,0,2,0,2,0,0,0,0,0,0,0,0,0
82400,9984,0,6,0,1,0,3,0,5,0,1,0,0,0,0,0,0,0
82500,9994,0,5,0,1,0,0,0,0,0,0,0,0,0,0,0,0,0
82600,9991,0,3,0,1,0,1,0,4,0,0,0,0,0,0,0,0,0
82700,9991,0,7,0,0,0,0,0,0,0,2,0,0,0,0,0,0,0
82800,9993,0,2,0,4,0,1,0,0,0,0,0,0,0,0,0,0,0
82900,9989,0,2,0,2,0,2,0,4,0,1,0,0,0,0,0,0,0
83000,9880,0,104,0,5,0,5,0,5,0,1,0,0,0,0,0,0,0
83100,9905,0,83,0,2,0,3,0,6,0,1,0,0,0,0,0,0,0
83200,9913,0,79,0,2,0,2,0,2,0,2,0,0,0,0,0,0,0
83300,9902,0,87,0,3,0,4,0,3,0,1,0,0,0,0,0,0,0
83400,9895,0,102,0,0,0,2,0,1,0,0,0,0,0,0,0,0,0
83500,9952,0,39,0,3,0,0,0,3,0,3,0,0,0,0,0,0,0
83600,9955,0,42,0,0,0,1,0,1,0,1,0,0,0,0,0,0,0
83700,9928,0,60,0,4,0,5,0,3,0,0,0,0,0,0,0,0,0
83800,9960,0,33,0,6,0,0,0,1,0,0,0,0,0,0,0,0,0
83900,9962,0,21,0,11,0,3,0,2,0,0,0,1,0,0,0,0,0
84000,9972,0,15,0,7,0,3,0,3,0,0,0,0,0,0,0,0,0
84100,9990,0,4,0,1,0,3,0,1,0,1,0,0,0,0,0,0,0
84200,9983,0,6,0,1,0,0,0,6,0,4,0,0,0,0,0,0,0
84300,9993,0,3,0,1,0,0,0,3,0,0,0,0,0,0,0,0,0
84400,9991,0,6,0,1,0,1,0,1,0,0,0,0,0,0,0,0,0
84500,9982,0,7,0,1,0,6,0,2,0,2,0,0,0,0,0,0,0
84600,9990,0,3,0,2,0,1,0,4,0,0,0,0,0,0,0,0,0
84700,9987,0,2,0,1,0,4,0,5,0,1,0,0,0,0,0,0,0
84800,9991,0,2,0,2,0,1,0,2,0,2,0,0,0,0,0,0,0
84900,9989,0,2,0,2,0,1,0,6,0,0,0,0,0,0,0,0,0
85000,9992,0,1,0,3,0,1,0,1,0,2,0,0,0,0,0,0,0
85100,9990,0,6,0,2,0,1,0,1,0,0,0,0,0,0,0,0,0
85200,9992,0,4,0,1,0,0,0,2,0,1,0,0,0,0,0,0,0
85300,9991,0,3,0,2,0,1,0,2,0,1,0,0,0,0,0,0,0
85400,9989,0,4,0,1,0,3,0,3,0,0,0,0,0,0,0,0,0
85500,9985,0,2,0,2,0,2,0,4,0,5,0,0,0,0,0,0,0
85600,9988,0,6,0,1,0,4,0,1,0,0,0,0,0,0,0,0,0
85700,9996,0,1,0,1,0,1,0,1,0,0,0,0,0,0,0,0,0
85800,9983,0,8,0,3,0,3,0,1,0,2,0,0,0,0,0,0,0
85900,9991,0,3,0,2,0,4,0,0,0,0,0,0,0,0,0,0,0
86000,9995,0,2,0,1,0,1,0,1,0,0,0,0,0,0,0,0,0
86100,9987,0,6,0,2,0,1,0,2,0,2,0,0,0,0,0,0,0
86200,9976,0,17,0,0,0,6,0,0,0,1,0,0,0,0,0,0,0
86300,9975,0,22,0,0,0,0,0,0,0,3,0,0,0,0,0,0,0
86400,9970,0,19,0,1,0,1,0,8,0,1,0,0,0,0,0,0,0
86500,9969,0,19,0,4,0,2,0,6,0,0,0,0,0,0,0,0,0
86600,9975,0,22,0,2,0,0,0,1,0,0,0,0,0,0,0,0,0
86700,9969,0,18,0,3,0,4,0,4,0,2,0,0,0,0,0,0,0
86800,9972,0,20,0,4,0,1,0,2,0,1,0,0,0,0,0,0,0
86900,9969,0,21,0,1,0,0,0,6,0,3,0,0,0,0,0,0,0
87000,9963,0,23,0,5,0,3,0,6,0,0,0,0,0,0,0,0,0
87100,9975,0,20,0,3,0,0,0,1,0,1,0,0,0,0,0,0,0
87200,9968,0,30,0,0,0,2,0,0,0,0,0,0,0,0,0,0,0
87300,9973,0,21,0,2,0,3,0,1,0,0,0,0,0,0,0,0,0
87400,9966,0,24,0,3,0,1,0,5,0,1,0,0,0,0,0,0,0
87500,9975,0,20,0,2,0,0,0,2,0,1,0,0,0,0,0,0,0
87600,9974,0,22,0,2,0,1,0,1,0,0,0,0,0,0,0,0,0
87700,9974,0,20,0,3,0,0,0,2,0,1,0,0,0,0,0,0,0
87800,9971,0,24,0,2,0,3,0,0,0,0,0,0,0,0,0,0,0
87900,9972,0,21,0,2,0,0,0,3,0,2,0,0,0,0,0,0,0
88000,9975,0,21,0,1,0,1,0,2,0,0,0,0,0,0,0,0,0
88100,9973,0,20,0,1,0,0,0,5,0,1,0,0,0,0,0,0,0
88200,9971,0,27,0,1,0,0,0,1,0,0,0,0,0,0,0,0,0
88300,9975,0,21,0,3,0,0,0,1,0,0,0,0,0,0,0,0,0
88400,9973,0,20,0,0,0,0,0,5,0,2,0,0,0,0,0,0,0
88500,9978,0,18,0,0,0,2,0,2,0,0,0,0,0,0,0,0,0
88600,9982,0,16,0,1,0,1,0,0,0,0,0,0,0,0,0,0,0
88700,9975,0,22,0,2,0,1,0,0,0,0,0,0,0,0,0,0,0
88800,9977,0,17,0,4,0,0,0,2,0,0,0,0,0,0,0,0,0
88900,9981,0,12,0,2,0,1,0,4,0,0,0,0,0,0,0,0,0
89000,9982,0,10,0,2,0,3,0,3,0,0,0,0,0,0,0,0,0
89100,9980,0,12,0,2,0,0,0,6,0,0,0,0,0,0,0,0,0
89200,9977,0,18,0,2,0,1,0,2,0,0,0,0,0,0,0,0,0
89300,9974,0,13,0,1,0,5,0,6,0,1,0,0,0,0,0,0,0
89400,9979,0,15,0,2,0,2,0,2,0,0,0,0,0,0,0,0,0
89500,9977,0,19,0,1,0,1,0,0,0,2,0,0,0,0,0,0,0
89600,9967,0,23,0,2,0,2,0,5,0,1,0,0,0,0,0,0,0
89700,9969,0,26,0,0,0,3,0,1,0,1,0,0,0,0,0,0,0
89800,9965,0,25,0,1,0,5,0,4,0,0,0,0,0,0,0,0,0
89900,9970,0,25,0,1,0,0,0,0,0,2,0,2,0,0,0,0,0
90000,9969,0,27,0,1,0,2,0,0,0,1,0,0,0,0,0,0,0
90100,9972,0,21,0,1,0,2,0,4,0,0,0,0,0,0,0,0,0
90200,9978,0,21,0,1,0,0,0,0,0,0,0,0,0,0,0,0,0
90300,9973,0,23,0,1,0,2,0,0,0,1,0,0,0,0,0,0,0
90400,9976,0,20,0,1,0,2,0,1,0,0,0,0,0,0,0,0,0
90500,9976,0,21,0,2,0,0,0,1,0,0,0,0,0,0,0,0,0
90600,9972,0,16,0,2,0,6,0,3,0,1,0,0,0,0,0,0,0
90700,9971,0,26,0,0,0,3,0,0,0,0,0,0,0,0,0,0,0
90800,9962,0,34,0,3,0,0,0,0,0,1,0,0,0,0,0,0,0
90900,9954,0,35,0,2,0,5,0,4,0,0,0,0,0,0,0,0,0
91000,9914,0,73,0,0,0,4,0,5,0,4,0,0,0,0,0,0,0
91100,9887,0,107,0,2,0,1,0,2,0,1,0,0,0,0,0,0,0
91200,9880,0,107,0,4,0,2,0,5,0,2,0,0,0,0,0,0,0
91300,9873,0,121,0,3,0,1,0,0,0,2,0,0,0,0,0,0,0
91400,9865,0,130,0,0,0,2,0,2,0,1,0,0,0,0,0,0,0
91500,9874,0,124,0,1,0,0,0,0,0,1,0,0,0,0,0,0,0
91600,9864,0,124,0,3,0,3,0,5,0,1,0,0,0,0,0,0,0
91700,9868,0,125,0,2,0,1,0,3,0,1,0,0,0,0,0,0,0
91800,9878,0,118,0,1,0,0,0,2,0,1,0,0,0,0,0,0,0
91900,9870,0,124,0,2,0,0,0,4,0,0,0,0,0,0,0,0,0
92000,9868,0,126,0,2,0,1,0,3,0,0,0,0,0,0,0,0,0
92100,9864,0,131,0,1,0,1,0,2,0,1,0,0,0,0,0,0,0
92200,9864,0,124,0,4,0,5,0,3,0,0,0,0,0,0,0,0,0
92300,9865,0,128,0,3,0,0,0,3,0,1,0,0,0,0,0,0,0
92400,9860,0,128,0,0,0,7,0,4,0,1,0,0,0,0,0,0,0
92500,9858,0,131,0,1,0,1,0,5,0,4,0,0,0,0,0,0,0
92600,9872,0,123,0,1,0,0,0,3,0,1,0,0,0,0,0,0,0
92700,9885,0,103,0,1,0,4,0,5,0,2,0,0,0,0,0,0,0
92800,9971,0,23,0,1,0,1,0,4,0,0,0,0,0,0,0,0,0
92900,9966,0,19,0,4,0,2,0,8,0,1,0,0,0,0,0,0,0
93000,9978,0,17,0,0,0,4,0,1,0,0,0,0,0,0,0,0,0
93100,9964,0,22,0,4,0,3,0,4,0,2,0,1,0,0,0,0,0
93200,9970,0,26,0,2,0,0,0,2,0,0,0,0,0,0,0,0,0
93300,9981,0,12,0,0,0,6,0,0,0,1,0,0,0,0,0,0,0
93400,9979,0,4,0,1,0,13,0,3,0,0,0,0,0,0,0,0,0
93500,9984,0,13,0,0,0,2,0,1,0,0,0,0,0,0,0,0,0
93600,9987,0,10,0,2,0,1,0,0,0,0,0,0,0,0,0,0,0
93700,9992,0,4,0,1,0,1,0,2,0,0,0,0,0,0,0,0,0
93800,9976,0,12,0,2,0,3,0,7,0,0,0,0,0,0,0,0,0
93900,9979,0,8,0,4,0,4,0,4,0,1,0,0,0,0,0,0,0
94000,9992,0,3,0,4,0,0,0,1,0,0,0,0,0,0,0,0,0
94100,9990,0,5,0,2,0,1,0,2,0,0,0,0,0,0,0,0,0
94200,9989,0,5,0,1,0,1,0,3,0,1,0,0,0,0,0,0,0
94300,9979,0,6,0,5,0,2,0,7,0,1,0,0,0,0,0,0,0
94400,9989,0,3,0,2,0,0,0,6,0,0,0,0,0,0,0,0,0
94500,9985,0,5,0,1,0,3,0,5,0,1,0,0,0,0,0,0,0
94600,9983,0,6,0,3,0,3,0,4,0,1,0,0,0,0,0,0,0
94700,9987,0,7,0,0,0,1,0,3,0,2,0,0,0,0,0,0,0
94800,9981,0,12,0,1,0,2,0,2,0,2,0,0,0,0,0,0,0
94900,9982,0,15,0,0,0,1,0,1,0,1,0,0,0,0,0,0,0
95000,9977,0,16,0,3,0,2,0,2,0,0,0,0,0,0,0,0,0
95100,9972,0,18,0,1,0,5,0,3,0,1,0,0,0,0,0,0,0
95200,9980,0,14,0,3,0,1,0,1,0,1,0,0,0,0,0,0,0
95300,9987,0,7,0,3,0,2,0,1,0,0,0,0,0,0,0,0,0
95400,9988,0,9,0,1,0,0,0,2,0,0,0,0,0,0,0,0,0
95500,9987,0,9,0,0,0,0,0,3,0,1,0,0,0,0,0,0,0
95600,9978,0,16,0,0,0,1,0,4,0,1,0,0,0,0,0,0,0
95700,9977,0,17,0,2,0,1,0,2,0,1,0,0,0,0,0,0,0
95800,9974,0,16,0,0,0,1,0,7,0,2,0,0,0,0,0,0,0
95900,9977,0,21,0,0,0,0,0,1,0,1,0,0,0,0,0,0,0
96000,9983,0,13,0,0,0,3,0,1,0,0,0,0,0,0,0,0,0
96100,9980,0,11,0,0,0,4,0,4,0,1,0,0,0,0,0,0,0
96200,9982,0,13,0,3,0,0,0,1,0,1,0,0,0,0,0,0,0
96300,9974,0,14,0,4,0,1,0,4,0,3,0,0,0,0,0,0,0
96400,9979,0,17,0,3,0,0,0,1,0,0,0,0,0,0,0,0,0
96500,9984,0,10,0,2,0,2,0,2,0,0,0,0,0,0,0,0,0
96600,9981,0,14,0,2,0,0,0,2,0,1,0,0,0,0,0,0,0
96700,9981,0,13,0,2,0,1,0,2,0,1,0,0,0,0,0,0,0
96800,9963,0,26,0,2,0,4,0,4,0,1,0,0,0,0,0,0,0
96900,9954,0,41,0,1,0,2,0,0,0,2,0,0,0,0,0,0,0
97000,9946,0,43,0,2,0,2,0,6,0,1,0,0,0,0,0,0,0
97100,9956,0,41,0,0,0,3,0,0,0,0,0,0,0,0,0,0,0
97200,9956,0,38,0,1,0,0,0,3,0,2,0,0,0,0,0,0,0
97300,9967,0,30,0,0,0,2,0,1,0,0,0,0,0,0,0,0,0
97400,9964,0,29,0,2,0,3,0,2,0,0,0,0,0,0,0,0,0
97500,9959,0,30,0,1,0,4,0,3,0,3,0,0,0,0,0,0,0
97600,9964,0,29,0,1,0,0,0,4,0,2,0,0,0,0,0,0,0
97700,9959,0,33,0,2,0,2,0,3,0,1,0,0,0,0,0,0,0
97800,9965,0,29,0,2,0,2,0,1,0,1,0,0,0,0,0,0,0
97900,9965,0,32,0,2,0,0,0,1,0,0,0,0,0,0,0,0,0
98000,9964,0,29,0,0,0,1,0,5,0,1,0,0,0,0,0,0,0
98100,9966,0,29,0,1,0,1,0,2,0,1,0,0,0,0,0,0,0
98200,9964,0,33,0,1,0,0,0,2,0,0,0,0,0,0,0,0,0
98300,9961,0,32,0,1,0,3,0,1,0,2,0,0,0,0,0,0,0
98400,9960,0,34,0,1,0,2,0,3,0,0,0,0,0,0,0,0,0
98500,9966,0,34,0,0,0,0,0,0,0,0,0,0,0,0,0,0,0
98600,9959,0,33,0,1,0,3,0,3,0,1,0,0,0,0,0,0,0
98700,9951,0,35,0,4,0,0,0,4,0,6,0,0,0,0,0,0,0
98800,9955,0,35,0,3,0,2,0,3,0,2,0,0,0,0,0,0,0
98900,9951,0,45,0,0,0,1,0,1,0,2,0,0,0,0,0,0,0
99000,9939,0,48,0,1,0,7,0,3,0,2,0,0,0,0,0,0,0
99100,9943,0,50,0,2,0,1,0,2,0,2,0,0,0,0,0,0,0
99200,9926,0,61,0,3,0,5,0,4,0,1,0,0,0,0,0,0,0
99300,9915,0,65,0,6,0,7,0,7,0,0,0,0,0,0,0,0,0
99400,9930,0,64,0,2,0,0,0,4,0,0,0,0,0,0,0,0,0
99500,9929,0,65,0,2,0,1,0,2,0,1,0,0,0,0,0,0,0
99600,9929,0,67,0,1,0,1,0,1,0,1,0,0,0,0,0,0,0
99700,9928,0,65,0,2,0,2,0,3,0,0,0,0,0,0,0,0,0
99800,9928,0,67,0,1,0,2,0,1,0,1,0,0,0,0,0,0,0
99900,9928,0,66,0,1,0,2,0,3,0,0,0,0,0,0,0,0,0
100000,9930,0,64,0,2,0,1,0,1,0,2,0,0,0,0,0,0,0
