update,host_task_NOT,sym_task_NOT,host_task_NAND,sym_task_NAND,host_task_AND,sym_task_AND,host_task_ORN,sym_task_ORN,host_task_OR,sym_task_OR,host_task_ANDN,sym_task_ANDN,host_task_NOR,sym_task_NOR,host_task_XOR,sym_task_XOR,host_task_EQU,sym_task_EQU
0,0,0,0,0,0,0,0,0,0,0,0,0,0,0,0,0,0,0
100,9998,38332,0,1,1,3,2,3,0,1,1,0,0,0,0,0,0,0
200,9993,33167,0,2,2,7,1,0,3,8,1,4,0,0,0,0,0,0
300,9994,33109,0,4,4,5,1,7,0,3,1,4,0,0,0,0,0,0
400,9994,33096,0,4,2,6,0,1,2,5,2,1,0,0,0,0,0,0
500,9994,33171,0,9,2,4,1,6,0,5,3,3,0,0,0,0,0,0
600,9997,27982,0,0,0,3,2,3,0,7,1,1,0,0,0,0,0,0
700,9991,25848,0,0,2,3,3,3,2,3,2,3,0,0,0,0,0,0
800,9989,25945,1,6,3,3,3,2,3,4,1,1,0,0,0,0,0,0
900,9998,25832,0,6,1,3,0,5,1,7,0,1,0,0,0,0,0,0
1000,9994,25859,0,5,4,7,0,4,1,4,1,1,0,0,0,0,0,0
1100,9992,23256,2,9,3,8,0,1,3,3,0,1,0,0,0,0,0,0
1200,9991,20546,1,9,4,2,1,6,3,6,0,1,0,0,0,0,0,0
1300,9994,20633,1,15,1,5,1,1,1,6,2,5,0,0,0,0,0,0
1400,9989,20645,1,11,1,6,2,2,6,1,1,4,0,0,0,0,0,0
1500,9992,20548,0,1,3,3,1,7,2,7,2,1,0,0,0,0,0,0
1600,9993,19460,2,3,2,1,2,4,0,3,1,3,0,0,0,0,0,0
1700,9987,16193,5,4,2,4,2,2,2,9,2,2,0,0,0,0,0,0
1800,9992,16023,5,4,0,4,1,2,2,3,0,1,0,0,0,0,0,0
1900,9988,16105,4,3,0,1,3,3,4,3,1,1,0,0,0,0,0,0
2000,9987,16083,5,9,3,3,2,3,3,2,0,2,0,0,0,0,0,0
2100,9989,16157,5,4,2,4,0,0,1,2,3,2,0,1,0,0,0,0
2200,9971,13127,20,8,5,3,1,0,1,5,2,2,0,0,0,0,0,0
2300,9967,13036,23,12,4,0,1,1,5,2,0,0,0,0,0,0,0,0
2400,9975,12972,20,8,0,0,1,3,3,2,1,2,0,0,0,0,0,0
2500,9963,13017,21,14,3,3,5,6,8,3,0,0,0,0,0,0,0,0
2600,9974,13022,20,8,2,2,0,2,3,3,1,3,0,0,0,0,0,0
2700,9979,11007,15,2,2,2,2,2,0,3,2,1,0,0,0,0,0,0
2800,9972,10311,12,3,4,3,7,4,5,1,0,4,0,0,0,0,0,0
2900,9974,10299,13,2,3,2,5,6,3,0,1,1,1,1,0,0,0,0
3000,9975,10363,14,9,2,1,7,6,2,6,0,1,0,0,0,0,0,0
3100,9973,10406,16,4,0,1,6,4,3,3,2,0,0,0,0,0,0,0
3200,9972,9410,13,3,1,1,6,4,7,5,1,1,0,0,0,0,0,0
3300,9972,8618,13,9,4,0,6,8,4,2,1,1,0,0,0,0,0,0
3400,9966,8698,12,10,3,2,9,4,5,4,2,1,3,0,0,0,0,0
3500,9977,8657,13,6,1,1,6,1,3,4,0,4,0,0,0,0,0,0
3600,9980,8702,12,2,0,4,4,1,3,4,1,2,0,0,0,0,0,0
3700,9970,8258,13,6,2,1,9,1,5,4,1,1,0,0,0,0,0,0
3800,9968,7208,16,7,0,1,8,1,7,0,1,0,0,0,0,0,0,0
3900,9971,7298,17,10,1,0,9,0,2,2,0,1,0,0,0,0,0,0
4000,9972,7289,16,8,1,2,8,1,2,6,1,0,0,0,0,0,0,0
4100,9970,7380,17,13,3,1,7,4,3,2,0,0,0,0,0,0,0,0
4200,9964,7217,21,11,1,3,7,5,5,0,2,0,0,0,0,0,0,0
4300,9975,5963,16,4,0,1,5,5,3,2,1,0,0,0,0,0,0,0
4400,9972,6123,16,7,0,1,7,0,5,2,0,0,0,0,0,0,0,0
4500,9968,6109,17,7,2,1,9,0,3,1,1,0,0,0,0,0,0,0
4600,9970,6256,16,21,2,1,10,2,1,4,1,0,0,0,0,0,0,0
4700,9964,6274,19,23,1,0,8,1,6,3,2,1,0,0,0,0,0,0
4800,9952,5659,29,27,4,0,8,1,5,2,2,0,0,0,0,0,0,0
4900,9952,5900,30,36,1,1,12,6,5,3,0,0,0,0,0,0,0,0
5000,9952,6141,30,72,1,3,14,6,2,1,1,0,0,0,0,0,0,0
5100,9944,6933,34,75,4,2,13,3,3,2,2,1,0,0,0,0,0,0
5200,9949,8986,34,76,4,2,13,10,0,5,0,3,0,0,0,0,0,0
5300,9944,9703,34,62,2,5,15,19,5,5,0,1,0,0,0,0,0,0
5400,9943,11026,30,92,3,3,18,9,5,5,1,7,0,0,0,0,0,0
5500,9949,11585,28,171,2,5,16,12,4,5,1,1,0,0,0,0,0,0
5600,9946,12151,28,273,2,8,18,10,5,8,1,2,0,0,0,0,0,0
5700,9947,12183,37,352,0,7,10,12,4,7,2,2,0,0,0,0,0,0
5800,9943,12242,41,268,1,8,14,6,1,4,0,3,0,0,0,0,0,0
5900,9924,12515,50,164,2,4,13,9,7,5,4,5,0,0,0,0,0,0
6000,9925,13229,53,118,1,14,13,7,7,3,1,3,0,0,0,0,0,0
6100,9929,13541,48,206,3,9,13,12,5,3,2,5,0,0,0,0,0,0
6200,9930,13792,49,123,2,10,11,12,6,6,2,3,0,0,0,0,0,0
6300,9927,14965,53,66,0,6,13,11,6,7,1,3,0,0,0,0,0,0
6400,9936,18269,45,48,6,3,11,12,2,7,0,3,0,0,0,0,0,0
6500,9933,25609,49,54,1,11,13,10,3,6,1,2,0,0,0,0,0,0
6600,9931,25931,53,38,1,5,11,10,4,8,0,3,0,0,0,0,0,0
6700,9930,29241,49,32,1,2,15,4,4,11,1,2,0,0,0,0,0,0
6800,9925,29497,56,60,1,2,16,4,2,7,0,2,0,0,0,0,0,0
6900,9919,27509,63,30,0,2,11,8,3,7,3,6,1,0,0,0,0,0
7000,9926,30203,62,36,2,3,5,3,5,6,0,1,0,0,0,0,0,0
7100,9921,30094,67,63,1,1,9,5,1,7,1,1,0,0,0,0,0,0
7200,9912,29938,70,40,3,8,11,14,3,5,1,0,0,0,0,0,0,0
7300,9926,29310,60,68,2,5,10,10,1,4,0,4,1,0,0,0,0,0
7400,9909,26789,74,43,5,5,7,17,4,5,0,3,1,0,0,0,0,0
7500,9892,26749,86,136,5,6,9,12,7,8,1,2,0,0,0,0,0,0
7600,9893,28384,95,122,4,2,4,2,3,6,1,3,0,0,0,0,0,0
7700,9876,30745,104,78,2,3,6,13,9,10,3,1,0,0,0,0,0,0
7800,9882,31130,106,30,1,2,4,1,5,6,2,0,0,0,0,0,0,0
7900,9876,29611,105,55,2,2,5,4,11,6,1,1,0,0,0,0,0,0
8000,9868,26826,112,91,2,5,7,5,10,3,1,2,0,0,0,0,0,0
8100,9867,27171,117,40,2,4,4,9,8,4,2,1,0,0,0,0,0,0
8200,9860,28149,121,127,2,5,6,6,9,9,2,1,0,0,0,0,0,0
8300,9867,27719,118,21,2,3,7,8,6,7,0,3,0,0,0,0,0,0
8400,9868,28558,119,41,1,3,4,3,6,11,2,0,0,0,0,0,0,0
8500,9886,27452,103,41,4,0,2,8,1,4,2,1,2,0,0,0,0,0
8600,9878,30467,103,104,2,5,6,4,11,5,0,2,0,0,0,0,0,0
8700,9888,29195,100,24,3,6,5,8,3,0,1,5,0,0,0,0,0,0
8800,9881,30251,99,27,3,2,4,9,9,3,4,0,0,0,0,0,0,0
8900,9895,32268,94,64,1,6,5,1,5,5,0,3,0,0,0,0,0,0
9000,9869,28530,106,67,6,4,5,4,11,6,2,0,1,0,0,0,0,0
9100,9881,27704,103,68,5,6,7,2,3,8,1,1,0,0,0,0,0,0
9200,9879,25764,104,37,6,6,3,4,5,8,3,2,0,0,0,0,0,0
9300,9848,30034,135,87,4,4,7,10,5,6,1,0,0,0,0,0,0,0
9400,9861,29402,116,41,3,6,9,12,5,6,4,3,2,0,0,0,0,0
9500,9863,27483,115,19,2,3,9,7,8,6,3,0,0,0,0,0,0,0
9600,9820,27099,165,47,0,5,5,5,8,4,2,2,0,0,0,0,0,0
9700,9812,28150,172,133,3,5,6,8,5,9,1,2,1,0,0,0,0,0
9800,9851,28136,133,67,4,4,9,6,1,7,1,3,1,0,0,0,0,0
9900,9861,29503,114,100,7,5,6,17,8,4,4,0,0,0,0,0,0,0
10000,9872,29575,105,54,3,2,14,14,6,5,0,2,0,0,0,0,0,0
10100,9871,30945,113,123,3,1,6,9,4,4,3,1,0,1,0,0,0,0
10200,9863,33954,111,83,5,3,6,8,12,8,2,1,1,0,0,0,0,0
10300,9855,31747,128,50,2,3,8,14,5,11,1,5,1,0,0,0,0,0
10400,9844,33492,128,48,11,1,8,10,9,3,0,3,0,0,0,0,0,0
10500,9828,31590,145,63,7,5,6,10,12,4,2,3,0,0,0,0,0,0
10600,9820,30171,153,110,5,4,11,9,8,6,3,1,0,0,0,0,0,0
10700,9832,32465,149,43,2,6,4,8,8,6,5,2,0,0,0,0,0,0
10800,9840,32577,135,42,5,4,11,5,4,3,5,1,0,0,0,0,0,0
10900,9847,30834,134,90,0,5,4,9,12,12,3,2,0,0,0,0,0,0
11000,9820,30482,161,42,7,4,5,6,3,9,4,4,0,0,0,0,0,0
11100,9818,29174,162,70,3,2,7,24,7,2,3,1,0,0,0,0,0,0
11200,9814,29529,168,116,7,4,7,17,4,4,0,3,0,0,0,0,0,0
11300,9811,29859,166,111,5,2,7,9,6,7,5,1,0,0,0,0,0,0
11400,9776,30779,206,139,4,4,5,5,5,7,4,2,0,0,0,0,0,0
11500,9761,30622,222,63,4,1,6,10,6,7,1,1,0,0,0,0,0,0
11600,9750,28910,234,92,2,10,7,6,5,6,2,1,0,0,0,0,0,0
11700,9743,30363,231,96,7,5,9,7,7,3,3,3,0,0,0,0,0,0
11800,9806,29730,174,133,6,5,7,4,4,3,3,0,0,0,0,0,0,0
11900,9783,29143,208,73,4,2,2,10,3,4,0,2,0,0,0,0,0,0
12000,9741,30633,200,41,38,1,10,8,8,8,3,0,0,0,0,0,0,0
12100,9752,27303,192,30,43,3,3,8,8,5,2,1,0,0,0,0,0,0
12200,9797,26566,153,35,41,2,3,11,6,4,0,2,0,0,0,0,0,0
12300,9804,25411,144,81,39,2,2,4,7,3,4,2,0,0,0,0,0,0
12400,9795,26495,138,74,46,4,10,6,7,6,4,2,0,0,0,0,0,0
12500,9814,27137,136,41,33,3,8,6,6,3,3,1,0,0,0,0,0,0
12600,9822,25021,135,59,30,3,4,4,8,3,1,1,0,0,0,0,0,0
12700,9821,23210,148,57,22,6,6,8,3,4,0,1,0,0,0,0,0,0
12800,9825,23510,144,52,18,1,6,11,5,3,2,1,0,0,0,0,0,0
12900,9834,22068,144,55,10,3,3,7,5,0,4,1,0,0,0,0,0,0
13000,9828,22385,141,81,13,2,7,2,8,3,3,2,0,1,0,0,0,0
13100,9843,23093,134,38,9,1,8,2,2,4,4,1,0,0,0,0,0,0
13200,9829,22562,148,66,10,2,5,3,7,5,1,0,0,0,0,0,0,0
13300,9846,22300,136,51,7,0,3,2,7,1,1,0,0,0,0,0,0,0
13400,9850,21415,123,38,9,1,4,4,11,5,3,0,0,0,0,0,0,0
13500,9839,22544,136,33,3,1,8,3,10,7,4,0,0,0,0,0,0,0
13600,9843,22861,132,54,8,2,6,2,8,7,3,0,0,0,0,0,0,0
13700,9802,21246,150,20,6,1,33,3,5,2,4,1,0,0,0,0,0,0
13800,9799,21264,157,31,6,0,32,4,6,1,0,0,0,0,0,0,0,0
13900,9800,20169,163,28,5,4,30,4,1,2,1,2,0,0,0,0,0,0
14000,9802,20462,157,38,2,2,30,3,6,5,3,3,0,0,0,0,0,0
14100,9814,19072,145,35,2,2,31,3,6,0,2,1,0,0,0,0,0,0
14200,9803,20677,154,44,5,1,32,1,4,3,2,4,0,0,0,0,0,0
14300,9787,20238,169,116,8,2,29,4,4,3,3,2,0,0,0,0,0,0
14400,9779,16721,177,64,6,1,29,8,5,4,4,1,0,0,0,0,0,0
14500,9778,17145,174,89,4,3,35,8,6,3,2,0,1,0,0,0,0,0
14600,9787,17083,165,91,7,1,33,8,6,2,2,2,0,0,0,0,0,0
14700,9759,15453,178,75,7,1,47,2,6,3,2,0,1,0,0,0,0,0
14800,9773,16219,160,96,7,3,55,1,3,1,1,2,1,0,0,0,0,0
14900,9759,16322,171,116,3,3,56,4,7,2,3,0,1,0,0,0,0,0
15000,9768,16461,169,123,3,3,53,6,4,1,3,0,0,0,0,0,0,0
15100,9758,15663,168,174,5,7,56,6,9,3,3,1,1,0,0,0,0,0
15200,9807,14913,128,146,1,1,58,0,4,2,2,2,0,0,0,0,0,0
15300,9801,15307,107,115,3,1,85,2,3,2,0,0,1,0,0,0,0,0
15400,9807,14885,97,114,3,3,84,4,5,0,4,2,0,0,0,0,0,0
15500,9787,14061,119,98,5,2,79,3,7,1,3,0,0,0,0,0,0,0
15600,9801,14582,111,166,3,0,76,3,7,4,2,3,0,0,0,0,0,0
15700,9785,13449,123,147,8,1,79,3,3,4,2,1,0,0,0,0,0,0
15800,9797,14354,112,99,3,1,81,0,6,1,1,0,0,1,0,0,0,0
15900,9784,13891,121,84,6,0,87,7,2,1,0,2,0,0,0,0,0,0
16000,9773,12235,138,85,4,0,80,0,4,3,1,2,0,0,0,0,0,0
16100,9780,12167,136,107,5,1,70,0,9,2,0,1,0,0,0,0,0,0
16200,9782,11957,138,82,2,0,70,2,7,2,1,0,0,0,0,0,0,0
16300,9811,11749,99,73,4,2,80,2,1,2,5,1,0,0,0,0,0,0
16400,9804,11262,96,68,8,4,85,4,4,0,3,1,0,0,0,0,0,0
16500,9827,11662,86,52,2,1,78,7,4,2,2,0,1,0,0,0,0,0
16600,9810,10876,97,63,5,0,80,4,6,2,2,0,0,0,0,0,0,0
16700,9806,10876,105,58,9,0,69,12,10,4,1,0,0,0,0,0,0,0
16800,9795,10895,138,40,2,1,60,6,3,8,2,0,0,0,0,0,0,0
16900,9814,10509,114,45,3,0,61,6,5,1,3,0,0,0,0,0,0,0
17000,9829,9463,105,52,2,3,61,2,3,7,0,0,0,0,0,0,0,0
17100,9817,9495,111,61,3,1,65,4,2,2,2,1,0,0,0,0,0,0
17200,9833,9377,98,73,2,1,61,7,5,4,1,2,0,0,0,0,0,0
17300,9835,9773,88,39,4,1,63,3,8,1,2,1,0,0,0,0,0,0
17400,9847,9339,80,45,6,1,63,5,3,0,1,1,0,0,0,0,0,0
17500,9830,9887,89,35,5,3,70,2,5,0,1,0,0,0,0,0,0,0
17600,9831,9899,87,30,6,1,72,5,2,0,2,1,0,0,0,0,0,0
17700,9847,8893,70,40,3,0,68,2,11,0,1,0,0,0,0,0,0,0
17800,9859,8560,67,66,3,0,66,0,4,0,0,0,1,0,0,0,0,0
17900,9864,9744,70,44,0,2,59,2,5,1,2,1,0,0,0,0,0,0
18000,9865,9595,62,44,4,0,61,1,5,1,3,1,0,0,0,0,0,0
18100,9873,9057,62,34,1,0,59,0,4,5,1,1,0,0,0,0,0,0
18200,9871,8291,64,34,2,1,57,3,4,5,2,0,0,0,0,0,0,0
18300,9861,8896,67,37,2,0,60,3,9,3,1,0,0,0,0,0,0,0
18400,9871,8060,65,33,3,0,51,1,9,0,1,0,0,0,0,0,0,0
18500,9865,8791,101,36,1,1,29,5,3,2,0,0,1,0,0,0,0,0
18600,9830,9199,128,32,4,3,31,4,7,1,0,2,0,0,0,0,0,0
18700,9836,10076,122,35,1,4,32,2,8,2,1,0,0,0,0,0,0,0
18800,9869,8677,88,31,6,2,31,1,5,4,1,0,0,0,0,0,0,0
18900,9888,8745,90,34,3,1,15,1,4,1,0,1,0,0,0,0,0,0
19000,9900,9444,90,32,1,1,1,5,6,1,2,1,0,0,0,0,0,0
19100,9902,8419,83,38,0,0,7,4,6,5,2,0,0,0,0,0,0,0
19200,9903,8995,81,33,3,3,6,5,6,4,1,0,0,0,0,0,0,0
19300,9898,9922,89,51,4,0,6,15,3,0,0,0,0,0,0,0,0,0
19400,9905,8418,84,25,3,1,4,10,3,4,1,3,0,0,0,0,0,0
19500,9895,8539,99,14,1,0,2,1,3,0,0,0,0,0,0,0,0,0
19600,9883,8475,99,17,7,1,8,0,2,2,1,1,0,0,0,0,0,0
19700,9889,9051,90,12,5,1,8,1,6,1,1,1,1,0,0,0,0,0
19800,9879,8861,105,15,2,0,4,6,8,1,2,1,0,0,0,0,0,0
19900,9888,8764,99,13,1,1,5,2,5,0,2,0,0,0,0,0,0,0
20000,9914,8304,80,83,2,0,2,1,1,3,1,1,0,0,0,0,0,0
20100,9934,7534,50,10,3,4,5,2,5,2,3,0,0,0,0,0,0,0
20200,9925,6892,61,15,2,0,6,0,4,2,2,1,0,1,0,0,0,0
20300,9925,6942,65,11,1,1,4,0,2,1,3,0,0,0,0,0,0,0
20400,9917,7239,73,18,1,1,2,1,6,2,1,1,0,0,0,0,0,0
20500,9855,8199,125,14,5,2,7,0,7,1,1,1,0,0,0,0,0,0
20600,9864,8018,117,17,10,1,2,3,6,1,1,0,0,0,0,0,0,0
20700,9857,7616,126,40,7,3,2,2,5,0,2,1,1,0,0,0,0,0
20800,9862,7454,123,13,5,1,4,10,2,1,4,0,0,0,0,0,0,0
20900,9856,8241,131,9,3,0,3,3,7,3,0,0,0,0,0,0,0,0
21000,9849,7185,138,15,5,2,1,2,6,3,1,0,0,0,0,0,0,0
21100,9851,8099,139,16,4,1,0,0,5,1,1,1,0,0,0,0,0,0
21200,9848,7107,139,16,5,2,1,1,6,4,1,1,0,0,0,0,0,0
21300,9846,6365,146,17,2,0,1,4,4,2,1,1,0,0,0,0,0,0
21400,9797,7000,187,14,4,3,4,8,5,5,3,1,0,0,0,0,0,0
21500,9742,6798,238,16,7,1,7,3,5,0,1,0,0,0,0,0,0,0
21600,9733,7170,251,16,4,0,7,0,5,0,0,0,0,0,0,0,0,0
21700,9755,7196,229,18,8,0,1,0,3,0,3,1,1,0,0,0,0,0
21800,9776,7131,208,20,7,1,1,1,6,4,2,1,0,0,0,0,0,0
21900,9773,6770,211,18,4,0,4,0,5,3,3,0,0,0,0,0,0,0
22000,9773,7371,217,51,4,1,2,0,3,1,1,0,0,0,0,0,0,0
22100,9773,7874,218,15,1,2,3,2,5,3,0,0,0,0,0,0,0,0
22200,9764,6896,223,12,3,1,3,7,5,1,2,0,0,0,0,0,0,0
22300,9740,6906,249,11,2,0,1,4,4,0,4,1,0,0,0,0,0,0
22400,9751,6903,238,11,8,1,1,0,2,2,0,1,0,0,0,0,0,0
22500,9746,6369,247,17,2,0,4,5,1,1,0,1,0,0,0,0,0,0
22600,9744,5977,247,25,2,0,1,1,4,2,2,1,0,0,0,0,0,0
22700,9751,6374,235,17,6,0,0,0,5,4,3,1,0,0,0,0,0,0
22800,9738,7182,238,28,9,2,3,4,12,0,0,0,0,0,0,0,0,0
22900,9740,6183,241,25,8,0,1,9,9,1,0,0,1,0,0,0,0,0
23000,9750,6360,238,28,4,0,3,18,3,0,2,0,0,0,0,0,0,0
23100,9750,6205,243,26,2,4,3,4,1,0,1,1,0,0,0,0,0,0
23200,9667,6940,317,22,5,2,3,0,5,4,3,0,0,0,0,0,0,0
23300,9635,6099,353,21,3,1,5,1,3,3,1,0,0,0,0,0,0,0
23400,9623,5879,367,20,3,0,3,2,2,1,2,0,0,0,0,0,0,0
23500,9625,5641,363,24,5,0,2,1,4,1,1,0,0,0,0,0,0,0
23600,9614,5839,369,31,5,2,5,4,4,3,3,1,0,0,0,0,0,0
23700,9613,6150,370,30,8,1,5,6,4,7,0,0,0,0,0,0,0,0
23800,9621,6119,370,27,5,1,2,2,1,4,1,0,0,0,0,0,0,0
23900,9577,5558,390,22,4,1,2,4,3,0,24,1,0,0,0,0,0,0
24000,9603,5818,358,27,6,3,1,1,4,1,28,2,0,0,0,0,0,0
24100,9591,6017,367,42,6,0,6,1,1,1,29,0,0,0,0,0,0,0
24200,9609,5654,376,34,5,0,3,3,4,0,3,0,0,0,0,0,0,0
24300,9637,5030,351,23,6,1,3,1,2,2,1,0,0,0,0,0,0,0
24400,9613,4928,373,18,5,1,0,1,6,0,3,0,0,0,0,0,0,0
24500,9593,6084,391,16,4,0,3,2,6,0,3,0,0,0,0,0,0,0
24600,9607,6438,384,19,1,1,2,1,2,0,1,0,3,0,0,0,0,0
24700,9618,6471,370,10,3,1,3,1,3,0,3,0,0,0,0,0,0,0
24800,9632,5725,353,12,5,0,5,0,5,0,0,1,0,0,0,0,0,0
24900,9607,5278,379,14,9,2,2,1,3,1,0,0,0,0,0,0,0,0
25000,9618,4814,367,112,3,0,5,1,2,0,5,0,0,0,0,0,0,0
25100,9614,5312,375,39,6,0,1,4,1,2,3,0,0,0,0,0,0,0
25200,9572,6443,408,23,5,0,5,3,7,0,3,0,0,0,0,0,0,0
25300,9543,7132,443,21,7,0,0,0,4,0,3,0,0,0,0,0,0,0
25400,9531,7226,455,23,5,0,3,3,4,2,2,1,0,0,0,0,0,0
25500,9521,5911,464,9,5,1,1,2,6,0,3,0,0,0,0,0,0,0
25600,9563,5553,425,11,4,1,1,1,6,1,1,0,0,0,0,0,0,0
25700,9569,6090,412,14,6,1,5,0,7,1,1,0,0,0,0,0,0,0
25800,9577,6171,417,13,3,0,2,0,1,0,0,1,0,0,0,0,0,0
25900,9576,7057,411,10,3,1,3,3,5,4,2,0,0,0,0,0,0,0
26000,9579,6492,414,13,2,0,2,0,3,0,0,1,0,0,0,0,0,0
26100,9566,6050,424,22,3,1,3,1,3,0,0,0,1,0,0,0,0,0
26200,9577,6401,414,2,2,1,4,1,2,0,1,0,0,0,0,0,0,0
26300,9569,6139,406,1,13,2,3,1,5,1,4,0,0,0,0,0,0,0
26400,9597,6582,350,3,44,1,5,1,4,1,0,0,0,0,0,0,0,0
26500,9626,6442,329,1,39,0,2,6,3,2,1,0,0,0,0,0,0,0
26600,9612,6780,328,3,43,1,15,0,0,0,2,0,0,0,0,0,0,0
26700,9595,6649,327,21,39,2,31,2,7,0,1,0,0,0,0,0,0,0
26800,9603,5281,322,11,37,1,30,0,6,1,2,0,0,0,0,0,0,0
26900,9629,5997,327,0,37,1,5,5,1,0,1,0,0,0,0,0,0,0
27000,9689,5961,271,0,37,1,1,1,2,1,0,0,0,0,0,0,0,0
27100,9704,5987,247,16,41,0,4,3,4,1,0,1,0,0,0,0,0,0
27200,9714,6345,240,0,37,1,3,0,5,1,1,0,0,0,0,0,0,0
27300,9696,6013,249,6,41,1,8,0,4,1,2,0,0,0,0,0,0,0
27400,9704,5128,243,8,39,0,10,0,1,2,3,1,0,0,0,0,0,0
27500,9705,5227,245,3,37,4,8,2,2,2,3,0,0,0,0,0,0,0
27600,9734,5551,219,6,40,0,5,3,1,0,1,0,0,0,0,0,0,0
27700,9746,5411,208,18,39,0,6,6,1,1,0,2,0,0,0,0,0,0
27800,9743,5284,209,9,39,0,7,1,2,0,0,0,0,0,0,0,0,0
27900,9748,5638,209,16,40,1,0,0,3,2,0,0,0,0,0,0,0,0
28000,9754,6412,203,8,39,0,1,0,2,1,1,0,0,0,0,0,0,0
28100,9744,5793,206,4,39,0,3,1,5,1,3,1,0,0,0,0,0,0
28200,9727,5782,219,9,40,0,4,3,7,0,3,1,0,0,0,0,0,0
28300,9747,5551,216,0,30,2,1,6,4,1,2,0,0,0,0,0,0,0
28400,9760,4450,226,1,5,1,4,2,5,2,0,0,0,0,0,0,0,0
28500,9766,4344,226,14,2,1,1,1,4,0,0,0,1,0,0,0,0,0
28600,9759,4920,236,10,1,1,3,0,0,3,1,0,0,0,0,0,0,0
28700,9772,5087,222,4,3,0,1,3,1,0,1,0,0,0,0,0,0,0
28800,9765,4707,222,2,5,0,3,2,4,0,1,0,0,0,0,0,0,0
28900,9776,5682,219,7,1,0,2,0,2,0,0,1,0,0,0,0,0,0
29000,9771,6069,209,5,5,1,7,0,5,0,3,0,0,0,0,0,0,0
29100,9774,5296,213,7,5,1,0,1,6,2,2,0,0,0,0,0,0,0
29200,9762,5120,219,1,10,0,3,1,4,0,1,1,1,0,0,0,0,0
29300,9761,5033,221,5,13,0,4,0,1,0,0,0,0,0,0,0,0,0
29400,9766,5849,214,4,10,0,2,0,5,2,3,0,0,0,0,0,0,0
29500,9815,5255,170,3,10,0,2,1,2,0,1,1,0,0,0,0,0,0
29600,9822,5277,151,4,10,2,13,6,3,1,1,0,0,0,0,0,0,0
29700,9811,5588,151,6,11,0,15,0,7,0,5,0,0,0,0,0,0,0
29800,9817,5196,156,6,10,2,14,2,3,0,0,0,0,0,0,0,0,0
29900,9822,4526,165,4,9,0,3,1,0,0,0,0,1,0,0,0,0,0
30000,9811,3643,171,7,9,0,5,0,4,1,0,0,0,0,0,0,0,0
30100,9821,3788,164,4,9,1,2,1,4,0,0,0,0,0,0,0,0,0
30200,9806,3994,180,1,9,1,1,5,3,1,1,0,0,0,0,0,0,0
30300,9810,3878,173,5,10,1,3,1,3,3,1,0,0,0,0,0,0,0
30400,9804,3398,173,4,8,1,7,1,4,2,4,0,0,0,0,0,0,0
30500,9817,3228,164,12,10,1,3,2,3,2,3,0,0,0,0,0,0,0
30600,9843,3569,137,0,12,0,3,6,3,1,2,0,0,0,0,0,0,0
30700,9858,3790,126,1,10,0,2,3,2,0,2,0,0,0,0,0,0,0
30800,9865,5100,120,4,8,1,3,3,3,1,1,1,0,0,0,0,0,0
30900,9875,5315,113,7,9,0,1,1,0,0,2,0,0,0,0,0,0,0
31000,9864,5260,117,6,10,1,3,1,4,2,2,0,0,0,0,0,0,0
31100,9928,4772,51,48,8,1,6,0,7,0,0,1,0,0,0,0,0,0
31200,9933,4408,48,4,9,0,6,0,3,2,1,0,0,3,0,0,0,0
31300,9929,4966,54,4,9,2,4,3,4,4,0,0,0,0,0,0,0,0
31400,9947,4618,41,5,10,0,0,4,2,0,0,0,0,0,0,0,0,0
31500,9932,4821,46,4,12,1,7,3,2,0,1,0,0,0,0,0,0,0
31600,9936,4792,47,0,10,0,2,0,3,0,2,0,0,0,0,0,0,0
31700,9926,4983,53,0,9,1,8,0,2,0,2,0,0,0,0,0,0,0
31800,9914,4949,58,5,12,3,8,1,6,1,2,0,0,0,0,0,0,0
31900,9932,4403,49,4,11,1,3,1,5,1,0,0,0,0,0,0,0,0
32000,9926,4055,54,36,9,1,2,0,9,0,0,0,0,0,0,0,0,0
32100,9922,3849,60,6,9,0,8,0,1,4,0,0,0,0,0,0,0,0
32200,9924,4315,57,10,10,0,2,7,5,0,2,0,0,0,0,0,0,0
32300,9931,4749,59,2,8,0,2,0,0,1,0,0,0,0,0,0,0,0
32400,9922,4394,58,12,13,1,3,0,3,0,1,1,0,0,0,0,0,0
32500,9923,5203,63,4,6,1,4,0,1,2,2,0,1,0,0,0,0,0
32600,9914,4853,76,8,2,0,2,2,6,0,0,0,0,0,0,0,0,0
32700,9868,4392,116,1,3,0,7,5,3,0,2,0,0,0,1,0,0,0
32800,9890,4245,99,10,3,0,3,1,4,2,1,0,0,0,0,0,0,0
32900,9908,4814,84,15,3,1,3,0,2,1,0,0,0,0,0,0,0,0
33000,9895,5041,89,10,2,1,6,0,6,1,2,0,0,0,0,0,0,0
33100,9910,4274,83,17,1,2,4,0,2,2,0,1,0,0,0,0,0,0
33200,9897,4353,94,16,0,0,6,0,2,0,1,0,0,0,0,0,0,0
33300,9885,4419,100,4,0,11,4,0,8,2,3,0,0,0,0,0,0,0
33400,9878,3764,107,3,5,4,6,1,4,1,0,0,0,0,0,0,0,0
33500,9854,3927,130,2,2,1,6,3,7,3,1,0,0,0,0,0,0,0
33600,9873,4405,111,21,5,0,3,0,6,1,2,0,0,0,0,0,0,0
33700,9891,4819,100,63,3,0,3,0,3,1,0,0,0,0,0,0,0,0
33800,9894,5056,97,100,5,0,2,1,2,1,0,0,0,0,0,0,0,0
33900,9887,5242,103,102,2,3,2,1,6,0,0,1,0,0,0,0,0,0
34000,9896,5379,87,30,5,0,5,2,6,1,1,0,0,0,0,0,0,0
34100,9892,5805,97,1,3,0,5,0,2,1,1,0,0,0,0,0,0,0
34200,9903,4845,81,2,8,0,3,0,5,0,0,0,0,0,0,0,0,0
34300,9960,4385,33,0,2,0,3,0,2,0,0,0,0,0,0,0,0,0
34400,9943,4245,39,11,5,0,7,0,6,0,0,0,0,0,0,0,0,0
34500,9945,4496,38,5,3,0,8,0,6,0,0,0,0,0,0,0,0,0
34600,9934,4129,46,3,2,1,13,3,3,0,2,0,0,0,0,0,0,0
34700,9923,3773,54,0,4,0,9,1,9,0,1,0,0,0,0,0,0,0
34800,9929,4235,56,2,0,1,10,0,2,1,3,1,0,0,0,0,0,0
34900,9930,4208,53,0,2,0,9,0,3,1,3,0,0,0,0,0,0,0
35000,9933,4320,44,0,5,1,14,0,3,2,1,0,0,0,0,0,0,0
35100,9941,4185,37,7,4,2,13,0,3,1,2,1,0,0,0,0,0,0
35200,9946,3866,40,6,3,1,8,7,2,0,1,0,0,0,0,0,0,0
35300,9948,5217,38,6,1,0,10,3,2,1,1,0,0,0,0,0,0,0
35400,9939,5433,37,63,7,1,12,1,4,0,1,0,0,0,0,0,0,0
35500,9936,5423,48,16,2,0,9,0,4,4,1,0,0,0,0,0,0,0
35600,9923,5571,55,2,5,0,8,4,8,0,1,0,0,0,0,0,0,0
35700,9925,5407,58,14,2,0,9,3,3,0,3,0,0,0,0,0,0,0
35800,9917,5499,58,2,6,0,12,1,6,1,1,0,0,0,0,0,0,0
35900,9927,4527,60,0,2,0,5,1,5,0,1,0,0,0,0,0,0,0
36000,9855,4748,125,4,2,0,11,1,4,0,3,0,0,0,0,0,0,0
36100,9856,4746,127,3,3,0,11,0,2,0,1,0,0,0,0,0,0,0
36200,9856,4611,131,32,3,0,9,0,1,0,0,1,0,0,0,0,0,0
36300,9847,4657,133,27,4,0,12,1,2,1,2,0,0,0,0,0,0,0
36400,9845,4093,129,12,7,1,11,1,7,1,1,0,0,0,0,0,0,0
36500,9856,3999,129,3,6,1,2,1,5,0,2,0,0,0,0,0,0,0
36600,9852,3970,126,6,7,0,10,3,3,3,2,2,0,0,0,0,0,0
36700,9863,4507,122,65,7,1,5,3,2,1,1,0,0,0,0,0,0,0
36800,9847,4538,144,11,0,0,4,2,2,0,3,0,0,0,0,0,0,0
36900,9872,5240,117,7,4,0,1,0,4,0,2,0,0,0,0,0,0,0
37000,9874,5277,116,2,4,1,2,4,3,0,1,0,0,0,0,0,0,0
37100,9870,5678,119,2,3,2,5,0,3,0,0,0,0,0,0,0,0,0
37200,9866,6219,116,10,6,0,8,2,1,4,3,0,0,0,0,0,0,0
37300,9866,4756,127,11,1,1,2,0,2,0,2,0,0,0,0,0,0,0
37400,9847,4799,130,0,4,0,6,2,4,0,9,1,0,0,0,0,0,0
37500,9869,4914,118,6,5,2,3,2,4,1,1,0,0,0,0,0,0,0
37600,9856,4598,132,117,1,1,5,0,4,0,2,1,0,0,0,0,0,0
37700,9842,4250,140,159,5,1,9,0,3,0,1,0,0,0,0,0,0,0
37800,9850,4192,140,70,1,0,2,0,6,0,1,0,0,0,0,0,0,0
37900,9846,5173,143,87,1,0,7,0,3,0,0,0,0,0,0,0,0,0
38000,9853,4535,131,108,4,1,6,1,2,1,4,0,0,0,0,0,0,0
38100,9877,5196,115,11,5,2,2,0,1,1,0,0,0,0,0,0,0,0
38200,9864,5414,118,0,6,0,8,0,2,0,2,0,0,0,0,0,0,0
38300,9874,4243,115,0,4,1,2,5,2,0,3,0,0,0,0,0,0,0
38400,9875,4601,114,1,5,0,2,0,2,0,2,1,0,0,0,0,0,0
38500,9860,4586,119,5,6,0,4,0,9,2,2,0,0,0,0,0,0,0
38600,9863,4272,121,1,4,1,7,2,4,0,1,1,0,0,0,0,0,0
38700,9861,4199,117,5,6,0,7,4,4,4,5,0,0,0,0,0,0,0
38800,9858,4920,129,4,4,1,6,1,3,1,0,1,0,0,0,0,0,0
38900,9854,4667,126,0,4,4,8,1,3,2,5,2,0,0,0,0,0,0
39000,9862,4308,123,2,5,1,3,0,4,0,3,1,0,0,0,0,0,0
39100,9851,5655,138,7,5,0,3,1,2,0,1,0,0,0,0,0,0,0
39200,9863,4437,127,0,3,0,3,3,3,0,1,1,0,0,0,0,0,0
39300,9854,3977,133,2,7,1,2,0,3,2,1,2,0,0,0,0,0,0
39400,9865,3997,131,5,1,1,1,0,2,3,0,0,0,0,0,0,0,0
39500,9859,5150,125,4,1,1,5,0,8,3,2,1,0,0,0,0,0,0
39600,9900,4918,83,3,5,0,4,0,6,0,2,0,0,0,0,0,0,0
39700,9888,5005,94,0,5,0,2,0,9,2,2,0,0,0,0,0,0,0
39800,9903,3630,78,3,6,0,2,0,8,0,3,0,0,0,0,0,0,0
39900,9903,3586,84,2,4,0,2,1,6,1,1,1,0,0,0,0,0,0
40000,9897,4121,85,0,4,1,2,0,7,0,5,0,0,0,0,0,0,0
40100,9897,4621,86,3,4,0,5,4,4,0,4,0,0,0,0,0,0,0
40200,9888,4257,93,6,8,1,2,0,8,0,1,0,0,0,0,0,0,0
40300,9854,4422,129,7,4,1,6,0,6,1,1,0,0,0,0,0,0,0
40400,9842,4829,146,1,4,1,3,4,4,0,1,1,0,0,0,0,0,0
40500,9834,4299,147,1,3,2,5,5,5,2,6,0,0,0,0,0,0,0
40600,9844,4056,143,1,3,1,5,2,3,2,2,0,0,0,0,0,0,0
40700,9856,4067,135,4,4,1,1,2,2,4,2,0,0,0,0,0,0,0
40800,9841,3604,141,12,5,1,7,1,4,0,2,0,0,0,0,0,0,0
40900,9845,4973,141,12,4,0,1,0,6,0,3,0,0,0,0,0,0,0
41000,9826,4280,161,11,0,1,10,0,0,0,3,0,0,0,0,0,0,0
41100,9810,4182,163,24,3,0,15,0,7,1,2,0,0,0,0,0,0,0
41200,9811,4401,162,35,5,0,16,2,5,1,1,0,0,0,0,0,0,0
41300,9838,4096,142,7,1,0,14,4,3,0,2,1,0,0,0,0,0,0
41400,9846,4035,130,2,3,0,17,3,3,6,1,0,0,0,0,0,0,0
41500,9846,3903,130,5,6,0,13,2,3,2,1,0,1,0,0,0,0,0
41600,9855,3407,126,34,0,0,13,2,5,1,1,0,0,0,0,0,0,0
41700,9850,3389,122,10,5,0,15,11,5,0,2,0,0,0,1,0,0,0
41800,9892,4484,83,35,5,0,16,10,3,0,1,0,0,0,0,0,0,0
41900,9924,3396,56,108,2,0,12,9,4,0,2,0,0,0,0,0,0,0
42000,9925,3505,57,7,1,0,14,7,1,0,2,0,0,0,0,0,0,0
42100,9935,3495,50,5,2,0,11,1,2,0,0,1,0,0,0,0,0,0
42200,9918,3429,62,17,1,0,12,6,2,0,5,1,0,0,0,0,0,0
42300,9916,3774,60,14,2,0,13,1,7,0,2,0,0,0,0,0,0,0
42400,9917,3339,60,4,3,1,15,2,3,0,1,1,0,0,1,0,0,0
42500,9923,2737,57,2,1,0,11,3,6,0,1,1,1,0,0,0,0,0
42600,9936,2892,44,1,1,0,12,1,6,2,1,0,0,0,0,0,0,0
42700,9933,3697,46,5,4,0,13,0,4,0,0,1,0,0,0,0,0,0
42800,9917,4154,53,5,5,2,17,0,6,0,2,0,0,0,0,0,0,0
42900,9934,3826,47,1,1,1,13,1,3,1,2,0,0,0,0,0,0,0
43000,9924,3045,53,3,6,0,13,0,3,1,1,0,0,0,0,0,0,0
43100,9924,3978,55,1,3,1,11,1,7,1,0,0,0,0,0,0,0,0
43200,9932,4303,43,4,4,0,12,0,8,2,1,0,0,0,0,0,0,0
43300,9913,4446,64,32,1,2,18,0,4,1,0,0,0,0,0,0,0,0
43400,9910,4213,64,5,6,0,14,0,4,0,2,0,0,0,0,0,0,0
43500,9923,3524,55,27,3,0,13,5,6,0,0,0,0,0,0,0,0,0
43600,9909,3953,63,0,4,0,16,3,4,0,3,0,1,0,0,0,0,0
43700,9909,3297,64,1,5,1,19,5,3,1,0,0,0,0,0,0,0,0
43800,9913,3585,59,13,3,1,15,1,10,1,0,0,0,0,0,0,0,0
43900,9911,4193,66,1,3,0,15,0,3,0,2,0,0,0,0,0,0,0
44000,9891,3933,93,3,1,0,12,0,0,0,3,1,0,0,0,0,0,0
44100,9887,3710,91,5,0,0,17,2,4,1,1,0,0,0,0,0,0,0
44200,9884,3348,97,1,4,0,12,2,3,0,0,0,0,0,0,0,0,0
44300,9880,3397,96,7,4,2,15,0,5,5,0,0,0,0,0,0,0,0
44400,9884,3510,97,2,3,0,11,2,5,1,0,0,0,0,0,0,0,0
44500,9884,3492,96,1,2,0,13,3,5,0,0,0,0,0,0,0,0,0
44600,9879,3399,91,3,4,0,20,0,3,3,3,0,0,0,0,0,0,0
44700,9883,3333,93,6,4,1,14,0,5,0,1,1,0,0,0,0,0,0
44800,9880,3543,103,2,3,1,11,0,1,0,2,0,0,0,0,0,0,0
44900,9881,3570,99,10,2,1,13,4,3,0,2,0,0,0,0,0,0,0
45000,9884,3534,96,2,5,0,12,2,2,0,1,0,0,0,0,0,0,0
45100,9887,4443,95,12,1,2,11,2,4,0,2,0,0,0,0,0,0,0
45200,9882,4710,99,4,1,1,12,1,5,0,1,0,0,0,0,0,0,0
45300,9875,5519,102,4,3,0,11,2,6,2,3,0,0,0,0,0,0,0
45400,9886,4533,97,30,1,0,11,1,4,0,1,0,0,0,0,0,0,0
45500,9881,3963,96,6,10,2,9,2,4,1,0,1,0,0,0,0,0,0
45600,9887,3825,91,4,0,2,12,3,10,1,0,0,0,0,0,0,0,0
45700,9869,3588,112,2,2,0,12,1,4,0,1,0,0,0,0,0,0,0
45800,9836,4244,143,55,2,0,15,1,3,1,1,0,0,0,0,0,0,0
45900,9837,3267,137,2,2,1,15,0,6,3,3,0,0,0,0,0,0,0
46000,9835,3768,136,4,4,0,17,0,2,0,6,0,0,0,0,0,0,0
46100,9856,3686,118,0,4,1,12,0,2,4,8,1,0,0,0,0,0,0
46200,9846,3605,130,4,4,1,11,0,4,0,5,0,0,0,0,0,0,0
46300,9850,4003,123,16,2,1,12,2,5,0,8,1,0,0,0,0,0,0
46400,9881,3877,98,21,2,1,13,1,1,1,5,0,0,0,0,0,0,0
46500,9886,3661,85,13,5,0,14,3,4,3,5,0,1,0,0,0,0,0
46600,9886,3408,88,7,4,0,16,0,3,2,3,2,0,0,0,0,0,0
46700,9899,3761,74,0,3,2,14,1,7,3,3,0,0,0,0,0,0,0
46800,9909,3829,70,1,3,0,15,0,2,0,1,0,0,0,0,0,0,0
46900,9914,4043,69,1,3,0,13,0,1,2,0,0,0,0,0,0,0,0
47000,9925,4509,57,4,3,0,12,0,1,0,2,0,0,0,0,0,0,0
47100,9933,4421,45,21,3,0,12,2,6,0,1,0,0,0,0,0,0,0
47200,9933,3946,45,25,4,2,13,1,2,0,3,0,0,1,0,0,0,0
47300,9939,3682,38,11,4,1,17,1,2,0,0,0,0,0,0,0,0,0
47400,9935,3632,50,5,2,0,12,1,1,1,0,0,0,0,0,0,0,0
47500,9899,4156,86,16,0,0,11,1,4,0,0,1,0,0,0,0,0,0
47600,9900,4475,83,73,4,0,4,4,7,1,2,0,0,0,0,0,0,0
47700,9896,4282,93,97,5,0,3,7,2,1,1,0,0,0,0,0,0,0
47800,9908,3823,84,7,2,1,4,3,2,0,0,0,0,0,0,0,0,0
47900,9897,3539,95,18,4,1,1,0,1,3,2,1,0,0,0,0,0,0
48000,9883,3316,105,6,5,0,0,1,4,1,3,0,0,0,0,0,0,0
48100,9879,3687,111,13,4,0,5,1,1,3,0,0,0,0,0,0,0,0
48200,9873,4511,121,23,1,0,3,0,1,0,1,0,0,0,0,0,0,0
48300,9869,4973,118,6,3,1,2,1,7,0,1,0,0,0,0,0,0,0
48400,9865,5971,122,6,7,0,3,0,1,3,2,0,0,0,0,0,0,0
48500,9868,5133,122,11,4,1,3,1,2,0,1,1,0,0,0,0,0,0
48600,9863,5999,126,0,3,0,3,0,4,1,1,0,0,0,0,0,0,0
48700,9883,5856,110,2,1,1,3,1,3,0,0,0,0,0,0,0,0,0
48800,9869,5218,121,2,5,0,0,0,5,2,0,0,0,0,0,0,0,0
48900,9863,5076,127,8,5,0,1,1,4,0,0,0,0,0,0,0,0,0
49000,9875,6032,118,7,2,0,3,0,2,0,0,0,0,0,0,0,0,0
49100,9876,5750,119,13,0,0,3,0,1,3,1,0,0,0,0,0,0,0
49200,9890,6190,105,4,1,0,2,1,2,2,0,1,0,0,0,0,0,0
49300,9901,5171,82,0,2,0,4,3,7,1,4,0,0,0,0,0,0,0
49400,9913,4624,79,1,1,1,1,0,4,0,2,0,0,0,0,0,0,0
49500,9911,4734,81,7,2,0,3,0,3,0,0,0,0,0,0,0,0,0
49600,9912,4984,72,2,4,0,5,0,3,2,4,0,0,0,0,0,0,0
49700,9915,4879,74,2,2,0,2,2,7,1,0,1,0,0,0,0,0,0
49800,9919,4349,70,5,6,0,1,0,3,0,1,0,0,0,0,0,0,0
49900,9916,4641,70,2,5,0,3,0,5,0,1,0,0,0,0,0,0,0
50000,9921,3961,72,2,2,1,2,0,2,0,1,0,0,0,0,0,0,0
50100,9924,3301,68,1,3,1,0,0,4,1,1,0,0,0,0,0,0,0
50200,9922,2978,67,0,2,0,6,0,2,1,1,0,0,0,0,0,0,0
50300,9899,2866,90,2,3,1,1,1,7,2,0,0,0,0,0,0,0,0
50400,9898,2754,93,2,4,0,1,1,3,0,1,0,0,0,0,0,0,0
50500,9891,4087,91,0,5,1,7,0,6,1,0,0,0,0,0,0,0,0
50600,9911,4447,88,1,0,0,0,0,1,0,0,0,0,0,0,0,0,0
50700,9905,4553,86,0,4,1,0,0,4,1,1,0,0,0,0,0,0,0
50800,9906,3846,86,1,3,0,4,0,1,1,0,0,0,0,0,0,0,0
50900,9890,4511,101,3,5,0,3,0,1,1,0,1,0,0,0,0,0,0
51000,9901,4332,93,4,1,0,2,0,1,2,2,0,0,0,0,0,0,0
51100,9878,3956,101,1,6,0,3,1,10,0,2,0,0,0,0,0,0,0
51200,9920,3748,77,1,2,1,1,0,0,1,0,0,0,0,0,0,0,0
51300,9914,4191,77,0,1,0,3,0,2,1,3,0,0,0,0,0,0,0
51400,9905,4125,82,0,6,0,2,1,4,1,1,2,0,0,0,0,0,0
51500,9919,4445,74,1,3,2,2,0,1,0,1,1,0,0,0,0,0,0
51600,9918,3716,77,1,1,0,2,0,0,1,2,1,0,0,0,0,0,0
51700,9911,4848,76,8,4,1,4,2,5,0,0,0,0,0,0,0,0,0
51800,9924,4403,72,5,0,0,2,0,2,0,0,0,0,0,0,0,0,0
51900,9922,4481,69,1,2,0,4,0,2,2,1,0,0,0,0,0,0,0
52000,9925,5798,67,3,2,0,3,1,2,1,1,1,0,0,0,0,0,0
52100,9926,4868,71,1,1,0,0,0,1,1,1,1,0,0,0,0,0,0
52200,9929,4420,65,4,1,0,2,1,2,0,1,0,0,0,0,0,0,0
52300,9925,3728,67,6,2,0,1,0,4,0,1,0,0,0,0,0,0,0
52400,9933,3990,46,6,9,0,5,1,2,2,2,0,3,0,0,0,0,0
52500,9934,5002,49,6,13,1,1,0,3,0,0,1,0,0,0,0,0,0
52600,9934,4552,50,6,12,0,2,1,2,1,0,0,0,0,0,0,0,0
52700,9939,4509,47,2,13,1,0,1,1,0,0,0,0,0,0,0,0,0
52800,9929,4913,44,0,18,0,3,3,5,0,1,0,0,0,0,0,0,0
52900,9932,4062,46,2,18,1,0,0,3,0,1,0,0,0,0,0,0,0
53000,9934,4057,41,12,22,1,0,5,1,2,2,0,0,0,0,0,0,0
53100,9943,4034,30,12,19,1,6,0,1,0,1,1,0,0,0,0,0,0
53200,9945,3431,25,0,19,1,4,0,6,2,1,0,0,0,0,0,0,0
53300,9955,4441,20,2,22,0,3,0,0,0,0,1,0,0,0,0,0,0
53400,9959,4810,18,2,19,0,0,1,3,0,1,0,0,0,0,0,0,0
53500,9961,3530,15,4,18,0,1,4,3,1,2,0,0,0,0,0,0,0
53600,9960,3095,16,0,18,0,3,0,3,1,0,0,0,0,0,0,0,0
53700,9956,3656,18,2,22,0,1,1,2,0,1,0,0,0,0,0,0,0
53800,9957,3372,18,1,19,0,3,1,2,0,1,1,0,0,0,0,0,0
53900,9961,3534,17,2,19,3,1,0,1,1,1,1,0,0,0,0,0,0
54000,9955,3844,19,4,18,0,3,7,5,1,0,1,0,0,0,0,0,0
54100,9960,3324,14,1,20,1,4,0,2,3,0,0,0,0,0,0,0,0
54200,9956,3620,19,1,20,0,2,0,1,0,2,0,0,0,0,0,0,0
54300,9956,3268,20,0,20,1,0,0,3,0,1,0,0,0,0,0,0,0
54400,9953,3460,20,1,20,1,1,0,5,1,1,0,0,0,0,0,0,0
54500,9958,3656,14,0,22,2,3,0,1,0,2,0,0,0,0,0,0,0
54600,9964,4166,16,0,18,1,1,4,0,1,1,0,0,0,0,0,0,0
54700,9958,3855,19,0,19,0,0,0,2,1,2,0,0,0,0,0,0,0
54800,9964,3561,17,4,18,1,0,0,1,1,0,0,0,0,0,0,0,0
54900,9956,3351,17,0,22,0,1,3,4,0,0,0,0,0,0,0,0,0
55000,9950,3109,23,0,18,1,8,0,1,0,0,0,0,0,0,0,0,0
55100,9940,2665,25,0,21,0,6,1,6,0,2,0,0,0,0,0,0,0
55200,9957,2179,22,4,19,1,1,2,1,0,0,0,0,0,0,0,0,0
55300,9949,2429,24,8,19,0,3,2,4,0,1,0,0,0,0,0,0,0
55400,9959,2782,20,14,20,0,0,0,1,0,0,1,0,0,0,0,0,0
55500,9952,2933,24,8,20,1,0,0,3,2,1,0,0,0,0,0,0,0
55600,9955,3203,20,4,20,0,1,0,1,2,3,0,0,0,0,0,0,0
55700,9955,3510,23,5,19,0,2,0,1,0,0,0,0,0,0,0,0,0
55800,9947,3116,29,5,19,0,4,0,1,0,0,0,0,0,0,0,0,0
55900,9955,2800,24,6,19,2,1,7,1,3,0,0,0,0,0,0,0,0
56000,9960,3074,15,7,19,0,1,21,4,1,1,0,0,0,0,0,0,0
56100,9959,3445,16,9,22,0,1,18,0,0,2,0,0,0,0,0,0,0
56200,9965,3245,13,5,18,0,0,2,4,1,0,0,0,0,0,0,0,0
56300,9963,2644,14,8,20,1,0,0,2,1,0,0,1,0,0,0,0,0
56400,9965,3267,12,4,20,0,1,0,2,0,0,0,0,0,0,0,0,0
56500,9972,2856,5,4,20,0,2,0,1,0,0,0,0,0,0,0,0,0
56600,9968,2733,11,7,18,1,1,0,2,2,0,0,0,0,0,0,0,0
56700,9958,2528,14,5,22,0,1,0,5,0,0,0,0,0,0,0,0,0
56800,9965,2424,12,5,20,0,2,0,1,0,0,1,0,0,0,0,0,0
56900,9964,2190,14,4,18,0,0,0,2,2,2,0,0,0,0,0,0,0
57000,9964,2165,9,9,22,0,1,0,4,1,0,0,0,0,0,0,0,0
57100,9965,1854,14,8,19,0,0,0,1,0,1,0,0,0,0,0,0,0
57200,9953,1919,21,0,18,0,1,0,3,1,3,0,1,0,0,0,0,0
57300,9963,1714,8,2,19,0,3,2,5,0,2,0,0,0,0,0,0,0
57400,9963,1859,12,0,19,0,3,1,2,1,1,0,0,0,0,0,0,0
57500,9968,2284,9,0,20,0,0,0,1,0,2,0,0,0,0,0,0,0
57600,9968,3204,8,6,20,0,1,0,3,0,0,0,0,0,0,0,0,0
57700,9971,3174,7,7,20,1,0,2,1,3,1,1,0,0,0,0,0,0
57800,9969,2849,7,7,19,0,3,0,2,1,0,0,0,0,0,0,0,0
57900,9974,2395,3,0,18,0,2,1,3,1,0,0,0,0,0,0,0,0
58000,9976,1667,2,3,20,1,1,1,1,1,0,0,0,0,0,0,0,0
58100,9969,1801,7,1,18,0,2,1,3,0,1,1,0,0,0,0,0,0
58200,9971,2241,7,0,18,0,1,0,2,0,1,0,0,0,0,0,0,0
58300,9971,2512,8,0,18,0,1,0,1,0,1,0,0,0,0,0,0,0
58400,9977,2208,6,2,11,1,3,1,3,1,0,0,0,0,0,0,0,0
58500,9982,2155,6,4,6,0,1,2,3,1,2,0,0,0,0,0,0,0
58600,9987,2377,4,1,8,0,1,2,0,0,0,0,0,0,0,0,0,0
58700,9986,3029,5,0,8,0,1,1,0,0,0,0,0,0,0,0,0,0
58800,9984,2609,5,0,8,0,0,1,2,0,1,0,0,0,0,0,0,0
58900,9988,2345,3,3,6,2,2,3,0,0,1,0,0,0,0,0,0,0
59000,9986,2234,5,0,8,0,0,0,1,0,0,0,0,0,0,0,0,0
59100,9980,2653,6,1,7,0,3,1,1,0,3,0,0,0,0,0,0,0
59200,9985,2975,3,4,8,0,0,3,2,0,2,0,0,0,0,0,0,0
59300,9981,3129,5,5,10,0,3,0,1,0,0,0,0,0,0,0,0,0
59400,9985,3131,4,3,9,1,0,1,2,0,0,0,0,0,0,0,0,0
59500,9985,3452,6,6,6,3,2,0,1,0,0,0,0,0,0,0,0,0
59600,9983,3150,4,6,8,1,0,0,2,1,3,1,0,0,0,0,0,0
59700,9986,2812,5,7,7,2,0,1,1,0,1,0,0,0,0,0,0,0
59800,9981,2406,6,10,9,1,1,0,2,1,1,0,0,0,0,0,0,0
59900,9980,2864,9,1,8,1,1,4,1,0,1,1,0,0,0,0,0,0
60000,9982,2710,8,2,7,0,2,6,0,0,1,0,0,0,0,0,0,0
60100,9981,2900,5,3,7,1,1,4,5,0,1,0,0,0,0,0,0,0
60200,9977,2395,7,2,8,1,2,2,2,0,4,0,0,0,0,0,0,0
60300,9985,1926,6,4,7,0,1,0,1,0,0,0,0,0,0,0,0,0
60400,9981,2225,10,8,7,0,1,0,1,0,0,0,0,0,0,0,0,0
60500,9978,2103,13,1,6,1,1,0,1,2,1,0,0,0,0,0,0,0
60600,9974,2678,14,4,6,0,0,1,5,3,1,0,0,0,0,0,0,0
60700,9980,3064,5,2,10,0,0,0,4,1,1,0,0,0,0,0,0,0
60800,9981,2632,9,3,7,0,1,0,2,3,0,0,0,0,0,0,0,0
60900,9972,2722,17,12,7,1,1,0,2,1,1,0,0,0,0,0,0,0
61000,9965,3079,22,5,9,0,2,0,2,0,0,0,0,0,0,0,0,0
61100,9969,3464,20,34,8,1,1,0,2,0,0,0,0,0,0,0,0,0
61200,9973,3070,18,45,7,3,1,0,1,2,0,1,0,0,0,0,0,0
61300,9968,3806,18,47,10,0,0,2,2,0,2,0,0,0,0,0,0,0
61400,9966,3979,21,32,7,0,2,1,3,0,1,0,0,0,0,0,0,0
61500,9975,3064,15,3,8,0,1,0,1,2,0,0,0,0,0,0,0,0
61600,9926,3143,64,0,8,0,1,0,1,0,0,0,0,0,0,0,0,0
61700,9934,3076,54,0,6,0,1,0,4,2,1,0,0,0,0,0,0,0
61800,9908,3009,72,3,18,1,0,0,1,0,1,0,0,0,0,0,0,0
61900,9880,2426,98,3,20,3,1,0,0,0,1,0,0,0,0,0,0,0
62000,9874,2709,104,8,18,1,2,0,0,1,2,0,0,0,0,0,0,0
62100,9838,3192,136,6,20,2,1,0,1,2,4,0,0,0,0,0,0,0
62200,9796,3583,180,0,20,0,2,3,2,0,0,0,0,0,0,0,0,0
62300,9794,3641,185,3,17,0,0,1,4,3,0,0,0,0,0,0,0,0
62400,9802,3509,178,5,18,0,0,2,2,0,0,0,0,0,0,0,0,0
62500,9794,3543,183,1,19,0,0,1,2,1,2,0,0,0,0,0,0,0
62600,9785,3476,185,0,22,1,4,3,2,0,2,0,0,0,0,0,0,0
62700,9785,3549,188,0,24,0,1,1,1,0,1,0,0,0,0,0,0,0
62800,9793,2948,186,5,20,0,0,2,1,2,0,0,0,0,0,0,0,0
62900,9790,2864,188,1,20,0,2,2,0,0,0,0,0,0,0,0,0,0
63000,9796,2830,182,6,19,0,2,0,1,3,0,1,0,0,0,0,0,0
63100,9797,2865,184,6,19,1,0,0,0,1,0,0,0,0,0,0,0,0
63200,9804,2528,175,1,16,0,3,1,2,0,0,1,0,0,0,0,0,0
63300,9808,2120,168,1,13,0,2,0,8,3,1,0,0,0,0,0,0,0
63400,9815,2762,167,1,14,1,2,2,1,0,1,1,0,0,0,0,0,0
63500,9858,2980,128,1,10,0,0,1,2,0,2,0,0,0,0,0,0,0
63600,9872,3400,114,0,11,0,0,0,3,0,0,0,0,0,0,0,0,0
63700,9876,4039,110,8,9,0,1,0,3,1,1,0,0,0,0,0,0,0
63800,9872,4047,112,2,14,0,0,0,0,0,2,0,0,0,0,0,0,0
63900,9944,3616,38,17,14,0,3,0,1,1,0,0,0,0,0,0,0,0
64000,9948,3755,34,3,15,0,1,0,2,0,0,0,0,0,0,0,0,0
64100,9944,3073,32,0,19,0,2,0,2,0,1,0,0,0,0,0,0,0
64200,9943,2752,32,25,22,0,1,1,1,0,1,0,0,0,0,0,0,0
64300,9941,2463,32,12,22,0,1,0,3,1,1,0,0,0,0,0,0,0
64400,9944,2221,35,4,20,1,1,0,0,0,0,0,0,0,0,0,0,0
64500,9948,2538,34,2,13,0,0,3,1,0,4,0,0,0,0,0,0,0
64600,9947,2586,31,1,11,0,6,8,4,2,1,0,0,0,0,0,0,0
64700,9950,2672,37,2,9,1,0,4,4,0,0,0,0,0,0,0,0,0
64800,9942,3483,39,0,12,0,5,0,2,0,0,0,0,0,0,0,0,0
64900,9950,3849,35,15,10,1,3,1,1,0,1,0,0,0,0,0,0,0
65000,9930,2873,47,7,11,0,7,0,4,4,1,0,0,0,0,0,0,0
65100,9901,2646,79,3,13,0,1,2,4,0,2,1,0,0,0,0,0,0
65200,9911,2967,76,2,7,1,2,1,4,0,0,0,0,0,0,0,0,0
65300,9901,2629,77,0,15,0,3,0,3,0,1,0,0,0,0,0,0,0
65400,9907,2460,77,1,11,0,1,0,4,0,0,0,0,0,0,0,0,0
65500,9908,2190,76,0,8,1,7,0,0,0,1,0,0,0,0,0,0,0
65600,9907,2027,77,1,12,0,1,4,3,0,0,0,0,0,0,0,0,0
65700,9920,1786,56,2,13,1,2,1,4,0,5,0,0,0,0,0,0,0
65800,9949,1878,38,0,11,0,1,0,0,1,1,0,0,0,0,0,0,0
65900,9943,2453,33,0,15,0,2,0,4,1,3,0,0,0,0,0,0,0
66000,9949,2066,33,0,11,0,3,1,2,0,2,0,0,0,0,0,0,0
66100,9955,1987,32,0,11,0,1,0,0,0,1,0,0,0,0,0,0,0
66200,9914,2551,72,1,11,0,3,0,0,0,0,2,0,0,0,0,0,0
66300,9930,2189,55,0,11,1,0,0,3,2,1,0,0,0,0,0,0,0
66400,9956,2664,29,8,11,1,3,0,1,1,0,0,0,0,0,0,0,0
66500,9960,2718,25,5,13,0,0,0,1,0,1,0,0,1,0,0,0,0
66600,9959,2986,27,0,11,1,2,0,1,1,0,1,0,1,0,0,0,0
66700,9960,3019,27,3,11,0,0,0,2,0,0,0,0,0,0,0,0,0
66800,9955,3306,29,5,9,2,0,0,6,1,1,0,0,0,0,0,0,0
66900,9958,3651,27,3,10,1,1,0,2,0,2,1,0,1,0,0,0,0
67000,9962,4313,25,0,12,2,1,4,0,0,0,0,0,0,0,0,0,0
67100,9962,4203,29,2,7,0,1,3,1,1,0,0,0,0,0,0,0,0
67200,9960,3847,26,0,7,1,3,0,3,0,1,1,0,0,0,0,0,0
67300,9953,4018,30,0,12,0,2,0,3,0,0,1,0,0,0,0,0,0
67400,9957,3598,28,2,11,0,0,1,2,0,2,1,0,0,0,0,0,0
67500,9960,4268,27,68,10,1,1,1,2,1,0,0,0,0,0,0,0,0
67600,9957,4540,26,0,9,2,3,1,2,0,3,0,0,0,0,0,0,0
67700,9961,3355,26,0,10,0,0,0,3,0,0,0,0,0,0,0,0,0
67800,9952,2873,28,0,9,2,6,0,4,0,1,1,0,0,0,0,0,0
67900,9956,3633,30,0,9,0,0,1,2,4,3,0,0,0,0,0,0,0
68000,9954,4279,26,1,12,1,0,1,5,4,3,0,0,0,0,0,0,0
68100,9963,4197,27,1,9,1,0,0,1,0,0,1,0,0,0,0,0,0
68200,9952,4068,26,3,15,0,2,3,4,0,1,0,0,0,0,0,0,0
68300,9956,3806,29,2,9,0,3,1,2,2,1,0,0,0,0,0,0,0
68400,9953,3854,25,0,11,1,4,2,2,0,5,0,0,0,0,0,0,0
68500,9949,3779,29,12,14,2,1,0,6,0,1,1,0,0,0,0,0,0
68600,9960,3376,26,66,8,1,2,0,4,0,0,1,0,0,0,0,0,0
68700,9957,2977,29,121,11,0,0,1,2,0,1,2,0,0,0,0,0,0
68800,9943,3648,32,77,11,2,2,0,10,0,2,0,0,0,0,0,0,0
68900,9953,3024,34,71,8,1,2,2,3,1,0,0,0,0,0,0,0,0
69000,9947,3012,34,65,13,0,4,0,2,3,0,0,0,0,0,0,0,0
69100,9942,2534,34,62,14,1,4,0,5,1,1,0,0,0,0,0,0,0
69200,9946,2892,32,61,9,0,6,0,3,0,4,0,0,0,0,0,0,0
69300,9948,3640,35,62,9,0,6,0,1,0,1,0,0,0,0,0,0,0
69400,9950,3174,32,59,12,0,4,3,2,0,0,0,0,0,0,0,0,0
69500,9943,3620,33,16,11,0,7,6,5,0,1,1,0,0,0,0,0,0
69600,9947,3250,37,7,9,1,5,0,1,2,1,2,0,0,0,0,0,0
69700,9952,2995,33,2,10,1,5,1,0,1,0,0,0,0,0,0,0,0
69800,9954,3618,30,0,8,1,4,7,3,1,1,0,0,0,0,0,0,0
69900,9952,3577,28,1,11,0,4,1,2,0,3,0,0,0,0,0,0,0
70000,9915,3407,73,6,7,0,4,0,1,0,0,2,0,0,0,0,0,0
70100,9871,3516,111,0,8,0,7,0,2,1,1,0,0,0,0,0,0,0
70200,9871,3854,110,15,8,0,8,1,2,0,1,1,0,0,0,0,0,0
70300,9869,3291,110,104,9,0,4,0,7,2,1,0,0,0,0,0,0,0
70400,9876,2427,111,78,7,0,4,0,2,0,0,0,0,0,0,0,0,0
70500,9877,2989,108,25,8,1,2,0,4,0,1,0,0,0,0,0,0,0
70600,9867,4082,112,8,10,1,8,0,3,1,0,0,0,0,0,0,0,0
70700,9872,4378,113,12,7,1,3,1,4,2,1,0,0,0,0,0,0,0
70800,9871,3646,111,1,8,1,5,0,4,3,1,0,0,0,0,0,0,0
70900,9876,3635,109,0,7,1,5,1,2,0,1,0,0,0,0,0,0,0
71000,9874,3569,110,2,8,2,5,5,2,2,1,1,0,0,0,0,0,0
71100,9859,3511,125,3,10,0,3,2,0,3,3,0,0,0,0,0,0,0
71200,9845,3667,142,7,6,1,5,0,1,0,1,0,0,0,0,0,0,0
71300,9828,3614,152,0,9,2,9,3,1,0,1,0,0,0,0,0,0,0
71400,9827,3865,156,0,9,0,3,0,5,1,0,0,0,0,0,0,0,0
71500,9827,4157,156,0,6,1,6,1,4,4,1,0,0,0,0,0,0,0
71600,9831,4029,156,6,8,0,4,0,0,1,1,0,0,0,0,0,0,0
71700,9829,3552,156,0,7,1,3,0,3,0,2,0,0,0,0,0,0,0
71800,9827,3355,153,0,7,0,7,5,4,0,2,0,0,0,0,0,0,0
71900,9808,3674,174,0,9,0,4,1,4,0,1,1,0,0,0,0,0,0
72000,9806,4072,177,4,9,1,3,1,5,1,0,0,0,0,0,0,0,0
72100,9797,3369,186,0,7,0,5,0,4,0,1,0,0,0,0,0,0,0
72200,9797,3768,188,0,9,1,0,1,5,0,1,0,0,0,0,0,0,0
72300,9802,3689,185,7,9,0,3,0,1,0,0,0,0,0,0,0,0,0
72400,9809,3896,179,4,10,2,0,2,2,1,0,0,0,0,0,0,0,0
72500,9831,3643,153,0,12,1,0,0,4,0,0,0,0,0,0,0,0,0
72600,9809,3951,172,5,10,0,4,1,3,4,2,0,0,0,0,0,0,0
72700,9817,3749,172,0,9,0,1,3,1,0,0,0,0,0,0,0,0,0
72800,9811,3819,176,0,8,2,1,6,4,2,0,1,0,0,0,0,0,0
72900,9803,4591,181,0,12,0,1,8,1,1,2,0,0,0,0,0,0,0
73000,9809,4766,180,2,7,1,1,3,2,0,1,1,0,0,0,0,0,0
73100,9801,3542,186,2,6,1,2,1,5,0,0,1,0,0,0,0,0,0
73200,9805,3186,184,1,8,1,2,0,0,0,1,0,0,0,0,0,0,0
73300,9792,2860,183,0,11,1,10,3,3,0,1,0,0,0,0,0,0,0
73400,9798,3832,187,1,9,0,0,1,4,0,2,0,0,0,0,0,0,0
73500,9802,3611,185,2,8,0,2,0,2,0,1,0,0,0,0,0,0,0
73600,9809,3840,180,19,8,1,1,1,1,2,1,1,0,0,0,0,0,0
73700,9808,3875,184,47,6,0,1,0,1,1,0,0,0,0,0,0,0,0
73800,9817,3697,166,36,9,1,3,1,4,1,1,0,0,0,0,0,0,0
73900,9825,3173,165,39,8,1,1,0,1,1,0,1,0,0,0,0,0,0
74000,9825,2052,167,3,5,0,0,1,3,0,0,0,0,0,0,0,0,0
74100,9821,2848,167,8,2,0,3,0,5,0,2,0,0,0,0,0,0,0
74200,9855,3174,138,2,1,2,1,0,4,2,1,1,0,0,0,0,0,0
74300,9873,3755,115,0,2,1,3,0,4,0,3,1,0,0,0,0,0,0
74400,9900,3575,93,1,3,0,1,0,2,0,1,0,0,0,0,0,0,0
74500,9901,3556,92,3,1,0,3,0,2,0,1,0,0,0,0,0,0,0
74600,9903,3243,90,4,1,0,2,1,4,0,0,1,0,0,0,0,0,0
74700,9905,3619,87,1,1,0,2,7,4,0,1,0,0,0,0,0,0,0
74800,9905,3937,86,2,1,1,2,0,6,2,0,1,0,0,0,0,0,0
74900,9907,4059,88,10,1,1,1,1,3,7,0,0,0,0,0,0,0,0
75000,9897,3974,89,6,4,1,4,2,1,27,2,0,3,0,0,0,0,0
75100,9898,3268,95,19,1,0,6,7,0,0,0,0,0,0,0,0,0,0
75200,9920,3012,73,7,1,0,1,0,4,0,1,0,0,0,0,0,0,0
75300,9976,3715,16,0,1,0,4,1,2,0,1,0,0,0,0,0,0,0
75400,9973,4538,14,6,5,0,7,0,0,0,1,0,0,0,0,0,0,0
75500,9972,3674,15,4,4,1,5,0,4,1,0,0,0,0,0,0,0,0
75600,9969,3571,22,2,2,0,3,0,3,0,1,0,0,0,0,0,0,0
75700,9966,3055,18,0,2,0,10,0,1,3,3,1,0,0,0,0,0,0
75800,9972,3222,16,2,0,0,6,5,6,0,0,0,0,0,0,0,0,0
75900,9975,3263,11,1,5,2,5,0,2,2,2,0,0,0,0,0,0,0
76000,9976,4140,5,0,3,0,7,0,7,0,2,0,0,0,0,0,0,0
76100,9959,4402,26,1,3,0,7,1,5,0,0,0,0,0,0,0,0,0
76200,9939,3924,46,5,1,0,10,3,3,0,1,1,0,0,0,0,0,0
76300,9942,3403,46,0,0,2,7,2,3,0,2,1,0,0,0,0,0,0
76400,9939,3646,50,2,2,1,6,0,3,1,0,0,0,0,0,0,0,0
76500,9942,3649,45,1,1,0,10,0,0,2,2,0,0,0,0,0,0,0
76600,9939,3636,47,6,1,1,9,1,3,0,1,1,0,0,0,0,0,0
76700,9941,2823,50,4,1,0,5,4,2,0,1,2,0,0,0,0,0,0
76800,9939,4244,45,4,1,1,9,0,4,0,2,0,0,0,0,0,0,0
76900,9936,4693,47,2,2,1,6,1,7,0,2,1,0,0,0,0,0,0
77000,9923,4565,55,1,3,1,14,1,4,0,1,0,0,0,0,0,0,0
77100,9940,3774,52,0,1,0,4,0,3,2,0,0,0,0,0,0,0,0
77200,9934,3578,55,2,2,0,5,1,2,0,2,2,0,0,0,0,0,0
77300,9967,2766,23,2,2,0,4,8,4,0,0,1,0,0,0,0,0,0
77400,9969,2844,23,1,1,0,6,8,1,0,0,0,0,1,0,0,0,0
77500,9965,3542,21,0,5,2,5,5,4,0,0,0,0,0,0,0,0,0
77600,9958,3670,22,3,4,0,11,2,3,1,2,0,0,0,0,0,0,0
77700,9971,3164,24,0,2,0,1,1,2,1,0,0,0,0,0,0,0,0
77800,9968,3030,22,0,3,0,4,1,2,0,1,1,0,0,0,0,0,0
77900,9973,2519,21,0,0,0,1,0,2,0,3,0,0,0,0,0,0,0
78000,9968,2767,24,0,4,1,1,0,2,0,1,0,0,0,0,0,0,0
78100,9973,3708,19,2,1,0,2,0,2,1,3,0,0,0,0,0,0,0
78200,9968,2906,21,0,3,0,2,0,4,0,2,0,0,0,0,0,0,0
78300,9972,2865,23,1,1,0,0,0,1,1,3,0,0,0,0,0,0,0
78400,9967,3500,24,1,1,1,4,0,3,0,1,0,0,0,0,0,0,0
78500,9967,3807,23,7,5,0,1,2,4,1,0,0,0,0,0,0,0,0
78600,9963,3550,26,5,1,1,6,0,3,0,1,0,0,0,0,0,0,0
78700,9965,3642,27,22,2,0,1,0,1,0,4,1,0,0,0,0,0,0
78800,9967,4378,23,38,1,0,1,1,7,1,1,1,0,0,0,0,0,0
78900,9970,3723,19,40,2,0,5,1,3,0,1,0,0,0,0,0,0,0
79000,9969,3963,24,38,2,0,0,0,5,0,0,0,0,0,0,0,0,0
79100,9964,4089,20,6,5,1,6,0,4,1,1,0,0,0,0,0,0,0
79200,9969,3971,22,5,1,0,3,0,2,0,3,1,0,0,0,0,0,0
79300,9966,4198,26,6,0,0,6,0,2,3,0,0,0,0,0,0,0,0
79400,9964,4787,29,2,0,1,3,1,3,0,1,0,0,0,0,0,0,0
79500,9963,3572,21,0,6,0,5,1,5,0,0,0,0,0,0,0,0,0
79600,9971,3534,20,1,0,1,5,0,4,0,0,0,0,0,0,0,0,0
79700,9977,3838,18,0,0,0,1,0,2,0,2,0,0,0,0,0,0,0
79800,9966,4244,20,2,3,1,4,0,5,3,2,0,0,0,0,0,0,0
79900,9965,4455,23,3,3,1,3,1,4,3,2,0,0,0,0,0,0,0
80000,9966,3659,32,5,1,0,0,0,0,1,1,0,0,0,0,0,0,0
80100,9964,4122,25,3,2,0,1,0,6,0,2,0,0,0,0,0,0,0
80200,9965,4573,28,4,3,0,0,4,4,0,0,0,0,0,0,0,0,0
80300,9962,3846,25,2,5,2,2,2,3,2,3,1,0,0,0,0,0,0
80400,9951,2918,38,111,4,2,2,0,4,0,1,0,0,0,0,0,0,0
80500,9955,2745,38,130,1,0,1,0,4,0,1,1,0,0,0,0,0,0
80600,9960,2943,33,37,0,0,1,0,5,0,1,1,0,0,0,0,0,0
80700,9960,3317,35,1,1,0,0,1,3,0,1,3,0,0,0,0,0,0
80800,9958,3303,34,5,3,0,1,5,3,1,1,0,0,0,0,0,0,0
80900,9977,3647,19,4,1,3,1,0,2,2,0,1,0,0,0,0,0,0
81000,9964,3772,26,100,2,0,1,0,7,0,0,0,0,0,0,0,0,0
81100,9969,3554,25,95,1,1,3,1,2,2,0,0,0,0,0,0,0,0
81200,9968,3560,29,2,1,1,0,0,1,0,1,0,0,0,0,0,0,0
81300,9977,3455,19,7,0,0,2,1,1,0,1,0,0,0,0,0,0,0
81400,9966,3013,25,3,1,0,5,0,3,1,0,0,0,0,0,0,0,0
81500,9959,2292,30,19,3,0,4,0,2,1,2,0,0,0,0,0,0,0
81600,9976,3282,19,2,1,0,0,2,4,0,0,1,0,0,0,0,0,0
81700,9970,3252,25,4,0,0,3,0,1,1,1,0,0,0,0,0,0,0
81800,9973,3376,17,1,2,1,6,2,1,0,1,1,0,0,0,0,0,0
81900,9971,3427,19,3,4,0,0,0,3,0,3,0,0,0,0,0,0,0
82000,9976,2988,19,3,1,0,0,0,4,2,0,0,0,0,0,0,0,0
82100,9970,3049,23,0,1,0,3,0,3,0,0,0,0,0,0,0,0,0
82200,9978,3803,16,3,2,0,2,0,1,0,1,1,0,0,0,0,0,0
82300,9981,3249,12,5,2,1,0,3,3,0,2,0,0,0,0,0,0,0
82400,9976,3277,15,0,1,3,4,0,4,1,0,0,0,0,0,0,0,0
82500,9978,2888,9,3,5,0,2,0,4,0,2,0,0,0,0,0,0,0
82600,9976,3104,13,3,3,1,7,0,1,1,0,0,0,0,0,0,0,0
82700,9971,2933,15,3,4,3,4,1,4,0,2,1,0,0,0,0,0,0
82800,9980,3987,16,10,1,1,3,2,0,1,0,0,0,0,0,0,0,0
82900,9980,4323,16,4,0,0,4,2,0,1,0,0,0,0,0,0,0,0
83000,9969,3694,18,0,3,0,3,0,6,0,1,0,0,0,0,0,0,0
83100,9984,3999,12,2,1,0,1,3,1,0,1,0,0,0,0,0,0,0
83200,9974,4312,17,12,2,0,1,0,2,3,4,0,0,0,0,0,0,0
83300,9980,3817,11,17,5,2,2,1,2,0,0,0,0,0,0,0,0,0
83400,9975,3263,15,4,3,2,2,1,2,0,3,0,0,0,0,0,0,0
83500,9980,3115,14,0,2,0,2,0,2,1,0,1,0,0,0,0,0,0
83600,9974,3694,19,4,1,0,3,3,3,0,0,0,0,0,0,0,0,0
83700,9977,4096,14,1,3,1,3,10,1,2,2,2,0,0,0,0,0,0
83800,9980,3212,15,5,3,0,1,4,1,0,0,0,0,0,0,0,0,0
83900,9976,2497,14,3,3,1,2,0,4,4,1,0,0,0,0,0,0,0
84000,9985,2962,13,3,1,1,1,4,0,1,0,0,0,2,0,0,0,0
84100,9980,3195,16,5,0,1,3,0,1,0,0,1,0,0,0,0,0,0
84200,9979,3311,14,0,1,0,1,0,4,2,1,0,0,0,0,0,0,0
84300,9979,3660,15,1,4,1,0,0,2,2,0,0,0,0,0,0,0,0
84400,9966,2956,18,5,3,0,4,0,9,2,0,0,0,0,0,0,0,0
84500,9975,2818,18,0,2,0,2,4,1,0,2,1,0,0,0,0,0,0
84600,9985,2738,11,0,3,2,1,0,0,0,0,0,0,0,0,0,0,0
84700,9976,3380,19,0,4,1,0,1,0,0,1,0,0,0,0,0,0,0
84800,9971,3171,17,3,4,0,2,1,3,0,3,0,0,0,0,0,0,0
84900,9983,2804,9,7,4,0,1,5,0,0,3,1,0,0,0,0,0,0
85000,9980,2993,12,8,6,0,1,0,1,0,0,0,0,0,0,0,0,0
85100,9959,3215,22,10,9,1,2,0,7,0,1,0,0,0,0,0,0,0
85200,9975,3336,16,1,6,0,0,0,3,1,0,0,0,0,0,0,0,0
85300,9974,3132,15,1,6,0,1,2,3,0,1,0,0,0,0,0,0,0
85400,9974,2595,17,2,3,0,4,0,1,0,1,0,0,0,0,0,0,0
85500,9977,3124,12,28,6,0,1,0,2,0,2,0,0,0,0,0,0,0
85600,9989,2904,11,7,0,1,0,0,0,0,0,1,0,0,0,0,0,0
85700,9976,2911,17,9,1,0,5,2,1,1,0,0,0,0,0,0,0,0
85800,9975,2676,19,6,4,0,0,0,2,0,0,0,0,0,0,0,0,0
85900,9973,2302,16,6,2,1,5,0,4,0,0,1,0,0,0,0,0,0
86000,9987,2978,9,5,2,0,1,0,0,0,1,0,0,0,0,0,0,0
86100,9980,2389,11,2,7,1,0,1,1,1,1,0,0,0,0,0,0,0
86200,9977,2656,19,0,1,0,1,1,2,0,0,1,0,0,0,0,0,0
86300,9984,2854,9,0,4,0,1,0,1,1,1,0,0,0,0,0,0,0
86400,9979,2702,14,1,2,0,1,1,4,0,0,1,0,0,0,0,0,0
86500,9973,2784,16,5,2,0,1,1,6,0,2,0,0,0,0,0,0,0
86600,9974,2901,18,2,2,0,2,0,3,1,1,0,0,0,0,0,0,0
86700,9905,3541,91,7,2,2,1,0,1,4,0,0,0,0,0,0,0,0
86800,9906,3858,88,1,4,0,2,0,0,0,0,0,0,0,0,0,0,0
86900,9900,3562,97,0,0,0,1,1,2,0,0,0,0,0,0,0,0,0
87000,9900,3620,93,2,1,0,1,3,4,1,1,0,0,0,0,0,0,0
87100,9899,3442,92,2,0,0,1,0,7,1,1,0,0,0,0,0,0,0
87200,9906,3450,88,0,3,0,0,1,2,1,1,0,0,0,0,0,0,0
87300,9899,3458,94,0,1,0,0,1,6,1,0,1,0,0,0,0,0,0
87400,9898,2920,95,0,1,0,1,0,2,1,3,0,0,0,0,0,0,0
87500,9902,2757,93,9,0,0,3,1,1,3,1,0,0,0,0,0,0,0
87600,9829,2952,163,24,4,0,1,1,2,0,1,1,0,0,0,0,0,0
87700,9825,3359,173,12,0,1,1,0,1,1,0,0,0,0,0,0,0,0
87800,9821,3800,174,5,2,0,0,1,3,3,0,0,0,0,0,0,0,0
87900,9825,3227,168,6,4,0,2,0,0,0,1,1,0,0,0,0,0,0
88000,9828,2981,168,3,0,2,1,0,1,1,2,0,0,0,0,0,0,0
88100,9820,2736,174,1,2,1,1,0,2,0,1,0,0,0,0,0,0,0
88200,9817,2897,177,0,1,0,1,0,1,0,3,0,0,0,0,0,0,0
88300,9747,3380,245,4,4,0,0,0,2,0,2,0,0,0,0,0,0,0
88400,9825,3774,165,1,2,0,4,8,3,1,1,0,0,0,0,0,0,0
88500,9900,2874,88,2,3,0,5,8,4,0,0,0,0,0,0,0,0,0
88600,9907,3065,88,2,1,0,1,8,1,0,2,1,0,0,0,0,0,0
88700,9900,2649,94,0,1,0,0,8,4,0,1,0,0,0,0,0,0,0
88800,9905,2638,89,0,2,0,0,8,4,0,0,0,0,0,0,0,0,0
88900,9908,3385,86,2,2,0,1,7,2,1,1,0,0,0,0,0,0,0
89000,9909,3851,81,1,5,0,0,2,3,0,2,0,0,0,0,0,0,0
89100,9917,3091,80,0,1,0,0,2,1,0,1,0,0,0,0,0,0,0
89200,9914,2983,80,3,0,0,3,0,2,0,1,0,0,0,0,0,0,0
89300,9911,2527,81,0,1,0,4,0,0,0,3,0,0,0,0,0,0,0
89400,9915,3093,82,0,0,0,0,1,2,3,1,0,0,0,0,0,0,0
89500,9913,3534,80,0,1,0,1,0,2,3,3,0,0,0,0,0,0,0
89600,9914,3512,80,3,2,1,1,0,1,1,2,0,0,0,0,0,0,0
89700,9912,3213,80,0,3,0,1,0,2,0,2,0,0,0,0,0,0,0
89800,9916,3516,80,4,2,0,1,0,1,2,0,0,0,0,0,0,0,0
89900,9911,3580,80,0,2,0,2,0,1,0,4,0,0,0,0,0,0,0
90000,9914,3644,80,0,2,0,0,4,3,0,1,1,0,0,0,0,0,0
90100,9916,3518,80,0,2,0,0,1,1,0,1,0,0,0,0,0,0,0
90200,9916,3535,80,0,2,0,1,0,1,0,0,1,0,0,0,0,0,0
90300,9913,4102,80,0,2,0,3,0,1,0,1,1,0,0,0,0,0,0
90400,9915,4482,80,2,2,0,0,0,3,0,0,0,0,0,0,0,0,0
90500,9915,3563,80,0,2,0,0,0,3,1,0,0,0,0,0,0,0,0
90600,9911,3378,82,0,1,1,1,0,4,1,1,0,0,0,0,0,0,0
90700,9914,3360,82,0,1,0,1,2,2,0,0,0,0,0,0,0,0,0
90800,9909,3098,82,0,5,0,2,0,1,1,1,0,0,0,0,0,0,0
90900,9914,3249,81,1,2,1,0,0,3,0,0,0,0,0,0,0,0,0
91000,9919,2804,80,1,1,0,0,0,0,0,0,1,0,0,0,0,0,0
91100,9909,2781,80,4,2,0,2,0,5,0,2,2,0,0,0,0,0,0
91200,9911,2673,82,0,2,1,2,0,2,0,1,1,0,0,0,0,0,0
91300,9909,2703,80,2,3,1,0,0,5,3,3,0,0,0,0,0,0,0
91400,9910,3133,80,0,4,0,1,0,4,0,1,0,0,0,0,0,0,0
91500,9908,3059,81,1,0,1,2,0,9,0,0,0,0,0,0,0,0,0
91600,9908,3043,81,3,2,1,0,1,8,4,1,0,0,0,0,0,0,0
91700,9910,2888,80,0,2,1,2,0,5,1,1,0,0,0,0,0,0,0
91800,9915,2779,80,1,3,0,0,3,2,0,0,1,0,0,0,0,0,0
91900,9907,3204,80,1,1,0,9,0,2,0,1,0,0,0,0,0,0,0
92000,9915,3065,81,0,1,1,2,1,0,0,1,0,0,0,0,0,0,0
92100,9909,3234,80,0,0,1,5,0,3,0,3,1,0,0,0,0,0,0
92200,9915,3261,83,0,0,0,1,0,0,1,1,0,0,0,0,0,0,0
92300,9911,2742,81,0,1,2,5,3,0,1,2,0,0,0,0,0,0,0
92400,9911,3367,81,4,0,0,5,1,2,0,1,0,0,0,0,0,0,0
92500,9912,3509,80,1,1,0,4,0,2,0,1,0,0,0,0,0,0,0
92600,9901,3154,81,3,1,0,5,1,9,0,3,0,0,0,0,0,0,0
92700,9906,2925,84,5,2,0,5,1,3,0,0,1,0,0,0,0,0,0
92800,9906,2966,85,0,2,1,1,0,6,0,0,0,0,0,0,0,0,0
92900,9906,2782,81,0,1,0,6,0,4,1,2,1,0,0,0,0,0,0
93000,9902,2623,82,1,2,1,6,0,6,0,2,0,0,0,0,0,0,0
93100,9907,3062,81,0,3,0,2,1,7,4,0,0,0,0,0,0,0,0
93200,9905,2498,84,0,1,2,8,3,1,0,1,0,0,0,0,0,0,0
93300,9909,2436,81,14,3,1,1,0,5,0,1,0,0,0,0,0,0,0
93400,9908,2298,85,25,3,1,2,0,2,1,0,0,0,0,0,0,0,0
93500,9910,2667,81,14,3,0,2,1,2,0,2,0,0,0,0,0,0,0
93600,9910,3115,83,0,1,0,2,0,4,1,0,0,0,0,0,0,0,0
93700,9907,3218,82,2,0,0,5,1,5,0,1,0,0,0,0,0,0,0
93800,9907,3692,82,0,3,1,6,0,2,0,0,0,0,0,0,0,0,0
93900,9911,3759,82,18,3,1,2,1,2,1,0,0,0,0,0,0,0,0
94000,9906,3966,81,3,2,0,6,1,3,0,2,0,0,0,0,0,0,0
94100,9912,3810,82,5,2,0,1,1,3,0,0,0,0,0,0,0,0,0
94200,9909,3908,83,11,2,2,1,0,4,0,1,0,0,0,0,0,0,0
94300,9900,3387,91,10,1,0,0,1,6,0,2,0,0,0,0,0,0,0
94400,9901,2103,92,0,3,0,1,5,3,1,0,0,0,0,0,0,0,0
94500,9898,1859,96,0,2,0,1,0,3,0,0,0,0,0,0,0,0,0
94600,9896,2260,97,18,1,0,2,0,2,1,2,1,0,0,0,0,0,0
94700,9896,2655,95,32,2,0,2,1,3,0,2,0,0,0,0,0,0,0
94800,9893,2868,101,2,1,0,2,2,2,2,1,0,0,0,0,0,0,0
94900,9874,3031,121,8,0,3,3,1,1,1,0,0,1,0,0,0,0,0
95000,9879,3426,118,3,2,0,0,0,0,0,1,1,0,0,0,0,0,0
95100,9882,3151,115,2,1,2,1,4,0,0,1,0,0,0,0,0,0,0
95200,9880,3317,112,2,1,0,1,0,4,0,2,0,0,0,0,0,0,0
95300,9900,3194,97,14,0,1,1,0,2,1,0,0,0,0,0,0,0,0
95400,9903,3641,95,6,0,0,1,0,1,0,0,0,0,0,0,0,0,0
95500,9901,2820,96,1,2,2,0,0,1,1,0,0,0,0,0,0,0,0
95600,9900,2567,93,0,0,1,1,0,3,0,3,0,0,0,0,0,0,0
95700,9891,2767,97,3,3,0,5,0,4,0,0,0,0,0,0,0,0,0
95800,9901,2933,96,0,0,0,3,0,0,0,0,0,0,0,0,0,0,0
95900,9902,3127,92,0,2,0,3,0,1,1,0,0,0,0,0,0,0,0
96000,9971,3001,19,6,0,0,1,0,5,0,4,0,0,0,0,0,0,0
96100,9973,2989,15,3,2,1,2,0,7,1,1,0,0,0,0,0,0,0
96200,9978,3019,15,5,0,0,3,0,3,1,1,0,0,0,0,0,0,0
96300,9980,3016,16,17,2,0,1,2,0,0,1,1,0,0,0,0,0,0
96400,9983,3172,12,24,1,0,0,0,3,0,1,0,0,0,0,0,0,0
96500,9989,3883,1,0,2,0,4,1,3,1,1,0,0,0,0,0,0,0
96600,9989,3371,1,0,1,1,4,3,4,1,1,0,0,0,0,0,0,0
96700,9992,4019,0,0,2,2,2,1,4,0,0,0,0,0,0,0,0,0
96800,9996,4233,1,3,0,0,0,0,3,1,0,0,0,0,0,0,0,0
96900,9998,3352,0,3,0,1,1,0,1,0,0,0,0,0,0,0,0,0
97000,9990,2753,5,3,1,2,0,3,2,0,2,0,0,0,0,0,0,0
97100,9990,3404,0,22,4,1,2,0,2,0,1,1,1,0,0,0,0,0
97200,9987,3639,2,1,4,0,2,5,5,0,0,0,0,0,0,0,0,0
97300,9993,4275,0,3,2,1,2,10,2,4,1,0,0,0,0,0,0,0
97400,9992,3594,1,9,1,0,3,1,2,0,1,1,0,0,0,0,0,0
97500,9991,3101,0,5,1,0,6,9,0,2,2,0,0,0,0,0,0,0
97600,9996,2601,1,1,0,0,1,4,1,0,1,1,0,0,0,0,0,0
97700,9988,2534,0,4,2,1,2,1,6,0,2,0,0,0,0,0,0,0
97800,9994,2752,0,19,2,3,0,0,4,0,0,0,0,0,0,0,0,0
97900,9993,2830,2,22,1,0,0,0,2,0,2,0,0,0,0,0,0,0
98000,9981,2072,6,0,4,1,5,1,3,0,1,0,0,0,0,0,0,0
98100,9992,2057,1,3,2,0,3,1,1,3,1,0,0,0,0,0,0,0
98200,9993,1625,0,0,3,0,2,0,2,0,0,0,0,0,0,0,0,0
98300,9998,2003,0,2,1,0,1,0,0,2,0,0,0,0,0,0,0,0
98400,9986,2622,6,2,4,0,0,0,3,0,1,0,0,0,0,0,0,0
98500,9991,2571,4,1,2,1,1,3,2,0,0,0,0,0,0,0,0,0
98600,9987,1874,5,0,2,2,1,1,5,2,0,0,0,0,0,0,0,0
98700,9996,1955,0,2,1,0,1,2,1,0,1,0,0,0,0,0,0,0
98800,9994,1893,1,2,2,1,0,1,2,1,1,0,0,0,0,0,0,0
98900,9997,2079,0,3,0,0,2,0,1,0,0,0,0,0,0,0,0,0
99000,9982,2293,5,3,0,0,4,3,5,0,4,1,0,0,0,0,0,0
99100,9995,2353,2,8,1,2,0,0,1,2,1,0,0,0,0,0,0,0
99200,9988,2326,3,26,1,1,5,0,3,1,0,0,0,0,0,0,0,0
99300,9991,2254,1,100,2,0,1,1,3,0,2,0,0,0,0,0,0,0
99400,9990,2229,1,27,1,0,4,1,4,1,0,1,0,0,0,0,0,0
99500,9991,2798,0,2,2,1,0,0,5,1,2,0,0,0,0,0,0,0
99600,9976,2666,8,0,5,1,3,0,7,0,1,0,0,0,0,0,0,0
99700,9988,2294,2,0,1,3,5,0,3,0,1,0,0,0,0,0,0,0
99800,9992,2440,1,2,1,0,1,0,2,0,3,0,0,0,0,0,0,0
99900,9993,2328,0,1,0,0,2,1,5,0,0,1,0,0,0,0,0,0
100000,9994,2882,0,0,2,0,0,2,3,1,1,1,0,0,0,0,0,0
