update,host_task_NOT,sym_task_NOT,host_task_NAND,sym_task_NAND,host_task_AND,sym_task_AND,host_task_ORN,sym_task_ORN,host_task_OR,sym_task_OR,host_task_ANDN,sym_task_ANDN,host_task_NOR,sym_task_NOR,host_task_XOR,sym_task_XOR,host_task_EQU,sym_task_EQU
0,0,0,0,0,0,0,0,0,0,0,0,0,0,0,0,0,0,0
100,9998,38360,0,2,1,5,0,3,1,3,2,1,0,0,0,0,0,0
200,9993,33312,0,11,3,2,1,2,0,4,3,3,0,0,0,0,0,0
300,9995,33170,0,6,4,5,0,3,1,11,0,2,0,0,0,0,0,0
400,9989,33137,0,3,5,6,2,4,3,6,1,5,0,0,0,0,0,0
500,9994,33114,0,1,3,11,2,3,1,6,0,3,0,0,0,0,0,0
600,9993,28115,1,5,2,3,3,3,0,5,1,7,0,0,0,0,0,0
700,9996,25931,0,2,0,6,2,2,2,7,0,1,0,0,0,0,0,0
800,9993,25907,0,3,2,6,2,3,2,4,1,3,0,0,0,0,0,0
900,9997,25919,0,5,1,4,1,0,0,6,1,2,0,0,0,0,0,0
1000,9988,25914,1,1,2,6,4,3,4,8,1,0,0,0,0,0,0,0
1100,9991,23184,0,6,3,4,2,2,3,8,1,4,0,0,0,0,0,0
1200,9984,20255,1,7,1,3,7,1,3,5,4,0,0,0,0,0,0,0
1300,9988,20139,1,6,4,7,2,0,5,2,0,2,0,0,0,0,0,0
1400,9992,20284,0,18,1,4,3,7,2,4,2,1,0,0,0,0,0,0
1500,9992,20376,0,9,2,2,2,2,3,2,1,2,0,0,0,0,0,0
1600,9988,19284,1,4,2,2,2,4,4,3,3,1,0,0,0,0,0,0
1700,9985,16106,5,6,0,3,6,0,3,4,1,1,0,0,0,0,0,0
1800,9979,16111,7,8,1,6,5,0,7,1,1,4,0,0,0,0,0,0
1900,9980,16132,7,11,1,3,8,3,3,1,1,2,0,0,0,0,0,0
2000,9984,16050,8,3,1,1,6,3,1,4,0,1,0,0,0,0,0,0
2100,9983,15979,4,5,4,5,5,3,0,4,4,0,0,0,0,0,0,0
2200,9978,12830,4,7,1,3,8,0,6,6,3,2,0,0,0,0,0,0
2300,9985,12809,3,3,3,3,6,2,3,2,0,2,0,0,0,0,0,0
2400,9980,12780,2,3,1,4,10,1,6,3,1,2,0,0,0,0,0,0
2500,9988,12938,1,8,3,1,6,1,2,2,0,0,0,0,0,0,0,0
2600,9984,12865,4,9,0,1,9,6,2,2,1,0,0,0,0,0,0,0
2700,9980,10955,5,4,4,2,8,1,3,5,0,1,0,0,0,0,0,0
2800,9984,10540,2,3,1,2,9,5,2,4,2,0,0,0,0,0,0,0
2900,9985,10544,0,6,5,3,6,1,3,1,1,0,0,0,0,0,0,0
3000,9982,10473,1,9,2,1,10,0,4,4,1,2,0,0,0,0,0,0
3100,9989,10489,1,10,0,2,5,0,4,0,1,0,0,0,0,0,0,0
3200,9980,9499,3,9,1,0,8,1,6,2,1,0,1,0,0,0,0,0
3300,9981,8567,9,13,1,2,7,2,2,3,0,0,0,1,0,0,0,0
3400,9979,8716,8,9,1,3,7,2,3,1,2,0,0,0,0,0,0,0
3500,9978,8880,8,10,2,2,6,1,4,2,2,2,0,0,0,0,0,0
3600,9978,8893,6,10,2,1,6,0,5,2,3,3,0,0,0,0,0,0
3700,9980,8546,7,6,3,2,8,0,1,3,1,1,0,0,0,0,0,0
3800,9980,7429,6,7,0,2,7,1,5,2,1,1,1,0,0,0,0,0
3900,9975,7383,9,8,4,3,7,1,4,0,1,0,0,0,0,0,0,0
4000,9976,7414,8,6,2,1,10,2,3,4,1,1,0,0,0,0,0,0
4100,9966,7432,7,6,7,1,14,2,6,1,0,1,0,0,0,0,0,0
4200,9972,7600,12,10,1,0,13,1,1,1,1,1,0,0,0,0,0,0
4300,9969,6440,15,14,3,1,4,5,8,5,1,1,0,0,0,0,0,0
4400,9972,6464,13,13,4,0,5,1,5,4,1,0,0,0,0,0,0,0
4500,9973,6435,15,11,4,0,3,1,4,0,1,1,0,0,0,0,0,0
4600,9977,6437,16,16,0,0,4,2,2,1,1,0,0,0,0,0,0,0
4700,9968,6385,16,19,2,1,7,2,5,1,2,1,0,0,0,0,0,0
4800,9964,5654,22,10,2,0,7,0,5,0,0,1,0,0,0,0,0,0
4900,9968,5681,23,4,2,1,3,1,1,5,3,0,0,0,0,0,0,0
5000,9959,5889,28,9,1,0,5,1,5,2,1,0,1,0,0,0,0,0
5100,9964,5743,22,17,1,2,4,4,7,1,2,0,0,0,0,0,0,0
5200,9965,5794,25,23,2,0,4,1,4,0,0,0,0,0,0,0,0,0
5300,9962,5304,27,15,3,0,2,1,4,2,2,1,0,0,0,0,0,0
5400,9967,5001,27,14,0,1,1,3,5,0,0,0,0,0,0,0,0,0
5500,9957,5122,30,21,0,0,7,4,6,1,0,0,0,0,0,0,0,0
5600,9960,5247,31,14,2,1,2,8,4,1,1,0,0,0,0,0,0,0
5700,9961,5277,32,18,1,0,2,8,1,1,3,1,0,1,0,0,0,0
5800,9960,5005,28,18,2,1,6,7,4,1,0,1,0,0,0,0,0,0
5900,9947,4462,42,24,1,1,4,6,6,1,0,0,0,0,0,0,0,0
6000,9942,4670,46,30,0,0,6,2,6,1,0,1,0,0,0,0,0,0
6100,9946,4719,42,20,4,0,4,2,4,1,0,0,0,0,0,0,0,0
6200,9949,4675,41,30,2,1,4,6,2,1,2,0,0,0,0,0,0,0
6300,9944,4697,45,26,3,0,5,7,3,0,0,0,0,0,0,0,0,0
6400,9937,4287,52,8,2,1,5,6,4,3,0,3,0,0,0,0,0,0
6500,9931,4723,54,59,1,0,9,10,4,4,1,0,0,0,0,0,0,0
6600,9930,5776,54,32,6,2,1,5,7,1,2,0,0,0,0,0,0,0
6700,9939,7007,53,64,2,17,1,2,3,1,2,0,0,0,0,0,0,0
6800,9931,8101,53,52,4,15,5,4,6,1,1,0,0,0,0,0,0,0
6900,9942,8780,47,75,2,4,2,5,5,2,2,0,0,0,0,0,0,0
7000,9937,10239,50,141,3,10,6,12,2,7,2,1,0,0,0,0,0,0
7100,9936,11279,50,144,5,4,4,4,4,6,1,1,0,0,0,0,0,0
7200,9934,10687,50,190,2,8,5,8,6,17,3,1,0,0,0,0,0,0
7300,9920,10699,68,178,2,4,7,6,2,9,1,3,0,0,0,0,0,0
7400,9905,10258,75,112,6,6,5,2,8,4,1,6,0,0,0,0,0,0
7500,9886,12599,95,163,2,9,9,11,6,6,1,3,1,0,0,0,0,0
7600,9897,12099,88,119,1,2,5,48,7,11,1,3,1,0,0,0,0,0
7700,9892,12309,91,119,1,4,3,35,11,4,2,3,0,0,0,0,0,0
7800,9877,12136,101,172,0,8,9,16,10,6,3,1,0,0,0,0,0,0
7900,9886,11484,94,81,3,6,5,40,10,11,2,2,0,0,0,0,0,0
8000,9887,10949,100,103,0,9,8,29,4,6,1,4,0,0,0,0,0,0
8100,9897,13190,93,203,1,7,5,12,3,5,1,5,0,0,0,0,0,0
8200,9891,13272,93,269,6,7,6,10,3,6,1,1,0,0,0,0,0,0
8300,9887,12709,95,299,2,2,7,15,8,6,1,3,0,0,0,0,0,0
8400,9866,12737,109,351,3,3,12,8,3,6,5,2,2,0,0,0,0,0
8500,9875,12505,103,271,4,3,10,11,5,3,3,3,0,0,0,0,0,0
8600,9872,13787,111,299,3,8,9,9,2,7,3,4,0,0,0,0,0,0
8700,9861,13363,110,379,4,7,11,19,11,10,3,3,0,1,0,0,0,0
8800,9870,13403,112,205,3,4,12,7,1,18,2,1,0,0,0,0,0,0
8900,9841,12861,138,228,2,4,12,13,6,3,1,3,0,0,0,0,0,0
9000,9859,12790,118,353,1,5,13,6,8,5,1,0,0,0,0,0,0,0
9100,9848,13358,122,564,5,6,16,9,8,3,1,2,0,0,0,0,0,0
9200,9815,14912,154,414,7,4,13,6,6,6,5,5,0,0,0,0,0,0
9300,9822,15391,157,382,0,5,16,11,4,4,0,0,1,0,0,0,0,0
9400,9809,14665,170,497,2,9,9,6,8,6,2,1,0,0,0,0,0,0
9500,9804,15057,172,486,3,2,15,15,1,2,4,4,1,0,0,0,0,0
9600,9800,14223,166,624,10,5,14,11,7,6,2,2,1,0,0,0,0,0
9700,9801,15005,162,724,9,10,17,13,9,7,2,2,0,0,0,0,0,0
9800,9790,15230,173,463,10,2,18,5,8,4,1,1,0,0,0,0,0,0
9900,9781,15283,184,620,12,3,14,10,8,3,1,2,0,1,0,0,0,0
10000,9769,15511,197,599,9,1,15,7,8,6,1,3,1,0,0,0,0,0
10100,9760,15519,210,781,12,2,6,10,8,7,3,2,1,0,0,0,0,0
10200,9760,16305,204,800,14,4,13,9,8,8,1,4,0,0,0,0,0,0
10300,9763,16355,192,494,22,4,17,7,6,11,0,7,0,0,0,0,0,0
10400,9752,15117,208,752,21,9,13,8,4,7,2,3,0,0,0,0,0,0
10500,9763,15588,193,621,18,5,13,5,9,5,4,2,0,0,0,0,0,0
10600,9789,15001,173,593,19,3,12,7,4,7,3,2,0,0,0,0,0,0
10700,9796,15103,167,603,16,4,13,5,4,6,4,4,0,0,0,0,0,0
10800,9816,15642,150,487,16,3,10,8,4,4,2,4,2,0,0,0,0,0
10900,9804,15487,150,438,19,8,17,11,7,1,3,2,0,0,0,0,0,0
11000,9811,15133,157,659,16,4,11,8,3,8,2,3,0,0,0,0,0,0
11100,9823,16152,150,633,9,4,13,2,4,13,1,3,0,0,0,0,0,0
11200,9798,16475,176,586,11,6,8,8,6,4,1,2,0,1,0,0,0,0
11300,9799,16015,172,775,12,5,13,5,3,6,1,2,0,0,0,0,0,0
11400,9741,16284,219,631,9,9,21,8,5,5,5,1,0,0,0,0,0,0
11500,9748,17153,219,799,7,10,16,4,6,7,4,5,0,0,0,0,0,0
11600,9718,17313,239,607,10,6,26,3,6,4,0,4,1,1,0,0,0,0
11700,9745,16606,224,698,9,6,15,10,6,9,1,4,0,0,0,1,0,0
11800,9754,16368,210,627,14,4,16,5,4,9,2,1,0,0,0,0,0,0
11900,9746,15505,209,599,10,3,20,5,10,7,4,4,1,0,0,0,0,0
12000,9764,15298,201,754,9,1,14,12,10,9,1,0,1,0,0,0,0,0
12100,9783,16227,184,778,3,8,20,9,9,7,1,2,0,0,0,0,0,0
12200,9766,16317,196,788,9,2,16,6,8,3,5,1,0,0,0,0,0,0
12300,9793,15087,168,737,8,7,21,4,9,5,1,4,0,0,0,0,0,0
12400,9779,14858,190,652,5,1,21,7,2,11,3,2,0,0,0,0,0,0
12500,9775,14656,189,703,7,3,21,8,5,6,3,2,0,0,0,0,0,0
12600,9753,15202,214,666,7,4,19,5,6,2,1,3,0,0,0,0,0,0
12700,9750,14662,222,508,10,2,12,1,3,8,3,0,0,0,0,0,0,0
12800,9698,14895,262,552,10,6,14,62,14,6,1,1,1,0,0,0,0,0
12900,9679,14089,273,653,9,4,22,93,13,10,4,2,0,0,0,0,0,0
13000,9671,14660,295,533,7,5,19,16,7,4,1,2,0,0,0,0,0,0
13100,9657,15702,307,584,15,4,15,17,5,2,1,0,0,0,0,0,0,0
13200,9649,15150,311,616,6,0,22,9,9,5,3,2,0,0,0,0,0,0
13300,9657,14751,312,530,10,3,12,7,7,4,2,4,0,0,0,0,0,0
13400,9670,13625,311,535,9,4,8,17,2,2,0,2,0,0,0,0,0,0
13500,9621,13824,343,665,13,4,12,7,7,2,4,1,0,0,0,0,0,0
13600,9639,14766,336,715,7,3,11,12,5,3,2,2,0,0,0,0,0,0
13700,9612,16119,350,725,11,4,18,7,8,4,1,0,0,0,0,0,0,0
13800,9622,15902,342,809,8,4,16,3,7,3,5,4,0,0,0,0,0,0
13900,9639,16053,327,713,10,2,14,13,8,5,2,1,0,0,0,0,0,0
14000,9634,14503,329,728,14,4,14,10,9,2,0,3,0,0,0,0,0,0
14100,9629,14035,327,749,18,6,12,4,11,4,2,0,1,0,0,0,0,0
14200,9563,15168,356,725,38,3,24,5,18,6,1,1,0,0,0,0,0,0
14300,9570,15226,391,711,14,2,15,5,8,1,2,1,0,0,0,0,0,0
14400,9576,14777,389,784,7,9,21,8,6,3,1,1,0,0,0,0,0,0
14500,9561,15345,392,786,11,12,23,4,9,2,3,0,1,0,0,0,0,0
14600,9542,14128,408,809,10,11,27,6,6,4,7,1,0,0,0,0,0,0
14700,9515,13607,435,947,12,14,16,5,19,3,3,4,0,0,0,0,0,0
14800,9538,13510,423,918,15,14,12,5,11,7,1,4,0,0,0,0,0,0
14900,9531,13000,417,778,15,10,18,5,15,4,3,1,1,0,0,0,0,0
15000,9515,13067,446,740,12,14,15,2,9,6,3,1,0,0,0,0,0,0
15100,9528,15015,438,599,6,8,10,3,13,4,5,1,0,0,0,0,0,0
15200,9516,14625,449,586,7,3,11,4,14,1,3,3,0,0,0,0,0,0
15300,9484,13739,479,775,6,1,20,8,8,2,2,0,1,0,0,0,0,0
15400,9477,13428,487,595,6,3,13,8,12,4,5,1,0,0,0,0,0,0
15500,9439,13584,509,615,8,0,20,2,17,1,7,0,0,0,0,0,0,0
15600,9435,13995,514,606,10,2,22,4,17,3,1,2,1,0,0,0,0,0
15700,9452,13469,511,601,10,3,18,5,6,7,3,4,0,0,0,0,0,0
15800,9452,12263,485,780,10,2,37,7,12,4,4,1,0,0,0,0,0,0
15900,9428,12188,510,641,14,3,31,11,10,1,6,1,1,0,0,0,0,0
16000,9479,12228,469,743,6,3,34,8,12,0,0,2,0,0,0,0,0,0
16100,9499,13232,451,482,4,2,35,9,6,4,5,3,0,0,0,0,0,0
16200,9478,12820,470,547,5,1,34,8,10,2,3,3,0,1,0,0,0,0
16300,9492,12798,448,565,8,3,38,16,10,5,3,1,1,0,0,0,0,0
16400,9491,12185,455,563,6,4,33,5,10,5,5,1,0,0,0,0,0,0
16500,9474,10954,477,517,4,4,34,5,9,2,2,2,0,0,0,0,0,0
16600,9469,10999,471,629,6,0,36,8,11,10,7,1,0,0,0,0,0,0
16700,9479,11259,470,626,10,2,31,10,6,3,3,1,1,1,0,0,0,0
16800,9477,9923,474,640,6,0,32,11,7,4,4,0,0,0,0,0,0,0
16900,9463,9924,479,719,6,0,30,13,12,3,9,0,1,0,0,0,0,0
17000,9458,9970,487,692,5,5,34,18,12,0,2,1,2,0,0,0,0,0
17100,9443,11136,505,671,8,1,32,23,6,7,6,2,0,0,0,0,0,0
17200,9453,11003,493,694,7,4,31,14,12,6,4,2,0,0,0,0,0,0
17300,9439,11326,499,679,17,4,29,5,14,0,2,1,0,0,0,0,0,0
17400,9466,11062,487,653,7,3,29,9,4,9,5,1,2,0,0,0,0,0
17500,9490,11602,465,782,7,2,26,2,11,1,1,1,0,0,0,0,0,0
17600,9499,10793,457,1066,10,8,20,2,12,3,2,0,0,0,0,0,0,0
17700,9488,11315,466,1061,7,6,24,5,12,6,3,5,0,0,0,0,0,0
17800,9520,12296,445,1348,6,4,18,2,7,8,4,0,0,0,0,0,0,0
17900,9515,12939,445,1054,8,4,22,3,9,5,1,0,0,0,0,0,0,0
18000,9507,12396,456,1074,6,5,19,2,9,5,3,0,0,0,0,0,0,0
18100,9519,11860,443,1171,4,3,22,4,9,1,3,1,0,0,0,0,0,0
18200,9509,12434,455,936,8,5,17,11,8,0,3,0,0,0,0,0,0,0
18300,9528,12763,431,1049,4,14,22,7,12,5,3,1,0,0,0,0,0,0
18400,9523,12728,427,942,10,1,27,2,8,7,5,2,0,0,0,0,0,0
18500,9501,11850,453,979,4,8,34,3,7,3,0,0,1,0,0,0,0,0
18600,9505,12220,444,931,8,3,34,0,7,4,2,2,0,0,0,0,0,0
18700,9477,10966,474,999,7,4,34,1,6,6,2,1,0,0,0,0,0,0
18800,9481,10382,457,1082,10,2,35,3,11,0,5,0,1,0,0,0,0,0
18900,9530,10784,421,857,7,4,29,7,11,3,2,2,0,0,0,0,0,0
19000,9526,10741,418,699,4,4,34,9,13,3,5,0,0,0,0,0,0,0
19100,9531,10337,415,577,2,5,36,6,11,5,5,0,0,0,0,0,0,0
19200,9553,9822,400,623,7,3,27,3,10,0,2,1,1,0,0,0,0,0
19300,9575,11147,395,676,6,4,17,8,6,1,1,4,0,0,0,0,0,0
19400,9604,10761,365,707,5,3,16,1,9,6,1,0,0,0,0,0,0,0
19500,9607,10790,351,561,5,5,24,4,10,1,3,0,0,1,0,0,0,0
19600,9637,9982,330,729,4,3,21,6,6,5,1,0,1,0,0,0,0,0
19700,9612,10738,362,826,4,2,13,0,4,0,5,1,0,0,0,0,0,0
19800,9593,11392,354,638,9,4,32,0,8,1,4,1,0,0,0,0,0,0
19900,9578,10687,346,698,3,2,62,2,5,4,6,0,0,0,0,0,0,0
20000,9603,11131,345,605,6,8,38,2,5,2,3,1,0,0,0,0,0,0
20100,9579,10950,372,576,2,8,36,4,6,4,5,1,0,0,0,0,0,0
20200,9557,10287,363,747,6,2,64,7,7,3,3,0,0,0,0,0,0,0
20300,9532,11430,380,736,8,3,68,3,7,1,3,1,2,0,0,0,0,0
20400,9544,10730,374,667,7,1,68,3,7,2,0,0,0,0,0,0,0,0
20500,9541,10676,375,692,6,2,65,0,11,7,2,1,0,0,0,0,0,0
20600,9570,10197,339,768,6,2,75,0,9,4,1,1,0,0,0,0,0,0
20700,9551,10414,351,762,7,1,78,1,9,4,4,2,0,0,0,0,0,0
20800,9547,10591,351,662,9,1,82,2,9,3,2,0,0,0,0,0,0,0
20900,9556,10844,338,596,9,6,85,3,10,4,2,0,0,0,0,0,0,0
21000,9535,10406,362,510,11,3,84,9,3,1,4,1,1,0,0,0,0,0
21100,9496,11363,392,506,11,12,80,4,17,3,3,1,1,0,0,0,0,0
21200,9517,11269,389,427,6,3,78,2,7,1,3,1,0,0,0,0,0,0
21300,9514,10371,398,409,2,2,76,0,10,2,0,0,0,0,0,0,0,0
21400,9540,9866,378,423,2,3,67,0,10,5,3,3,0,0,0,0,0,0
21500,9512,9193,401,561,8,1,67,3,10,1,2,3,0,0,0,0,0,0
21600,9538,9782,380,486,6,1,67,0,8,4,1,1,0,0,0,0,0,0
21700,9509,10041,396,491,5,5,79,1,9,5,2,2,0,0,0,0,0,0
21800,9523,10178,381,474,6,1,84,2,2,3,4,0,0,0,0,0,0,0
21900,9537,9807,355,476,9,3,85,3,8,5,6,3,0,0,0,0,0,0
22000,9564,10598,335,482,9,2,78,0,11,0,3,3,0,0,0,0,0,0
22100,9569,10936,323,595,7,2,86,7,8,4,7,1,0,0,0,0,0,0
22200,9544,10007,320,498,8,2,120,1,5,1,3,0,0,0,0,0,0,0
22300,9527,9088,329,438,10,3,122,2,11,0,1,1,0,0,0,0,0,0
22400,9476,10522,383,489,6,2,127,3,3,1,4,1,1,0,0,0,0,0
22500,9435,10215,401,583,7,3,146,1,4,1,5,0,2,0,0,0,0,0
22600,9427,10056,374,542,8,2,181,2,6,2,3,1,1,0,0,0,0,0
22700,9429,7976,390,604,5,3,175,1,1,2,0,2,0,0,0,0,0,0
22800,9424,9064,385,801,9,2,175,1,3,2,4,1,0,0,0,0,0,0
22900,9428,8493,374,710,7,4,181,1,5,1,5,0,0,0,0,0,0,0
23000,9394,8154,353,698,12,3,224,3,15,1,2,2,0,0,0,0,0,0
23100,9425,9131,345,718,8,1,217,0,4,2,1,1,0,0,0,0,0,0
23200,9424,9427,364,891,7,3,202,2,2,3,1,2,0,0,0,0,0,0
23300,9342,8755,396,881,7,1,244,1,6,5,4,0,1,0,0,1,0,0
23400,9330,8760,394,831,6,5,259,3,8,2,3,1,0,0,0,0,0,0
23500,9355,8658,381,700,11,0,246,6,5,1,2,0,0,0,0,0,0,0
23600,9374,8982,371,543,11,3,235,3,5,4,4,1,0,0,0,0,0,0
23700,9414,9182,341,522,8,4,229,0,7,5,1,1,0,0,0,0,0,0
23800,9409,8713,345,545,6,0,233,3,4,3,2,1,1,0,0,0,0,0
23900,9398,7724,358,473,8,0,231,1,1,0,2,2,1,0,0,0,1,0
24000,9379,7488,389,496,4,3,221,0,2,3,5,2,0,0,0,0,0,0
24100,9404,7908,353,478,2,1,233,6,5,1,3,1,0,0,0,0,0,0
24200,9410,8127,347,519,3,2,234,1,5,1,1,1,0,0,0,0,0,0
24300,9415,7699,342,569,8,1,231,3,3,1,1,0,0,0,0,0,0,0
24400,9397,8692,347,515,10,0,238,0,8,2,0,1,0,0,0,0,0,0
24500,9400,7969,344,441,11,0,238,2,6,3,1,1,0,0,0,0,0,0
24600,9423,8854,336,372,4,2,232,3,5,5,0,0,0,0,0,0,0,0
24700,9438,8070,340,416,8,0,206,0,6,0,2,0,0,0,0,0,0,0
24800,9409,8421,393,579,7,0,186,0,4,3,1,0,0,0,0,0,0,0
24900,9408,8197,403,495,4,0,177,1,8,4,0,1,0,0,0,0,0,0
25000,9400,8243,416,470,4,0,173,2,6,2,1,0,0,0,0,0,0,0
25100,9427,8898,398,382,10,2,157,1,8,3,0,1,0,0,0,0,0,0
25200,9451,7789,412,364,5,2,120,5,10,1,2,2,0,0,0,0,0,0
25300,9430,8078,417,439,8,3,136,1,8,3,1,0,0,0,0,0,0,0
25400,9446,7825,381,326,7,0,150,1,10,2,6,2,0,0,0,0,0,0
25500,9473,7148,377,225,6,5,141,6,2,0,1,2,0,0,0,0,0,0
25600,9440,7708,403,197,0,6,149,3,6,1,2,0,0,0,0,0,0,0
25700,9429,7706,425,176,4,7,136,15,5,0,1,1,0,0,0,0,0,0
25800,9438,7147,418,157,2,0,136,5,5,4,1,1,0,0,0,0,0,0
25900,9414,7872,453,152,7,3,119,6,5,4,2,0,0,0,0,0,0,0
26000,9425,7096,448,187,6,1,110,7,10,0,1,2,0,0,0,0,0,0
26100,9397,6318,477,183,3,0,111,0,9,0,3,0,0,0,0,0,0,0
26200,9358,6721,528,128,1,1,107,0,5,1,1,0,0,0,0,0,0,0
26300,9351,6048,529,140,4,5,113,1,3,7,0,1,0,0,0,0,0,0
26400,9368,6217,504,144,8,1,112,2,6,1,2,0,0,0,0,0,0,0
26500,9431,7313,439,152,5,1,118,6,3,1,4,1,0,0,0,0,0,0
26600,9412,7229,461,100,1,1,120,2,4,1,1,1,1,0,0,0,0,0
26700,9379,7618,478,161,8,2,127,1,5,1,3,0,0,0,0,0,0,0
26800,9418,7074,466,171,3,0,110,4,3,1,0,1,0,0,0,0,0,0
26900,9427,6443,441,117,3,1,120,3,6,1,3,0,0,0,0,0,0,0
27000,9415,6863,454,111,5,3,119,4,5,1,2,0,0,0,0,0,0,0
27100,9417,7993,464,158,8,1,107,1,2,2,2,2,0,0,0,0,0,0
27200,9407,7932,472,80,3,2,107,0,10,1,1,0,0,0,0,0,0,0
27300,9420,7604,468,92,3,1,99,0,8,8,2,2,0,0,0,0,0,0
27400,9407,7984,440,84,6,1,140,3,7,1,0,1,0,0,0,0,0,0
27500,9408,7812,438,122,6,1,138,3,4,1,6,0,0,0,0,0,0,0
27600,9386,7918,470,96,1,1,140,0,1,2,2,0,0,0,0,0,0,0
27700,9392,7378,467,124,2,5,133,2,3,3,3,0,0,0,0,0,0,0
27800,9414,7505,442,102,4,1,134,2,5,2,1,0,0,0,0,0,0,0
27900,9438,6426,419,56,3,1,130,4,6,1,4,1,0,0,0,0,0,0
28000,9453,5681,401,45,3,0,136,19,6,2,1,0,0,0,0,0,0,0
28100,9454,5826,405,54,2,0,130,0,8,2,1,0,0,0,0,0,0,0
28200,9391,5984,467,121,8,2,128,3,3,5,3,2,0,0,0,0,0,0
28300,9393,7432,457,61,6,2,129,6,13,2,2,1,0,0,0,0,0,0
28400,9393,7100,458,67,5,10,132,0,9,2,3,2,0,0,0,0,0,0
28500,9410,7247,448,37,5,4,129,2,5,1,3,1,0,0,0,0,0,0
28600,9398,6681,454,32,3,2,137,2,7,2,1,0,0,0,0,0,0,0
28700,9374,6638,465,57,3,2,155,3,3,0,0,1,0,0,0,0,0,0
28800,9372,6375,451,161,4,3,167,0,5,3,1,0,0,0,0,0,0,0
28900,9393,6355,440,128,6,1,152,0,8,0,1,0,0,0,0,0,0,0
29000,9432,6612,413,215,9,1,139,1,4,1,2,1,1,0,0,0,0,0
29100,9488,6604,385,149,3,5,118,2,6,2,0,1,0,0,0,0,0,0
29200,9470,6743,398,168,5,0,118,3,7,3,2,1,0,0,0,0,0,0
29300,9473,7065,395,302,3,3,122,1,5,2,2,0,0,1,0,0,0,0
29400,9454,6478,412,244,6,1,117,0,8,4,3,2,0,0,0,0,0,0
29500,9499,5926,379,272,1,3,117,1,4,2,0,3,0,0,0,0,0,0
29600,9507,7161,374,518,2,3,109,2,3,2,5,0,0,0,0,0,0,0
29700,9498,7181,378,538,2,3,111,3,10,2,1,2,0,0,0,0,0,0
29800,9507,7236,372,536,4,1,104,4,11,1,2,0,0,0,0,0,0,0
29900,9491,6209,393,511,2,2,101,2,12,1,1,1,0,0,0,0,0,0
30000,9527,6450,364,441,3,1,102,3,3,1,1,0,0,0,0,0,0,0
30100,9493,7502,383,408,6,3,102,5,13,4,3,0,0,0,0,0,0,0
30200,9524,5835,349,512,9,2,108,2,8,6,2,1,0,0,0,0,0,0
30300,9527,6486,338,442,5,4,120,2,8,1,2,1,0,0,0,0,0,0
30400,9529,6134,329,463,4,0,131,1,6,0,0,0,1,0,0,0,0,0
30500,9524,7049,333,340,6,3,122,4,13,6,2,3,0,0,0,0,0,0
30600,9573,6428,320,352,2,0,99,2,4,3,2,2,0,0,0,0,0,0
30700,9628,6549,268,311,5,1,91,3,4,3,4,2,0,0,0,0,0,0
30800,9636,7136,261,221,3,0,88,0,9,1,3,0,0,0,0,0,0,0
30900,9648,7250,249,230,5,0,84,6,8,1,6,0,0,0,0,0,0,0
31000,9642,6092,246,258,6,0,84,0,18,1,4,3,0,0,0,0,0,0
31100,9676,5763,226,217,2,0,81,3,14,4,1,0,0,0,0,0,0,0
31200,9655,6744,234,264,7,5,95,2,8,5,1,2,0,0,0,0,0,0
31300,9672,7175,226,230,5,3,86,2,7,5,4,1,0,0,0,0,0,0
31400,9677,6718,226,140,4,3,86,4,5,3,2,0,0,0,0,0,0,0
31500,9678,6753,223,120,4,1,88,4,5,2,2,1,0,0,0,0,0,0
31600,9662,6860,236,243,0,3,97,2,3,2,2,0,0,0,0,0,0,1
31700,9661,6328,237,277,6,7,90,1,4,1,2,0,0,0,0,0,0,0
31800,9650,6304,253,355,4,4,84,3,7,2,2,2,0,0,0,0,0,0
31900,9629,5881,262,408,6,3,91,0,8,4,4,3,0,0,0,0,0,0
32000,9628,5947,256,336,5,1,101,3,9,2,1,4,0,0,0,0,0,0
32100,9611,6030,273,406,3,5,104,3,3,1,5,2,1,0,0,0,0,0
32200,9615,5763,278,268,3,2,89,1,13,0,2,0,0,0,0,0,0,0
32300,9608,5403,298,410,3,3,79,3,8,4,4,4,0,0,0,0,0,0
32400,9594,5695,296,265,5,1,96,5,8,4,1,3,0,0,0,0,0,0
32500,9590,5638,292,345,4,1,105,3,6,3,3,0,0,0,0,0,0,0
32600,9617,5763,270,335,5,5,102,5,4,5,2,0,0,0,0,0,0,0
32700,9584,5718,277,290,7,4,120,0,11,4,1,1,0,0,0,0,0,0
32800,9606,5233,276,109,5,4,107,1,4,3,2,0,0,0,0,0,0,0
32900,9580,5375,297,101,3,4,108,0,8,0,4,0,0,0,0,0,0,0
33000,9570,5342,310,117,2,4,110,4,7,2,1,2,0,0,0,0,0,0
33100,9577,5338,312,111,6,2,97,2,6,2,2,2,0,0,0,0,0,0
33200,9555,5678,343,107,4,3,90,0,6,3,2,1,0,0,0,0,0,0
33300,9550,5112,340,215,3,2,99,1,5,2,3,1,0,0,0,0,0,0
33400,9538,5442,368,281,6,3,70,3,13,2,5,1,0,0,0,0,0,0
33500,9562,5684,338,221,4,3,92,1,3,0,1,0,0,0,0,0,0,0
33600,9550,5149,354,329,3,3,88,5,4,2,1,1,0,0,0,0,0,0
33700,9566,5459,331,322,5,6,93,5,4,5,1,1,0,0,0,0,0,0
33800,9584,5272,313,391,5,4,90,6,3,3,5,1,0,0,0,0,0,0
33900,9563,5207,322,251,5,2,93,4,11,5,5,0,1,1,0,0,0,0
34000,9585,5560,322,386,3,2,80,8,7,2,3,1,0,0,0,0,0,0
34100,9570,5119,334,417,3,0,90,6,2,3,1,2,0,1,0,0,0,0
34200,9592,5538,307,331,4,3,88,6,5,2,4,1,0,0,0,0,0,0
34300,9630,5026,281,449,3,1,81,0,4,3,1,1,0,0,0,0,0,0
34400,9647,4829,269,462,3,0,77,4,3,0,1,0,0,0,0,0,0,0
34500,9628,5557,263,624,2,0,93,1,8,2,6,0,0,0,0,0,0,0
34600,9640,5971,268,589,5,1,83,2,3,1,1,1,0,0,0,0,0,0
34700,9601,5435,299,664,8,3,86,4,3,6,3,2,0,0,0,0,0,0
34800,9589,4739,311,708,5,4,85,3,7,4,3,0,0,0,0,0,0,0
34900,9579,4459,314,683,9,2,89,1,8,2,1,0,0,0,0,0,0,0
35000,9635,4446,280,798,2,4,78,1,4,1,1,1,0,0,0,0,0,0
35100,9565,4830,329,986,7,2,85,3,10,1,4,0,0,0,0,0,0,0
35200,9557,5024,332,922,3,2,101,2,6,1,1,0,0,0,0,0,0,0
35300,9568,4886,328,933,0,4,97,0,5,2,2,2,0,0,0,0,0,0
35400,9555,5667,347,816,7,4,83,2,3,1,5,0,0,0,0,0,0,0
35500,9588,5688,320,817,4,1,77,2,8,0,3,1,0,0,0,0,0,0
35600,9596,5400,306,736,4,5,79,1,8,2,7,1,0,0,0,0,0,0
35700,9632,5221,287,656,3,1,73,1,3,5,2,2,0,0,0,0,0,0
35800,9633,4916,273,635,4,3,85,1,4,1,1,0,0,0,0,0,0,0
35900,9627,5354,241,614,5,2,122,0,4,2,1,0,0,0,0,0,0,0
36000,9634,5782,225,698,6,3,128,1,5,3,2,1,0,0,0,0,0,0
36100,9622,5858,225,701,7,5,130,5,13,4,3,0,0,0,0,0,0,0
36200,9651,5553,217,576,7,1,119,1,5,0,1,0,0,0,0,0,0,0
36300,9656,4585,224,719,2,4,114,3,3,4,1,0,0,0,0,0,0,0
36400,9668,4748,218,707,1,1,109,0,4,3,0,0,0,0,0,0,0,0
36500,9657,4221,211,780,6,0,120,5,6,2,0,1,0,0,0,0,0,0
36600,9711,4182,152,792,4,2,127,3,3,0,3,0,0,0,0,0,0,0
36700,9770,4376,136,877,3,2,84,0,3,0,3,1,1,0,0,0,0,0
36800,9789,3986,125,899,5,0,71,1,7,3,3,2,0,0,0,0,0,0
36900,9785,3979,136,627,0,1,76,2,2,2,1,0,0,0,0,0,0,0
37000,9759,3973,147,575,4,2,84,0,4,3,2,1,0,0,0,0,0,0
37100,9755,4992,174,446,2,2,61,1,4,1,4,1,0,0,0,0,0,0
37200,9729,4865,191,282,8,5,63,3,6,1,3,1,0,0,0,0,0,0
37300,9717,4020,216,288,4,2,57,8,4,4,2,0,0,0,0,0,0,0
37400,9693,3492,233,293,2,0,68,5,3,2,1,0,0,0,0,0,0,0
37500,9690,4248,241,269,3,1,58,0,7,0,1,1,0,0,0,0,0,0
37600,9675,4715,247,181,8,3,61,3,7,4,2,1,0,0,0,0,0,0
37700,9675,4193,248,229,4,0,64,4,7,1,2,1,0,0,0,0,0,0
37800,9654,4111,274,290,5,0,55,3,7,1,5,0,0,0,0,0,0,0
37900,9640,3628,292,276,3,2,58,3,6,4,1,0,0,0,0,0,0,0
38000,9678,3637,255,308,7,2,55,1,4,1,1,1,0,0,0,0,0,0
38100,9684,3248,253,460,3,1,58,1,1,1,1,1,0,0,0,0,0,0
38200,9638,3552,252,561,5,0,94,0,11,0,0,0,0,0,0,0,0,0
38300,9579,3970,311,555,2,2,103,1,3,4,2,1,0,0,0,0,0,0
38400,9599,4198,295,503,5,2,95,2,3,0,3,1,0,0,0,0,0,0
38500,9609,3860,287,395,2,3,97,2,3,0,2,1,0,0,0,0,0,0
38600,9616,4176,277,276,2,4,95,1,8,0,2,0,0,0,0,0,0,0
38700,9664,4592,238,218,4,1,89,3,3,3,2,0,0,0,0,0,0,0
38800,9716,4755,191,226,2,2,87,1,3,0,1,0,0,0,0,0,0,0
38900,9713,4240,186,277,4,5,95,2,2,0,0,1,0,0,0,0,0,0
39000,9728,4279,162,260,4,1,98,1,6,0,2,0,0,0,0,0,0,0
39100,9734,3437,161,249,5,2,96,0,3,1,1,1,0,0,0,0,0,0
39200,9716,3467,158,238,5,3,111,1,7,1,3,0,0,0,0,0,0,0
39300,9737,4070,154,262,3,2,101,0,3,0,2,0,0,0,0,0,0,0
39400,9755,4076,142,176,2,1,93,4,6,0,2,1,0,0,0,0,0,0
39500,9739,3654,153,167,8,1,94,0,4,5,2,0,0,0,0,0,0,0
39600,9718,3673,176,170,2,2,99,1,1,1,4,0,0,0,0,0,0,0
39700,9710,3424,183,181,4,0,96,0,5,2,2,1,0,0,0,0,0,0
39800,9746,3537,146,171,8,0,95,1,2,0,3,0,0,0,0,0,0,0
39900,9737,2891,151,160,4,1,99,0,7,0,2,0,0,0,0,0,0,0
40000,9740,2921,151,198,8,0,94,0,6,1,1,0,0,0,0,0,0,0
40100,9780,3146,109,319,4,0,99,1,8,1,0,1,0,0,0,0,0,0
40200,9795,2858,102,392,7,0,87,3,4,1,5,0,0,0,0,0,0,0
40300,9810,3314,98,391,5,3,85,2,1,4,1,1,0,0,0,0,0,0
40400,9773,3124,101,509,31,2,88,0,3,2,4,0,0,0,0,0,0,0
40500,9751,3431,112,537,46,1,86,1,2,0,3,0,0,0,0,0,0,0
40600,9752,3165,114,618,43,1,84,3,6,2,1,1,0,0,0,0,0,0
40700,9826,3412,58,450,44,1,64,2,7,1,1,0,0,0,0,0,0,0
40800,9888,4334,12,427,44,1,47,5,7,0,2,2,0,0,0,0,0,0
40900,9894,5083,11,276,45,2,43,4,6,0,1,0,0,0,0,0,0,0
41000,9891,5208,13,265,44,0,46,1,4,0,2,0,0,0,0,0,0,0
41100,9868,4997,33,193,47,1,45,2,4,1,3,0,0,0,0,0,0,0
41200,9850,4396,44,176,46,1,49,0,9,2,2,0,0,0,0,0,0,0
41300,9857,4020,52,272,43,1,45,1,3,0,0,1,0,0,0,0,0,0
41400,9842,4568,62,352,47,0,46,2,2,1,1,1,0,0,0,0,0,0
41500,9839,4504,60,311,49,0,44,0,8,0,0,0,0,0,0,0,0,0
41600,9803,4347,97,250,44,7,44,1,7,1,5,0,0,0,0,0,0,0
41700,9804,4464,103,251,44,3,43,2,4,0,2,1,0,0,0,0,0,0
41800,9794,4879,110,297,46,2,43,3,4,1,3,0,0,0,0,0,0,0
41900,9807,4489,101,468,43,1,43,1,3,0,2,1,0,0,1,0,0,0
42000,9794,3889,104,680,46,2,45,2,9,1,1,1,1,0,0,0,0,0
42100,9819,3438,87,286,42,2,45,5,3,1,4,1,0,0,0,0,0,0
42200,9838,3998,63,384,49,1,43,0,5,0,2,2,0,0,0,0,0,0
42300,9840,4362,66,296,47,1,43,1,3,1,1,0,0,0,0,0,0,0
42400,9828,4295,74,350,44,1,45,1,9,2,0,1,0,0,0,0,0,0
42500,9842,4377,72,231,43,2,40,0,1,0,2,0,0,0,0,0,0,0
42600,9798,4662,104,255,45,0,47,6,3,3,3,0,0,0,0,0,0,0
42700,9762,5184,143,204,44,0,47,9,2,9,2,0,0,0,0,0,0,0
42800,9718,5098,182,192,47,2,46,13,2,4,5,0,0,0,0,0,0,0
42900,9745,4855,155,86,46,0,43,9,7,1,4,1,0,0,0,0,0,0
43000,9761,4397,136,9,46,1,43,5,10,0,4,0,0,0,0,0,0,0
43100,9763,4248,145,12,46,1,42,2,4,2,0,0,0,0,0,0,0,0
43200,9755,4159,149,59,44,1,44,3,4,1,4,0,0,0,0,0,0,0
43300,9757,4397,150,78,42,2,42,2,7,2,2,0,0,0,0,0,0,0
43400,9763,4781,148,43,42,2,42,2,4,0,1,1,0,0,0,0,0,0
43500,9751,4579,156,7,42,2,42,0,7,4,2,0,0,0,0,0,0,0
43600,9753,3708,151,11,44,1,44,4,2,3,6,0,0,0,0,0,0,0
43700,9755,3380,147,21,46,2,46,7,5,3,1,0,0,0,0,0,0,0
43800,9742,4118,148,64,54,1,47,1,8,1,1,2,0,0,0,0,0,0
43900,9744,4068,156,83,50,2,45,0,4,0,1,1,0,0,0,0,0,0
44000,9742,4270,153,89,53,0,46,2,5,1,0,1,1,0,0,0,0,0
44100,9749,4788,150,90,51,2,43,2,4,0,3,0,0,0,0,0,0,0
44200,9733,4491,169,87,48,1,45,3,4,0,1,0,0,0,0,0,0,0
44300,9728,3544,177,94,48,2,44,5,3,1,0,0,0,0,0,0,0,0
44400,9682,4207,219,105,50,0,42,2,7,0,0,0,0,0,0,0,0,0
44500,9648,4849,250,83,50,4,44,0,8,1,0,1,0,0,0,0,0,0
44600,9659,4701,240,81,48,6,44,0,7,3,2,0,0,0,0,0,0,0
44700,9681,4492,222,82,47,3,42,1,8,3,0,3,0,0,0,0,0,0
44800,9677,5013,224,81,48,5,41,3,7,1,3,1,0,0,0,0,0,0
44900,9633,4567,251,85,48,4,60,1,6,1,1,0,1,0,0,0,0,0
45000,9610,4958,246,98,49,1,87,1,7,0,0,0,1,0,0,0,0,0
45100,9606,4526,254,94,48,1,85,1,6,8,1,0,0,0,0,0,0,0
45200,9570,4988,290,86,44,2,91,1,2,0,3,0,0,0,0,1,0,0
45300,9580,4168,272,113,53,0,88,0,6,1,1,1,0,0,0,0,0,0
45400,9597,4312,277,118,45,1,69,5,11,0,1,1,0,0,0,0,0,0
45500,9619,4154,279,111,44,0,47,1,9,2,2,0,0,0,0,0,0,0
45600,9593,3639,276,106,50,2,73,0,6,0,2,0,0,0,0,0,0,0
45700,9577,3651,283,28,14,1,116,1,7,0,3,0,0,0,0,0,0,0
45800,9584,3355,281,20,4,2,127,0,3,3,1,0,0,0,0,0,0,0
45900,9619,3919,247,22,1,0,128,1,3,1,2,0,0,0,0,0,0,0
46000,9648,3869,222,29,0,0,126,1,2,0,2,1,0,0,0,0,0,0
46100,9688,3866,175,31,5,0,126,1,4,6,2,0,0,0,0,0,0,0
46200,9678,4242,183,29,0,0,133,0,5,1,1,0,0,0,0,0,0,0
46300,9692,4592,181,1,2,2,118,0,4,1,3,2,0,0,0,0,0,0
46400,9725,4633,178,29,3,1,88,2,3,1,2,0,1,0,0,0,0,0
46500,9730,4685,173,19,2,0,89,1,4,0,2,1,0,0,0,0,0,0
46600,9724,4569,175,2,3,0,88,2,5,0,5,1,0,0,0,0,0,0
46700,9726,5320,174,7,6,0,89,3,5,1,0,0,0,0,0,0,0,0
46800,9747,5965,157,17,3,1,84,3,5,0,4,0,0,0,0,0,0,0
46900,9797,6206,124,2,4,1,74,3,1,0,0,0,0,0,0,0,0,0
47000,9809,5520,136,5,2,3,49,1,4,0,0,0,0,0,0,0,0,0
47100,9805,4897,132,11,5,0,54,0,3,0,1,0,0,0,0,0,0,0
47200,9796,4781,144,4,9,0,45,1,4,1,2,1,0,0,0,0,0,0
47300,9787,4408,149,3,5,1,49,2,9,2,1,1,0,0,0,0,0,0
47400,9754,4226,191,1,2,1,45,3,7,3,1,0,0,0,0,0,0,0
47500,9747,4254,221,4,1,2,26,0,3,0,2,0,0,0,0,0,0,0
47600,9707,3773,266,7,9,1,13,3,3,0,2,0,0,0,0,0,0,0
47700,9706,4498,272,12,7,0,9,0,3,0,3,0,0,0,0,0,0,0
47800,9699,4621,274,8,5,4,12,0,8,0,1,0,1,0,0,0,0,0
47900,9689,4662,286,6,8,0,14,0,3,0,0,1,0,0,0,0,0,0
48000,9685,4122,290,44,3,0,11,1,8,0,3,0,0,0,0,0,0,0
48100,9716,4789,264,7,6,0,4,0,6,0,4,1,0,0,0,0,0,0
48200,9727,4862,252,6,6,0,6,0,5,3,4,1,0,0,0,0,0,0
48300,9677,4497,299,14,4,2,15,0,4,1,1,0,0,0,0,0,0,0
48400,9662,4255,314,16,6,1,8,1,8,1,2,0,0,0,0,0,0,0
48500,9631,4265,355,52,4,2,6,2,1,0,3,1,0,0,0,0,0,0
48600,9629,4409,348,10,10,0,9,2,3,1,1,0,0,0,0,0,0,0
48700,9681,4075,297,2,5,2,11,1,3,1,3,1,0,0,0,0,0,0
48800,9730,3981,255,9,4,0,8,0,3,0,0,0,0,0,0,0,0,0
48900,9743,3345,248,13,1,0,6,0,2,1,0,1,0,0,0,0,0,0
49000,9744,3554,238,5,5,1,6,1,5,2,2,0,0,0,0,0,0,0
49100,9728,4026,241,6,11,1,5,0,12,0,3,1,0,0,0,0,0,0
49200,9740,4600,242,7,3,0,10,0,2,0,3,1,0,0,0,0,0,0
49300,9738,3741,243,15,6,0,4,0,8,2,1,0,0,0,0,0,0,0
49400,9741,3821,237,3,3,0,6,2,10,1,3,0,0,0,0,0,0,0
49500,9686,4064,295,2,6,1,3,0,9,1,1,0,0,0,0,0,0,0
49600,9655,4000,328,7,4,1,7,0,4,3,2,0,0,0,0,0,0,0
49700,9627,4088,355,6,3,0,7,2,3,1,5,1,0,0,0,0,0,0
49800,9651,3987,332,4,4,3,4,0,7,5,2,0,0,0,0,0,0,0
49900,9645,3946,325,6,5,0,18,2,2,0,5,1,0,0,0,0,0,0
50000,9655,3395,325,13,4,0,7,0,7,0,2,0,0,0,0,0,0,0
50100,9680,3905,297,13,5,6,7,6,7,1,4,0,0,0,0,0,0,0
50200,9739,3599,236,3,7,4,9,10,6,3,3,0,0,0,0,0,0,0
50300,9737,4008,234,4,10,2,9,3,6,1,4,0,0,0,0,0,0,0
50400,9735,4614,239,3,6,0,14,1,5,4,1,0,0,0,0,0,0,0
50500,9712,4184,265,24,6,0,13,2,2,1,2,1,0,0,0,0,0,0
50600,9716,3258,265,47,4,0,12,0,1,0,2,0,0,0,0,0,0,0
50700,9763,3102,210,12,4,0,12,1,8,3,3,0,0,0,0,0,0,0
50800,9782,3593,188,16,5,2,17,1,5,0,3,0,0,0,0,0,0,0
50900,9779,3611,188,13,2,2,26,0,4,0,1,0,0,0,0,0,0,0
51000,9748,3621,187,17,6,1,50,2,7,0,2,0,0,0,0,0,0,0
51100,9766,3734,186,1,5,0,33,0,10,2,0,0,0,0,0,0,0,0
51200,9785,2965,191,1,6,0,13,1,4,0,1,0,0,0,0,0,0,0
51300,9792,2843,183,9,2,0,10,0,9,0,4,0,0,0,0,0,0,0
51400,9827,3168,156,13,2,0,8,0,7,0,0,0,0,0,0,0,0,0
51500,9846,3488,136,8,5,0,5,2,5,2,3,1,0,0,0,0,0,0
51600,9839,3786,137,0,3,4,10,1,4,0,7,0,0,0,0,0,0,0
51700,9829,3827,142,3,3,4,8,0,16,0,2,0,0,0,0,0,0,0
51800,9834,3841,147,8,5,6,5,2,8,1,1,1,0,0,0,0,0,0
51900,9829,4116,156,4,4,0,5,0,5,0,1,0,0,0,0,0,0,0
52000,9824,4092,147,3,7,0,13,0,8,0,1,0,0,0,0,0,0,0
52100,9831,3219,143,0,2,1,11,2,10,1,3,0,0,0,0,0,0,0
52200,9802,3039,181,1,4,0,4,0,8,0,1,1,0,0,0,0,0,0
52300,9777,3240,196,6,8,0,9,1,8,2,2,0,0,0,0,0,0,0
52400,9773,3311,195,8,8,0,7,1,15,0,2,0,0,0,0,0,0,0
52500,9772,3155,208,2,5,0,8,1,5,1,1,0,1,0,0,0,0,0
52600,9763,3878,208,0,5,2,12,0,10,0,2,0,0,0,0,0,0,0
52700,9735,3702,205,1,7,1,47,0,5,1,1,0,0,0,0,0,0,0
52800,9728,4367,207,4,15,0,45,0,3,1,2,0,0,0,0,0,0,0
52900,9736,4287,190,3,17,1,45,1,10,5,2,2,0,0,0,0,0,0
53000,9732,4100,195,3,14,1,50,2,7,0,2,0,0,0,0,0,0,0
53100,9749,3831,194,4,15,1,34,2,5,1,3,0,0,0,0,0,0,0
53200,9733,4359,192,3,17,0,45,0,10,0,3,0,0,0,0,0,0,0
53300,9740,4610,197,12,11,1,45,1,5,0,2,0,0,0,0,0,0,0
53400,9751,4642,195,9,12,1,37,2,2,1,3,0,0,0,0,0,0,0
53500,9774,4773,194,10,12,0,9,1,7,1,4,1,0,0,0,0,0,0
53600,9781,4184,189,13,11,0,8,1,7,1,4,0,0,0,0,0,0,0
53700,9778,3947,197,4,6,0,13,1,6,8,0,0,0,0,0,0,0,0
53800,9781,3932,193,57,3,1,11,1,7,0,5,0,0,0,0,0,0,0
53900,9774,3658,192,63,14,1,14,0,4,0,2,0,0,0,0,0,0,0
54000,9785,3056,190,1,10,1,5,1,8,3,2,0,0,0,0,0,0,0
54100,9795,3350,183,0,10,0,3,1,8,0,1,2,0,0,0,0,0,0
54200,9796,3463,177,2,11,0,8,2,7,0,1,1,0,0,0,0,0,0
54300,9798,3305,184,4,6,1,3,3,8,3,1,0,0,0,0,0,0,0
54400,9785,3353,180,3,10,2,11,0,9,3,5,0,0,0,0,0,0,0
54500,9727,3270,213,5,48,0,2,1,8,0,2,0,0,0,0,0,0,0
54600,9720,3891,220,8,47,1,5,0,4,0,4,1,0,0,0,0,0,0
54700,9722,4311,222,3,42,1,3,1,7,1,4,1,0,0,0,0,0,0
54800,9721,4131,219,18,48,1,3,3,6,3,3,0,0,0,0,0,0,0
54900,9724,4603,216,92,42,0,8,0,7,1,3,1,0,0,0,0,0,0
55000,9729,4656,211,81,45,1,2,0,9,2,3,0,1,0,0,0,0,0
55100,9734,4553,199,12,44,3,18,0,4,1,1,0,0,0,0,0,0,0
55200,9716,4593,174,5,46,1,50,1,11,0,3,2,0,0,0,0,0,0
55300,9734,4557,169,8,46,11,43,3,4,1,4,0,0,0,0,0,0,0
55400,9726,4223,174,19,47,13,45,9,7,0,1,0,0,0,0,0,0,0
55500,9717,5369,173,26,51,6,47,3,9,0,2,0,0,0,0,0,1,0
55600,9730,5420,177,7,42,0,42,0,7,0,2,1,0,0,0,0,0,0
55700,9723,6491,181,3,43,0,44,0,9,0,0,0,0,0,0,0,0,0
55800,9663,5169,234,11,46,1,50,0,6,2,1,2,0,0,0,0,0,0
55900,9639,5202,254,14,47,1,44,1,9,0,7,0,0,0,0,0,0,0
56000,9621,5493,275,4,43,2,48,0,9,0,4,0,0,0,0,0,0,0
56100,9685,5143,213,7,46,2,43,0,12,0,1,0,0,0,0,0,0,0
56200,9705,5490,194,5,42,1,48,0,10,1,1,0,0,0,0,0,0,0
56300,9701,5533,199,6,44,2,46,3,9,2,1,1,0,0,0,0,0,0
56400,9718,4861,199,5,46,1,35,0,1,0,1,0,0,0,0,0,0,0
56500,9773,4999,203,6,8,0,7,0,6,2,3,1,0,0,0,0,0,0
56600,9761,5199,223,7,2,2,2,0,8,0,4,0,0,0,0,0,0,0
56700,9746,4890,230,6,5,0,6,0,10,2,2,0,1,0,0,0,0,0
56800,9727,4943,244,4,5,1,15,0,8,1,1,0,0,0,0,0,0,0
56900,9698,5428,273,15,3,0,17,0,5,1,4,1,0,0,0,0,0,0
57000,9669,5654,294,5,11,0,16,3,6,4,3,0,1,0,0,0,0,0
57100,9652,5488,325,6,5,6,9,0,7,0,2,1,0,0,0,0,0,0
57200,9642,4860,337,4,3,1,7,4,9,2,2,0,0,0,0,0,0,0
57300,9660,5243,320,27,5,1,11,3,3,0,1,0,0,0,0,0,0,0
57400,9634,5858,342,34,7,1,12,0,5,1,0,1,0,0,0,0,0,0
57500,9683,5821,286,8,5,4,15,0,8,3,3,0,0,0,0,0,0,0
57600,9688,5604,282,2,6,1,14,1,7,1,3,0,0,0,0,0,0,0
57700,9687,5851,286,10,2,4,18,2,4,1,3,1,0,0,0,0,0,0
57800,9674,5365,288,4,5,1,26,2,7,0,0,0,0,0,0,0,0,0
57900,9677,5180,296,0,5,1,16,2,4,4,2,1,0,0,0,0,0,0
58000,9673,4614,291,19,3,1,21,0,6,0,5,0,1,0,0,0,0,0
58100,9653,4881,308,21,6,1,23,0,5,0,5,0,0,0,0,0,0,0
58200,9635,5026,322,4,3,1,25,0,12,0,3,0,0,0,0,0,0,0
58300,9618,4995,341,5,8,2,22,1,6,0,5,1,0,0,0,0,0,0
58400,9659,4665,308,17,3,0,21,5,5,1,4,0,0,0,0,0,0,0
58500,9660,4657,298,4,3,1,32,2,5,0,2,0,0,0,0,0,0,0
58600,9644,5170,304,4,7,0,29,4,13,0,3,0,0,0,0,0,0,0
58700,9614,5521,340,4,4,0,36,0,3,0,3,0,0,0,0,0,0,0
58800,9599,5959,351,4,7,0,33,1,9,1,1,1,0,0,0,0,0,0
58900,9632,4841,333,3,4,0,23,0,6,0,2,1,0,0,0,0,0,0
59000,9645,4511,319,49,5,0,27,1,4,0,0,0,0,0,0,0,0,0
59100,9644,3865,314,24,7,2,26,1,5,3,4,0,0,0,0,0,0,0
59200,9678,4438,296,12,3,2,19,0,3,1,1,0,0,0,0,0,0,0
59300,9665,4656,311,10,5,0,12,0,6,0,1,0,0,0,0,0,0,0
59400,9657,5528,311,12,4,2,22,3,4,1,2,0,0,0,0,0,0,0
59500,9687,5138,290,19,4,1,13,0,4,0,2,2,0,0,0,0,0,0
59600,9672,4637,297,7,5,1,15,4,10,0,1,1,0,0,0,0,0,0
59700,9652,4472,320,19,3,1,20,0,4,1,1,2,0,0,0,0,0,0
59800,9649,5274,330,15,3,2,12,1,5,1,1,0,0,0,0,0,0,0
59900,9628,5116,337,4,10,0,17,1,4,0,4,0,0,0,0,0,0,0
60000,9628,5096,345,13,2,1,17,1,6,1,2,1,0,0,0,0,0,0
60100,9637,4773,331,9,4,2,21,0,7,0,0,1,0,0,0,0,0,0
60200,9665,4136,287,16,22,1,20,1,5,0,1,0,0,0,0,0,0,0
60300,9646,4676,276,69,43,1,23,2,8,0,4,1,0,0,0,0,0,0
60400,9647,4700,283,47,49,0,14,2,5,4,2,0,0,0,0,0,0,0
60500,9653,4996,281,45,43,0,16,1,6,1,1,0,0,0,0,0,0,0
60600,9655,5152,275,4,46,5,8,1,15,1,1,0,0,0,0,0,0,0
60700,9658,4838,276,3,45,3,12,1,6,0,3,0,0,0,0,0,0,0
60800,9624,4824,305,3,46,0,18,0,5,2,2,3,0,0,0,0,0,0
60900,9635,5333,301,16,48,0,10,1,5,3,1,3,0,0,0,0,0,0
61000,9632,5022,302,6,46,1,15,3,4,2,1,1,0,0,0,0,0,0
61100,9610,4124,331,3,41,1,11,1,5,0,2,1,0,0,0,0,0,0
61200,9608,4034,327,4,46,2,11,0,8,2,0,1,0,0,0,0,0,0
61300,9562,3349,340,5,44,1,43,0,7,0,4,0,0,0,0,0,0,0
61400,9550,3390,349,12,45,0,54,0,2,1,0,0,0,0,0,0,0,0
61500,9539,4359,357,5,44,0,51,0,7,5,2,0,0,0,0,0,0,0
61600,9571,4488,334,5,43,0,47,9,2,0,3,0,0,0,0,0,0,0
61700,9569,5509,331,1,47,0,47,0,5,1,1,0,0,0,0,0,0,0
61800,9552,5383,326,9,68,0,47,0,3,1,4,0,0,0,0,0,0,0
61900,9504,4270,358,5,83,1,46,0,6,1,3,0,0,0,0,0,0,0
62000,9496,4191,367,3,85,1,45,1,6,2,1,0,0,0,0,0,0,0
62100,9461,4908,395,2,83,3,52,0,5,3,4,0,0,1,0,0,0,0
62200,9472,4182,391,11,84,3,44,0,6,1,3,0,0,0,0,0,0,0
62300,9504,4189,355,9,84,3,50,1,6,2,1,3,0,0,0,0,0,0
62400,9490,4346,371,10,82,0,48,0,6,1,3,0,0,0,0,0,0,0
62500,9470,4001,398,46,83,0,44,1,4,1,1,0,0,0,0,0,0,0
62600,9452,3756,393,67,86,1,56,1,13,1,0,0,0,0,0,0,0,0
62700,9469,4825,387,51,83,0,51,0,5,1,5,0,0,0,0,0,0,0
62800,9508,5286,356,23,83,1,46,0,4,1,3,0,0,0,0,0,0,0
62900,9419,4475,435,11,91,0,49,1,6,1,0,0,0,0,0,0,0,0
63000,9364,5088,501,3,83,2,44,0,6,0,2,0,0,0,0,0,0,0
63100,9325,4814,534,4,85,1,47,2,7,2,2,0,0,0,0,1,0,0
63200,9297,4223,559,9,87,2,49,1,7,0,1,1,0,0,0,0,0,0
63300,9280,3211,573,35,86,3,49,0,11,1,1,0,0,0,0,0,0,0
63400,9268,3482,588,65,88,0,47,0,8,0,1,0,0,0,0,0,0,0
63500,9268,3855,598,16,82,1,49,2,2,1,1,0,0,0,0,0,0,0
63600,9297,4762,595,13,55,6,44,8,7,1,2,0,0,0,0,0,0,0
63700,9349,4408,553,14,44,6,45,6,5,1,4,0,0,0,0,0,0,0
63800,9366,4373,534,13,47,1,46,0,3,1,4,0,0,0,0,0,0,0
63900,9380,3275,519,6,41,1,50,2,8,2,2,1,0,0,0,0,0,0
64000,9364,3651,533,11,43,0,51,0,9,3,0,0,0,0,0,0,0,0
64100,9356,3689,548,8,43,0,49,3,2,0,2,1,0,0,0,0,0,0
64200,9338,3555,558,4,43,3,52,1,5,0,4,0,0,0,0,0,0,0
64300,9310,3899,581,6,45,5,54,0,6,0,4,0,0,0,0,0,0,0
64400,9288,3919,602,1,48,0,54,2,5,0,3,0,0,0,0,0,0,0
64500,9269,3736,619,34,45,2,54,1,10,2,0,1,3,0,0,0,0,0
64600,9232,3440,673,27,44,2,45,2,5,0,1,0,0,0,0,0,0,0
64700,9143,3990,738,21,42,0,70,3,4,1,3,0,0,0,0,0,0,0
64800,9142,3907,734,25,42,0,73,1,7,0,2,0,0,0,0,0,0,0
64900,9185,4608,685,119,47,0,75,0,7,0,1,0,0,0,0,0,0,0
65000,9266,4468,597,24,47,0,75,1,12,6,2,0,0,0,1,0,0,0
65100,9306,4201,559,10,45,0,80,1,8,0,1,1,0,0,1,0,0,0
65200,9250,4991,617,43,43,0,83,0,6,1,1,2,0,0,0,0,0,0
65300,9236,4760,626,36,45,1,85,0,7,2,1,0,0,0,0,0,0,0
65400,9184,4676,676,8,51,0,78,0,9,1,2,0,0,0,0,0,0,0
65500,9144,4988,737,89,43,0,71,4,3,0,2,0,0,0,0,0,0,0
65600,9119,4657,759,44,44,0,72,0,5,1,1,0,0,0,0,0,0,0
65700,9169,3418,707,105,42,2,75,0,6,1,1,1,0,0,0,0,0,0
65800,9165,3622,692,111,43,1,93,0,4,0,3,0,0,0,0,0,0,0
65900,9095,3988,761,163,43,0,90,0,9,2,2,0,0,0,0,0,0,0
66000,9101,3892,754,37,45,0,93,2,4,0,3,3,0,0,0,0,0,0
66100,9060,3932,783,53,46,0,96,3,11,0,4,2,0,0,0,0,0,0
66200,9059,3699,824,19,44,0,66,1,7,1,0,1,0,0,0,0,0,0
66300,9096,3704,794,18,43,0,54,2,9,0,4,2,0,0,0,0,0,0
66400,9113,3941,767,60,43,0,63,3,9,3,5,0,0,0,0,0,0,0
66500,9082,3695,800,20,46,0,65,0,4,0,3,1,0,0,0,0,0,0
66600,9005,4082,873,15,46,2,68,0,6,1,2,0,0,0,0,0,0,0
66700,9006,4056,872,16,44,3,66,2,10,2,2,0,0,0,0,0,0,0
66800,9082,4316,808,16,45,2,55,0,7,1,3,0,0,0,0,0,0,0
66900,9089,3790,773,16,43,0,85,4,10,5,0,0,0,0,0,0,0,0
67000,9138,4478,730,20,47,0,78,5,5,0,2,2,0,0,0,0,0,0
67100,9184,4751,674,16,44,0,87,2,9,1,2,1,0,0,0,0,0,0
67200,9198,4955,664,18,45,2,82,4,10,0,1,0,0,0,0,0,0,0
67300,9180,3796,685,27,45,1,79,1,11,1,0,0,0,0,0,0,0,0
67400,9175,3816,705,60,46,0,63,0,7,2,4,0,0,0,0,0,0,0
67500,9167,3741,704,51,44,1,75,1,9,0,1,0,0,0,0,0,0,0
67600,9171,4001,704,50,46,1,72,0,6,0,1,1,0,0,0,0,0,0
67700,9150,4442,741,30,33,1,69,1,5,3,2,0,0,0,0,0,0,0
67800,9128,4659,784,12,3,1,81,1,4,2,0,1,0,0,0,0,0,0
67900,9126,4600,759,43,6,2,97,0,9,1,3,1,0,0,0,0,0,0
68000,9109,3898,755,27,6,2,117,2,8,0,5,0,0,1,0,0,0,0
68100,9116,3870,771,32,4,0,105,4,3,2,1,0,0,0,0,0,0,0
68200,9165,3431,721,9,4,3,107,5,2,2,1,0,0,0,0,0,0,0
68300,9165,3884,706,15,5,2,115,0,8,1,1,0,0,1,0,0,0,0
68400,9248,3921,634,18,4,1,104,0,9,0,1,0,0,0,0,0,0,0
68500,9252,4240,630,10,2,1,109,1,4,0,3,0,0,0,0,0,0,0
68600,9245,4393,632,12,2,2,111,1,9,1,1,1,0,0,0,0,0,0
68700,9243,4054,638,19,3,1,108,1,4,4,4,0,0,0,0,0,0,0
68800,9260,4620,614,47,6,1,111,3,5,1,4,1,0,0,0,0,0,0
68900,9289,4525,596,33,3,0,103,1,7,3,2,0,0,0,0,0,0,0
69000,9295,3681,588,38,2,6,108,0,6,1,1,1,0,0,0,0,0,0
69100,9290,3166,607,41,1,0,100,1,2,4,0,0,0,0,0,0,0,0
69200,9250,3170,631,33,5,0,107,1,5,1,2,0,0,0,0,0,0,0
69300,9236,3663,640,64,12,2,104,0,7,4,1,1,0,0,0,0,0,0
69400,9268,4163,644,98,2,2,77,1,7,2,2,0,0,0,0,0,0,0
69500,9242,4005,685,112,4,0,61,1,6,1,2,0,0,0,0,0,0,0
69600,9210,3988,711,91,5,1,68,2,5,1,1,0,0,0,0,0,0,0
69700,9162,3451,774,74,1,0,52,0,10,0,1,1,0,0,0,0,0,0
69800,9156,3926,756,78,2,1,80,6,4,1,2,0,0,0,0,0,0,0
69900,9145,4151,746,97,3,1,93,5,13,0,0,1,0,0,0,0,0,0
70000,9151,4235,740,104,5,1,95,5,9,2,0,1,0,0,0,0,0,0
70100,9220,3707,674,105,2,0,99,0,3,2,2,1,0,0,0,0,0,0
70200,9255,3373,645,119,5,1,91,4,4,1,0,0,0,0,0,0,0,0
70300,9299,3414,597,107,4,0,93,2,6,2,1,0,0,0,0,0,0,0
70400,9286,3313,613,158,5,2,89,0,6,1,1,0,0,0,0,0,0,0
70500,9297,3335,590,167,6,1,102,1,5,3,0,0,0,0,0,0,0,0
70600,9388,3022,513,122,3,0,93,0,2,0,1,0,0,0,0,0,0,0
70700,9405,3371,498,97,2,1,90,0,3,2,2,1,0,0,0,0,0,0
70800,9415,3937,492,63,2,3,85,0,4,2,2,1,0,0,0,0,0,0
70900,9414,3516,496,59,2,2,85,3,0,1,3,0,0,0,0,0,0,0
71000,9398,3251,506,63,3,0,87,1,4,1,2,0,0,0,0,0,0,0
71100,9416,3242,488,68,3,3,85,0,0,4,8,1,0,0,0,0,0,0
71200,9444,3381,457,72,3,1,85,2,5,3,6,0,0,0,0,0,0,0
71300,9499,3263,401,46,2,3,86,4,3,0,9,0,0,0,0,0,0,0
71400,9522,3377,378,41,4,3,85,1,6,0,5,0,0,0,0,0,0,0
71500,9546,3542,395,46,1,1,49,1,4,1,5,0,0,0,0,0,0,0
71600,9560,4310,366,49,5,2,49,0,10,1,9,1,1,0,0,0,0,0
71700,9568,4265,373,45,4,1,47,0,1,0,7,0,0,0,0,0,0,0
71800,9549,4842,383,51,3,1,48,1,7,1,10,1,0,0,0,0,0,0
71900,9511,4766,422,50,7,1,46,0,6,1,8,0,0,0,0,0,0,0
72000,9527,5024,402,48,6,1,49,0,7,2,9,2,0,0,0,0,0,0
72100,9473,4635,419,53,8,0,90,0,2,1,8,0,0,0,0,0,0,0
72200,9453,4195,429,53,9,1,93,4,6,1,10,2,0,0,0,0,0,0
72300,9461,4482,422,72,11,0,91,0,5,0,10,0,0,0,0,0,0,0
72400,9474,4844,423,45,5,1,88,0,6,0,4,0,0,0,0,0,0,0
72500,9476,5103,417,46,10,1,87,1,7,2,3,1,0,0,0,0,0,0
72600,9449,4215,451,57,8,1,84,0,7,1,1,2,0,0,0,0,0,0
72700,9481,4220,421,45,3,0,89,0,5,4,1,1,0,0,0,0,0,0
72800,9558,4517,344,50,9,0,85,0,4,0,0,0,0,0,0,0,0,0
72900,9563,4795,333,45,13,2,85,1,3,1,3,0,0,0,0,0,0,0
73000,9567,4693,333,46,9,1,85,0,5,0,1,2,0,0,0,0,0,0
73100,9563,5118,327,45,14,2,91,1,4,0,1,0,0,0,0,0,0,0
73200,9535,4951,321,17,7,0,126,0,9,3,2,1,0,0,0,0,0,0
73300,9568,5114,317,6,9,1,95,1,8,0,3,0,0,0,0,0,0,0
73400,9563,4383,336,55,11,0,83,8,5,0,2,4,0,0,0,0,0,0
73500,9533,4511,370,29,4,0,88,2,3,2,2,0,0,0,0,0,0,0
73600,9487,5147,376,5,5,1,124,1,2,0,6,1,0,0,0,0,0,0
73700,9484,4740,376,6,4,4,129,0,6,0,1,2,0,0,0,0,0,0
73800,9458,4518,366,34,5,1,166,7,4,0,1,0,0,0,0,0,0,0
73900,9528,3856,319,2,8,1,137,3,8,3,0,0,0,0,0,0,0,0
74000,9542,4392,328,8,9,2,113,1,5,3,3,2,0,0,0,0,0,0
74100,9585,4425,313,15,2,4,90,1,7,1,3,1,0,0,0,0,0,0
74200,9562,4593,341,74,3,1,88,1,3,2,3,2,0,0,0,0,0,0
74300,9550,4664,350,7,9,0,83,4,5,1,3,0,0,0,0,0,0,0
74400,9563,4704,350,13,4,1,80,6,2,2,1,0,0,0,0,0,0,0
74500,9578,4645,361,16,4,2,49,2,8,5,0,1,0,0,0,0,0,0
74600,9567,5090,363,15,7,0,53,1,7,2,3,0,0,0,0,0,0,0
74700,9552,5235,352,14,8,4,81,1,6,4,1,2,0,0,0,0,0,0
74800,9538,4718,363,29,6,5,84,0,7,1,2,1,0,0,0,0,0,0
74900,9524,4972,376,4,10,1,80,0,9,1,1,1,0,0,0,0,0,0
75000,9508,4350,383,6,6,1,94,1,4,0,5,1,0,0,0,0,0,0
75100,9542,4797,356,92,11,2,85,0,6,0,0,0,0,0,0,0,0,0
75200,9551,4075,343,136,11,1,89,3,5,5,1,0,0,0,0,0,0,0
75300,9564,4170,337,14,6,1,87,0,3,1,3,1,0,0,0,0,0,0
75400,9554,4270,312,14,15,4,112,3,4,3,3,0,0,0,0,0,0,0
75500,9550,4500,301,3,11,0,131,1,6,1,1,0,0,0,0,0,0,0
75600,9503,4376,337,2,12,0,138,0,8,1,2,0,0,0,0,0,0,0
75700,9521,4358,332,8,6,0,136,1,4,0,1,0,0,0,0,0,0,0
75800,9512,4090,337,5,5,2,143,1,3,0,0,0,0,0,0,0,0,0
75900,9485,4253,356,53,9,1,138,6,9,3,3,1,0,0,0,0,0,0
76000,9530,4467,329,25,8,2,129,0,4,1,0,0,0,0,0,0,0,0
76100,9501,4972,338,1,14,1,139,2,4,1,4,0,0,0,0,0,0,0
76200,9510,4991,340,2,6,2,139,0,4,0,1,1,0,0,0,0,0,0
76300,9492,5119,356,1,6,0,139,1,4,4,3,1,0,0,0,0,0,0
76400,9467,4778,340,3,8,5,180,2,3,3,2,0,0,0,0,0,0,0
76500,9523,3661,320,6,4,1,143,1,6,2,4,0,0,0,0,0,0,0
76600,9543,4602,306,5,2,4,138,4,6,5,5,1,0,0,0,0,0,0
76700,9610,4988,281,11,4,0,98,2,7,3,0,1,0,0,0,0,0,0
76800,9627,4491,270,3,4,2,95,2,2,3,2,1,0,0,0,0,0,0
76900,9612,4394,274,4,3,1,99,1,9,1,3,0,0,0,0,0,0,0
77000,9625,5110,283,2,5,4,82,1,3,1,2,0,0,0,0,0,0,0
77100,9622,4875,312,62,4,4,50,2,8,1,4,1,0,0,0,0,0,0
77200,9645,4726,295,177,6,1,48,3,3,0,3,1,0,0,0,0,0,0
77300,9655,5616,288,95,2,2,46,0,7,0,2,1,0,0,0,0,0,0
77400,9673,5774,265,2,3,1,50,2,6,2,3,0,0,0,0,0,0,0
77500,9690,4936,257,26,3,3,44,2,5,3,1,0,0,0,0,0,0,0
77600,9724,4767,218,193,7,0,42,0,8,2,1,0,0,0,0,0,0,0
77700,9710,5124,229,102,3,2,50,1,7,2,1,0,0,0,0,0,0,0
77800,9689,5133,252,143,3,1,50,1,6,0,0,1,0,0,0,0,0,0
77900,9670,4814,240,132,23,1,59,2,4,2,4,1,0,0,0,0,0,0
78000,9674,4440,244,207,25,1,52,1,4,1,1,0,0,0,0,0,0,0
78100,9647,4286,270,232,24,1,49,3,8,2,2,2,0,0,0,0,0,0
78200,9663,5133,271,414,12,2,45,2,9,2,0,1,0,0,0,0,0,0
78300,9657,4300,266,559,11,2,56,1,5,1,5,0,0,0,0,0,0,0
78400,9639,4603,300,631,12,0,44,2,5,0,0,0,0,0,0,0,0,0
78500,9627,4927,305,497,19,3,47,5,2,1,0,1,0,0,0,0,0,0
78600,9633,5551,296,277,6,3,58,2,4,2,3,1,0,0,0,0,0,0
78700,9575,4952,355,313,6,1,54,3,7,1,3,0,0,0,0,0,0,0
78800,9573,5462,364,275,6,3,50,3,7,2,0,0,0,0,0,0,0,0
78900,9594,5193,339,229,7,1,48,2,7,0,5,0,0,0,0,0,0,0
79000,9620,4958,361,199,3,0,13,2,3,0,0,1,0,0,0,0,0,0
79100,9630,4861,347,163,5,1,13,2,4,0,1,0,0,0,0,0,0,0
79200,9607,4985,374,178,2,1,11,1,3,2,3,2,0,0,0,0,0,0
79300,9607,5140,369,244,4,2,13,1,5,0,2,0,0,0,0,0,0,0
79400,9590,5198,378,251,4,1,18,2,8,1,2,0,0,0,0,0,0,0
79500,9608,5094,364,245,5,9,16,1,5,1,2,0,0,0,0,0,0,0
79600,9619,4894,358,196,5,3,15,4,1,2,2,1,0,0,0,0,0,0
79700,9635,4685,347,156,6,2,8,0,3,2,1,0,0,0,0,0,0,0
79800,9625,4355,344,72,11,0,13,2,5,2,2,2,0,0,0,0,0,0
79900,9571,3923,412,22,2,1,6,0,8,1,1,0,0,0,0,0,0,0
80000,9547,4696,423,9,8,2,12,1,9,1,1,1,0,1,0,0,0,0
80100,9553,4345,418,12,4,0,18,0,3,1,4,1,0,0,0,0,0,0
80200,9539,4542,429,35,4,5,18,0,7,1,3,0,0,0,0,0,0,0
80300,9599,5215,376,39,1,3,12,1,9,3,3,0,0,0,0,0,0,0
80400,9593,4885,378,14,3,4,17,0,6,0,3,0,0,0,0,0,0,0
80500,9604,4923,371,2,4,5,10,2,5,1,6,0,0,0,0,0,0,0
80600,9641,4395,338,3,4,2,11,0,6,1,0,0,0,0,0,0,0,0
80700,9648,3832,332,9,5,0,9,10,3,1,3,1,0,0,0,0,0,0
80800,9646,4286,337,5,8,1,3,2,3,3,3,0,0,0,0,0,0,0
80900,9669,4184,319,10,3,1,6,0,3,1,0,0,0,0,0,0,0,0
81000,9652,4009,329,12,4,5,10,3,0,0,5,1,0,0,0,0,0,0
81100,9599,5044,387,9,4,0,3,3,7,0,0,0,0,0,0,0,0,0
81200,9635,4537,355,7,3,2,1,3,3,2,3,0,0,0,0,0,0,0
81300,9669,4475,318,7,3,1,5,0,4,1,1,1,0,0,0,0,0,0
81400,9658,5249,322,10,3,6,6,0,6,3,5,0,0,0,0,0,0,0
81500,9643,5021,333,76,2,0,9,1,9,2,4,1,0,0,0,0,0,0
81600,9623,4942,322,33,4,3,43,1,6,3,2,1,0,0,0,0,0,0
81700,9645,4192,299,9,3,3,44,0,7,2,2,0,0,0,0,0,0,0
81800,9668,4565,274,8,4,0,47,1,7,2,0,1,0,0,0,0,0,0
81900,9654,4487,296,13,1,1,43,8,4,0,2,0,0,0,0,0,0,0
82000,9589,4044,356,13,6,1,45,2,4,3,0,0,0,0,0,0,0,0
82100,9600,3814,337,13,4,3,48,1,5,0,6,0,0,0,0,0,0,0
82200,9586,4331,355,12,6,1,49,1,1,0,3,0,0,0,0,0,0,0
82300,9579,5187,365,31,3,1,45,1,6,0,2,0,0,0,0,0,0,0
82400,9545,5980,393,10,3,0,53,0,4,2,2,1,0,0,0,0,0,0
82500,9518,5397,388,16,1,0,86,1,7,1,0,0,0,0,0,0,0,0
82600,9538,5437,363,10,4,1,90,1,0,2,5,1,0,0,0,0,0,0
82700,9542,5742,355,29,3,2,90,1,8,1,2,1,0,0,0,0,0,0
82800,9547,6323,357,31,3,2,84,0,7,1,2,2,0,0,0,0,0,0
82900,9527,5495,379,34,3,7,85,11,3,1,3,0,0,0,0,0,0,0
83000,9501,4788,385,21,10,0,93,6,10,0,1,1,0,0,0,0,0,0
83100,9524,4882,374,9,6,0,89,2,6,2,1,0,0,0,0,0,0,0
83200,9534,5478,372,3,4,0,88,0,0,1,2,0,0,0,0,0,0,0
83300,9490,4973,409,6,1,1,94,0,4,0,2,0,0,0,0,0,0,0
83400,9509,4803,387,13,6,3,88,1,8,0,2,0,0,0,0,0,0,0
83500,9482,5308,421,9,0,2,86,4,8,0,3,0,0,0,0,0,0,0
83600,9464,4987,442,7,5,5,85,6,4,0,0,0,0,0,0,0,0,0
83700,9444,4586,461,12,2,1,88,5,3,4,2,0,0,0,0,0,0,0
83800,9447,3906,455,4,2,0,86,2,8,0,2,1,0,0,0,0,0,0
83900,9436,3841,463,5,9,0,89,2,3,1,0,0,0,0,0,0,0,0
84000,9437,4067,471,8,2,2,81,0,5,2,4,2,0,0,0,0,0,0
84100,9386,3774,475,7,7,0,130,0,2,0,0,0,0,0,0,0,0,0
84200,9334,3415,506,7,5,0,144,1,9,0,2,0,0,0,0,0,0,0
84300,9346,3730,499,25,4,1,143,2,5,1,3,0,0,0,0,0,0,0
84400,9334,3821,507,22,5,4,150,5,2,2,2,0,0,0,0,0,0,0
84500,9312,4085,525,9,5,0,148,3,6,3,4,0,0,0,0,0,0,0
84600,9336,4040,508,9,6,3,144,4,4,2,2,0,0,0,0,0,0,0
84700,9293,3896,543,2,4,0,153,1,5,2,2,0,0,0,0,0,0,0
84800,9282,4637,551,6,2,3,157,0,5,2,3,0,0,0,0,0,0,0
84900,9257,4611,565,7,4,0,168,2,3,0,3,1,0,0,0,0,0,0
85000,9243,4825,559,5,4,2,187,3,7,0,0,0,0,0,0,0,0,0
85100,9234,4084,559,5,2,1,198,1,5,0,2,1,0,0,0,0,0,0
85200,9239,3445,555,11,1,3,198,2,6,1,1,1,0,0,0,0,0,0
85300,9227,3389,563,34,5,0,197,2,7,1,1,1,0,0,0,0,0,0
85400,9225,3634,564,93,6,3,203,2,1,5,1,0,0,0,0,0,0,0
85500,9209,3249,568,97,8,1,205,0,7,0,2,1,1,0,0,0,0,0
85600,9230,3505,555,119,4,4,206,5,5,3,0,1,0,0,0,0,0,0
85700,9288,4221,495,115,6,6,206,1,4,1,1,0,0,0,0,0,0,0
85800,9276,4790,505,88,4,0,205,1,8,0,2,1,0,0,0,0,0,0
85900,9238,4913,550,64,3,0,204,4,4,0,1,0,0,0,0,0,0,0
86000,9214,4442,561,75,7,2,211,1,5,1,2,2,0,0,0,0,0,0
86100,9250,4415,562,91,5,1,171,1,9,2,3,0,0,0,0,0,0,0
86200,9262,3896,563,62,10,3,161,1,2,2,2,1,0,0,0,0,0,0
86300,9284,3203,574,65,6,0,132,0,3,0,1,0,0,0,0,0,0,0
86400,9280,3677,577,64,3,0,131,0,7,4,2,0,0,0,0,0,0,0
86500,9275,4271,576,66,8,2,133,0,5,3,3,0,0,0,0,0,0,0
86600,9319,4047,572,114,1,2,99,0,8,1,1,1,0,0,0,0,0,0
86700,9289,4123,603,132,6,0,96,1,4,0,2,1,0,0,0,0,0,0
86800,9324,4519,571,165,4,1,93,0,3,0,5,1,0,0,0,0,0,0
86900,9303,3951,596,128,5,0,92,2,3,2,1,2,0,0,0,0,0,0
87000,9296,4478,601,69,4,1,90,1,8,3,1,0,0,0,0,0,0,0
87100,9301,4514,591,134,5,1,94,0,7,0,2,0,0,0,0,0,0,0
87200,9297,4670,598,64,4,2,96,1,3,2,2,0,0,0,0,0,0,0
87300,9318,5082,581,62,3,2,93,2,4,2,1,1,0,0,0,0,0,0
87400,9303,4162,584,60,5,1,99,0,7,1,2,0,0,0,0,0,0,0
87500,9309,4708,582,61,2,1,101,7,5,1,1,0,0,0,0,0,0,0
87600,9293,5050,594,44,2,0,102,0,6,1,3,1,0,0,0,0,0,0
87700,9297,4603,587,26,4,0,105,0,6,1,1,0,0,0,0,0,0,0
87800,9304,5029,577,18,3,0,109,3,6,0,1,1,0,0,0,0,0,0
87900,9224,4961,651,21,5,1,112,1,7,1,1,0,0,0,0,0,0,0
88000,9231,4533,647,17,4,0,109,0,7,2,2,0,0,0,0,0,0,0
88100,9269,4540,593,19,5,2,124,3,6,0,3,1,0,0,0,0,0,0
88200,9288,4684,595,24,5,1,102,6,7,2,3,0,0,0,0,0,0,0
88300,9347,4811,562,19,4,3,76,1,7,1,4,1,0,0,0,0,0,0
88400,9353,4638,569,18,2,5,68,4,7,0,1,1,0,0,0,0,0,0
88500,9352,4277,569,23,4,0,66,5,8,0,1,1,0,0,0,0,0,0
88600,9362,4415,563,26,2,1,69,2,2,0,2,0,0,0,0,0,0,0
88700,9374,4362,581,21,2,0,39,2,4,0,0,0,0,0,0,0,0,0
88800,9409,4789,556,44,5,2,24,2,4,2,1,1,1,0,0,0,0,0
88900,9422,4375,530,31,5,1,35,1,5,3,3,0,0,0,0,0,0,0
89000,9425,4696,537,18,5,0,28,2,5,1,0,0,0,0,0,0,0,0
89100,9413,4115,534,16,7,1,36,1,8,1,2,0,0,0,0,0,0,0
89200,9444,3977,515,11,0,1,38,0,2,0,1,0,0,0,0,0,0,0
89300,9416,3924,531,17,6,0,41,0,5,1,1,1,0,0,0,0,0,0
89400,9415,4075,538,8,5,1,36,0,6,1,0,2,0,0,0,0,0,0
89500,9355,4115,600,12,7,0,32,2,4,4,2,1,0,0,0,0,0,0
89600,9383,4037,571,32,3,1,38,2,5,2,0,2,0,0,0,0,0,0
89700,9394,3836,571,30,10,1,14,1,11,2,0,0,0,0,0,0,0,0
89800,9436,4134,546,10,8,1,3,0,6,0,1,1,0,0,0,0,0,0
89900,9444,3881,524,0,10,4,12,1,4,1,6,2,0,0,0,0,0,0
90000,9465,4293,513,11,8,2,7,2,6,2,1,0,0,0,0,0,0,0
90100,9454,4748,529,11,6,0,4,2,4,1,3,0,0,0,0,0,0,0
90200,9532,4256,450,3,7,1,6,1,5,2,0,0,0,0,0,0,0,0
90300,9561,4261,428,9,4,1,5,1,2,1,0,1,0,0,0,0,0,0
90400,9576,4613,408,4,2,0,7,2,4,2,0,0,3,0,0,0,0,0
90500,9594,4413,389,2,4,2,7,0,5,0,1,0,0,0,0,0,0,0
90600,9607,4794,380,7,3,1,5,2,5,2,0,0,0,0,0,0,0,0
90700,9657,5037,317,6,8,2,9,0,8,1,1,0,0,1,0,0,0,0
90800,9682,5520,303,45,6,2,4,2,4,1,1,0,0,0,0,0,0,0
90900,9706,5119,278,6,4,0,3,2,4,1,5,2,0,0,0,0,0,0
91000,9721,5205,265,6,5,2,3,0,4,2,2,0,0,0,0,0,0,0
91100,9731,4670,251,9,4,1,7,2,6,0,1,0,0,0,0,0,0,0
91200,9741,4702,236,8,6,1,13,1,2,1,2,1,0,0,0,0,0,0
91300,9764,5345,220,4,5,1,8,0,2,3,1,0,0,0,0,0,0,0
91400,9745,4978,231,11,7,8,5,0,10,1,2,0,0,0,0,0,0,0
91500,9745,4669,226,10,7,1,11,1,9,1,2,0,0,0,0,0,0,0
91600,9752,4332,224,2,8,1,7,2,7,2,2,0,0,0,0,0,0,0
91700,9747,4076,230,9,8,1,9,4,4,0,2,0,0,0,0,0,0,0
91800,9749,4725,224,5,8,0,7,1,9,2,3,0,0,0,0,0,0,0
91900,9752,5030,228,5,6,1,7,1,6,4,1,0,0,0,0,0,0,0
92000,9748,4842,236,4,5,0,10,2,1,2,0,0,0,0,0,0,0,0
92100,9727,4978,252,3,5,2,8,0,6,2,2,1,0,0,0,0,0,0
92200,9775,5382,203,3,4,1,11,2,4,1,3,0,0,0,0,0,0,0
92300,9765,6120,212,4,3,3,10,1,8,1,2,0,0,0,0,0,0,0
92400,9774,5447,208,7,5,4,6,4,4,0,3,1,0,0,0,0,0,0
92500,9784,5952,194,34,5,3,10,1,5,3,2,1,0,0,0,0,0,0
92600,9788,5839,193,9,4,0,11,0,3,1,1,0,0,0,0,0,0,0
92700,9782,5843,193,11,5,2,11,2,4,4,5,1,0,0,0,0,0,0
92800,9797,5534,191,4,4,1,4,1,3,0,1,0,0,0,0,0,0,0
92900,9852,4859,132,13,4,2,7,1,4,0,1,1,0,0,0,0,0,0
93000,9905,4877,88,35,3,1,1,5,3,1,0,1,0,0,0,0,0,0
93100,9921,5187,70,86,3,2,1,1,4,6,1,1,0,0,0,0,0,0
93200,9924,5558,69,79,0,3,1,4,3,2,3,0,0,0,0,0,0,0
93300,9923,4498,62,7,4,3,4,1,6,1,1,1,0,0,0,0,0,0
93400,9939,4845,51,5,1,1,1,1,5,1,3,0,0,0,0,0,0,0
93500,9952,3814,37,7,2,0,5,0,3,1,1,1,0,0,0,0,0,0
93600,9954,3704,36,8,4,1,1,0,4,1,1,0,0,0,0,0,0,0
93700,9947,3732,38,6,5,0,4,0,3,0,3,0,0,0,0,0,0,0
93800,9948,3624,37,0,4,0,3,1,6,0,2,0,0,0,0,0,0,0
93900,9953,3591,40,2,0,0,3,5,4,1,0,0,0,0,0,0,0,0
94000,9942,3801,49,0,3,1,1,5,5,0,0,1,0,0,0,0,0,0
94100,9939,4222,44,14,5,0,5,5,6,0,1,0,0,0,0,0,0,0
94200,9948,4149,40,8,2,0,3,2,6,1,1,1,0,0,0,0,0,0
94300,9957,4128,36,3,0,4,3,1,3,1,1,0,0,0,0,0,0,0
94400,9950,4596,38,0,1,0,4,0,6,2,1,0,0,0,0,0,0,0
94500,9939,4809,50,4,3,1,2,2,2,4,4,0,0,0,0,0,0,0
94600,9892,4437,98,0,2,1,3,0,4,0,1,0,0,0,0,0,0,0
94700,9884,4457,106,15,5,1,2,2,2,1,1,0,0,0,0,0,0,0
94800,9885,3671,104,3,5,0,3,4,3,0,0,1,0,0,0,0,0,0
94900,9880,3454,104,102,4,0,3,0,6,0,3,0,0,0,0,0,0,0
95000,9850,3077,137,173,4,1,2,0,5,0,2,0,0,0,0,0,0,0
95100,9830,3441,146,315,5,0,4,0,14,0,1,0,0,0,0,0,0,0
95200,9854,3507,138,208,4,0,1,1,2,1,1,1,0,0,0,0,0,0
95300,9832,3303,160,231,5,0,1,1,1,1,1,0,0,0,0,0,0,0
95400,9814,3272,170,252,5,1,2,0,7,1,2,1,0,0,0,0,0,0
95500,9829,4005,158,203,7,2,1,5,4,2,1,0,0,0,0,0,0,0
95600,9838,3277,153,215,1,1,1,1,5,1,2,0,0,0,0,0,0,0
95700,9863,3300,133,213,1,0,1,2,2,4,0,1,0,0,0,0,0,0
95800,9867,3767,122,207,4,0,3,0,4,0,0,1,0,0,0,0,0,0
95900,9867,4324,119,225,2,1,3,0,6,1,3,0,0,0,0,0,0,0
96000,9862,5377,123,223,4,1,6,0,3,4,2,1,0,0,0,0,0,0
96100,9869,4980,117,224,5,0,2,0,5,1,2,2,0,0,0,0,0,0
96200,9905,4981,82,237,0,2,9,2,4,1,0,0,0,0,0,0,0,0
96300,9904,4051,87,237,2,1,3,2,3,1,1,0,0,0,0,0,0,0
96400,9897,3858,88,243,3,1,5,0,3,1,4,0,0,0,0,0,0,0
96500,9903,3936,88,224,2,1,3,1,3,0,1,1,0,0,0,0,0,0
96600,9898,4410,88,309,2,0,3,1,9,3,0,2,0,0,0,0,0,0
96700,9887,4369,101,334,2,0,1,2,9,2,0,2,0,0,0,0,0,0
96800,9870,4230,122,301,2,0,2,2,3,0,1,1,0,0,0,0,0,0
96900,9862,4659,124,244,5,1,6,0,0,3,3,0,0,0,0,0,0,0
97000,9851,4635,121,181,1,0,20,0,6,0,1,1,0,0,0,0,0,0
97100,9830,4497,135,184,4,0,25,1,4,3,2,2,0,0,0,0,0,0
97200,9812,4549,153,237,4,1,26,4,3,3,2,0,0,0,0,0,0,0
97300,9787,4690,177,250,3,2,25,3,3,4,5,0,0,0,0,0,0,0
97400,9811,4402,155,261,0,2,26,5,7,2,1,0,0,0,0,0,0,0
97500,9818,4223,149,208,4,0,22,3,7,1,0,1,0,0,0,0,0,0
97600,9813,4181,149,225,3,5,24,4,8,2,3,0,0,0,0,0,0,0
97700,9811,4608,152,203,2,0,25,3,8,1,2,1,0,0,0,0,0,0
97800,9800,4439,158,80,4,0,29,2,5,3,4,0,0,0,0,0,0,0
97900,9821,4190,141,177,2,0,30,0,4,1,2,1,0,0,0,0,0,0
98000,9814,4275,146,212,3,1,27,2,7,2,3,0,0,0,0,0,0,0
98100,9807,5015,158,210,2,1,24,2,9,0,0,0,0,0,0,0,0,0
98200,9808,5215,156,264,3,4,22,2,10,0,1,0,0,0,0,0,0,0
98300,9811,5204,154,253,2,1,24,0,7,5,2,0,0,0,0,0,0,0
98400,9815,4588,150,178,5,1,23,6,6,3,1,0,0,0,0,0,0,0
98500,9818,4614,151,50,5,1,23,2,3,1,0,1,0,0,0,0,0,0
98600,9813,4570,153,32,2,4,23,6,7,3,2,0,0,0,0,0,0,0
98700,9813,4701,156,51,4,0,19,4,8,0,0,0,0,0,0,0,0,0
98800,9786,4136,198,27,3,1,7,1,5,3,1,1,0,0,0,0,0,0
98900,9816,4381,167,35,2,1,5,4,8,0,2,1,0,0,0,0,0,0
99000,9816,4785,165,76,1,1,6,1,8,3,3,1,0,0,0,0,1,0
99100,9827,4713,157,136,0,1,8,2,4,2,4,1,0,0,0,0,0,0
99200,9826,4054,157,110,3,3,6,3,8,3,0,1,0,0,0,0,0,0
99300,9836,4252,154,239,0,2,1,3,7,5,2,1,0,0,0,0,0,0
99400,9794,4926,192,480,3,3,2,4,7,2,2,1,0,0,0,0,0,0
99500,9788,4581,198,322,1,5,4,1,8,6,1,1,0,0,0,0,0,0
99600,9788,4919,196,204,6,2,2,2,5,4,3,0,0,0,0,0,0,0
99700,9796,3930,198,186,0,0,0,0,5,1,1,1,0,0,0,0,0,0
99800,9791,5330,193,221,1,2,5,1,9,3,1,0,0,0,0,0,0,0
99900,9778,4917,215,223,1,3,0,4,6,5,0,1,0,0,0,0,0,0
100000,9758,4266,231,211,1,0,0,2,7,1,3,0,0,0,0,0,0,0
