update,host_task_NOT,sym_task_NOT,host_task_NAND,sym_task_NAND,host_task_AND,sym_task_AND,host_task_ORN,sym_task_ORN,host_task_OR,sym_task_OR,host_task_ANDN,sym_task_ANDN,host_task_NOR,sym_task_NOR,host_task_XOR,sym_task_XOR,host_task_EQU,sym_task_EQU
0,0,0,0,0,0,0,0,0,0,0,0,0,0,0,0,0,0,0
100,9995,38363,0,1,3,1,0,4,2,6,2,3,0,0,0,0,0,0
200,9997,33277,0,2,0,11,0,3,2,6,1,2,0,0,0,0,0,0
300,9996,33312,0,2,1,9,2,7,1,1,0,3,0,0,0,0,0,0
400,9995,33157,0,5,2,7,0,4,2,7,1,2,0,0,0,0,0,0
500,9994,33147,0,2,1,9,1,8,3,6,1,4,0,0,0,0,0,0
600,9996,27962,0,2,2,5,0,2,1,1,1,5,0,0,0,0,0,0
700,9993,25807,0,8,3,2,1,0,2,8,1,0,0,0,0,0,0,0
800,9996,25890,1,5,0,5,0,3,2,7,1,2,0,0,0,0,0,0
900,9990,25782,0,3,4,4,1,2,1,6,4,3,0,0,0,0,0,0
1000,9994,25821,3,3,2,2,1,2,0,6,0,1,0,0,0,0,0,0
1100,9995,23123,0,4,1,2,1,6,2,5,1,1,0,0,0,0,0,0
1200,9992,20449,0,3,6,5,1,3,1,2,0,1,0,0,0,0,0,0
1300,9993,20496,1,7,1,8,2,3,2,2,1,0,0,0,0,0,0,0
1400,9991,20375,4,6,2,3,2,1,1,4,0,3,0,0,0,0,0,0
1500,9996,20420,0,1,0,6,2,1,2,3,0,0,0,0,0,0,0,0
1600,9990,19458,3,1,1,6,0,3,4,2,2,3,0,0,0,0,0,0
1700,9992,16170,1,3,3,4,1,2,0,4,0,0,3,0,0,0,0,0
1800,9991,16173,2,3,2,1,0,2,2,4,1,2,2,0,0,0,0,0
1900,9990,16189,1,8,2,6,0,2,6,6,0,2,1,0,0,0,0,0
2000,9996,16049,0,5,1,1,2,1,1,2,0,0,0,0,0,0,0,0
2100,9986,16117,3,5,7,4,3,0,1,4,0,0,0,0,0,0,0,0
2200,9988,12883,4,1,2,2,4,1,2,2,0,0,0,0,0,0,0,0
2300,9988,12923,5,0,3,2,3,2,1,5,0,0,0,0,0,0,0,0
2400,9987,12876,2,10,3,1,2,1,5,1,1,3,0,0,0,0,0,0
2500,9988,12853,2,11,3,6,4,3,3,5,0,2,0,0,0,0,0,0
2600,9989,12891,3,10,2,2,3,3,3,3,0,2,0,0,0,0,0,0
2700,9989,10981,4,8,1,2,2,1,2,2,2,0,0,0,0,0,0,0
2800,9983,10401,6,8,2,0,1,0,7,2,1,1,0,0,0,0,0,0
2900,9988,10425,5,15,0,2,3,2,3,4,1,2,0,0,0,0,0,0
3000,9981,10384,11,10,2,0,2,0,4,4,0,0,0,0,0,0,0,0
3100,9988,10437,7,7,1,7,1,6,3,5,0,0,0,0,0,0,0,0
3200,9992,9476,3,4,2,0,2,1,1,2,0,0,0,0,0,0,0,0
3300,9985,8566,4,3,3,1,4,0,4,2,0,0,0,0,0,0,0,0
3400,9991,8618,1,11,1,1,3,2,4,3,0,0,0,0,0,0,0,0
3500,9992,8635,1,12,0,1,3,4,1,4,3,3,0,0,0,0,0,0
3600,9996,8602,2,8,1,1,1,3,0,2,0,1,0,0,0,0,0,0
3700,9987,8184,2,4,4,0,2,3,5,3,0,0,0,0,0,0,0,0
3800,9981,7127,11,4,2,2,2,1,3,2,1,1,0,0,0,0,0,0
3900,9978,7342,13,8,3,2,0,2,5,0,1,2,0,0,0,0,0,0
4000,9977,7399,15,9,1,0,3,5,2,1,2,1,0,0,0,0,0,0
4100,9971,7703,13,13,2,4,4,0,9,1,1,1,0,0,0,0,0,0
4200,9976,7527,18,6,1,2,2,1,3,2,0,3,0,0,0,0,0,0
4300,9980,6104,14,6,0,0,2,3,3,0,1,1,0,0,0,0,0,0
4400,9972,6161,16,11,2,0,4,1,4,2,2,0,0,0,0,0,0,0
4500,9974,6331,16,8,3,1,5,1,2,1,0,0,0,0,0,0,0,0
4600,9976,6505,14,6,4,1,1,0,2,1,2,0,1,0,0,0,0,0
4700,9972,6415,15,20,3,1,3,2,5,3,2,2,0,0,0,0,0,0
4800,9967,5582,22,14,1,1,4,1,4,3,2,0,0,0,0,0,0,0
4900,9964,5614,17,19,3,1,5,0,8,2,3,0,0,0,0,0,0,0
5000,9965,5827,24,15,1,0,3,0,6,2,1,0,0,0,0,0,0,0
5100,9970,5807,26,23,2,1,0,1,0,3,2,0,0,0,0,0,0,0
5200,9961,5809,24,20,4,0,4,1,4,3,1,2,2,0,0,0,0,0
5300,9956,5204,30,20,6,1,4,1,4,1,0,0,0,0,0,0,0,0
5400,9957,4886,29,18,1,0,4,1,6,0,1,1,2,0,0,0,0,0
5500,9960,5005,32,21,3,4,1,0,2,0,2,0,0,0,0,0,0,0
5600,9962,5198,33,21,2,0,2,1,1,3,0,1,0,0,0,0,0,0
5700,9957,5280,31,22,3,0,4,1,4,0,1,1,0,0,0,0,0,0
5800,9960,4934,32,22,2,0,4,6,2,0,0,2,0,0,0,0,0,0
5900,9946,4438,38,20,3,3,2,0,8,0,2,0,1,0,0,0,0,0
6000,9946,4623,39,19,3,0,5,2,5,1,1,1,1,0,0,0,0,0
6100,9951,4795,34,16,4,0,3,0,7,0,1,0,0,0,0,0,0,0
6200,9941,4907,44,21,2,1,5,0,2,2,6,0,0,0,0,0,0,0
6300,9939,4813,43,17,1,1,8,2,7,2,2,0,0,0,0,0,0,0
6400,9924,4222,66,33,0,0,4,1,3,0,3,0,0,0,0,0,0,0
6500,9913,4253,72,31,2,2,3,1,8,2,1,0,1,0,0,0,0,0
6600,9925,4487,72,40,2,2,0,1,1,1,0,1,0,0,0,0,0,0
6700,9911,4847,77,40,5,1,1,0,4,0,2,0,0,0,0,0,0,0
6800,9918,4788,74,48,3,0,4,1,1,1,0,1,0,0,0,0,0,0
6900,9909,4372,74,49,5,0,9,0,3,3,0,0,0,0,0,0,0,0
7000,9912,5022,75,69,1,0,7,3,1,1,4,0,0,0,0,0,0,0
7100,9908,7041,78,61,1,2,7,5,4,2,2,0,0,0,0,0,0,0
7200,9915,11200,77,51,3,3,4,11,1,6,0,4,0,0,0,0,0,0
7300,9915,15217,76,70,4,3,1,12,3,4,1,1,0,0,0,0,0,0
7400,9912,17526,75,83,2,6,7,10,4,4,0,4,0,0,0,0,0,0
7500,9905,23125,80,105,5,3,5,9,2,5,2,1,1,0,0,0,0,0
7600,9899,27693,79,106,5,6,12,16,4,10,1,1,0,0,0,0,0,0
7700,9898,27699,78,64,2,3,9,9,10,9,3,2,0,0,0,0,0,0
7800,9909,26297,78,103,1,5,5,8,7,5,0,3,0,1,0,0,0,0
7900,9900,26211,85,75,2,3,6,6,6,11,0,1,1,0,0,0,0,0
8000,9886,28308,96,73,2,3,10,11,4,3,2,0,0,0,0,0,0,0
8100,9884,30271,101,66,2,4,7,13,5,10,1,2,0,1,0,0,0,0
8200,9882,30877,104,110,1,8,7,8,4,3,2,5,0,0,0,0,0,0
8300,9872,29877,105,83,3,9,10,12,8,5,2,2,0,0,0,0,0,0
8400,9884,31117,94,73,5,3,10,9,5,5,2,0,0,0,0,0,0,0
8500,9865,29133,118,78,5,5,7,6,5,6,0,3,0,0,0,0,0,0
8600,9869,29541,118,57,2,2,6,8,5,6,0,1,0,0,0,0,0,0
8700,9873,30928,119,107,1,3,4,18,3,6,0,0,0,0,0,0,0,0
8800,9864,31172,116,105,1,2,6,8,10,3,2,0,1,0,0,0,0,0
8900,9870,31341,109,60,0,2,8,11,9,5,4,1,0,0,0,0,0,0
9000,9863,29730,117,45,3,2,6,5,11,7,0,1,0,0,0,0,0,0
9100,9863,29963,121,35,4,2,5,4,6,7,1,1,0,0,0,0,0,0
9200,9855,32734,126,38,2,6,4,12,11,10,2,6,0,0,0,0,0,0
9300,9855,30630,120,85,5,3,5,6,15,12,0,1,0,0,0,0,0,0
9400,9847,29320,131,112,2,2,3,8,14,9,2,0,1,0,0,0,0,0
9500,9849,29103,134,35,3,4,7,8,5,1,2,1,0,0,0,0,0,0
9600,9830,29914,151,92,2,8,3,8,12,4,2,1,0,0,0,0,0,0
9700,9844,32932,142,108,1,3,4,4,7,4,2,2,0,0,0,0,0,0
9800,9833,33541,154,161,3,5,3,10,4,9,3,4,0,0,0,0,0,0
9900,9810,32774,173,182,3,4,6,13,8,6,0,2,0,0,0,0,0,0
10000,9779,31275,206,110,3,1,6,4,6,2,0,2,0,0,0,0,0,0
10100,9792,30587,187,129,4,5,8,18,8,5,1,3,0,0,0,0,0,0
10200,9762,32809,211,132,4,7,8,4,13,3,2,4,0,0,0,0,0,0
10300,9748,34542,229,152,2,5,8,14,11,10,2,3,0,0,0,0,0,0
10400,9751,35321,223,147,4,4,7,4,13,6,2,0,0,0,0,0,0,0
10500,9739,34879,240,206,3,6,4,12,11,8,3,0,0,0,0,0,0,0
10600,9732,30639,239,177,4,11,12,13,11,5,1,3,1,0,0,0,0,0
10700,9687,32932,288,209,5,2,7,5,12,0,1,3,0,0,0,0,0,0
10800,9680,35385,285,204,6,4,12,8,13,6,4,3,0,0,0,0,0,0
10900,9704,37104,270,286,4,3,7,12,11,2,3,1,1,0,0,0,0,0
11000,9683,37278,286,210,5,7,13,8,9,4,4,2,0,0,0,0,0,0
11100,9655,35563,308,240,8,5,17,1,8,4,4,1,0,0,0,0,0,0
11200,9643,36522,324,285,5,5,11,6,14,8,2,1,1,0,0,0,0,0
11300,9660,38340,304,255,3,3,17,19,12,7,3,3,1,0,0,0,0,0
11400,9652,37647,306,319,5,1,17,14,16,2,4,2,0,0,0,0,0,0
11500,9683,37381,274,267,8,2,21,12,10,8,4,1,0,0,0,0,0,0
11600,9652,34883,302,263,5,3,22,10,17,7,2,3,0,0,0,0,0,0
11700,9614,36392,352,257,6,6,19,11,4,9,4,1,1,0,0,0,0,0
11800,9566,38333,387,263,8,3,21,18,11,4,5,1,2,1,0,0,0,0
11900,9547,36939,405,234,7,3,26,10,12,6,1,2,2,0,0,0,0,0
12000,9532,38812,423,199,6,3,31,9,6,9,1,4,1,0,0,0,0,0
12100,9559,36629,411,250,2,3,20,7,4,3,4,3,0,0,0,0,0,0
12200,9584,37728,374,376,5,1,22,16,12,7,2,3,1,0,0,0,0,0
12300,9579,37719,378,390,9,5,20,17,8,6,5,4,1,0,0,0,0,0
12400,9604,36920,353,359,4,2,29,10,9,5,1,1,0,0,0,0,0,0
12500,9616,38935,354,443,6,7,19,4,5,14,0,2,0,0,0,0,0,0
12600,9603,38025,357,383,6,9,25,7,6,5,3,2,0,0,0,0,0,0
12700,9591,37069,369,371,11,9,24,3,3,4,2,5,0,0,0,0,0,0
12800,9586,39406,361,340,14,6,22,13,16,5,1,2,0,0,0,0,0,0
12900,9591,38142,362,366,15,5,24,17,6,8,2,3,0,0,0,0,0,0
13000,9575,35590,377,265,13,5,22,15,8,6,4,2,1,0,0,0,0,0
13100,9592,33601,360,234,12,2,24,9,9,5,3,5,0,0,0,0,0,0
13200,9624,32477,319,223,19,3,23,8,11,5,4,1,0,0,0,0,0,0
13300,9648,31101,305,245,17,2,22,10,8,7,0,2,0,0,0,0,0,0
13400,9660,34360,295,370,15,5,21,9,8,6,1,4,0,1,0,0,0,0
13500,9643,35424,322,319,11,3,15,9,6,9,3,0,0,0,0,0,0,0
13600,9575,34317,372,326,16,1,20,5,15,15,2,2,0,0,0,0,0,0
13700,9562,33899,399,298,14,2,15,14,7,3,3,1,0,0,0,0,0,0
13800,9564,33429,400,335,10,3,16,3,6,7,3,1,1,0,0,0,0,0
13900,9545,33002,415,269,12,3,16,1,9,5,3,2,0,0,0,0,0,0
14000,9541,34573,417,165,15,1,15,3,10,3,2,2,0,0,0,0,0,0
14100,9503,33040,458,129,13,2,16,7,9,7,1,0,0,0,0,0,0,0
14200,9454,34654,509,150,15,4,9,4,11,6,2,2,0,0,0,0,0,0
14300,9467,35308,499,127,11,4,14,8,5,3,3,2,1,0,0,0,0,0
14400,9439,33888,520,111,11,4,14,9,15,4,1,2,0,0,0,0,0,0
14500,9414,32484,542,138,18,4,19,18,5,5,2,1,0,1,0,0,0,0
14600,9374,30882,573,156,14,4,31,6,5,3,0,1,3,0,0,0,0,0
14700,9328,29833,622,134,14,4,25,4,8,0,2,1,1,0,0,0,0,0
14800,9327,30254,617,66,13,7,31,10,11,0,1,3,0,0,0,0,0,0
14900,9397,30090,556,108,12,1,26,10,6,0,3,2,0,0,0,0,0,0
15000,9387,28621,554,81,17,4,28,12,12,4,2,1,0,0,0,0,0,0
15100,9372,28443,584,58,12,3,23,3,7,7,2,2,0,0,0,0,0,0
15200,9365,28621,563,74,18,0,44,2,8,13,2,0,0,0,0,0,0,0
15300,9365,27648,561,74,11,1,54,10,8,11,1,1,0,0,0,0,0,0
15400,9413,28024,499,68,15,2,64,10,7,5,2,0,0,0,0,0,0,0
15500,9403,27683,518,94,15,2,54,8,8,2,1,1,1,0,0,0,0,0
15600,9374,25593,538,33,17,2,59,2,8,6,4,1,0,0,0,0,0,0
15700,9369,24927,551,37,11,1,53,2,13,3,2,2,0,0,1,1,0,0
15800,9332,25834,596,46,12,3,47,9,9,4,4,3,0,0,0,0,0,0
15900,9292,25691,634,41,11,6,48,6,11,3,3,0,1,0,0,0,0,0
16000,9244,24431,661,38,31,2,51,2,12,7,1,1,0,0,0,0,0,0
16100,9186,24778,721,78,36,0,43,4,10,7,4,0,0,0,0,0,0,0
16200,9169,23785,719,63,38,1,59,1,8,4,6,0,1,0,0,0,0,0
16300,9181,22433,711,72,36,4,62,4,7,5,3,2,0,0,0,0,0,0
16400,9204,23158,700,46,37,5,54,3,4,4,1,2,0,0,0,0,0,0
16500,9224,23967,686,97,37,4,45,12,5,2,3,1,0,0,0,0,0,0
16600,9243,24293,669,58,38,3,46,3,2,6,2,4,0,0,0,0,0,0
16700,9239,24470,682,88,31,1,39,7,8,2,1,3,0,0,0,0,0,0
16800,9202,23166,707,114,36,4,40,2,12,8,3,2,0,0,0,0,0,0
16900,9213,23887,699,113,38,0,40,7,9,3,1,0,0,0,0,0,0,0
17000,9225,24195,696,96,39,1,33,8,5,8,2,1,0,0,0,0,0,0
17100,9232,23596,696,117,34,1,30,2,6,4,1,0,1,0,0,0,0,0
17200,9213,23080,737,102,28,2,14,4,6,4,2,0,0,0,0,0,0,0
17300,9207,20930,747,145,26,1,13,3,2,3,5,0,0,0,0,0,0,0
17400,9182,21066,769,169,24,3,16,6,6,7,3,0,0,0,0,0,0,0
17500,9191,22052,748,166,35,3,16,5,6,9,4,2,0,0,0,0,0,0
17600,9192,21767,751,156,31,3,12,11,9,2,5,1,0,0,0,0,0,0
17700,9174,21104,772,231,41,3,6,4,4,2,3,1,0,0,0,0,0,0
17800,9137,20794,791,196,40,2,15,7,15,4,2,0,0,0,0,0,0,0
17900,9141,20657,783,128,42,3,18,2,10,2,6,0,0,0,0,0,0,0
18000,9130,19258,807,109,40,3,13,2,7,2,3,2,0,0,0,0,0,0
18100,9157,18890,795,112,29,4,11,6,5,5,3,1,0,0,0,0,0,0
18200,9226,16833,721,100,21,4,22,7,9,4,1,2,0,0,0,0,0,0
18300,9163,18222,777,134,19,0,27,8,10,3,4,0,0,0,0,0,0,0
18400,9205,17914,753,158,17,0,13,0,8,2,3,2,1,0,0,0,0,0
18500,9216,18519,733,160,24,2,20,3,6,6,1,1,0,0,0,0,0,0
18600,9202,19496,739,146,30,1,17,2,9,0,2,2,1,0,0,0,0,0
18700,9162,18058,778,167,29,2,16,7,8,3,7,2,0,0,0,0,0,0
18800,9149,16161,780,99,34,1,21,12,11,2,5,0,0,0,0,0,0,0
18900,9209,17652,726,101,35,3,14,1,15,7,0,0,1,0,0,0,0,0
19000,9219,17913,736,86,26,4,12,0,5,3,2,1,0,0,0,0,0,0
19100,9225,19011,719,93,33,2,10,2,11,2,2,0,0,0,0,0,0,0
19200,9249,20494,694,97,29,2,12,4,10,5,6,2,0,0,0,0,0,0
19300,9296,18254,656,74,18,1,16,4,13,7,1,1,0,0,0,0,0,0
19400,9345,18091,608,64,20,1,19,1,7,5,1,1,0,0,0,0,0,0
19500,9343,17751,603,63,21,2,22,9,7,1,4,0,0,0,0,0,0,0
19600,9338,17593,600,48,25,2,26,3,5,4,6,0,0,0,0,0,0,0
19700,9222,17859,691,53,22,1,55,0,8,2,2,1,0,0,0,0,0,0
19800,9216,17087,701,69,25,0,51,7,5,2,2,2,0,0,0,0,0,0
19900,9213,16370,695,45,23,5,57,1,4,5,8,1,0,0,0,0,0,0
20000,9189,16936,709,65,32,2,55,7,11,6,4,1,0,0,0,0,0,0
20100,9226,15059,679,58,29,0,54,0,11,2,1,1,0,0,0,0,0,0
20200,9231,14549,672,41,29,2,58,3,6,2,4,0,0,0,0,0,0,0
20300,9282,15146,648,95,17,2,45,2,7,2,1,1,0,0,0,0,0,0
20400,9255,16369,654,93,30,2,51,7,4,2,5,0,1,0,0,0,0,0
20500,9212,15676,702,41,22,1,54,4,7,1,3,0,0,0,0,0,0,0
20600,9206,15071,702,75,26,2,59,7,6,1,0,1,1,0,0,0,0,0
20700,9211,16608,691,74,35,1,45,1,12,3,6,0,0,0,0,0,0,0
20800,9229,15746,682,91,27,1,41,9,14,2,7,0,0,0,0,0,0,0
20900,9255,15474,621,64,31,3,76,1,11,2,6,1,0,0,0,0,0,0
21000,9301,16841,578,80,35,3,76,4,8,3,2,0,0,0,0,0,0,0
21100,9289,17268,584,65,26,3,80,3,10,3,11,1,0,0,0,0,0,0
21200,9299,15986,582,49,34,5,72,3,7,7,5,0,1,0,0,0,0,0
21300,9274,16743,610,55,25,1,74,5,13,0,4,1,0,0,0,0,0,0
21400,9241,17519,644,54,24,1,75,1,10,2,6,0,0,0,0,0,0,0
21500,9245,15452,639,111,25,2,76,7,11,0,4,1,0,0,0,0,0,0
21600,9255,15361,647,106,30,1,55,0,9,2,4,0,0,0,0,0,0,0
21700,9280,15949,606,126,23,1,79,2,7,2,5,3,0,0,0,0,0,0
21800,9306,15518,583,120,26,3,74,1,7,2,4,1,0,0,0,0,0,0
21900,9306,15941,576,117,30,2,72,3,11,4,5,2,0,0,0,0,0,0
22000,9366,15611,533,130,23,0,72,8,3,4,3,1,0,0,0,0,0,0
22100,9397,14211,505,118,16,1,68,5,9,5,5,1,0,0,0,0,0,0
22200,9420,14285,484,190,16,5,69,2,7,5,4,1,0,0,0,0,0,0
22300,9418,14803,490,137,18,2,70,3,1,5,3,2,0,0,0,0,0,0
22400,9414,12806,482,122,21,2,68,6,10,1,3,0,2,0,0,0,0,0
22500,9459,12670,449,160,16,0,63,7,5,1,8,0,0,1,0,0,0,0
22600,9431,14244,455,108,25,1,76,2,9,5,4,0,0,0,0,0,0,0
22700,9428,14310,458,86,21,2,80,6,9,4,4,0,0,0,0,0,0,0
22800,9406,13808,489,117,13,4,77,2,6,3,9,1,0,0,0,0,0,0
22900,9376,13560,514,84,17,5,79,4,9,3,5,0,0,0,0,0,0,0
23000,9347,13375,545,76,16,0,80,3,10,1,2,0,0,0,0,0,0,0
23100,9362,14386,533,24,9,1,81,1,11,1,4,0,0,0,0,0,0,0
23200,9388,14681,523,18,10,4,68,5,5,1,6,1,0,0,0,0,0,0
23300,9313,12923,601,29,22,1,50,3,10,3,4,0,0,0,0,0,0,0
23400,9230,12697,681,124,33,0,46,0,5,0,5,0,0,0,0,0,0,0
23500,9244,12692,670,18,33,3,45,5,4,0,4,1,0,0,0,0,0,0
23600,9244,13825,654,27,38,1,53,1,6,5,5,2,0,0,0,0,0,0
23700,9246,14354,624,27,61,0,51,5,11,4,7,0,0,0,0,0,0,0
23800,9240,12400,635,33,66,1,45,1,10,3,4,2,0,0,0,0,0,0
23900,9262,12361,620,22,63,0,45,7,5,1,5,0,0,0,0,0,0,0
24000,9258,12787,612,57,60,0,51,3,12,2,6,0,1,0,0,0,0,0
24100,9268,13816,593,52,84,1,43,0,5,1,7,0,0,0,0,0,0,0
24200,9291,12796,577,21,74,4,48,4,7,3,3,0,0,0,0,0,0,0
24300,9294,12827,569,21,80,1,46,0,11,5,0,1,0,0,0,0,0,0
24400,9269,12334,594,49,82,2,47,1,1,4,6,0,1,0,0,0,0,0
24500,9347,12562,511,34,79,0,52,3,6,1,5,1,0,0,0,0,0,0
24600,9364,12134,493,21,92,3,45,3,4,0,2,1,0,0,0,0,0,0
24700,9378,13157,481,26,88,1,44,1,5,2,4,0,0,0,0,0,0,0
24800,9380,13635,478,25,88,3,44,4,6,2,4,0,0,0,0,0,0,0
24900,9361,12377,498,24,83,1,47,1,7,9,4,0,0,0,0,0,0,0
25000,9351,11579,502,29,90,2,46,4,5,2,6,0,0,0,0,0,0,0
25100,9353,12144,511,30,88,0,45,1,1,6,2,1,0,0,0,0,0,0
25200,9286,11507,560,23,101,1,42,3,5,1,5,3,1,0,0,0,0,0
25300,9316,13048,534,27,98,3,44,0,3,1,5,0,0,0,0,0,0,0
25400,9338,12908,522,22,92,1,38,1,6,2,4,0,0,0,0,0,0,0
25500,9340,10990,514,15,114,1,18,2,12,5,2,1,0,0,0,0,0,0
25600,9324,11301,531,23,115,3,23,4,6,1,1,1,0,0,0,0,0,0
25700,9317,11383,558,14,98,1,18,1,4,2,5,2,0,0,0,0,0,0
25800,9344,11857,534,20,93,0,18,3,8,3,3,0,0,0,0,0,0,0
25900,9345,12051,527,25,111,2,10,5,4,3,3,0,0,0,0,0,0,0
26000,9314,11506,544,43,121,1,10,2,6,3,5,0,0,0,0,0,0,0
26100,9294,10664,526,28,153,0,17,2,4,1,5,0,1,0,0,0,0,0
26200,9312,11342,517,28,144,3,18,1,6,6,3,0,0,0,0,0,0,0
26300,9329,10005,545,51,111,1,10,2,1,2,4,1,0,0,0,0,0,0
26400,9360,9486,524,49,92,3,11,0,7,2,6,1,0,0,0,0,0,0
26500,9403,9609,489,110,82,1,12,2,8,6,6,0,0,0,0,0,0,0
26600,9435,11025,488,58,57,2,13,5,3,2,4,1,0,0,0,0,0,0
26700,9475,10009,452,49,55,0,9,7,6,0,3,0,0,0,0,0,0,0
26800,9375,10971,544,55,55,0,12,12,8,4,6,1,0,0,0,0,0,0
26900,9405,11966,520,31,48,2,15,8,6,2,6,0,0,0,0,0,0,0
27000,9417,11979,510,67,52,2,14,4,5,3,2,1,0,0,0,0,0,0
27100,9413,11615,525,88,40,1,12,3,3,0,7,2,0,0,0,0,0,0
27200,9387,11330,557,62,46,0,4,0,4,0,2,2,0,0,0,0,0,0
27300,9345,11693,595,34,43,1,11,1,2,2,4,0,0,0,0,0,0,0
27400,9332,10658,608,30,46,1,7,14,4,1,3,1,0,0,0,0,0,0
27500,9370,9735,575,27,35,3,7,14,9,3,3,0,1,0,0,0,0,0
27600,9435,10859,511,25,39,8,8,0,4,3,3,1,0,0,0,0,0,0
27700,9465,12918,483,48,37,0,5,0,8,1,2,0,0,0,0,0,0,0
27800,9487,10763,470,46,30,1,6,3,4,1,3,2,0,0,0,0,0,0
27900,9470,10192,483,39,37,0,1,2,7,1,2,0,0,0,0,0,0,0
28000,9481,11468,460,35,38,0,6,1,11,2,4,1,0,0,0,0,0,0
28100,9522,10939,427,20,39,0,6,4,3,3,3,0,0,0,0,0,0,0
28200,9524,11332,421,15,34,3,10,3,7,0,4,0,0,0,0,0,0,0
28300,9523,11774,430,16,35,1,5,1,4,2,3,1,0,0,0,0,0,0
28400,9512,9998,435,22,40,2,4,10,6,3,3,0,0,0,0,0,0,0
28500,9491,10434,446,51,50,2,5,1,3,3,5,2,0,0,0,0,0,0
28600,9477,10361,461,19,47,0,6,2,5,1,4,0,0,0,0,0,0,0
28700,9488,10495,449,14,47,1,8,0,6,3,2,0,0,0,0,0,0,0
28800,9458,10867,484,24,42,1,2,1,11,3,3,2,0,0,0,0,0,0
28900,9459,11142,489,40,46,2,1,0,4,3,1,3,0,0,0,0,0,0
29000,9451,9261,478,5,61,1,3,3,6,4,1,0,0,0,0,0,0,0
29100,9419,9208,499,15,67,0,5,4,9,2,1,1,0,0,0,0,0,0
29200,9445,8997,478,14,65,0,4,4,5,1,3,1,0,0,0,0,0,0
29300,9432,9948,483,7,72,1,3,5,6,1,4,0,0,0,0,0,0,0
29400,9471,9732,439,3,73,1,5,1,8,0,4,1,0,0,0,0,0,0
29500,9440,9195,482,1,67,2,0,4,7,4,4,2,0,0,0,0,0,0
29600,9405,8481,504,28,73,0,5,1,10,4,3,0,0,0,0,0,0,0
29700,9430,9116,500,34,62,2,3,4,3,2,2,0,0,0,0,0,0,0
29800,9449,9480,495,4,40,1,5,4,8,4,3,2,0,0,0,0,0,0
29900,9475,9321,469,13,43,1,5,0,6,4,1,1,1,0,0,0,0,0
30000,9426,8824,517,2,41,1,9,5,7,2,0,0,0,0,0,0,0,0
30100,9397,10157,541,20,51,0,4,0,4,4,3,1,0,0,0,0,0,0
30200,9381,9568,555,34,48,2,5,0,10,0,1,3,0,0,0,0,0,0
30300,9411,8925,526,50,43,1,10,1,6,13,4,0,0,0,0,0,0,0
30400,9427,8467,527,24,38,1,1,0,7,3,0,1,0,0,0,0,0,0
30500,9452,8302,505,41,31,1,6,2,3,0,3,0,0,0,0,0,0,0
30600,9425,8496,526,38,33,1,3,8,10,3,3,2,0,0,0,0,0,0
30700,9424,7812,523,47,33,0,8,0,8,1,4,0,0,0,0,0,0,0
30800,9420,7294,528,4,35,3,5,4,9,0,3,0,0,0,0,0,0,0
30900,9430,8061,524,12,34,1,2,3,9,0,1,0,0,0,0,0,0,0
31000,9449,9277,518,16,18,6,7,0,6,2,2,1,0,0,0,0,0,0
31100,9474,7708,500,20,8,1,6,0,6,0,6,3,0,0,0,0,0,0
31200,9420,6791,547,9,13,0,8,2,8,1,4,0,0,0,0,0,0,0
31300,9415,7945,567,8,7,2,4,0,6,1,1,0,0,0,0,0,0,0
31400,9451,8109,524,18,9,3,5,0,7,1,4,0,0,0,0,0,0,0
31500,9482,7860,494,37,4,1,9,1,6,2,5,0,0,0,0,0,0,0
31600,9515,8212,466,24,7,0,2,1,7,1,3,0,0,0,0,0,0,0
31700,9564,8138,422,6,5,3,4,0,5,1,0,1,0,0,0,0,0,0
31800,9577,7759,400,7,11,0,3,1,5,2,3,0,1,0,0,0,0,0
31900,9565,6972,409,7,4,2,12,2,7,2,2,0,1,0,0,0,0,0
32000,9565,7837,414,5,6,3,4,0,10,4,1,1,0,0,0,0,0,0
32100,9536,8182,436,8,9,1,8,1,8,3,3,0,0,0,0,0,0,0
32200,9501,8840,480,14,6,0,4,5,8,0,1,1,0,0,0,0,0,0
32300,9473,8360,516,13,5,2,0,2,2,2,4,0,0,0,0,0,0,0
32400,9511,8299,472,7,11,1,3,1,2,1,1,0,0,0,0,0,0,0
32500,9483,7931,506,8,3,2,3,3,4,5,1,1,0,0,0,0,0,0
32600,9446,8244,538,3,2,1,10,5,4,1,0,0,0,0,0,0,0,0
32700,9454,7526,531,10,6,1,6,0,3,5,0,0,0,0,0,0,0,0
32800,9415,7928,573,3,2,2,3,8,7,0,0,0,0,0,0,0,0,0
32900,9307,7880,670,28,12,0,1,8,8,1,2,2,0,0,0,0,0,0
33000,9271,8395,714,24,5,1,1,6,5,2,4,0,0,0,0,0,0,0
33100,9262,7986,723,13,6,0,3,1,4,0,2,0,0,0,0,0,0,0
33200,9259,7632,721,13,6,0,4,1,6,4,4,0,0,0,0,0,0,0
33300,9262,6564,724,16,6,1,2,0,4,2,2,0,0,0,0,0,0,0
33400,9285,6393,695,6,6,0,2,0,7,0,5,0,0,0,0,0,0,0
33500,9280,7077,704,1,4,1,2,1,5,1,5,0,0,0,0,0,0,0
33600,9301,7797,683,2,5,1,4,5,7,0,0,1,0,0,0,0,0,0
33700,9327,7209,661,6,4,1,3,1,3,2,2,0,0,0,0,0,0,0
33800,9335,7216,658,4,1,2,5,5,1,2,0,0,0,0,0,0,0,0
33900,9354,7626,637,14,0,0,5,2,1,4,3,0,0,0,0,0,0,0
34000,9360,7525,629,12,6,1,0,6,4,1,1,0,0,0,0,0,0,0
34100,9335,8026,654,15,5,1,0,5,5,5,1,0,0,0,0,0,0,0
34200,9331,7327,651,10,6,1,5,1,5,1,2,0,0,0,0,0,0,0
34300,9354,7547,631,16,5,1,1,3,7,0,2,0,0,0,0,0,0,0
34400,9366,7341,624,38,1,2,3,5,3,1,3,1,0,0,0,0,0,0
34500,9372,7776,607,5,4,2,5,1,7,1,5,1,0,0,0,0,0,0
34600,9354,8594,627,5,4,2,2,3,9,0,4,0,0,0,0,0,0,0
34700,9369,8161,618,17,4,0,5,1,3,3,1,0,0,0,0,0,0,0
34800,9372,7733,616,12,4,2,4,0,2,6,2,0,0,0,0,0,0,0
34900,9367,6377,626,19,1,1,4,0,2,0,0,0,0,0,0,0,0,0
35000,9362,6255,621,6,2,0,8,15,6,2,1,0,0,0,0,0,0,0
35100,9379,5963,605,8,4,3,3,3,6,0,3,0,0,0,0,0,0,0
35200,9429,7355,554,7,4,0,8,0,4,0,1,1,0,0,0,0,0,0
35300,9409,7956,578,12,3,1,4,3,3,5,3,1,0,0,0,0,0,0
35400,9390,7027,597,6,2,0,2,3,7,2,2,0,0,0,0,0,0,0
35500,9440,6787,545,8,5,1,2,1,6,4,2,1,0,0,0,0,0,0
35600,9427,6626,550,16,15,0,4,1,4,2,0,0,0,0,0,0,0,0
35700,9405,7739,567,19,14,1,7,9,4,1,3,0,0,0,0,0,0,0
35800,9399,7200,584,17,6,0,1,2,10,0,0,2,0,0,0,0,0,0
35900,9435,6512,548,16,2,0,5,0,5,2,5,0,0,0,0,0,0,0
36000,9486,6905,503,7,5,1,3,0,3,3,0,0,0,0,0,0,0,0
36100,9489,6639,501,11,1,1,5,1,3,1,1,2,0,0,0,0,0,0
36200,9444,6241,542,7,4,2,5,0,5,4,0,1,0,0,0,0,0,0
36300,9428,6413,559,30,4,3,3,1,5,1,1,1,0,0,0,0,0,0
36400,9415,6881,574,12,3,1,3,0,2,1,3,0,0,0,0,0,0,0
36500,9398,6989,587,0,5,0,5,1,4,2,1,1,0,0,0,0,0,0
36600,9402,7433,588,2,2,2,2,2,3,0,3,0,0,0,0,0,0,0
36700,9380,7278,610,3,2,0,2,0,5,4,1,0,0,0,0,0,0,0
36800,9387,7713,600,11,2,2,3,1,4,0,4,1,0,0,0,0,0,0
36900,9430,6866,559,8,6,1,1,13,2,0,2,0,0,0,0,0,0,0
37000,9439,6935,552,11,5,0,2,4,1,4,1,0,0,0,0,0,0,0
37100,9439,6526,545,6,5,2,5,0,4,0,2,1,0,0,0,0,0,0
37200,9507,6794,478,4,1,0,5,1,5,0,4,0,0,0,0,0,0,0
37300,9493,6045,494,2,3,1,7,0,2,0,1,2,0,0,0,0,0,0
37400,9510,5878,481,2,0,1,1,1,4,3,4,0,0,0,0,0,0,0
37500,9524,6461,456,7,5,0,6,6,7,0,2,0,0,0,0,0,0,0
37600,9568,5820,421,3,0,0,2,2,5,1,4,0,0,0,0,0,0,0
37700,9576,5908,409,5,4,0,1,2,5,1,5,0,0,0,0,0,0,0
37800,9588,5913,394,9,4,1,1,0,7,2,6,0,0,0,0,0,0,0
37900,9625,5531,355,6,2,0,6,2,7,0,5,0,0,0,0,0,0,0
38000,9668,5983,324,6,4,2,0,3,2,1,2,0,0,0,0,0,0,0
38100,9699,5342,289,8,0,0,2,0,4,2,6,0,0,0,0,0,0,0
38200,9721,4550,267,12,2,0,3,1,2,1,5,1,0,0,0,0,0,0
38300,9743,5656,242,19,1,1,4,3,2,2,8,1,0,0,0,0,0,0
38400,9754,5519,231,0,2,2,5,0,5,5,3,0,0,0,0,0,0,0
38500,9780,5526,204,27,5,1,4,2,5,3,2,2,0,0,0,0,0,0
38600,9796,6782,192,53,1,0,7,2,2,2,2,0,0,0,0,0,0,0
38700,9818,6458,164,30,4,0,9,3,3,3,2,0,0,0,0,0,0,0
38800,9821,6130,169,1,2,2,2,1,6,0,0,0,0,0,0,0,0,0
38900,9816,5921,165,10,3,1,2,5,10,1,4,1,0,0,0,0,0,0
39000,9832,5328,155,15,5,1,2,0,5,0,1,0,0,0,0,0,0,0
39100,9835,5093,148,11,3,0,9,2,5,4,0,1,0,0,0,0,0,0
39200,9869,5811,122,14,3,1,3,3,2,1,1,1,0,0,0,0,0,0
39300,9864,5506,118,5,6,1,3,1,8,0,1,1,0,0,0,0,0,0
39400,9870,5789,109,18,3,4,7,1,5,1,6,0,0,0,0,0,0,0
39500,9873,5760,109,41,3,1,4,0,9,1,2,1,0,0,0,0,0,0
39600,9873,5759,114,30,1,0,5,0,4,1,3,0,0,0,0,0,0,0
39700,9881,5149,105,39,2,0,3,0,7,0,2,0,0,0,0,0,0,0
39800,9883,4900,102,51,7,0,3,0,5,0,0,0,0,0,0,0,0,0
39900,9875,5469,111,49,3,3,1,1,6,4,4,0,0,0,0,0,0,0
40000,9864,5767,120,25,3,1,5,3,8,1,0,1,0,0,0,0,0,0
40100,9868,5544,118,20,1,0,3,3,7,2,3,0,0,0,0,0,0,0
40200,9869,4714,118,25,3,3,6,0,2,3,2,1,0,0,0,0,0,0
40300,9887,5360,100,21,4,1,1,0,7,0,1,1,0,0,0,0,0,0
40400,9892,5533,97,34,1,1,4,1,4,3,2,0,0,0,0,0,0,0
40500,9914,4722,76,67,3,0,3,0,2,1,2,0,0,0,0,0,0,0
40600,9912,5525,71,62,0,0,7,1,8,3,2,1,0,0,0,0,0,0
40700,9929,5465,56,26,4,0,5,0,5,7,1,0,0,0,0,0,0,0
40800,9919,6095,58,26,11,0,7,0,4,2,1,1,0,0,0,0,0,0
40900,9936,5912,57,21,3,2,2,3,2,0,0,0,0,0,0,0,0,0
41000,9931,6462,52,24,5,1,7,3,5,0,0,0,0,0,0,0,0,0
41100,9935,5847,51,21,4,0,6,4,3,1,1,1,0,0,0,0,0,0
41200,9938,5425,52,24,3,1,2,2,4,4,1,1,0,0,0,0,0,0
41300,9937,5495,54,23,3,0,1,6,4,1,1,0,0,0,0,0,0,0
41400,9935,5326,51,38,3,1,4,0,7,2,0,0,0,0,0,0,0,0
41500,9933,5538,47,109,4,0,7,0,7,5,1,0,1,0,0,0,0,0
41600,9936,5512,49,48,3,0,3,3,8,10,1,0,0,0,0,0,0,0
41700,9948,6371,46,24,3,0,3,0,0,1,0,1,0,0,0,0,0,0
41800,9951,6147,44,24,0,0,2,0,3,1,0,0,0,0,0,0,0,0
41900,9939,5331,50,28,3,1,3,1,3,0,2,0,0,0,0,0,0,0
42000,9941,5792,46,40,2,1,5,0,5,0,1,0,0,0,0,0,0,0
42100,9939,5362,49,23,3,0,4,0,5,0,0,0,0,0,0,0,0,0
42200,9930,4786,51,50,6,1,8,0,3,5,2,0,0,0,0,0,0,0
42300,9937,4932,52,97,2,0,5,0,2,2,2,0,0,0,0,0,0,0
42400,9945,4870,47,90,1,1,6,3,0,1,0,0,1,0,0,0,0,0
42500,9907,5319,86,31,1,1,4,0,2,0,0,1,0,0,0,0,0,0
42600,9878,4641,105,19,6,1,6,2,4,1,1,0,0,0,0,0,0,0
42700,9888,5465,100,64,1,0,9,1,2,1,0,0,0,0,0,0,0,0
42800,9893,5484,91,31,4,1,4,3,5,1,2,0,1,0,0,0,0,0
42900,9893,4500,91,24,3,0,4,1,7,0,2,0,0,0,0,0,0,0
43000,9893,4174,94,21,3,1,2,1,6,0,2,0,0,0,0,0,0,0
43100,9889,4235,100,27,2,1,5,4,3,1,1,0,0,0,0,0,0,0
43200,9892,4420,98,23,3,2,3,0,4,1,0,1,0,0,0,0,0,0
43300,9895,5228,97,26,1,0,3,1,3,1,1,2,0,0,0,0,0,0
43400,9889,4977,104,20,1,2,1,4,5,5,0,0,0,0,0,0,0,0
43500,9885,4607,107,21,1,2,3,2,4,0,0,0,0,0,0,0,0,0
43600,9875,5182,114,19,4,2,5,4,1,2,1,0,0,0,0,0,0,0
43700,9880,5786,110,21,4,1,1,0,5,0,0,0,0,0,0,0,0,0
43800,9883,4918,104,29,3,1,1,0,6,2,3,0,0,0,0,0,0,0
43900,9883,5393,111,23,1,3,0,1,3,3,2,0,0,0,0,0,0,0
44000,9874,4492,109,23,7,0,1,2,6,0,3,1,0,0,0,0,0,0
44100,9883,3880,105,23,3,0,3,1,5,0,1,1,0,0,0,0,0,0
44200,9942,4937,44,24,3,2,6,4,4,0,1,0,0,0,0,0,0,0
44300,9938,5069,50,22,1,1,7,1,2,1,2,1,0,0,0,0,0,0
44400,9935,5109,53,23,1,0,4,8,6,0,1,0,0,0,0,0,0,0
44500,9917,5192,69,20,4,0,6,5,3,0,1,0,0,0,0,0,0,0
44600,9926,4498,61,20,0,1,11,2,2,1,0,0,0,0,0,0,0,0
44700,9913,3982,60,25,2,2,21,0,3,1,1,0,0,0,0,0,0,0
44800,9927,2894,52,25,5,0,10,1,5,1,1,0,0,0,0,0,0,0
44900,9916,2794,60,23,6,0,12,1,4,0,1,2,1,0,0,0,0,0
45000,9917,3082,63,20,4,1,11,2,4,1,1,0,0,0,0,0,0,0
45100,9927,3146,62,24,3,1,6,1,1,0,1,0,0,0,0,0,0,0
45200,9906,3721,79,21,6,0,8,0,0,0,1,0,0,0,0,0,0,0
45300,9918,4046,61,20,3,0,7,0,7,0,4,0,0,0,0,0,0,0
45400,9923,3991,60,31,2,1,11,1,3,1,1,0,0,0,0,0,0,0
45500,9932,3748,49,28,2,1,9,3,4,1,4,0,0,0,0,0,0,0
45600,9935,4313,50,20,1,0,11,1,1,0,2,1,0,0,0,0,0,0
45700,9942,4238,39,21,4,0,8,1,5,1,2,1,0,0,0,0,0,0
45800,9932,3896,49,25,3,2,9,7,5,2,2,0,0,0,0,0,0,0
45900,9933,4050,53,33,6,0,6,1,1,0,1,1,0,0,0,0,0,0
46000,9937,4300,51,22,1,0,7,0,3,0,1,0,0,0,0,0,0,0
46100,9938,4056,53,35,1,0,7,0,1,1,0,0,0,0,0,0,0,0
46200,9894,5057,85,35,0,0,9,1,9,0,2,0,1,0,0,0,0,0
46300,9941,5566,47,35,4,0,4,4,3,0,1,0,0,0,0,0,0,0
46400,9935,5857,48,22,4,0,7,3,5,1,1,1,0,0,0,0,0,0
46500,9942,5117,45,26,4,0,5,4,4,1,0,0,0,0,0,0,0,0
46600,9943,4568,40,23,6,0,4,2,5,0,2,0,0,0,0,0,0,0
46700,9938,3901,51,12,2,0,6,1,3,0,0,0,0,0,0,0,0,0
46800,9931,4112,47,6,4,1,10,0,4,3,4,1,0,0,0,0,0,0
46900,9911,4509,76,0,2,0,5,2,5,0,1,0,0,0,0,0,0,0
47000,9892,4905,93,2,2,0,7,0,6,0,0,0,0,0,0,0,0,0
47100,9892,4926,89,3,5,0,7,0,6,5,1,0,0,0,0,0,0,0
47200,9901,4417,87,1,0,2,6,2,3,2,3,0,0,0,0,0,0,0
47300,9909,4378,78,3,1,2,7,1,4,3,1,0,0,0,0,0,0,0
47400,9907,3987,80,4,2,1,8,0,1,1,2,0,0,0,0,0,0,0
47500,9913,4359,72,44,5,1,5,2,2,1,3,0,0,0,0,0,0,0
47600,9912,4633,78,36,3,0,4,1,3,0,0,0,0,0,0,0,0,0
47700,9914,4513,77,2,0,0,7,1,1,4,1,0,0,0,0,0,0,0
47800,9920,4053,73,11,2,2,3,0,2,0,0,0,0,0,0,0,0,0
47900,9913,3694,76,5,0,1,7,0,3,0,1,0,0,0,0,0,0,0
48000,9914,3913,72,30,5,0,5,1,2,0,2,0,0,0,0,0,0,0
48100,9915,4526,78,26,1,1,6,0,0,1,0,0,0,0,0,0,0,0
48200,9919,4093,66,14,5,0,5,2,4,1,1,0,0,0,0,0,0,0
48300,9977,4426,15,78,3,0,2,1,1,1,1,0,1,0,0,0,0,0
48400,9977,4573,17,49,0,1,1,0,4,1,1,0,0,0,0,0,0,0
48500,9972,4593,23,26,1,1,0,3,3,2,1,0,0,0,0,0,0,0
48600,9970,4734,23,7,2,1,2,2,1,1,2,0,0,0,0,0,0,0
48700,9974,4797,20,4,1,4,0,5,4,0,1,1,0,0,0,0,0,0
48800,9977,4802,18,25,1,1,1,0,2,0,1,0,0,0,0,0,0,0
48900,9972,3709,16,27,2,1,2,0,7,4,1,0,0,0,0,0,0,0
49000,9975,3594,20,13,1,0,0,3,1,1,3,0,0,0,0,0,0,0
49100,9976,3828,18,11,1,0,3,1,2,0,0,1,0,0,0,0,0,0
49200,9976,4519,18,7,0,2,0,1,4,0,2,0,0,0,0,0,0,0
49300,9970,4443,22,0,3,0,4,0,1,1,0,2,0,0,0,0,0,0
49400,9970,3709,25,8,1,0,2,0,1,0,1,0,0,0,0,0,0,0
49500,9969,2765,24,11,1,2,1,1,3,1,2,1,0,0,0,0,0,0
49600,9972,3003,24,6,1,1,2,2,0,1,1,1,0,0,0,0,0,0
49700,9966,3712,24,1,2,0,1,2,4,2,3,0,0,0,0,0,0,0
49800,9968,4754,27,4,0,1,3,2,2,1,0,1,0,0,0,0,0,0
49900,9968,4988,23,5,0,3,1,1,6,0,2,2,0,0,0,0,0,0
50000,9959,5187,28,7,3,1,2,2,6,5,1,1,1,0,0,0,0,0
50100,9961,4337,25,12,6,3,3,2,5,0,0,1,0,0,0,0,0,0
50200,9962,4353,29,23,0,0,3,1,5,1,1,0,0,0,0,0,0,0
50300,9973,3921,19,23,1,1,3,0,2,0,2,0,0,0,0,0,0,0
50400,9972,4616,17,9,2,1,1,5,6,3,2,0,0,0,0,0,0,0
50500,9972,4331,21,35,0,1,2,5,4,2,1,0,0,0,0,0,0,0
50600,9973,3892,16,20,1,1,2,2,8,2,0,1,0,0,0,0,0,0
50700,9971,3567,21,6,1,0,3,0,3,0,1,0,0,0,0,0,0,0
50800,9973,4298,18,16,1,0,1,4,6,0,1,0,0,0,0,0,0,0
50900,9979,4498,16,12,1,1,2,1,1,2,1,0,0,0,0,0,0,0
51000,9974,3720,18,11,1,0,0,0,6,4,0,0,1,0,0,0,0,0
51100,9974,4267,15,21,2,1,1,0,6,0,2,0,0,0,0,0,0,0
51200,9978,4322,18,31,1,0,0,1,3,1,0,0,0,0,0,0,0,0
51300,9977,3845,14,11,1,2,1,1,6,0,1,0,0,0,0,0,0,0
51400,9976,4877,13,50,0,2,4,2,6,1,1,0,0,0,0,0,0,0
51500,9980,4633,13,12,4,0,1,1,1,1,1,0,0,0,0,0,0,0
51600,9979,3880,14,7,1,0,0,0,5,0,1,0,0,0,0,0,0,0
51700,9978,3721,15,3,1,0,0,0,5,0,1,2,0,0,0,0,0,0
51800,9979,4043,11,3,2,0,1,0,6,4,1,0,0,0,0,0,0,0
51900,9983,4596,12,4,2,0,0,0,2,0,1,0,0,0,0,0,0,0
52000,9979,3950,12,0,3,1,0,0,6,0,0,0,0,0,0,0,0,0
52100,9977,3803,14,1,3,0,1,1,5,1,0,0,0,0,0,0,0,0
52200,9980,3945,11,6,2,0,1,0,4,0,2,1,0,0,0,0,0,0
52300,9982,3347,12,5,1,0,2,2,2,0,1,0,0,0,0,0,0,0
52400,9977,3142,12,11,3,3,2,1,6,0,0,0,0,0,0,0,0,0
52500,9974,3209,19,4,0,0,2,0,4,0,1,0,0,0,0,0,0,0
52600,9975,3505,15,0,3,0,0,0,7,0,0,2,0,0,0,0,0,0
52700,9984,3128,11,4,0,1,2,0,3,0,0,0,0,0,0,0,0,0
52800,9976,3190,13,11,2,0,5,1,2,1,2,0,0,0,0,0,0,0
52900,9975,2748,18,19,4,0,1,0,2,1,0,0,0,0,0,0,0,0
53000,9972,3228,18,8,2,0,3,0,3,0,2,0,0,0,0,0,0,0
53100,9978,4144,13,1,1,0,2,3,3,1,3,0,0,0,0,0,0,0
53200,9980,4304,12,1,0,0,5,3,1,0,2,0,0,0,0,0,0,0
53300,9983,3939,10,2,2,0,3,1,2,1,0,0,0,0,0,0,0,0
53400,9980,3482,14,0,1,0,1,1,3,2,1,0,0,0,0,0,0,0
53500,9975,3338,14,4,4,0,2,0,2,0,3,0,0,0,0,0,0,0
53600,9979,3801,10,6,2,0,5,0,3,0,0,0,1,0,0,0,0,0
53700,9980,3090,11,4,2,1,2,1,5,0,0,1,0,0,0,0,0,0
53800,9976,3115,17,3,3,1,2,0,2,2,0,1,0,0,0,0,0,0
53900,9988,3654,1,5,4,0,2,3,5,2,0,0,0,0,0,0,0,0
54000,9987,3652,5,18,2,0,3,3,2,0,1,0,0,0,0,0,0,0
54100,9963,3261,26,6,2,1,5,1,3,3,1,0,0,0,0,0,0,0
54200,9967,2926,30,3,1,0,0,0,1,1,1,0,0,0,0,0,0,0
54300,9964,3304,28,10,3,1,2,0,3,0,0,0,0,0,0,0,0,0
54400,9964,2995,32,5,2,0,2,0,0,0,0,1,0,0,0,0,0,0
54500,9963,3552,31,0,1,1,4,2,1,0,0,0,0,0,0,0,0,0
54600,9976,3818,13,2,2,0,3,8,3,1,3,0,0,0,0,0,0,0
54700,9984,3941,8,9,3,1,1,2,3,1,1,0,0,0,0,0,0,0
54800,9980,3994,10,3,2,0,2,3,5,3,1,1,0,0,0,0,0,0
54900,9982,3851,13,6,0,0,2,0,3,0,0,0,0,0,0,0,0,0
55000,9974,3848,17,4,0,0,2,0,4,0,3,0,0,0,0,0,0,0
55100,9980,3113,14,6,2,0,1,0,2,0,1,0,0,0,0,0,0,0
55200,9981,3726,15,0,0,1,2,0,2,1,0,0,0,0,0,0,0,0
55300,9968,3833,16,93,2,1,6,2,7,1,1,1,0,0,0,0,0,0
55400,9979,4111,14,64,3,1,2,0,2,2,0,0,0,0,0,0,0,0
55500,9978,4382,16,3,0,0,0,4,3,3,3,1,0,0,0,0,0,0
55600,9977,3900,16,2,3,1,1,1,3,2,0,0,0,0,0,0,0,0
55700,9976,3478,18,0,3,1,1,4,1,3,1,1,0,0,0,0,0,0
55800,9978,3498,15,30,3,2,4,1,0,0,0,4,0,0,0,0,0,0
55900,9977,3472,15,0,1,0,4,0,3,2,0,4,0,0,0,0,0,0
56000,9975,3725,15,0,2,0,4,0,3,3,1,4,0,0,0,0,0,0
56100,9972,3924,19,0,6,0,1,1,2,0,0,0,0,0,0,0,0,0
56200,9975,3329,18,2,1,1,1,1,5,0,0,0,0,0,0,0,0,0
56300,9978,3151,16,1,3,0,0,1,2,0,1,1,0,0,0,0,0,0
56400,9974,2942,15,6,2,0,6,0,2,2,1,0,0,0,0,0,0,0
56500,9977,3076,10,5,1,0,9,0,1,0,2,0,0,0,0,0,0,0
56600,9986,2591,6,2,0,0,2,5,4,1,2,0,0,0,0,0,0,0
56700,9983,2606,6,0,1,0,2,1,6,0,2,1,0,0,0,0,0,0
56800,9987,2711,9,0,0,0,1,0,2,0,1,1,0,0,0,0,0,0
56900,9983,2868,7,61,1,0,5,0,3,1,1,1,0,0,0,0,0,0
57000,9983,2991,9,57,1,0,4,1,2,2,1,0,0,0,0,0,0,0
57100,9987,2761,8,3,1,0,1,0,3,1,0,1,0,0,0,0,0,0
57200,9982,3458,8,17,2,0,5,1,3,0,0,0,0,0,0,0,0,0
57300,9987,3616,6,6,5,0,0,0,2,1,0,0,0,0,0,0,0,0
57400,9978,4209,9,2,4,0,6,0,3,0,0,0,0,0,0,0,0,0
57500,9976,3704,6,2,1,1,6,1,9,2,2,0,0,0,0,0,0,0
57600,9970,3834,12,10,3,1,5,2,10,0,0,0,0,0,0,0,0,0
57700,9979,3699,7,9,1,0,5,5,8,2,0,3,0,0,0,0,0,0
57800,9983,4182,6,1,2,0,7,1,2,3,0,0,0,0,0,0,0,0
57900,9987,3848,9,2,0,0,3,1,1,1,0,0,0,0,0,0,0,0
58000,9993,3908,4,0,1,1,2,3,0,5,0,0,0,0,0,0,0,0
58100,9990,3902,0,36,2,1,3,0,5,1,0,0,0,0,0,0,0,0
58200,9987,3607,1,78,3,0,6,0,1,1,2,0,0,0,0,0,0,0
58300,9994,2931,0,4,0,0,3,0,2,4,1,0,0,0,0,0,0,0
58400,9984,3025,0,4,2,0,7,3,6,0,1,0,0,0,0,0,0,0
58500,9988,3442,1,0,1,3,6,1,2,1,2,0,0,0,0,0,0,0
58600,9993,3515,0,8,2,0,4,0,0,0,1,0,0,0,0,0,0,0
58700,9990,2933,2,2,1,0,3,0,2,0,2,0,0,0,0,0,0,0
58800,9990,2832,1,1,1,1,5,0,3,1,0,0,0,0,0,0,0,0
58900,9971,2931,17,3,1,0,5,0,6,0,0,2,0,0,0,0,0,0
59000,9969,2958,20,0,3,1,3,0,5,1,0,0,0,0,0,0,0,0
59100,9971,3656,19,5,3,1,5,1,2,0,0,0,0,0,0,0,0,0
59200,9977,3057,16,1,1,1,4,0,2,1,0,1,0,0,0,0,0,0
59300,9975,2302,11,4,0,2,8,0,5,1,1,1,0,0,0,0,0,0
59400,9979,2562,9,2,4,1,3,0,3,2,2,0,0,1,0,0,0,0
59500,9980,2971,12,11,1,0,4,0,2,0,1,1,0,0,0,0,0,0
59600,9982,2693,11,26,2,0,4,1,0,0,1,1,0,0,0,0,0,0
59700,9969,2839,21,25,4,0,3,0,3,0,0,0,0,0,0,0,0,0
59800,9969,3508,21,20,2,0,5,4,2,1,1,0,0,0,0,0,0,0
59900,9974,3975,22,18,1,0,1,1,1,0,1,1,0,0,0,0,0,0
60000,9963,3976,32,2,1,0,3,0,1,1,0,0,0,0,0,0,0,0
60100,9962,3140,29,2,2,1,4,0,3,0,0,0,0,0,0,0,0,0
60200,9964,3553,29,0,1,0,1,1,4,0,1,0,0,0,0,0,0,0
60300,9966,4347,29,10,1,1,2,1,2,0,0,0,0,0,0,0,0,0
60400,9955,4106,38,5,3,1,1,1,2,1,1,0,0,0,0,0,0,0
60500,9950,3504,41,3,3,0,1,1,5,0,0,0,0,0,0,0,0,0
60600,9945,3157,41,2,2,0,2,0,6,3,4,0,0,0,0,0,0,0
60700,9947,3361,41,1,6,0,2,0,1,0,3,0,0,0,0,0,0,0
60800,9973,3723,24,6,1,0,1,0,0,0,1,1,0,0,0,0,0,0
60900,9984,3630,13,5,1,0,0,2,2,0,0,0,0,0,0,0,0,0
61000,9979,3746,16,9,2,1,2,1,1,1,0,0,0,0,0,0,0,0
61100,9978,4528,12,0,3,0,3,1,3,1,1,0,0,0,0,0,0,0
61200,9982,4057,11,2,1,0,2,0,1,0,3,0,0,0,0,0,0,0
61300,9978,4243,12,0,1,0,4,0,4,3,1,0,0,0,0,0,0,0
61400,9981,3731,11,1,3,1,4,0,1,2,0,2,0,0,0,0,0,0
61500,9981,4032,12,0,2,0,1,1,2,0,2,1,0,0,0,0,0,0
61600,9984,4180,11,3,2,0,2,2,0,2,1,0,0,0,0,0,0,0
61700,9981,3535,10,5,0,0,4,2,4,0,1,0,0,0,0,0,0,0
61800,9968,3744,16,5,3,0,2,0,9,2,2,0,0,0,0,0,0,0
61900,9980,3814,12,15,2,0,1,2,3,0,2,0,0,0,0,0,0,0
62000,9975,4126,13,13,2,1,8,0,1,0,1,0,0,0,0,0,0,0
62100,9977,3877,13,14,1,0,7,1,2,1,0,0,0,0,0,0,0,0
62200,9976,3986,10,16,2,1,5,0,5,0,2,1,0,0,0,0,0,0
62300,9981,4395,6,23,2,1,6,2,5,0,0,0,0,0,0,0,0,0
62400,9984,4295,6,8,1,0,5,2,4,1,0,0,0,0,0,0,0,0
62500,9985,3954,4,13,2,0,4,0,3,1,2,0,0,0,0,0,0,0
62600,9983,3552,8,6,1,0,6,3,2,0,0,0,0,0,0,0,0,0
62700,9983,3748,11,14,2,0,3,0,0,1,1,0,0,0,0,0,0,0
62800,9976,3977,11,4,2,0,9,0,1,0,1,0,0,0,0,0,0,0
62900,9979,3948,11,7,1,1,7,0,2,1,0,0,0,0,0,0,0,0
63000,9978,4043,13,2,2,0,5,0,1,0,1,1,0,0,0,0,0,0
63100,9976,3422,13,1,1,0,6,4,1,0,3,0,0,0,0,0,0,0
63200,9975,3695,15,1,3,1,5,0,2,0,0,0,0,0,0,0,0,0
63300,9965,3542,22,0,0,0,11,3,1,2,1,0,0,0,0,0,0,0
63400,9963,3693,26,14,1,0,7,1,2,0,1,1,0,0,0,0,0,0
63500,9954,3638,32,6,1,0,5,0,7,0,1,0,0,0,0,0,0,0
63600,9957,2766,33,4,1,0,8,0,1,0,0,0,0,0,0,0,0,0
63700,9957,2656,28,0,2,0,9,0,4,0,0,0,0,0,0,0,0,0
63800,9961,2615,31,0,2,0,3,1,3,1,0,0,0,0,0,0,0,0
63900,9964,2846,27,6,3,1,4,3,2,0,0,1,0,0,0,0,0,0
64000,9966,3336,26,0,2,0,4,7,1,0,1,1,0,0,0,0,0,0
64100,9965,3225,22,0,4,1,7,0,2,2,0,0,0,0,0,0,0,0
64200,9961,3439,29,2,2,0,4,1,3,1,1,1,0,0,0,0,0,0
64300,9969,3888,22,9,2,0,5,0,0,0,2,0,0,0,0,0,0,0
64400,9963,3807,27,3,1,1,8,4,0,0,1,0,0,0,0,0,0,0
64500,9956,3674,29,2,1,2,5,0,8,2,1,0,0,0,0,0,0,0
64600,9961,3238,24,3,0,0,6,0,8,1,1,0,0,0,0,0,0,0
64700,9962,3549,23,5,2,0,10,1,3,1,0,0,0,0,0,0,0,0
64800,9962,3559,24,5,2,0,8,1,4,1,0,1,0,0,0,0,0,0
64900,9958,3510,33,5,0,1,8,0,1,1,0,0,0,0,0,0,0,0
65000,9962,3917,30,3,1,1,4,0,2,1,1,0,0,0,0,0,0,0
65100,9962,3267,28,3,1,0,1,0,7,1,1,0,0,0,0,0,0,0
65200,9961,3364,30,2,1,4,4,0,2,1,2,0,0,0,0,0,0,0
65300,9966,3227,30,3,3,0,1,0,0,1,0,0,0,0,0,0,0,0
65400,9963,3398,32,42,2,0,1,1,0,0,2,0,0,0,0,0,0,0
65500,9951,3324,40,0,1,1,7,0,1,4,0,0,0,0,0,0,0,0
65600,9954,3826,35,0,2,1,6,0,2,1,1,0,0,0,0,0,0,0
65700,9966,3458,31,0,1,1,1,0,1,3,0,2,0,0,0,0,0,0
65800,9945,3637,46,0,1,0,2,1,5,0,1,1,0,0,0,0,0,0
65900,9948,3831,41,1,1,2,7,1,2,0,1,0,0,0,0,0,0,0
66000,9942,3730,46,4,0,0,3,1,8,0,1,1,0,0,0,0,0,0
66100,9942,3849,47,59,2,1,4,0,5,1,0,0,0,0,0,0,0,0
66200,9949,4477,46,2,2,1,1,1,2,2,0,0,0,0,0,0,0,0
66300,9942,4366,43,6,3,0,2,0,10,1,0,0,0,0,0,0,0,0
66400,9942,4207,45,7,3,1,7,4,3,1,0,0,0,0,0,0,0,0
66500,9941,3864,47,4,5,2,2,0,4,1,1,1,0,0,0,0,0,0
66600,9943,4267,38,1,5,0,5,1,7,2,2,0,0,0,0,0,0,0
66700,9973,3842,21,2,2,0,2,0,2,0,0,0,0,0,0,0,0,0
66800,9976,4418,19,4,2,0,2,3,1,0,0,0,0,0,0,0,0,0
66900,9969,4691,12,4,9,1,1,1,6,1,3,0,0,0,0,0,0,0
67000,9974,3792,18,7,2,1,1,5,5,0,0,0,0,0,0,0,0,0
67100,9976,3383,19,11,2,0,0,3,3,0,0,1,0,0,0,0,0,0
67200,9977,3536,16,21,1,0,2,1,3,0,1,0,0,0,0,0,0,0
67300,9980,3249,13,0,1,1,2,3,3,2,1,1,0,0,0,0,0,0
67400,9980,4164,13,2,1,0,0,1,5,0,1,0,0,0,0,0,0,0
67500,9969,4338,19,6,2,1,5,0,5,0,0,0,0,0,0,0,0,0
67600,9975,4323,17,2,2,1,0,0,3,0,2,0,1,0,0,0,0,0
67700,9975,4012,15,11,2,1,1,1,6,0,1,1,0,0,0,0,0,0
67800,9971,3603,26,10,1,1,0,2,1,0,1,0,0,0,0,0,0,0
67900,9962,3382,30,2,2,0,4,1,2,1,0,0,0,0,0,0,0,0
68000,9957,4100,36,1,2,1,1,1,1,0,3,0,0,0,0,0,0,0
68100,9966,4597,29,0,3,0,0,0,2,1,0,1,0,0,0,0,0,0
68200,9979,4769,11,7,4,1,0,2,4,1,2,0,0,0,0,0,0,0
68300,9974,4493,22,8,1,0,0,4,3,1,0,0,0,0,0,0,0,0
68400,9976,4608,16,0,4,0,1,1,3,1,0,1,0,0,0,0,0,0
68500,9974,3800,19,2,1,0,3,0,3,0,0,0,0,0,0,0,0,0
68600,9966,3656,29,9,2,1,0,3,2,0,1,0,0,0,0,0,0,0
68700,9967,4296,25,1,2,1,1,1,5,0,0,0,0,0,0,0,0,0
68800,9988,4024,2,2,2,2,3,1,5,4,0,0,0,0,0,0,0,0
68900,9991,3368,2,0,3,0,0,1,2,1,2,0,0,0,0,0,0,0
69000,9987,3281,5,3,3,1,0,2,3,2,2,1,0,0,0,0,0,0
69100,9988,3686,8,8,1,0,1,0,1,0,1,1,0,0,0,0,0,0
69200,9972,3429,20,10,1,1,1,1,5,2,1,0,0,0,0,0,0,0
69300,9962,2844,30,0,1,2,2,0,4,0,1,1,0,0,0,0,0,0
69400,9963,3200,30,2,2,1,2,0,2,5,1,0,0,0,0,0,0,0
69500,9951,3591,39,9,4,0,5,0,1,0,0,3,0,0,0,0,0,0
69600,9961,3927,35,1,2,0,1,0,1,0,0,0,0,0,0,0,0,0
69700,9963,3564,30,3,1,2,1,0,4,1,1,1,0,0,0,0,0,0
69800,9966,4107,32,4,1,0,0,0,0,0,1,0,0,0,0,0,0,0
69900,9954,4217,43,7,1,1,1,0,1,0,0,1,0,0,0,0,0,0
70000,9957,4336,36,2,1,2,2,0,1,1,3,0,0,0,0,0,0,0
70100,9959,4892,39,13,1,0,1,0,0,1,0,0,0,0,0,0,0,0
70200,9959,4730,30,3,3,1,4,4,2,0,2,0,0,0,0,0,0,0
70300,9967,4860,30,9,0,0,1,2,2,0,0,1,0,0,0,0,0,0
70400,9952,3786,42,2,3,0,1,0,2,1,0,0,0,0,0,0,0,0
70500,9943,3026,48,15,1,3,7,1,1,1,0,0,0,0,0,0,0,0
70600,9957,2801,34,49,4,0,2,0,1,0,2,0,0,0,0,0,0,0
70700,9948,2557,46,8,2,1,2,0,2,1,0,1,0,0,0,0,0,0
70800,9935,3662,57,2,3,1,0,0,4,2,1,0,0,0,0,0,0,0
70900,9920,3835,69,3,3,0,2,2,2,0,4,0,0,0,0,0,0,0
71000,9913,4189,83,10,0,0,0,1,2,1,2,0,0,0,0,0,0,0
71100,9911,4601,84,5,1,0,1,3,2,0,1,0,0,0,0,0,0,0
71200,9915,4486,80,0,0,2,2,0,2,1,1,1,0,0,0,0,0,0
71300,9919,4120,73,3,2,1,0,3,5,0,1,1,0,0,0,0,0,0
71400,9921,3063,74,2,0,0,0,0,2,1,3,0,0,0,0,0,0,0
71500,9923,2790,71,14,1,1,1,1,3,0,1,0,0,0,0,0,0,0
71600,9915,3746,76,17,1,2,6,0,2,0,0,1,0,0,0,0,0,0
71700,9870,3494,118,12,4,0,2,0,5,0,1,0,0,0,0,0,0,0
71800,9871,3329,114,3,4,0,7,0,3,0,1,0,0,0,0,0,0,0
71900,9909,3158,67,0,2,1,12,2,8,1,2,1,0,0,0,0,0,0
72000,9899,2710,71,0,3,1,13,4,14,1,0,0,0,0,0,0,0,0
72100,9897,2993,73,5,3,0,15,1,12,0,0,1,0,0,0,0,0,0
72200,9892,2886,73,4,3,2,14,1,17,1,1,0,0,0,0,0,0,0
72300,9902,2790,71,5,1,0,15,3,10,0,1,0,0,0,0,0,0,0
72400,9914,3396,63,0,4,2,14,0,4,0,1,0,0,0,0,0,0,0
72500,9912,3358,66,0,2,0,17,0,3,2,0,0,0,0,0,0,0,0
72600,9890,3058,83,3,0,1,21,0,6,1,0,0,0,0,0,0,0,0
72700,9903,2907,79,0,2,0,12,0,2,0,2,0,0,0,0,0,0,0
72800,9901,2828,81,3,0,1,13,1,4,0,1,0,0,0,0,0,0,0
72900,9905,2897,81,11,2,0,11,0,1,0,0,0,0,0,0,0,0,0
73000,9902,3456,80,0,2,0,12,0,3,0,1,0,0,0,0,0,0,0
73100,9909,3551,73,6,2,0,12,0,3,0,1,0,0,0,0,0,0,0
73200,9898,3286,70,16,3,0,27,1,2,0,0,0,0,0,0,0,0,0
73300,9898,3514,75,3,2,0,23,1,1,0,0,0,1,0,0,0,0,0
73400,9901,4220,77,1,1,0,16,0,5,1,0,0,0,0,0,0,0,0
73500,9939,3772,41,0,2,0,17,0,1,2,0,0,0,0,0,0,0,0
73600,9960,3160,17,6,0,1,18,1,4,0,1,0,0,0,0,0,0,0
73700,9959,3713,18,10,2,0,15,0,4,1,2,0,0,0,0,0,0,0
73800,9962,3258,17,21,1,0,19,0,1,1,0,0,0,0,0,0,0,0
73900,9959,3184,18,20,1,5,19,0,2,1,1,0,0,0,0,0,0,0
74000,9955,3119,19,16,3,0,19,9,3,0,0,0,1,0,0,0,0,0
74100,9966,2965,16,9,0,0,16,5,1,1,1,0,0,0,0,0,0,0
74200,9963,2991,16,7,1,2,16,0,3,0,1,1,0,0,0,0,0,0
74300,9966,3172,17,1,0,0,16,0,1,4,0,2,0,0,0,0,0,0
74400,9960,3281,17,0,2,0,17,0,4,1,0,0,0,0,0,0,0,0
74500,9965,3564,16,1,2,1,16,0,1,0,0,1,0,0,0,0,0,0
74600,9964,2801,16,9,1,2,17,0,2,0,0,0,0,0,0,0,0,0
74700,9965,2824,16,0,1,0,15,0,2,0,1,0,0,0,0,0,0,0
74800,9962,2976,19,0,0,0,15,1,3,1,1,0,0,0,0,0,0,0
74900,9960,3006,16,1,3,0,17,1,2,1,2,0,0,0,0,0,0,0
75000,9964,3662,17,1,2,0,15,13,2,1,0,1,0,0,0,0,0,0
75100,9957,3816,18,0,2,1,19,15,3,0,1,1,0,0,0,0,0,0
75200,9959,4046,17,1,4,1,17,12,3,1,0,1,0,0,0,0,0,0
75300,9962,3676,17,3,2,0,16,0,2,0,1,0,0,0,0,0,0,0
75400,9955,3432,20,6,1,3,19,0,4,0,1,0,0,0,0,0,0,0
75500,9961,3418,16,2,2,2,18,0,1,0,2,0,0,0,0,0,0,0
75600,9958,3287,18,4,0,1,17,2,5,2,2,0,0,0,0,0,0,0
75700,9953,3654,18,1,2,0,16,0,11,1,0,0,0,0,0,0,0,0
75800,9960,3324,16,3,0,5,16,0,7,2,0,2,1,0,0,0,0,0
75900,9949,3729,16,3,5,0,19,0,10,3,1,0,0,0,0,0,0,0
76000,9958,3312,16,1,1,2,15,0,9,1,1,1,0,0,0,0,0,0
76100,9950,3523,19,0,2,0,17,0,11,0,1,2,0,0,0,0,0,0
76200,9958,3834,17,2,1,0,16,0,7,0,0,0,1,0,0,0,0,0
76300,9960,3292,16,58,0,1,17,0,7,1,0,2,0,0,0,0,0,0
76400,9955,2729,19,128,0,0,16,0,8,1,2,0,0,0,0,0,0,0
76500,9954,2838,17,134,1,1,20,0,7,0,1,0,0,0,0,0,0,0
76600,9960,2853,16,11,1,0,15,0,8,1,0,0,0,0,0,0,0,0
76700,9938,2822,20,46,1,1,29,0,11,0,1,1,0,0,0,0,0,0
76800,9949,3475,17,1,1,0,25,1,8,2,0,0,0,0,0,0,0,0
76900,9942,3471,16,7,3,0,30,0,9,1,0,0,0,0,0,0,0,0
77000,9933,3249,25,6,2,0,31,2,8,0,1,0,0,0,0,0,0,0
77100,9924,3642,30,5,2,1,34,0,10,1,0,0,0,0,0,0,0,0
77200,9925,3347,29,2,2,0,34,0,9,0,1,0,0,0,0,0,0,0
77300,9922,2649,29,6,0,0,38,0,9,0,2,0,0,0,0,0,0,0
77400,9914,2125,29,8,1,0,45,7,10,0,1,0,0,0,0,0,0,0
77500,9909,2996,29,8,1,2,50,0,10,0,1,0,0,0,0,0,0,0
77600,9907,3825,31,7,2,0,48,5,12,3,0,0,0,0,0,0,0,0
77700,9912,3549,29,6,0,0,49,4,8,3,2,0,0,0,0,0,0,0
77800,9910,2783,30,5,2,0,49,3,8,3,1,0,0,0,0,0,0,0
77900,9902,3002,32,11,1,0,54,2,11,0,0,0,0,0,0,0,0,0
78000,9888,2599,32,15,1,0,67,1,9,0,3,0,0,0,0,0,0,0
78100,9880,2744,31,8,6,3,71,3,9,0,2,0,1,0,0,0,0,0
78200,9891,3084,31,9,4,0,65,2,9,0,0,0,0,0,0,0,0,0
78300,9893,3706,31,17,2,0,65,0,9,1,0,0,0,0,0,0,0,0
78400,9900,4144,31,1,2,0,63,0,4,1,0,0,0,0,0,0,0,0
78500,9894,3726,32,0,3,1,70,1,1,1,0,0,0,0,0,0,0,0
78600,9896,3658,33,1,1,0,67,4,2,1,1,1,0,0,0,0,0,0
78700,9906,3710,34,11,1,1,54,5,4,1,1,0,0,0,0,0,0,0
78800,9918,3599,30,14,1,1,49,3,1,1,1,0,0,0,0,0,0,0
78900,9914,3691,32,20,2,0,50,0,2,2,0,0,0,0,0,0,0,0
79000,9919,3684,31,4,2,1,45,0,2,1,1,0,0,0,0,0,0,0
79100,9915,3682,30,8,0,3,49,0,4,1,2,0,0,0,0,0,0,0
79200,9914,4029,32,3,2,0,49,0,2,0,1,0,0,0,0,0,0,0
79300,9918,3347,29,2,0,0,49,0,4,4,0,0,0,0,0,0,0,0
79400,9921,3714,30,2,1,1,46,0,2,0,0,1,0,0,0,0,0,0
79500,9932,3359,30,11,3,1,32,0,2,1,1,0,0,0,0,0,0,0
79600,9943,3186,21,2,1,0,33,4,2,1,0,0,0,0,0,0,0,0
79700,9938,3622,24,0,4,1,31,2,1,0,2,1,0,0,0,0,0,0
79800,9938,3532,23,0,0,1,34,0,4,0,1,1,0,0,0,0,0,0
79900,9944,4179,21,0,0,0,31,1,4,0,0,1,0,0,0,0,0,0
80000,9939,4058,22,8,1,0,32,0,2,2,4,0,0,0,0,0,0,0
80100,9937,3566,21,1,2,0,36,2,3,0,1,1,0,0,0,0,0,0
80200,9957,3689,20,0,1,1,20,2,1,0,1,1,0,0,0,0,0,0
80300,9954,4594,20,10,1,1,20,1,3,4,2,0,0,0,0,0,0,0
80400,9956,3949,22,4,2,1,16,0,3,0,1,1,0,0,0,0,0,0
80500,9952,3604,20,7,2,2,16,1,8,3,2,0,0,0,0,0,0,0
80600,9953,3848,22,0,3,1,18,2,3,0,1,0,0,0,0,0,0,0
80700,9952,3985,24,58,4,0,17,0,3,1,0,0,0,0,0,0,0,0
80800,9969,4569,8,16,1,1,16,0,5,1,1,1,0,0,0,0,0,0
80900,9973,3641,8,29,1,1,15,3,2,1,1,0,0,0,0,0,0,0
81000,9973,3911,8,1,0,0,15,4,0,0,4,0,0,0,0,0,0,0
81100,9969,3790,8,0,1,0,19,1,2,0,1,0,0,0,0,0,0,0
81200,9968,3277,11,0,1,1,18,1,2,1,0,0,0,0,0,0,0,0
81300,9973,4330,8,1,2,0,15,4,1,0,1,1,0,0,0,0,0,0
81400,9967,3460,8,2,2,0,17,2,4,5,2,0,0,0,0,0,0,0
81500,9967,3252,10,0,2,0,15,1,6,0,0,0,0,0,0,0,0,0
81600,9964,3019,11,1,3,0,16,3,3,0,3,0,0,0,0,0,0,0
81700,9964,3114,8,10,2,1,16,10,8,0,2,0,0,0,0,0,0,0
81800,9966,3855,8,7,4,1,16,1,5,1,1,0,0,0,0,0,0,0
81900,9967,4280,10,2,3,0,18,1,2,1,0,0,0,0,0,0,0,0
82000,9972,4379,8,6,0,1,17,6,2,0,1,0,0,0,0,0,0,0
82100,9971,3992,8,0,1,0,17,2,3,0,0,0,0,0,0,0,0,0
82200,9971,4136,9,1,1,1,17,0,2,1,0,0,0,0,0,0,0,0
82300,9972,3826,9,1,1,0,16,4,1,4,1,0,0,0,0,0,0,0
82400,9960,3673,13,14,2,0,16,3,7,1,2,3,0,0,0,0,0,0
82500,9967,3699,8,14,2,2,18,1,3,0,2,0,0,0,0,0,0,0
82600,9970,3387,3,1,2,2,19,0,6,0,0,0,0,0,0,0,0,0
82700,9975,3208,2,1,4,0,17,8,1,0,1,0,0,0,0,0,0,0
82800,9975,2547,0,9,2,0,19,0,3,0,1,2,0,0,0,0,0,0
82900,9979,2663,1,28,1,0,17,1,1,5,1,0,0,0,0,0,0,0
83000,9979,3123,0,15,2,0,16,0,3,0,0,0,0,0,0,0,0,0
83100,9975,3625,0,2,2,1,21,1,2,2,0,0,0,1,0,0,0,0
83200,9982,4591,0,4,0,2,16,2,2,1,0,0,0,0,0,0,0,0
83300,9978,4687,0,4,1,0,17,2,1,0,3,1,0,0,0,0,0,0
83400,9974,4016,1,2,3,1,17,3,5,2,0,0,0,0,0,0,0,0
83500,9983,3135,0,1,0,1,15,0,0,4,2,2,0,0,0,0,0,0
83600,9980,3355,0,0,1,0,17,1,2,0,0,3,0,0,0,0,0,0
83700,9981,3903,0,1,0,1,17,1,1,2,1,1,0,0,0,0,0,0
83800,9983,4184,1,0,1,0,11,0,3,1,1,0,0,0,0,0,0,0
83900,9996,3587,1,1,1,0,1,0,0,1,1,1,0,0,0,0,0,0
84000,9985,3862,5,3,1,1,5,1,3,0,1,1,0,0,0,0,0,0
84100,9985,3034,5,3,2,0,2,0,6,4,0,1,0,0,0,0,0,0
84200,9984,3086,7,1,1,0,6,5,1,1,1,0,0,0,0,0,0,0
84300,9989,3415,7,2,2,1,0,1,2,0,0,1,0,0,0,0,0,0
84400,9985,3397,5,22,3,3,2,0,2,0,3,0,0,0,0,0,0,0
84500,9986,2607,6,0,4,0,2,3,1,1,1,0,0,0,0,0,0,0
84600,9989,2261,6,10,1,0,3,0,0,0,1,0,0,0,0,0,0,0
84700,9976,3157,15,0,2,0,4,1,1,0,2,0,0,0,0,0,0,0
84800,9966,4005,28,1,2,1,0,4,4,0,0,1,0,0,0,0,0,0
84900,9968,3218,24,14,3,0,3,4,1,1,1,0,0,0,0,0,0,0
85000,9971,2999,25,30,1,0,1,1,1,1,1,0,0,0,0,0,0,0
85100,9957,2908,29,20,4,2,6,0,3,0,1,0,0,0,0,0,0,0
85200,9965,2643,29,2,1,2,2,1,2,0,1,0,0,0,0,0,0,0
85300,9963,2843,31,6,2,1,0,0,2,2,2,0,0,0,0,0,0,0
85400,9961,3363,29,0,3,1,1,0,6,1,0,0,0,0,0,0,0,0
85500,9966,3627,30,4,0,0,1,0,2,2,1,0,0,0,0,0,0,0
85600,9961,2907,32,7,2,1,3,1,1,1,1,1,0,0,0,0,0,0
85700,9962,3382,30,1,2,1,1,0,3,0,2,0,0,0,0,0,0,0
85800,9956,3475,29,0,4,0,4,1,6,1,1,0,0,0,0,0,0,0
85900,9967,3270,31,0,0,1,1,0,1,0,0,0,0,0,0,0,0,0
86000,9966,3439,29,0,1,1,2,0,2,2,0,1,0,0,0,0,0,0
86100,9966,3374,32,4,1,1,1,0,0,1,0,0,0,0,0,0,0,0
86200,9965,3503,31,8,0,0,0,0,3,1,1,0,0,0,0,0,0,0
86300,9970,3305,29,0,0,1,1,0,0,5,0,0,0,0,0,0,0,0
86400,9964,3535,32,14,3,0,0,0,1,3,0,0,0,0,0,0,0,0
86500,9966,3304,29,2,1,0,1,1,2,1,1,0,0,0,0,0,0,0
86600,9955,3406,30,7,2,1,9,0,4,1,0,0,0,0,0,0,0,0
86700,9968,3389,25,13,1,1,1,0,3,0,2,1,0,0,0,0,0,0
86800,9988,2785,6,28,2,0,1,2,2,0,1,0,0,0,0,0,0,0
86900,9987,3082,7,14,1,0,2,0,3,0,0,0,0,0,0,0,0,0
87000,9986,3349,7,5,5,0,0,1,2,1,0,0,0,0,0,0,0,0
87100,9984,3595,6,1,3,0,4,1,3,0,0,0,0,0,0,0,0,0
87200,9985,3757,6,0,1,0,2,0,5,1,1,1,0,0,0,0,0,0
87300,9981,3030,14,2,2,0,2,1,1,0,0,0,0,0,0,0,0,0
87400,9964,2913,25,0,3,2,1,0,6,1,1,0,0,0,0,0,0,0
87500,9965,3008,29,2,0,0,2,0,3,2,1,0,0,0,0,0,0,0
87600,9967,2712,24,0,2,2,1,0,5,0,1,0,0,0,0,0,0,0
87700,9975,2944,22,4,1,0,0,0,2,1,0,1,0,0,0,0,0,0
87800,9969,3673,22,30,5,0,2,0,2,1,0,0,0,0,0,0,0,0
87900,9964,3670,24,33,1,2,1,0,8,0,2,0,0,0,0,0,0,0
88000,9967,4430,28,17,2,0,0,0,1,1,2,0,0,0,0,0,0,0
88100,9953,4245,28,7,4,0,6,0,5,0,2,0,2,0,0,0,0,0
88200,9969,3921,23,7,4,0,2,1,2,1,0,0,0,0,0,0,0,0
88300,9972,3809,22,27,3,2,0,0,1,0,2,1,0,0,0,0,0,0
88400,9972,3339,21,51,2,2,0,1,4,2,1,0,0,0,0,0,0,0
88500,9973,3257,22,52,0,0,1,0,4,1,0,0,0,0,0,0,0,0
88600,9965,3756,23,57,3,0,3,1,3,1,2,0,1,0,0,0,0,0
88700,9976,4196,23,108,1,0,0,0,0,1,0,0,0,0,0,0,0,0
88800,9973,4033,24,9,0,1,1,0,1,1,1,0,0,0,0,0,0,0
88900,9921,3632,68,2,3,0,4,0,2,0,2,0,0,0,0,0,0,0
89000,9903,3059,92,5,4,0,0,5,1,2,0,0,0,0,0,0,0,0
89100,9948,2546,42,4,2,0,3,5,3,1,2,0,0,0,0,0,0,0
89200,9963,2991,28,7,2,1,2,6,2,2,2,0,1,0,0,0,0,0
89300,9963,2655,30,1,3,0,2,2,1,0,1,0,0,0,0,0,0,0
89400,9965,3160,28,0,1,0,3,0,3,0,0,0,0,0,0,0,0,0
89500,9969,3611,27,0,0,0,0,1,2,1,2,0,0,0,0,0,0,0
89600,9965,3158,30,0,3,0,0,0,2,0,0,0,0,0,0,0,0,0
89700,9962,2627,29,3,1,0,3,1,4,0,1,3,0,0,0,0,0,0
89800,9965,2941,32,3,0,1,0,0,1,0,2,0,0,0,0,0,0,0
89900,9949,2926,42,2,4,0,3,1,2,6,0,0,0,0,0,0,0,0
90000,9944,2685,43,4,3,0,2,1,4,0,4,0,0,0,0,0,0,0
90100,9953,2959,41,0,2,1,2,0,1,0,1,0,0,0,0,0,0,0
90200,9950,4057,40,13,5,0,3,0,1,1,1,0,0,0,0,0,0,0
90300,9953,3579,41,11,2,0,2,2,2,1,0,0,0,0,0,0,0,0
90400,9956,3266,38,20,2,0,2,2,2,3,0,0,0,0,0,0,0,0
90500,9964,2974,29,4,2,0,0,1,3,3,2,0,0,0,0,0,0,0
90600,9963,3027,25,1,3,1,6,1,3,0,0,0,0,0,0,0,0,0
90700,9967,3193,23,4,2,0,1,0,6,4,1,0,0,0,0,0,0,0
90800,9971,4376,23,11,2,0,0,0,3,2,1,0,0,0,0,0,0,0
90900,9969,4029,20,0,2,0,3,5,5,0,1,0,0,0,0,0,0,0
91000,9970,3598,25,1,2,0,1,0,1,0,1,1,0,0,0,0,0,0
91100,9970,3290,20,0,2,0,2,0,5,0,1,0,0,0,0,0,0,0
91200,9977,2946,20,2,0,0,0,2,3,0,0,0,0,0,0,0,0,0
91300,9972,2301,22,3,0,0,3,0,3,0,0,0,0,0,0,0,0,0
91400,9974,3115,20,2,0,0,1,0,3,1,2,0,0,0,0,0,0,0
91500,9966,4184,19,2,3,0,7,2,3,0,2,0,0,0,0,0,0,0
91600,9974,3525,17,3,2,1,2,0,2,0,3,1,0,0,0,0,0,0
91700,9975,3577,20,7,1,0,1,0,3,1,0,0,0,0,0,0,0,0
91800,9977,3947,17,12,1,0,0,2,5,1,0,0,0,0,0,0,0,0
91900,9952,4283,46,17,1,0,0,4,1,0,0,0,0,0,0,0,0,0
92000,9910,4345,80,3,6,1,1,0,3,0,0,1,0,0,0,0,0,0
92100,9901,4533,86,5,3,0,1,0,8,0,1,1,0,0,0,0,0,0
92200,9905,5197,91,3,1,0,1,4,2,4,0,0,0,0,0,0,0,0
92300,9902,4227,92,5,0,0,4,0,2,1,0,0,0,0,0,0,0,0
92400,9899,3283,96,5,0,1,3,0,2,0,0,0,0,0,0,0,0,0
92500,9903,2944,91,2,1,0,2,2,2,1,1,0,0,0,0,0,0,0
92600,9911,3329,88,15,0,0,0,5,1,1,0,0,0,0,0,0,0,0
92700,9907,4026,84,15,0,0,1,1,7,1,1,1,0,0,0,0,0,0
92800,9902,4788,92,16,1,0,2,5,1,0,2,2,0,0,0,0,0,0
92900,9909,4448,86,6,1,0,1,4,3,1,0,0,0,0,0,0,0,0
93000,9904,4477,89,2,2,1,0,2,4,1,1,2,0,0,0,0,0,0
93100,9906,4317,85,2,3,0,2,0,2,0,2,1,0,0,0,0,0,0
93200,9906,4288,86,7,2,0,1,0,3,2,2,2,0,0,0,0,0,0
93300,9919,4286,72,9,5,2,2,1,2,2,0,0,0,0,0,0,0,0
93400,9922,3811,74,8,1,0,3,0,0,0,0,0,0,0,0,0,0,0
93500,9923,4438,70,11,0,1,3,1,4,0,0,1,0,0,0,0,0,0
93600,9920,4812,72,6,2,0,5,1,1,1,0,0,0,0,0,0,0,0
93700,9918,3990,79,5,1,0,2,4,0,0,0,0,0,0,0,0,0,0
93800,9922,3907,71,1,1,1,5,0,1,1,0,1,0,0,0,0,0,0
93900,9925,3420,69,6,1,0,3,6,1,0,1,0,0,0,0,0,0,0
94000,9922,3170,71,0,4,1,2,0,1,0,0,0,0,0,0,0,0,0
94100,9919,2706,73,1,0,1,5,3,0,0,3,0,0,0,0,0,0,0
94200,9927,2628,70,7,0,0,1,0,1,1,1,0,0,0,0,0,0,0
94300,9916,3008,81,10,0,0,0,0,3,0,0,0,0,0,0,0,0,0
94400,9911,2989,80,14,4,1,3,0,1,0,1,0,0,0,0,0,0,0
94500,9908,3089,81,17,3,0,3,1,2,1,3,0,0,0,0,0,0,0
94600,9897,3627,93,2,3,0,3,1,3,0,1,0,0,0,0,0,0,0
94700,9900,3555,92,3,3,0,2,0,1,0,2,0,0,0,0,0,0,0
94800,9898,3445,94,3,2,1,2,1,3,0,1,1,0,0,0,0,0,0
94900,9897,3131,94,2,2,1,4,0,3,1,0,0,0,0,0,0,0,0
95000,9897,3702,96,2,1,0,4,0,1,1,1,0,0,0,0,0,0,0
95100,9895,3312,98,54,0,0,4,0,2,0,1,1,0,0,0,0,0,0
95200,9897,3306,96,36,0,0,4,0,3,0,0,0,0,0,0,0,0,0
95300,9898,3694,95,9,2,0,1,0,3,0,1,0,0,0,0,0,0,0
95400,9882,4063,101,8,3,0,9,3,4,0,1,0,0,0,0,0,0,0
95500,9877,3604,116,1,2,0,2,0,2,1,1,0,0,0,0,0,0,0
95600,9877,3349,111,1,2,0,7,1,1,0,0,0,2,0,0,0,0,0
95700,9876,3965,114,3,0,0,8,1,0,0,2,0,0,0,0,0,0,0
95800,9876,4775,108,9,2,0,11,2,2,0,1,0,0,0,0,0,0,0
95900,9872,4648,116,6,1,0,5,1,4,0,2,2,0,0,0,0,0,0
96000,9881,4649,110,2,1,0,7,0,0,1,1,1,0,0,0,0,0,0
96100,9898,4274,93,3,2,1,5,2,1,0,1,0,0,0,0,0,0,0
96200,9887,4231,93,3,3,0,13,1,3,0,1,0,0,0,0,0,0,0
96300,9898,3371,95,2,1,0,3,0,2,1,1,0,0,0,0,0,0,0
96400,9893,3022,98,10,2,1,3,4,3,1,1,0,0,0,0,0,0,0
96500,9889,3509,96,10,5,1,7,0,3,0,0,0,0,0,0,0,0,0
96600,9884,3805,103,0,4,0,5,1,2,0,2,1,0,0,0,0,0,0
96700,9881,4232,104,3,0,0,6,1,7,0,2,0,0,0,0,0,0,0
96800,9878,3440,104,1,2,2,13,3,2,0,1,0,0,0,0,0,0,0
96900,9883,3332,107,5,2,0,6,0,1,1,1,0,0,0,0,0,0,0
97000,9873,2780,115,12,2,1,5,2,5,0,0,0,0,0,0,0,0,0
97100,9883,2548,113,7,0,0,3,0,1,0,0,0,0,0,0,0,0,0
97200,9879,2902,116,2,1,1,3,1,0,0,1,1,0,0,0,0,0,0
97300,9880,2847,103,9,2,0,10,1,4,0,1,0,0,0,0,0,0,0
97400,9890,2870,101,9,3,1,5,1,1,1,0,0,0,0,0,0,0,0
97500,9885,2890,102,9,2,1,7,0,3,2,1,1,0,0,0,0,0,0
97600,9894,3185,103,16,0,0,0,0,2,0,1,0,0,0,0,0,0,0
97700,9892,3249,102,37,2,0,0,0,2,0,2,0,0,0,0,0,0,0
97800,9890,3506,103,20,2,1,1,1,2,0,2,0,0,0,0,0,0,0
97900,9885,3614,104,6,1,0,1,0,9,0,0,1,0,0,0,0,0,0
98000,9892,3815,104,1,2,0,0,0,1,1,1,0,0,0,0,0,0,0
98100,9885,4388,110,3,1,0,3,1,1,0,0,0,0,0,0,0,0,0
98200,9894,4211,100,2,0,0,1,0,4,0,1,0,0,0,0,0,0,0
98300,9897,3771,91,4,2,0,5,1,4,0,1,0,0,0,0,0,0,0
98400,9902,3751,91,3,2,1,0,1,5,1,0,0,0,0,0,0,0,0
98500,9911,3776,84,0,3,0,2,1,0,1,0,0,0,0,0,0,0,0
98600,9912,3794,80,9,2,1,3,2,1,1,2,0,0,0,0,0,0,0
98700,9921,3956,77,8,1,1,0,2,1,1,0,0,0,0,0,0,0,0
98800,9915,4119,76,6,4,0,2,1,3,0,0,1,0,0,0,0,0,0
98900,9910,4061,79,5,1,0,5,0,4,1,1,0,0,0,0,0,0,0
99000,9915,3688,77,0,2,1,3,0,1,1,2,0,0,0,0,0,0,0
99100,9918,2929,77,1,0,2,4,0,1,0,0,0,0,0,0,0,0,0
99200,9915,2971,80,84,4,0,0,2,1,1,0,0,0,0,0,0,0,0
99300,9921,3497,76,2,1,0,0,0,2,0,0,0,0,0,0,0,0,0
99400,9911,3406,83,9,0,0,3,1,2,0,1,0,0,0,0,0,0,0
99500,9917,3052,77,4,2,0,1,0,1,2,2,0,0,0,0,0,0,0
99600,9914,3915,81,3,3,0,0,1,2,1,0,0,0,0,0,0,0,0
99700,9914,2970,79,4,1,0,1,0,4,0,1,0,0,0,0,0,0,0
99800,9912,2202,79,4,2,0,6,0,0,0,1,1,0,0,0,0,0,0
99900,9913,2696,77,0,3,1,4,0,2,1,1,0,0,0,0,0,0,0
100000,9920,2646,76,0,1,0,2,1,0,2,1,0,0,0,0,0,0,0
