update,host_task_NOT,sym_task_NOT,host_task_NAND,sym_task_NAND,host_task_AND,sym_task_AND,host_task_ORN,sym_task_ORN,host_task_OR,sym_task_OR,host_task_ANDN,sym_task_ANDN,host_task_NOR,sym_task_NOR,host_task_XOR,sym_task_XOR,host_task_EQU,sym_task_EQU
0,0,0,0,0,0,0,0,0,0,0,0,0,0,0,0,0,0,0
100,10000,38371,0,0,2,4,0,1,0,4,0,1,0,0,0,0,0,0
200,9995,33354,0,1,3,9,0,1,2,9,0,5,0,0,0,0,0,0
300,9988,33191,0,8,2,3,1,4,7,6,2,3,0,0,0,0,0,0
400,9996,33199,0,6,0,5,1,7,2,10,1,2,0,0,0,0,0,0
500,9997,33018,0,2,1,7,0,1,2,9,0,2,0,0,0,0,0,0
600,9994,27869,0,3,0,3,2,4,2,9,2,4,0,0,0,0,0,0
700,9995,25964,0,2,1,6,3,3,1,9,0,3,0,0,0,0,0,0
800,9997,25871,0,2,1,8,0,5,0,7,2,2,0,0,0,0,0,0
900,9995,25885,0,5,3,3,0,5,1,3,1,3,0,0,0,0,0,0
1000,9990,25790,0,7,4,1,2,3,1,7,3,1,0,0,0,0,0,0
1100,9994,23230,2,6,1,3,1,2,2,6,0,0,0,0,0,0,0,0
1200,9986,20424,6,4,1,2,3,2,4,1,0,0,0,0,0,0,0,0
1300,9993,20475,4,1,1,2,0,2,1,5,1,4,0,0,0,0,0,0
1400,9987,20480,4,4,4,4,2,6,2,5,1,3,0,0,0,0,0,0
1500,9986,20395,4,2,1,1,3,2,4,5,2,1,0,0,0,0,0,0
1600,9988,19440,1,14,0,4,2,3,8,5,1,1,0,0,0,0,0,0
1700,9990,16272,2,4,1,4,2,1,5,2,0,3,0,0,0,0,0,0
1800,9995,16154,1,9,2,0,0,2,1,5,1,1,0,0,0,0,0,0
1900,9989,16140,2,5,3,3,2,1,4,3,0,3,0,0,0,0,0,0
2000,9993,15984,4,4,1,0,1,1,0,4,1,1,0,0,0,0,0,0
2100,9992,16073,2,2,2,1,2,2,1,5,1,1,0,0,0,0,0,0
2200,9987,13032,6,3,2,1,1,1,3,4,1,2,0,0,0,0,0,0
2300,9992,12924,4,1,2,7,0,1,2,2,0,1,0,0,0,0,0,0
2400,9986,12871,7,7,1,3,1,5,2,6,3,3,0,0,0,0,0,0
2500,9988,12933,5,3,0,0,3,2,4,2,0,2,0,0,0,0,0,0
2600,9985,12932,5,4,4,2,3,2,3,1,0,0,0,0,0,0,0,0
2700,9989,10979,3,1,1,1,3,4,3,3,1,2,0,0,0,0,0,0
2800,9991,10484,1,6,2,1,5,2,1,1,0,1,0,0,0,0,0,0
2900,9990,10534,4,8,2,0,1,1,2,1,1,0,0,0,0,0,0,0
3000,9986,10654,5,7,3,0,4,1,1,3,1,1,0,0,0,0,0,0
3100,9983,10684,6,4,0,2,3,1,8,4,0,2,0,0,0,0,0,0
3200,9984,9613,4,5,0,2,7,2,4,3,1,1,0,0,0,0,0,0
3300,9989,8790,4,4,0,1,1,3,4,3,2,2,0,0,0,0,0,0
3400,9987,8850,6,4,1,0,1,3,2,1,3,0,0,0,0,0,0,0
3500,9985,8842,5,2,1,2,2,1,6,3,1,0,0,1,0,0,0,0
3600,9982,8799,9,1,2,0,1,1,4,3,2,1,0,0,0,0,0,0
3700,9985,8410,6,3,2,1,2,2,4,3,1,0,0,0,0,0,0,0
3800,9976,7338,14,8,4,1,2,2,3,2,1,1,0,0,0,0,0,0
3900,9978,7453,12,1,1,3,2,5,6,3,1,1,0,0,0,0,0,0
4000,9974,7673,14,5,4,1,5,3,1,1,1,0,1,0,0,0,0,0
4100,9972,7728,15,2,0,2,4,0,8,1,1,0,0,0,0,0,0,0
4200,9977,7533,12,9,2,0,0,0,9,4,0,1,0,0,0,0,0,0
4300,9961,6330,28,6,3,3,3,5,4,1,1,0,0,0,0,0,0,0
4400,9971,6452,22,3,0,1,3,3,4,1,0,0,0,0,0,0,0,0
4500,9967,6578,25,8,0,1,4,2,3,1,1,1,0,0,0,0,0,0
4600,9971,6587,23,15,0,2,2,4,4,3,0,0,0,0,0,0,0,0
4700,9958,6606,22,14,3,2,8,1,6,1,2,0,1,0,0,0,0,0
4800,9963,5736,21,3,2,1,8,0,6,1,0,0,0,0,0,0,0,0
4900,9972,5652,19,6,1,1,2,0,4,1,2,1,0,0,0,0,0,0
5000,9978,5843,18,7,2,0,0,2,1,0,1,3,0,0,0,0,0,0
5100,9970,5971,22,5,1,0,3,1,3,1,1,1,0,0,0,0,0,0
5200,9966,5900,21,7,0,0,8,0,3,0,2,1,0,0,0,0,0,0
5300,9955,5447,31,8,1,0,2,1,9,1,2,1,0,0,0,0,0,0
5400,9946,5120,37,5,3,1,4,1,8,3,2,0,0,0,0,0,0,0
5500,9947,5095,36,8,3,2,7,4,3,4,4,0,0,0,0,0,0,0
5600,9950,5099,41,9,2,0,1,5,3,1,3,0,0,0,0,0,0,0
5700,9948,5229,42,10,3,1,4,11,2,2,1,3,0,0,0,0,0,0
5800,9953,4995,43,6,2,0,0,3,0,1,2,1,0,0,0,0,0,0
5900,9949,4593,37,5,1,2,3,5,6,1,3,2,1,0,0,0,0,0
6000,9948,4848,36,4,4,1,4,4,5,0,2,1,1,0,0,0,0,0
6100,9953,4959,38,13,2,0,4,1,1,1,2,0,0,0,0,0,0,0
6200,9946,4941,37,10,4,1,3,0,9,0,1,0,0,1,0,0,0,0
6300,9950,5011,40,13,0,2,5,0,4,2,1,2,0,0,0,0,0,0
6400,9941,4226,46,8,1,1,4,2,7,0,1,0,0,0,0,0,0,0
6500,9941,4372,47,6,0,0,5,0,5,1,2,0,0,0,0,0,0,0
6600,9941,4579,48,8,5,0,4,1,2,0,0,0,0,0,0,0,0,0
6700,9946,4750,44,10,0,1,3,2,3,2,4,1,0,0,0,0,0,0
6800,9940,5082,48,32,2,1,4,0,3,2,3,0,0,0,0,0,0,0
6900,9942,4955,46,13,8,2,2,3,1,1,1,1,0,0,0,0,0,0
7000,9938,5724,50,40,3,4,0,2,9,4,0,0,0,0,0,0,0,0
7100,9939,6969,41,86,4,6,8,2,8,2,0,0,0,0,0,0,0,0
7200,9942,8106,42,161,4,4,6,5,6,5,0,1,0,0,0,0,0,0
7300,9939,8415,42,158,4,5,5,3,7,6,3,0,0,0,0,0,0,0
7400,9952,8194,42,258,1,3,1,8,3,7,1,0,0,0,0,0,0,0
7500,9929,8883,53,238,2,4,5,33,9,7,2,3,0,0,0,0,0,0
7600,9928,9291,54,116,3,3,5,22,7,6,3,1,0,0,0,0,0,0
7700,9939,10131,54,144,1,25,4,21,1,9,1,4,0,0,0,0,0,0
7800,9939,10413,45,131,2,5,7,17,6,3,1,0,0,0,0,0,0,0
7900,9937,10691,48,120,4,4,3,19,7,6,1,0,0,0,0,0,0,0
8000,9939,10933,53,168,1,3,1,5,5,11,1,3,0,0,0,0,0,0
8100,9929,12241,52,264,5,6,10,4,4,5,0,5,0,0,0,0,0,0
8200,9926,13290,58,240,3,7,4,16,7,8,2,1,0,0,0,0,0,0
8300,9923,13420,58,274,6,4,6,14,4,11,2,2,1,0,0,0,0,0
8400,9929,13450,56,367,4,9,5,18,5,12,1,2,0,0,0,0,0,0
8500,9913,13671,69,484,2,8,11,8,3,3,2,1,0,0,0,0,0,0
8600,9907,15540,80,479,6,8,1,10,4,6,2,5,0,0,0,0,0,0
8700,9914,16322,77,567,3,4,2,7,4,7,0,2,0,0,0,0,0,0
8800,9900,17759,85,565,5,8,5,6,4,5,1,3,0,0,0,0,0,0
8900,9895,17745,89,771,5,9,5,5,2,6,4,1,0,0,0,0,0,0
9000,9890,16117,91,548,4,18,5,7,7,2,3,6,0,1,0,0,0,0
9100,9875,17421,114,585,1,3,1,10,5,8,4,2,0,0,0,0,0,0
9200,9854,17473,133,495,2,7,6,8,3,7,2,2,0,0,0,0,0,0
9300,9846,18584,143,564,0,14,4,7,6,8,1,1,0,0,0,0,0,0
9400,9831,19201,147,579,3,7,4,9,12,7,2,3,1,0,0,0,0,0
9500,9824,18676,155,524,4,3,7,7,8,2,2,1,0,0,0,0,0,0
9600,9828,19632,155,504,3,3,6,6,6,8,2,1,0,0,0,0,0,0
9700,9832,19406,153,693,5,7,3,5,5,7,2,4,0,0,0,0,0,0
9800,9828,18741,151,849,4,1,9,5,6,5,2,3,0,0,0,0,0,0
9900,9797,19269,173,855,3,13,12,16,12,2,3,0,0,0,0,0,0,0
10000,9819,17797,159,665,7,11,3,7,5,9,6,1,1,0,0,0,0,0
10100,9802,18416,173,635,7,7,9,11,6,5,2,2,1,0,0,0,0,0
10200,9724,19561,247,571,5,5,9,3,12,10,2,2,1,0,0,0,0,0
10300,9697,19782,278,712,7,10,10,5,5,3,3,2,0,0,0,0,0,0
10400,9722,19462,236,765,5,8,28,10,7,3,2,1,0,0,0,0,0,0
10500,9721,17414,222,754,6,9,36,9,9,6,5,2,1,0,0,0,0,0
10600,9731,17037,210,712,6,9,41,9,8,0,3,2,1,0,0,0,0,0
10700,9716,17980,209,764,22,6,41,6,7,4,5,1,0,0,0,0,0,0
10800,9732,17908,188,737,35,4,37,11,6,5,2,1,0,0,0,0,0,0
10900,9767,18242,152,636,40,5,35,5,6,11,0,2,0,0,0,0,0,0
11000,9775,18621,145,620,33,3,37,14,7,2,1,5,2,0,0,0,0,0
11100,9798,18707,132,657,36,12,28,13,6,2,0,3,0,0,0,0,0,0
11200,9825,18856,119,616,34,8,19,7,0,7,3,2,0,0,0,0,0,0
11300,9825,20342,121,671,35,4,9,11,8,4,2,2,0,0,0,0,0,0
11400,9796,20533,146,560,38,7,10,4,5,6,2,3,3,0,0,0,0,0
11500,9777,22480,158,626,39,11,20,9,6,10,0,2,0,0,0,0,0,0
11600,9791,22055,153,643,33,11,18,7,4,4,1,2,0,0,0,0,0,0
11700,9788,22346,155,618,36,12,12,3,6,6,3,2,0,0,0,0,0,0
11800,9753,20494,186,446,35,8,19,7,5,3,2,1,0,0,0,0,0,0
11900,9757,20849,178,196,34,7,25,4,2,6,4,1,0,0,0,0,0,0
12000,9757,20379,197,200,18,8,23,10,2,7,3,1,0,0,0,0,0,0
12100,9744,20717,227,171,2,2,20,5,6,2,1,2,0,0,0,0,0,0
12200,9752,19899,220,306,1,2,17,0,6,6,4,4,0,0,0,0,0,0
12300,9728,19674,235,205,5,4,23,5,7,2,2,2,0,2,0,0,0,0
12400,9687,18946,273,221,9,7,19,1,10,3,1,1,1,0,0,0,0,0
12500,9680,18484,287,333,6,6,17,3,8,4,2,0,0,0,0,0,0,0
12600,9676,19179,287,265,9,9,20,8,6,5,1,2,1,0,0,0,0,0
12700,9686,18190,284,292,6,4,12,2,6,3,6,0,0,0,0,0,0,0
12800,9649,18822,317,283,9,6,17,16,5,3,3,3,0,0,0,0,0,0
12900,9684,18993,292,242,7,0,11,9,4,1,2,1,0,0,0,0,0,0
13000,9699,18166,276,372,6,7,13,5,5,8,1,0,0,0,0,0,0,0
13100,9696,18249,265,473,11,10,20,5,7,6,1,0,0,0,0,0,0,0
13200,9686,17117,284,672,4,7,18,7,6,6,2,1,0,0,0,0,0,0
13300,9685,17692,298,686,6,5,7,10,2,5,2,1,0,0,0,0,0,0
13400,9687,17825,285,700,8,3,12,8,7,6,1,4,0,0,0,0,0,0
13500,9687,17297,289,554,4,7,12,18,7,6,1,1,0,0,0,0,0,0
13600,9685,17162,284,589,7,4,16,13,6,8,2,1,0,0,0,0,0,0
13700,9695,16600,257,594,12,3,21,5,13,6,2,0,0,0,0,0,0,0
13800,9701,15930,263,646,7,4,17,3,8,13,4,1,0,0,0,0,0,0
13900,9691,16742,276,604,9,3,18,7,2,8,4,2,0,0,0,0,0,0
14000,9698,16334,277,883,8,4,11,7,3,1,3,2,0,0,0,0,0,0
14100,9683,14723,282,1158,7,6,17,8,7,8,4,2,0,0,0,0,0,0
14200,9690,13845,282,955,3,6,17,8,5,3,3,2,0,0,0,0,0,0
14300,9652,14744,321,1006,6,3,10,22,8,3,3,0,0,0,0,0,0,0
14400,9637,14633,325,1036,8,5,18,11,6,9,5,1,1,0,0,0,0,0
14500,9660,14973,311,1183,5,3,18,6,4,2,2,0,0,0,0,0,0,0
14600,9652,15567,326,1201,3,6,14,8,4,4,1,2,0,0,0,0,0,0
14700,9677,14206,302,1011,1,3,16,3,2,6,2,0,0,0,0,0,0,0
14800,9648,13817,313,750,7,1,24,2,7,3,1,1,0,0,0,0,0,0
14900,9671,13478,298,592,4,2,16,2,8,5,3,3,0,0,0,0,0,0
15000,9675,13213,292,510,6,5,17,2,6,4,4,1,0,0,0,0,0,0
15100,9701,14644,265,299,8,4,20,2,4,3,2,0,0,0,0,0,0,0
15200,9700,13187,264,366,3,0,23,9,7,2,3,1,0,0,0,0,0,0
15300,9693,12829,275,310,3,2,19,5,7,3,3,0,0,0,0,0,0,0
15400,9712,12600,265,462,5,2,11,6,5,7,2,1,0,0,0,0,0,0
15500,9667,12914,318,583,4,2,6,2,4,0,1,4,0,0,0,0,0,0
15600,9706,12750,280,793,6,26,4,7,2,4,2,1,0,0,0,0,0,0
15700,9696,11574,285,864,6,23,8,2,3,6,2,2,0,0,0,0,0,0
15800,9693,12000,271,868,2,10,29,6,3,7,2,1,0,0,0,0,0,0
15900,9676,12252,275,732,10,6,36,3,2,4,1,0,0,0,0,0,0,0
16000,9657,11553,295,644,5,6,32,6,9,6,2,2,0,0,0,0,0,0
16100,9671,11070,280,574,4,1,38,2,5,3,1,0,1,0,0,0,0,0
16200,9653,10795,300,685,4,2,38,2,5,4,0,0,0,0,0,0,0,0
16300,9599,9524,308,753,50,7,34,3,3,6,6,2,0,0,0,0,0,0
16400,9613,9476,290,666,46,2,39,4,10,3,2,3,0,0,0,0,0,0
16500,9609,9402,300,797,50,3,34,1,7,4,0,3,0,0,0,0,0,0
16600,9570,10358,327,671,51,0,45,3,4,3,3,1,0,0,0,0,0,0
16700,9569,9322,338,416,44,4,39,8,8,4,2,1,0,0,0,0,0,0
16800,9542,8601,362,484,50,2,34,3,7,2,5,1,0,0,0,0,0,0
16900,9544,8427,387,442,45,3,14,2,8,2,2,0,0,0,0,0,0,0
17000,9526,8056,415,347,50,4,5,6,3,5,0,2,1,0,0,0,0,0
17100,9541,7901,399,321,49,5,3,3,5,4,3,0,0,0,0,0,0,0
17200,9574,8582,382,375,24,2,8,1,9,4,1,1,2,0,0,0,0,0
17300,9642,9159,343,463,6,3,6,7,1,3,1,0,1,0,0,0,0,0
17400,9687,8350,293,342,3,2,12,7,4,1,1,1,0,0,0,0,0,0
17500,9692,8682,290,344,6,5,9,3,2,3,1,3,0,0,0,0,0,0
17600,9612,8939,372,443,3,4,4,2,5,3,4,2,0,0,0,0,0,0
17700,9624,8500,364,486,5,2,3,4,2,4,1,1,1,0,0,0,0,0
17800,9663,8097,328,643,1,4,4,0,2,4,2,1,0,0,0,0,0,0
17900,9663,8444,322,603,2,1,7,0,4,4,1,1,1,0,0,0,0,0
18000,9644,7578,343,475,4,5,5,2,3,7,1,1,0,0,0,0,0,0
18100,9626,7824,354,430,7,2,6,5,6,1,1,0,0,0,0,0,0,0
18200,9622,8016,360,525,6,3,6,3,4,6,2,0,0,0,0,0,0,0
18300,9672,7343,316,538,2,2,3,1,5,7,2,2,0,1,0,0,0,0
18400,9673,7444,307,643,6,5,5,1,7,9,2,1,0,0,0,0,0,0
18500,9675,7191,304,559,4,3,5,2,9,6,2,0,1,0,0,0,0,0
18600,9689,7463,302,521,2,6,1,4,3,6,3,0,0,0,0,0,0,0
18700,9686,6356,295,791,2,2,1,3,10,4,5,0,1,0,0,0,0,0
18800,9706,6734,284,853,5,4,1,2,4,4,0,1,0,0,0,0,0,0
18900,9700,6880,289,886,4,3,3,6,3,2,1,1,0,0,0,0,0,0
19000,9718,6915,271,1132,2,2,1,2,5,1,3,1,0,1,0,0,0,0
19100,9712,6572,273,838,3,2,3,3,8,3,1,5,0,0,0,0,0,0
19200,9665,6538,313,903,2,0,6,2,13,1,1,0,0,0,0,0,0,0
19300,9616,6929,364,920,3,3,8,3,7,2,2,2,0,0,0,0,0,0
19400,9608,6661,372,823,7,6,5,2,7,2,1,3,0,0,0,0,0,0
19500,9657,5753,332,1046,3,6,4,8,4,9,0,1,0,0,0,0,0,0
19600,9663,6302,322,1120,5,4,3,31,6,2,1,1,0,0,0,0,0,0
19700,9695,5236,289,852,5,2,7,2,2,5,2,2,0,0,0,0,0,0
19800,9678,4308,308,900,4,1,1,4,4,1,5,2,0,2,0,0,0,0
19900,9734,5596,254,1061,1,5,4,1,6,2,1,2,0,0,0,0,0,0
20000,9692,5914,271,877,25,3,7,7,2,3,3,1,0,0,0,0,0,0
20100,9657,5561,272,774,62,5,4,0,4,6,1,1,0,0,0,0,0,0
20200,9643,4490,282,1041,62,1,8,3,3,2,2,0,0,0,0,0,0,0
20300,9651,4602,269,1080,63,4,8,5,8,2,1,2,0,0,0,0,0,0
20400,9651,4995,273,1036,65,4,8,2,3,2,0,0,0,0,0,0,0,0
20500,9672,5014,250,814,64,0,7,1,5,0,2,0,0,0,0,0,0,0
20600,9685,4966,238,860,61,2,7,3,6,6,3,1,0,0,0,0,0,0
20700,9711,4015,223,904,61,0,2,0,1,5,2,0,0,0,0,0,0,0
20800,9665,4280,258,810,61,2,2,1,11,4,2,0,1,0,0,0,0,0
20900,9634,4107,301,653,60,1,3,1,1,1,1,0,0,0,0,0,0,0
21000,9610,4261,321,661,60,1,2,4,6,1,1,0,0,0,0,0,0,0
21100,9605,3611,320,689,63,2,5,0,6,0,1,1,0,0,0,0,0,0
21200,9614,4340,314,674,62,4,5,3,3,0,2,1,0,0,0,0,0,0
21300,9606,4549,322,498,59,2,6,0,4,2,3,1,0,0,0,0,0,0
21400,9625,4649,300,382,60,3,5,2,8,4,2,1,0,0,0,0,0,0
21500,9692,4432,232,376,61,0,6,1,7,5,2,1,0,0,0,0,0,0
21600,9733,4352,201,399,60,0,4,2,1,2,1,0,0,0,0,0,0,0
21700,9731,4360,195,428,63,0,3,1,6,0,2,2,0,0,0,0,0,0
21800,9744,4488,194,561,59,3,1,7,2,3,0,0,0,0,0,0,0,0
21900,9719,3979,205,536,62,0,5,3,6,3,3,1,0,0,0,0,0,0
22000,9719,3853,212,592,60,1,6,0,1,7,2,0,0,0,0,0,0,0
22100,9724,4148,204,626,63,1,2,1,2,0,5,1,0,0,0,0,0,0
22200,9742,4391,181,654,67,1,3,0,2,1,5,1,0,0,0,0,0,0
22300,9730,4186,200,639,61,2,5,4,4,2,0,0,0,0,0,0,0,0
22400,9783,4368,176,528,32,2,3,0,5,1,1,1,0,0,0,0,0,0
22500,9791,4384,185,486,9,14,5,1,8,3,2,0,0,0,0,0,0,0
22600,9804,4221,176,342,6,1,8,1,4,7,2,1,0,0,0,0,0,0
22700,9791,4595,186,357,9,1,8,0,4,3,2,1,0,0,0,0,0,0
22800,9791,4368,190,406,4,1,10,1,2,1,3,1,0,0,0,0,0,0
22900,9813,4768,175,478,4,1,6,0,1,1,1,0,0,0,0,0,0,0
23000,9820,4646,165,324,6,1,3,0,5,1,1,1,0,0,0,0,0,0
23100,9817,3628,159,255,8,1,7,1,7,0,2,1,0,0,0,0,0,0
23200,9828,3803,142,297,9,1,15,1,3,0,3,2,0,0,0,0,0,0
23300,9854,4223,127,251,7,1,2,1,8,3,2,1,0,0,0,0,0,0
23400,9866,4491,118,230,8,0,5,1,2,3,0,0,1,0,0,0,0,0
23500,9848,4227,139,208,9,1,0,3,3,0,1,0,0,0,0,0,0,0
23600,9848,3434,137,140,6,2,5,1,3,1,1,1,0,0,0,0,0,0
23700,9875,3171,120,157,1,0,2,9,2,2,0,0,0,0,0,0,0,0
23800,9890,3031,104,140,1,2,1,4,4,0,0,2,0,0,0,0,0,0
23900,9884,3261,109,206,2,3,3,0,1,1,1,1,0,0,0,0,0,0
24000,9872,3774,114,186,5,2,5,0,4,0,0,0,0,0,0,0,0,0
24100,9862,3985,122,184,2,0,8,0,3,0,3,0,0,0,0,0,0,0
24200,9836,3959,145,213,1,5,12,0,4,0,2,2,0,0,0,0,0,0
24300,9830,3514,155,265,3,4,8,0,3,1,1,1,0,0,0,0,0,0
24400,9811,3676,167,317,5,1,9,0,4,0,4,0,0,0,0,0,0,0
24500,9830,3662,144,234,4,2,14,1,2,0,5,0,1,0,0,0,0,0
24600,9885,3722,96,251,3,6,8,2,6,1,2,0,0,0,0,0,0,0
24700,9890,3782,94,357,2,19,6,6,5,0,3,1,0,0,0,0,0,0
24800,9896,4102,88,297,4,3,8,8,4,2,0,0,0,0,0,0,0,0
24900,9859,4490,117,359,4,0,14,5,5,1,1,0,0,0,0,0,0,0
25000,9865,3568,118,356,2,0,10,1,5,0,0,0,0,0,0,0,0,0
25100,9839,3343,131,272,4,1,18,0,6,2,2,2,0,0,0,0,0,0
25200,9852,3178,123,304,3,0,16,3,3,0,3,1,0,0,0,0,0,0
25300,9846,2936,135,355,2,0,13,0,3,2,1,1,0,0,0,0,0,0
25400,9848,2716,125,367,3,1,16,1,6,1,2,1,0,0,0,0,0,0
25500,9847,3037,129,328,2,0,12,0,9,2,1,1,0,0,0,0,0,0
25600,9851,3099,123,280,0,2,18,1,4,5,4,0,0,0,0,0,0,0
25700,9852,3420,136,368,0,1,8,2,4,5,0,0,0,0,0,0,0,0
25800,9786,3792,198,465,3,3,6,1,5,1,2,1,0,0,0,0,0,0
25900,9813,3809,178,507,2,3,6,0,0,1,1,0,0,0,0,0,0,0
26000,9799,3563,187,322,4,1,7,1,2,2,1,0,0,0,0,0,0,0
26100,9816,3266,168,166,5,1,8,1,2,2,1,0,0,0,0,0,0,0
26200,9884,3398,110,181,1,1,3,2,2,2,0,0,0,0,0,0,0,0
26300,9878,3109,112,344,2,0,6,2,1,1,1,0,0,0,0,0,0,0
26400,9855,3140,119,290,10,0,11,0,4,1,0,0,1,0,0,0,0,0
26500,9863,2696,117,199,14,2,2,1,2,3,2,0,0,0,0,0,0,0
26600,9864,3021,118,377,10,1,4,0,4,4,0,1,0,0,0,0,0,0
26700,9841,3038,132,398,12,0,7,1,6,2,2,0,0,0,0,0,0,0
26800,9851,2861,125,298,11,0,6,0,7,2,0,1,0,0,0,0,0,0
26900,9859,2644,117,91,13,0,8,0,2,1,1,0,0,0,0,0,0,0
27000,9805,3137,176,31,11,0,6,5,2,0,0,1,0,0,0,0,0,0
27100,9749,3617,216,30,12,0,9,0,11,1,2,1,1,0,0,0,0,0
27200,9770,4062,210,38,12,0,4,1,2,1,2,0,0,0,0,0,0,0
27300,9767,3568,210,42,13,1,5,1,3,1,2,0,0,0,0,0,0,0
27400,9778,3396,197,65,11,5,10,1,3,4,1,1,0,0,0,0,0,0
27500,9779,3037,199,13,12,0,4,2,5,2,0,1,1,0,0,0,0,0
27600,9772,2968,199,9,12,1,9,1,6,0,2,0,0,0,0,0,0,0
27700,9742,3238,231,68,13,0,9,0,4,2,1,0,0,0,0,0,0,0
27800,9736,3234,249,78,10,2,3,3,2,1,0,0,0,0,0,0,0,0
27900,9724,3262,253,66,12,1,6,14,4,0,1,0,0,0,0,0,0,0
28000,9781,3449,195,79,15,2,6,28,1,4,2,1,0,0,0,0,0,0
28100,9767,3551,206,104,12,1,7,33,5,0,3,0,0,0,0,0,0,0
28200,9669,3184,312,75,11,1,5,29,2,0,1,0,0,0,0,0,0,0
28300,9650,3502,322,70,12,0,9,23,3,6,4,1,0,0,0,0,0,0
28400,9651,3277,325,10,15,1,7,51,1,1,1,0,0,0,0,0,0,0
28500,9610,2605,361,73,13,0,11,57,4,1,1,0,0,0,0,0,0,0
28600,9589,2766,391,80,12,0,3,68,5,0,0,0,0,0,0,0,0,0
28700,9552,2964,416,33,14,2,8,26,8,0,2,2,0,0,0,0,0,0
28800,9568,3079,402,27,13,1,13,20,2,1,2,0,0,0,0,0,0,0
28900,9607,3258,375,19,10,1,7,35,1,0,0,0,0,0,0,0,0,0
29000,9595,3104,377,63,13,4,9,23,5,3,1,0,0,0,0,0,0,0
29100,9632,3076,347,66,11,2,6,56,3,1,1,1,0,0,0,0,0,0
29200,9641,3215,341,20,10,1,4,113,3,0,1,0,0,0,0,0,0,0
29300,9533,3216,438,3,16,2,8,101,3,0,2,0,0,0,0,0,0,0
29400,9533,3501,440,58,10,1,13,30,4,1,0,1,0,0,0,0,0,0
29500,9538,3517,442,1,14,0,4,33,2,1,0,0,0,0,0,0,0,0
29600,9520,2934,453,2,11,0,9,14,3,0,4,0,0,0,0,0,0,0
29700,9532,2779,440,60,12,0,11,15,1,1,4,0,0,0,0,0,0,0
29800,9533,2613,443,25,14,2,8,20,1,1,1,1,0,0,0,0,0,0
29900,9544,2330,424,14,15,0,8,27,7,0,2,0,0,0,0,0,0,0
30000,9545,2371,418,4,15,2,16,22,5,0,1,0,0,0,0,0,0,0
30100,9574,2469,399,2,15,1,8,1,3,1,1,0,0,0,0,0,0,0
30200,9585,2521,376,3,15,0,12,0,11,0,1,1,0,0,0,0,0,0
30300,9598,2982,373,2,12,1,13,0,2,0,1,1,1,0,0,0,0,0
30400,9582,2976,379,2,15,1,17,0,6,0,1,0,0,0,0,0,0,0
30500,9578,2731,382,6,13,1,22,2,5,0,0,1,0,0,0,0,0,0
30600,9586,2765,378,65,17,1,13,0,5,0,1,0,0,0,0,0,0,0
30700,9581,2515,376,70,11,0,24,0,4,0,4,0,0,0,0,0,0,0
30800,9610,2378,352,79,11,2,18,0,5,1,4,0,0,0,0,0,0,0
30900,9608,2381,356,77,14,1,19,0,2,2,1,0,0,0,0,0,0,0
31000,9612,2469,354,60,12,1,15,1,5,0,2,0,0,0,0,0,0,0
31100,9619,2561,353,73,11,0,13,0,1,1,3,0,0,0,0,0,0,0
31200,9644,2469,327,51,12,2,13,0,4,4,0,0,0,0,0,0,0,0
31300,9602,2509,368,1,13,1,11,0,4,0,2,0,0,0,0,0,0,0
31400,9554,2411,428,0,3,0,9,0,4,0,1,0,1,0,0,0,0,0
31500,9514,2157,456,0,4,0,25,0,1,2,0,1,0,0,0,0,0,0
31600,9510,2043,463,0,1,2,20,0,5,0,1,0,0,0,0,0,0,0
31700,9514,2262,459,1,4,1,19,2,2,0,2,1,0,0,0,0,0,0
31800,9477,2646,500,3,5,0,15,1,2,3,1,0,0,0,0,0,0,0
31900,9462,2102,508,7,8,1,19,0,0,1,3,0,0,0,0,0,0,0
32000,9425,1982,544,7,10,3,17,0,3,1,1,0,0,0,0,0,0,0
32100,9417,1988,554,6,4,1,19,0,3,0,3,0,0,0,0,0,0,0
32200,9427,2146,545,3,5,0,18,4,4,0,1,0,0,0,0,0,0,0
32300,9595,2420,390,53,2,1,7,0,4,4,2,0,0,0,0,0,0,0
32400,9604,2289,369,67,10,0,15,0,2,0,0,0,0,0,0,0,0,0
32500,9606,2403,365,70,7,3,17,1,3,1,2,0,0,0,0,0,0,0
32600,9564,2461,406,94,4,7,17,0,8,1,1,0,0,0,0,0,0,0
32700,9539,2538,435,88,10,7,15,0,1,0,0,1,0,0,0,0,0,0
32800,9532,2545,434,33,13,7,17,4,2,2,2,1,0,0,0,0,0,0
32900,9567,2425,408,4,6,7,11,0,4,1,4,0,0,0,0,0,0,0
33000,9571,2366,403,123,5,7,17,0,4,3,0,1,0,0,0,0,0,0
33100,9639,2115,344,164,0,2,12,0,4,1,1,1,0,0,0,0,0,0
33200,9633,1801,348,147,1,0,14,1,3,0,1,1,0,0,0,0,0,0
33300,9675,2044,306,41,2,1,14,4,2,2,0,0,1,0,0,0,0,0
33400,9632,2317,347,22,3,2,15,0,3,2,0,0,0,0,0,0,0,0
33500,9584,2179,396,54,2,0,15,0,1,2,2,0,0,0,0,0,0,0
33600,9590,2075,396,5,0,1,8,0,5,1,1,0,0,0,0,0,0,0
33700,9587,2142,396,2,3,2,11,1,3,0,0,0,0,0,0,0,0,0
33800,9537,2714,441,0,5,0,12,0,3,0,2,0,0,0,0,0,0,0
33900,9602,2789,378,0,6,2,11,0,1,0,2,0,0,0,0,0,0,0
34000,9602,2036,381,0,1,0,12,0,3,0,1,0,0,0,0,0,0,0
34100,9600,2012,379,2,5,0,10,1,5,1,1,0,0,0,0,0,0,0
34200,9594,2157,384,17,3,0,14,0,5,1,0,0,0,0,0,0,0,0
34300,9622,2444,354,42,5,0,16,1,2,2,1,0,0,0,0,0,0,0
34400,9592,2124,392,50,2,0,12,1,1,0,1,0,0,0,0,0,0,0
34500,9563,2250,419,40,4,0,10,0,2,0,0,0,2,0,0,0,0,0
34600,9626,2227,349,40,3,1,17,0,3,0,1,0,1,0,0,0,0,0
34700,9627,2111,358,5,4,2,9,3,1,0,1,0,0,0,0,0,0,0
34800,9664,2291,322,1,2,3,7,1,3,2,2,0,0,0,0,0,0,0
34900,9689,1716,293,0,3,1,12,0,2,0,1,0,0,0,0,0,0,0
35000,9695,2007,294,0,1,0,8,0,2,1,0,0,0,0,0,0,0,0
35100,9679,2102,296,0,3,1,20,0,2,1,0,0,0,0,0,0,0,0
35200,9660,2443,313,0,7,3,15,0,3,3,2,0,0,0,0,0,0,0
35300,9679,2603,299,0,4,0,12,0,5,1,1,1,0,0,0,0,0,0
35400,9672,2054,306,2,3,0,18,2,0,1,1,0,0,0,0,0,0,0
35500,9687,2105,292,0,3,1,12,0,4,1,1,0,1,0,0,0,0,0
35600,9737,2467,244,28,3,2,10,0,2,0,4,2,0,0,0,0,0,0
35700,9718,2197,248,0,6,1,16,2,9,0,3,1,0,0,0,0,0,0
35800,9742,1845,242,1,3,1,9,2,2,0,2,0,0,0,0,0,0,0
35900,9726,1735,243,1,4,0,22,0,5,1,0,0,0,0,0,0,0,0
36000,9744,2188,227,1,9,1,12,0,7,2,1,0,0,0,0,0,0,0
36100,9744,2049,237,8,4,2,14,0,1,2,0,0,0,0,0,0,0,0
36200,9733,1819,237,2,11,0,14,1,5,0,0,0,0,0,0,0,0,0
36300,9696,1825,272,0,12,1,13,1,3,0,4,1,0,0,0,0,0,0
36400,9684,1829,284,17,9,0,17,0,4,1,2,0,0,0,0,0,0,0
36500,9678,2068,291,14,8,0,17,0,5,0,1,0,0,0,0,0,0,0
36600,9667,2072,301,3,10,0,13,0,5,0,4,0,0,0,0,0,0,0
36700,9625,2398,352,0,8,0,11,0,1,0,3,0,0,0,0,0,0,0
36800,9621,2235,348,2,9,0,12,0,8,0,2,0,0,0,0,0,0,0
36900,9659,2330,311,3,8,1,14,3,4,2,4,0,0,0,0,0,0,0
37000,9660,1976,310,3,7,0,15,2,8,0,0,0,0,0,0,0,0,0
37100,9672,2319,307,39,8,0,8,1,5,1,0,0,0,0,0,0,0,0
37200,9679,2273,301,70,10,0,9,1,0,1,1,1,0,0,0,0,0,0
37300,9631,2692,351,24,9,0,7,1,2,0,0,0,0,0,0,0,0,0
37400,9618,2273,368,68,7,0,3,1,2,1,2,1,0,0,0,0,0,0
37500,9574,1868,406,70,8,0,6,1,4,0,2,0,0,0,0,0,0,0
37600,9543,1922,423,67,15,0,15,0,4,0,0,0,0,0,0,0,0,0
37700,9592,1827,387,71,4,3,10,0,5,0,2,1,0,0,0,0,0,0
37800,9619,1975,367,29,5,0,5,0,4,1,0,0,0,0,0,0,0,0
37900,9626,2130,358,5,6,1,9,0,1,0,0,0,0,0,0,0,0,0
38000,9625,1600,354,10,13,0,5,0,2,0,1,0,0,0,0,0,0,0
38100,9629,1751,355,6,6,1,8,0,2,1,0,0,0,0,0,0,0,0
38200,9603,1901,374,6,9,0,8,0,2,0,4,0,0,0,0,0,0,0
38300,9533,1792,448,7,8,1,8,2,1,1,2,1,0,0,0,0,0,0
38400,9510,1859,468,6,8,0,6,0,7,0,1,0,0,0,0,0,0,0
38500,9574,1513,414,3,8,0,2,0,1,1,1,0,0,0,0,0,0,0
38600,9545,1438,441,17,6,0,5,0,3,1,0,0,0,0,0,0,0,0
38700,9535,1615,450,110,9,1,1,0,1,1,4,0,0,0,0,0,0,0
38800,9538,1518,451,56,7,0,1,1,2,1,1,0,0,0,0,0,0,0
38900,9549,1288,440,9,7,0,1,1,2,0,1,0,0,0,0,0,0,0
39000,9550,1315,436,15,5,0,1,0,4,2,4,0,0,0,0,0,0,0
39100,9555,1431,430,14,8,0,5,1,1,1,1,0,0,0,0,0,0,0
39200,9559,1705,428,39,5,0,5,0,2,0,1,0,0,0,0,0,0,0
39300,9557,1676,427,76,10,1,3,1,3,0,0,0,0,0,0,0,0,0
39400,9576,1585,411,101,7,0,1,0,4,0,1,0,0,0,0,0,0,0
39500,9613,1479,374,81,5,0,5,0,2,0,1,0,0,0,0,0,0,0
39600,9620,1034,363,73,11,1,3,1,3,0,0,0,0,0,0,0,0,0
39700,9613,1015,371,72,7,0,5,0,4,1,0,0,0,0,0,0,0,0
39800,9596,1233,391,35,6,1,1,0,5,0,1,0,0,0,0,0,0,0
39900,9599,1446,393,44,5,1,1,1,1,3,1,0,0,0,0,0,0,0
40000,9539,1349,450,28,9,1,1,0,0,2,1,0,0,0,0,0,0,0
40100,9556,1461,435,25,4,1,3,0,1,0,1,0,0,0,0,0,0,0
40200,9545,1620,443,36,7,0,3,1,2,0,0,0,0,0,0,0,0,0
40300,9556,1361,436,22,5,0,1,0,1,0,1,0,0,0,0,0,0,0
40400,9540,1513,444,29,8,1,4,3,3,0,1,1,0,0,0,0,0,0
40500,9558,1534,437,28,1,0,0,2,3,0,1,1,0,0,0,0,0,0
40600,9588,1568,404,4,6,0,0,0,2,1,0,0,0,0,0,0,0,0
40700,9560,1628,431,8,7,0,1,1,1,2,0,0,0,0,0,0,0,0
40800,9482,1919,505,47,8,1,1,0,3,1,1,1,0,0,0,0,0,0
40900,9477,1657,510,109,8,0,2,2,0,1,3,1,0,0,0,0,0,0
41000,9476,1121,514,93,8,1,0,0,1,0,1,0,0,0,0,0,0,0
41100,9504,1426,485,71,4,11,3,1,3,1,1,0,0,0,0,0,0,0
41200,9546,1455,446,54,6,3,0,0,1,0,1,0,0,0,0,0,0,0
41300,9577,1767,414,16,2,1,1,1,4,0,2,0,0,0,0,0,0,0
41400,9586,1688,400,7,4,0,2,0,6,0,2,0,0,0,0,0,0,0
41500,9596,1574,398,6,0,0,1,0,5,3,0,0,0,0,0,0,0,0
41600,9582,1315,398,35,3,1,15,1,1,2,1,1,0,0,0,0,0,0
41700,9586,1712,385,14,2,0,26,2,1,1,0,1,0,0,0,0,0,0
41800,9597,1874,372,8,2,0,23,2,6,0,0,0,0,0,0,0,0,0
41900,9605,1735,364,8,5,0,26,0,0,0,0,1,0,0,0,0,0,0
42000,9609,1473,363,9,1,0,24,0,2,1,1,0,0,0,0,0,0,0
42100,9641,1595,327,6,2,0,25,0,4,0,1,0,0,0,0,0,0,0
42200,9665,1677,301,7,4,0,28,1,2,0,0,1,0,0,0,0,0,0
42300,9703,1796,267,9,4,1,25,0,1,1,0,0,0,0,0,0,0,0
42400,9723,1873,246,9,2,0,26,0,2,0,1,1,0,0,0,0,0,0
42500,9726,1751,246,5,1,0,24,0,3,0,0,0,0,0,0,0,0,0
42600,9723,1610,246,6,0,0,26,2,3,5,2,1,0,0,0,0,0,0
42700,9707,1632,256,8,4,1,25,1,6,0,2,0,0,0,0,0,0,0
42800,9717,1664,254,6,1,0,25,1,1,0,2,0,0,0,0,0,0,0
42900,9696,1571,267,10,2,1,26,1,5,3,2,0,2,0,0,0,0,0
43000,9702,1664,267,47,3,0,27,0,1,1,0,0,0,0,0,0,0,0
43100,9717,1853,257,73,0,1,24,0,2,0,0,1,0,0,0,0,0,0
43200,9709,1876,261,40,3,1,24,0,2,1,1,1,0,0,0,0,0,0
43300,9817,1747,155,14,1,0,23,0,2,0,2,0,0,0,0,0,0,0
43400,9815,2090,158,9,2,0,24,0,1,0,0,1,0,0,0,0,0,0
43500,9823,1948,149,11,1,0,23,0,3,1,1,0,0,0,0,0,0,0
43600,9810,1991,156,6,2,1,26,1,5,0,1,0,0,0,0,0,0,0
43700,9809,1950,157,4,1,1,29,1,4,0,0,0,0,0,0,0,0,0
43800,9806,1465,162,5,4,0,24,1,3,1,1,1,0,0,0,0,0,0
43900,9812,1058,160,12,2,1,25,0,1,0,0,0,0,0,0,0,0,0
44000,9807,1110,160,18,4,0,26,1,3,0,0,0,0,0,0,0,0,0
44100,9807,1076,163,17,1,1,25,0,2,4,2,0,0,0,0,0,0,0
44200,9823,1167,142,20,2,0,26,0,2,1,5,0,0,0,0,0,0,0
44300,9831,1189,139,19,3,0,25,0,1,1,1,0,0,0,0,0,0,0
44400,9830,1275,137,17,3,0,24,0,4,1,2,1,0,0,0,0,0,0
44500,9833,1249,133,16,7,2,25,0,1,0,1,0,0,0,0,0,0,0
44600,9830,1339,137,17,1,0,26,0,4,0,2,0,0,0,0,0,0,0
44700,9839,1428,131,17,2,0,25,1,2,0,1,1,0,0,0,0,0,0
44800,9834,1756,131,21,2,1,25,1,7,0,1,0,0,0,0,0,0,0
44900,9844,1509,128,26,2,1,26,0,0,0,0,0,0,0,0,0,0,0
45000,9832,1552,137,31,1,0,24,2,5,1,1,0,0,0,0,0,0,0
45100,9813,1686,148,34,3,2,30,0,6,0,0,0,0,0,0,0,0,0
45200,9822,1560,150,38,0,1,26,0,1,1,1,0,0,0,0,0,0,0
45300,9815,1529,151,52,2,1,27,1,4,1,1,0,0,0,0,0,0,0
45400,9820,1606,151,61,4,1,23,0,1,0,1,0,0,0,0,0,0,0
45500,9817,1418,152,105,3,0,25,1,3,2,0,0,0,0,0,0,0,0
45600,9861,1434,99,107,2,0,26,0,11,0,1,0,0,0,0,0,0,0
45700,9857,1270,108,94,3,0,25,0,7,0,0,0,0,0,0,0,0,0
45800,9868,1313,102,67,1,0,26,0,3,1,0,0,0,0,0,0,0,0
45900,9897,1512,70,69,2,1,26,0,5,0,0,0,0,0,0,0,0,0
46000,9921,1332,45,71,3,0,25,0,6,0,0,1,0,0,0,0,0,0
46100,9915,1206,44,72,5,0,26,1,8,2,2,1,0,0,0,0,0,0
46200,9930,1261,35,73,3,0,26,0,5,0,1,1,0,0,0,0,0,0
46300,9935,1156,35,59,2,0,23,0,3,0,2,0,0,0,0,0,0,0
46400,9927,1400,37,51,5,0,26,0,4,0,1,0,0,0,0,0,0,0
46500,9929,1484,37,51,2,1,25,0,6,0,1,0,0,0,0,0,0,0
46600,9933,1393,37,43,3,1,24,0,1,3,2,0,0,0,0,0,0,0
46700,9932,1529,41,47,1,0,23,0,1,0,2,0,0,0,0,0,0,0
46800,9929,1277,37,53,2,0,30,0,0,0,2,0,0,0,0,0,0,0
46900,9936,1153,33,53,2,0,23,0,5,0,1,0,0,0,0,0,0,0
47000,9937,1117,34,47,1,0,26,0,2,0,0,0,0,0,0,0,0,0
47100,9939,1061,33,36,2,0,23,0,3,0,0,0,0,0,0,0,0,0
47200,9939,1108,34,59,0,0,25,0,1,0,1,0,0,0,0,0,0,0
47300,9934,1195,36,50,2,0,23,0,4,0,1,0,0,0,0,0,0,0
47400,9927,1105,37,50,2,1,28,3,5,1,1,0,0,0,0,0,0,0
47500,9931,1182,37,36,1,0,26,0,3,0,2,0,0,0,0,0,0,0
47600,9929,1045,38,34,2,3,27,0,3,0,1,0,0,0,0,0,0,0
47700,9927,1256,36,35,5,0,30,0,1,0,1,0,0,0,0,0,0,0
47800,9923,1044,39,35,4,0,26,0,8,1,0,0,0,0,0,0,0,0
47900,9918,1066,45,35,4,0,29,0,2,0,2,0,0,0,0,0,0,0
48000,9924,1119,46,39,2,0,24,0,4,0,0,0,0,0,0,0,0,0
48100,9926,1142,47,49,0,0,24,0,3,0,0,0,0,0,0,0,0,0
48200,9919,1245,49,33,0,0,27,1,4,0,1,0,0,0,0,0,0,0
48300,9927,1320,47,35,1,0,24,1,1,0,0,0,0,0,0,0,0,0
48400,9925,1356,45,35,1,0,26,0,3,0,0,0,0,0,0,0,0,0
48500,9922,1507,46,28,1,0,26,0,4,0,1,1,0,0,0,0,0,0
48600,9922,1230,46,27,6,0,24,0,2,0,0,0,0,0,0,0,0,0
48700,9920,1388,49,25,1,0,28,3,0,0,2,1,0,0,0,0,0,0
48800,9921,1418,45,9,3,0,28,4,2,0,1,0,0,0,0,0,0,0
48900,9928,1454,41,7,1,1,28,0,2,0,0,1,0,0,0,0,0,0
49000,9939,1368,30,5,2,2,24,0,3,3,2,0,0,0,0,0,0,0
49100,9943,1622,26,7,2,0,26,2,3,1,0,0,0,0,0,0,0,0
49200,9931,1406,30,2,2,0,29,0,7,0,1,0,0,0,0,0,0,0
49300,9934,1484,28,2,3,1,28,0,6,3,1,0,0,0,0,0,0,0
49400,9941,1742,28,16,1,0,26,0,3,1,1,0,0,0,0,0,0,0
49500,9918,1808,53,61,1,0,27,1,1,0,0,0,0,0,0,0,0,0
49600,9919,1446,52,116,2,0,25,1,2,0,0,0,0,0,0,0,0,0
49700,9907,1324,53,166,5,0,28,2,4,4,3,0,0,0,0,0,0,0
49800,9916,1346,52,152,1,2,25,7,1,0,5,1,0,0,0,0,0,0
49900,9921,1293,49,166,1,3,25,1,3,2,1,0,0,0,0,0,0,0
50000,9914,1191,49,134,3,2,27,0,6,3,1,0,0,0,0,0,0,0
50100,9926,1036,44,159,1,0,24,0,4,1,1,0,0,0,0,0,0,0
50200,9920,1004,46,146,0,0,31,1,1,0,2,0,0,0,0,0,0,0
50300,9914,997,47,52,6,1,25,0,7,1,1,0,0,1,0,0,0,0
50400,9919,1071,48,21,3,0,27,0,2,0,1,0,0,0,0,0,0,0
50500,9923,1342,48,1,1,0,23,0,3,0,2,0,0,0,0,0,0,0
50600,9915,1007,55,6,3,1,24,0,3,1,0,1,0,0,0,0,0,0
50700,9905,1085,59,9,1,0,30,1,3,0,2,0,0,0,0,0,0,0
50800,9910,1004,62,7,1,0,24,1,3,1,0,1,0,0,0,0,0,0
50900,9907,828,55,7,2,0,28,1,6,1,2,0,0,0,0,0,0,0
51000,9933,928,32,6,2,2,26,0,6,2,1,0,0,0,0,0,0,0
51100,9932,1004,34,9,2,1,28,0,4,2,0,0,0,0,0,0,0,0
51200,9944,1072,27,8,2,2,24,1,1,0,2,0,0,0,0,0,0,0
51300,9940,1139,29,3,3,2,26,0,1,1,1,0,0,0,0,0,0,0
51400,9935,1316,29,37,4,0,24,0,7,0,1,0,0,0,0,0,0,0
51500,9941,1094,29,45,2,0,26,1,0,0,2,0,0,0,0,0,0,0
51600,9935,1219,33,8,3,0,24,1,4,0,1,0,0,0,0,0,0,0
51700,9945,1227,30,11,0,1,24,1,1,2,0,0,0,0,0,0,0,0
51800,9942,1150,36,9,1,2,18,1,2,0,1,0,0,0,0,0,0,0
51900,9954,1264,42,4,0,0,4,0,0,0,0,0,0,0,0,0,0,0
52000,9942,1335,49,5,3,1,3,4,2,1,1,0,0,0,0,0,0,0
52100,9954,1439,42,1,2,1,0,0,0,3,2,0,0,0,0,0,0,0
52200,9957,1289,38,0,1,0,0,0,3,0,1,0,0,0,0,0,0,0
52300,9955,1298,38,0,0,0,4,1,0,0,3,1,0,0,0,0,0,0
52400,9954,1113,34,1,5,0,4,1,2,0,1,0,0,0,0,0,0,0
52500,9963,929,35,1,0,1,1,0,1,0,0,0,0,0,0,0,0,0
52600,9959,882,34,0,2,0,0,0,2,0,3,0,0,0,0,0,0,0
52700,9968,1066,26,1,2,1,2,0,2,0,0,0,0,0,0,0,0,0
52800,9966,1167,28,4,1,1,1,0,3,0,1,1,0,0,0,0,0,0
52900,9971,1126,27,5,1,0,0,1,0,1,1,1,0,0,0,0,0,0
53000,9965,1163,25,0,2,0,3,0,3,0,2,0,0,0,0,0,0,0
53100,9966,1244,24,4,2,0,1,0,4,0,3,0,0,0,0,0,0,0
53200,9959,1382,28,2,5,1,5,0,2,0,1,0,0,0,0,0,0,0
53300,9968,1696,23,0,4,0,0,0,4,1,1,0,0,0,0,0,0,0
53400,9970,1804,24,0,2,0,0,0,2,1,2,0,0,0,0,0,0,0
53500,9965,1850,30,0,1,1,2,0,1,0,1,0,0,0,0,0,0,0
53600,9964,1881,27,3,2,1,3,0,3,1,1,1,0,0,0,0,0,0
53700,9969,1555,25,4,2,0,2,0,1,0,1,0,0,0,0,0,0,0
53800,9950,1374,39,12,5,0,2,0,4,0,0,0,0,0,0,0,0,0
53900,9930,1380,59,5,3,1,6,0,2,1,0,1,0,0,0,0,0,0
54000,9928,1280,67,4,2,0,1,0,2,3,0,0,0,0,0,0,0,0
54100,9829,1403,158,0,6,0,1,1,5,0,1,0,0,0,0,0,0,0
54200,9815,1494,168,0,17,0,0,1,0,2,0,0,0,0,0,0,0,0
54300,9793,1298,187,0,14,0,4,1,2,0,0,0,0,0,0,0,0,0
54400,9846,1231,141,0,4,3,7,1,2,1,0,0,0,0,0,0,0,0
54500,9846,1323,139,0,7,3,2,0,6,1,0,1,0,0,0,0,0,0
54600,9810,1476,178,0,7,5,5,2,0,0,0,1,0,0,0,0,0,0
54700,9820,1531,168,0,4,3,1,0,6,0,1,0,0,0,0,0,0,0
54800,9876,1526,118,2,3,3,2,0,1,3,0,0,0,0,0,0,0,0
54900,9870,1373,114,1,7,5,3,0,4,0,2,0,0,0,0,0,0,0
55000,9879,1331,112,0,3,0,2,0,3,0,1,0,0,0,0,0,0,0
55100,9872,1275,121,0,1,0,1,1,4,0,1,0,0,0,0,0,0,0
55200,9855,1327,142,0,1,0,2,0,0,1,0,0,0,0,0,0,0,0
55300,9846,1372,147,0,1,1,5,0,1,1,0,0,0,0,0,0,0,0
55400,9856,1290,140,0,4,0,0,0,0,0,0,0,0,0,0,0,0,0
55500,9846,1175,143,0,3,1,1,0,5,0,2,1,0,0,0,0,0,0
55600,9921,1139,72,2,3,0,0,1,2,0,2,0,0,0,0,0,0,0
55700,9892,1327,104,15,0,0,1,1,2,0,1,0,0,0,0,0,0,0
55800,9876,1433,116,17,1,0,1,0,4,1,2,0,0,0,0,0,0,0
55900,9931,1319,59,3,1,0,3,0,5,0,1,0,0,0,0,0,0,0
56000,9932,1408,64,1,2,0,0,1,1,0,1,0,0,0,0,0,0,0
56100,9939,1616,55,3,0,0,4,0,1,0,1,0,0,0,0,0,0,0
56200,9906,1102,81,0,2,0,1,0,9,0,1,1,0,0,0,0,0,0
56300,9900,855,97,0,1,0,0,0,2,0,0,0,0,0,0,0,0,0
56400,9903,943,91,0,2,2,2,3,1,1,1,0,0,0,0,0,0,0
56500,9921,994,75,1,3,1,1,2,0,2,0,0,0,0,0,0,0,0
56600,9923,997,72,2,3,2,1,0,1,1,0,0,0,0,0,0,0,0
56700,9951,1025,41,0,2,0,1,0,5,0,0,0,0,0,0,0,0,0
56800,9898,1008,94,5,1,0,2,0,3,2,2,0,0,0,0,0,0,0
56900,9929,1319,67,10,0,1,0,0,4,0,0,0,0,0,0,0,0,0
57000,9894,1711,91,0,5,0,2,0,6,0,2,0,0,0,0,0,0,0
57100,9894,1931,102,6,2,0,0,1,2,0,0,0,0,0,0,0,0,0
57200,9894,1450,100,14,2,1,3,0,1,0,0,1,0,0,0,0,0,0
57300,9885,1330,111,2,1,1,0,0,1,1,2,0,0,0,0,0,0,0
57400,9898,1207,95,2,3,0,1,0,3,0,0,0,0,0,0,0,0,0
57500,9882,1293,108,0,3,2,1,0,5,1,1,1,0,0,0,0,0,0
57600,9854,1485,136,2,3,0,1,0,5,3,1,0,0,0,0,0,0,0
57700,9870,1808,117,3,1,1,5,6,6,1,1,0,0,0,0,0,0,0
57800,9857,1807,140,2,1,0,1,0,1,0,0,0,0,0,0,0,0,0
57900,9907,1534,81,1,4,1,2,0,6,0,0,0,0,0,0,0,0,0
58000,9925,1174,71,0,1,2,0,0,1,2,2,0,0,0,0,0,0,0
58100,9897,1000,92,1,5,1,2,1,2,2,1,0,1,0,0,0,0,0
58200,9950,1042,41,7,2,2,1,1,3,1,3,1,0,0,0,0,0,0
58300,9948,1185,45,3,2,0,1,0,3,0,1,0,0,0,0,0,0,0
58400,9955,1470,34,18,3,0,1,1,6,0,1,1,0,0,0,0,0,0
58500,9948,1377,43,14,3,0,3,0,2,0,1,0,0,0,0,0,0,0
58600,9979,1291,19,0,0,0,0,0,2,0,0,0,0,0,0,0,0,0
58700,9938,1097,51,0,4,0,2,0,4,0,1,0,0,0,0,0,0,0
58800,9954,1252,38,0,3,0,0,0,5,1,0,0,0,0,0,0,0,0
58900,9962,1300,33,2,2,0,0,2,3,0,0,1,0,0,0,0,0,0
59000,9985,1687,11,1,1,2,2,2,1,2,0,0,0,0,0,0,0,0
59100,9986,1647,6,0,2,1,3,0,3,0,0,0,0,0,0,0,0,0
59200,9978,1620,12,0,7,0,2,0,1,1,0,0,0,0,0,0,0,0
59300,9972,1970,17,3,6,0,0,0,4,1,1,0,0,0,0,0,0,0
59400,9968,2199,24,1,2,3,1,0,3,1,2,0,0,0,0,0,0,0
59500,9978,1567,15,0,4,0,1,1,0,1,2,1,0,0,0,0,0,0
59600,9971,1537,17,2,7,1,0,1,3,0,2,0,0,0,0,0,0,0
59700,9967,1703,14,0,6,0,0,0,12,1,1,0,0,0,0,0,0,0
59800,9964,1663,13,18,8,0,5,1,7,1,3,0,0,0,0,0,0,0
59900,9971,1761,16,10,6,2,0,3,6,1,1,0,0,0,0,0,0,0
60000,9971,2021,22,9,3,0,1,0,2,1,1,0,0,0,0,0,0,0
60100,9977,2112,17,0,4,1,1,1,1,0,0,0,0,0,0,0,0,0
60200,9973,2037,22,0,3,0,1,0,1,0,0,0,0,0,0,0,0,0
60300,9976,1889,19,0,4,0,1,0,0,0,0,0,0,0,0,0,0,0
60400,9972,1930,16,0,4,1,1,2,5,0,2,0,0,0,0,0,0,0
60500,9970,1915,22,5,3,0,2,3,3,0,0,0,0,0,0,0,0,0
60600,9963,1808,23,56,9,0,1,0,3,0,1,2,0,0,0,0,0,0
60700,9970,1832,22,18,3,0,3,0,2,1,0,0,0,0,0,0,0,0
60800,9976,2085,17,3,6,0,0,1,1,0,0,0,0,0,0,0,0,0
60900,9972,1821,19,1,4,0,0,1,3,0,2,0,0,0,0,0,0,0
61000,9973,1416,19,0,5,0,0,0,2,1,1,0,0,0,0,0,0,0
61100,9970,1192,21,0,7,3,0,0,1,0,1,2,0,0,0,0,0,0
61200,9976,1270,15,8,3,1,2,1,4,0,0,1,0,0,0,0,0,0
61300,9974,1572,17,13,6,0,1,0,1,0,1,0,0,0,0,0,0,0
61400,9975,1617,17,14,4,0,2,1,1,0,0,2,1,0,0,0,0,0
61500,9978,1694,14,9,6,0,0,0,1,2,1,0,0,0,0,0,0,0
61600,9978,1604,15,7,4,0,2,1,1,0,0,0,0,0,0,0,0,0
61700,9953,1813,41,0,3,0,2,0,1,0,0,0,0,0,0,0,0,0
61800,9948,1955,42,3,6,0,0,0,3,0,1,0,0,0,0,0,0,0
61900,9944,1921,49,0,3,0,4,6,0,0,0,0,0,0,0,0,0,0
62000,9945,2172,50,3,2,0,1,10,2,0,0,1,0,0,0,0,0,0
62100,9937,2087,45,0,8,1,0,5,8,1,1,0,1,0,0,0,0,0
62200,9948,2154,43,3,5,1,1,0,3,0,0,0,0,0,0,0,0,0
62300,9961,2057,35,5,2,1,1,0,1,3,0,0,0,0,0,0,0,0
62400,9955,1861,37,2,2,1,2,0,3,1,0,0,1,0,0,0,0,0
62500,9956,1804,37,3,0,1,4,0,2,0,1,0,0,0,0,0,0,0
62600,9961,1896,37,7,1,0,0,0,1,1,0,0,0,0,0,0,0,0
62700,9957,1632,36,49,2,1,1,0,3,0,1,0,0,0,0,0,0,0
62800,9959,1673,40,8,0,0,0,0,1,1,0,0,0,0,0,0,0,0
62900,9963,1655,35,2,1,0,0,0,0,2,0,0,1,0,0,0,0,0
63000,9984,1438,12,0,1,0,2,0,1,5,0,0,0,0,0,0,0,0
63100,9989,1284,9,0,1,1,0,0,1,1,0,0,0,0,0,0,0,0
63200,9976,1330,20,0,0,0,2,3,2,0,0,0,0,0,0,0,0,0
63300,9979,1453,20,1,0,0,1,0,0,1,0,0,0,0,0,0,0,0
63400,9975,1387,14,2,0,0,3,0,4,0,2,0,2,0,0,0,0,0
63500,9991,1218,8,0,0,0,0,0,1,1,0,0,0,0,0,0,0,0
63600,9984,1465,15,1,0,0,0,0,1,0,0,0,0,0,0,0,0,0
63700,9986,1287,13,2,0,0,1,1,0,0,0,1,0,0,0,0,0,0
63800,9976,1369,15,2,1,0,3,1,3,0,0,1,2,0,0,0,0,0
63900,9985,1588,9,0,0,0,3,0,2,0,1,0,0,0,0,0,0,0
64000,9976,1473,13,0,1,0,4,0,4,1,1,0,1,0,0,0,0,0
64100,9984,1370,11,0,3,0,1,0,1,1,0,0,0,0,0,0,0,0
64200,9981,1634,14,0,3,0,0,0,1,0,1,0,0,0,0,0,0,0
64300,9983,1781,12,0,2,1,0,0,0,1,0,1,3,0,0,0,0,0
64400,9985,1431,11,3,0,0,0,0,3,1,1,0,0,0,0,0,0,0
64500,9980,1521,13,2,1,1,3,0,0,0,1,0,2,0,0,0,0,0
64600,9983,1612,10,0,0,0,1,0,1,0,2,0,3,0,0,0,0,0
64700,9979,1635,12,1,2,0,3,0,3,0,1,0,0,0,0,0,0,0
64800,9976,1463,13,2,2,0,1,0,7,0,0,0,1,0,0,0,0,0
64900,9974,1987,14,1,4,0,3,0,2,0,1,0,2,0,0,0,0,0
65000,9984,2143,12,3,1,0,0,0,3,1,0,0,0,0,0,0,0,0
65100,9977,1958,17,4,0,0,1,0,4,1,1,0,0,0,0,0,0,0
65200,9980,1767,9,1,1,0,5,2,3,0,0,0,2,0,0,0,0,0
65300,9986,1618,11,0,1,0,0,0,1,0,1,0,0,0,0,0,0,0
65400,9989,1206,10,0,0,0,0,0,0,0,1,0,0,0,0,0,0,0
65500,9990,1161,7,2,0,0,0,0,2,0,1,0,0,0,0,0,0,0
65600,9987,1129,9,3,2,2,0,0,1,1,0,0,1,0,0,0,0,0
65700,9978,1183,8,3,3,0,1,1,6,0,4,0,0,0,0,0,0,0
65800,9989,881,7,0,0,1,1,1,1,0,2,1,0,0,0,0,0,0
65900,9986,853,8,0,1,0,2,0,0,0,1,0,2,0,0,0,0,0
66000,9985,795,7,1,2,0,1,0,1,0,3,0,1,0,0,0,0,0
66100,9986,911,9,0,3,0,1,0,0,0,1,0,0,0,0,0,0,0
66200,9990,784,7,0,0,0,0,2,3,0,0,0,0,0,0,0,0,0
66300,9986,1022,8,0,0,0,2,1,3,0,1,0,0,0,0,0,0,0
66400,9986,1026,7,2,3,0,2,3,1,0,1,0,0,0,0,0,0,0
66500,9981,957,11,0,1,0,4,0,2,0,0,0,1,0,0,0,0,0
66600,9984,884,8,1,3,0,0,2,4,1,0,0,1,0,0,0,0,0
66700,9988,768,10,0,1,0,0,1,1,0,0,1,0,0,0,0,0,0
66800,9986,839,10,3,1,1,1,0,1,0,1,0,0,0,0,0,0,0
66900,9986,794,4,0,2,0,0,0,6,0,1,1,1,0,0,0,0,0
67000,9989,690,4,0,1,0,2,0,4,3,0,0,0,0,0,0,0,0
67100,9990,639,2,0,0,0,2,0,2,0,2,0,2,0,0,0,0,0
67200,9991,732,0,4,2,0,2,0,2,0,2,0,1,0,0,0,0,0
67300,9985,576,3,9,0,1,2,0,8,0,2,0,0,0,0,0,0,0
67400,9995,617,0,3,2,0,1,0,0,0,1,0,1,0,0,0,0,0
67500,9994,520,1,0,1,0,1,0,2,0,1,0,0,0,0,0,0,0
67600,9992,528,0,1,1,0,5,3,1,0,1,0,0,0,0,0,0,0
67700,9995,651,1,0,2,0,1,0,0,0,0,0,1,0,0,0,0,0
67800,9996,611,1,0,0,0,0,0,1,0,1,0,1,0,0,0,0,0
67900,9988,739,3,0,3,0,1,0,2,3,1,0,2,0,0,0,0,0
68000,9993,737,0,10,3,0,1,1,2,0,1,0,0,0,0,0,0,0
68100,9991,665,2,10,1,0,2,0,3,0,1,0,0,0,0,0,0,0
68200,9989,715,4,0,1,0,2,0,2,0,2,0,0,0,0,0,0,0
68300,9996,914,1,1,0,0,1,0,1,3,1,0,0,0,0,0,0,0
68400,9990,1397,0,0,5,0,3,0,1,0,1,0,0,0,0,0,0,0
68500,9982,1146,3,0,1,0,3,0,9,0,2,0,0,0,0,0,0,0
68600,9994,1023,1,0,3,1,1,0,1,0,0,0,0,0,0,0,0,0
68700,9996,1183,2,0,1,1,1,0,0,1,0,0,0,0,0,0,0,0
68800,9989,1183,4,2,0,0,1,0,4,0,2,0,0,0,0,0,0,0
68900,9990,1037,1,0,0,1,5,0,3,1,1,0,0,0,0,0,0,0
69000,9994,1222,2,0,2,1,0,0,2,0,0,0,0,0,0,0,0,0
69100,9990,1419,0,0,1,0,2,0,6,0,1,0,0,0,0,0,0,0
69200,9987,1327,3,0,1,1,2,1,6,0,1,0,0,0,0,0,0,0
69300,9996,1156,0,10,1,0,0,1,2,0,1,1,0,0,0,0,0,0
69400,9993,1208,1,12,1,0,3,0,2,0,0,0,0,0,0,0,0,0
69500,9993,1131,1,0,0,1,2,1,2,1,2,0,0,0,0,0,0,0
69600,9993,1115,0,0,4,0,0,0,1,0,2,0,0,0,0,0,0,0
69700,9987,1177,8,0,1,0,1,0,3,0,0,1,0,0,0,0,0,0
69800,9983,1847,14,8,1,1,0,0,0,1,2,0,0,0,0,0,0,0
69900,9984,1981,14,66,0,0,1,0,0,0,1,0,0,0,0,0,0,0
70000,9971,1934,23,64,0,0,2,0,4,2,0,0,0,0,0,0,0,0
70100,9970,1658,27,2,2,1,1,1,0,0,0,0,0,0,0,0,0,0
70200,9982,1525,15,0,1,0,0,0,2,0,0,0,0,0,0,0,0,0
70300,9982,1435,13,0,3,0,1,0,1,0,0,0,0,0,0,0,0,0
70400,9983,1380,12,0,1,0,2,0,1,1,1,0,0,0,0,0,0,0
70500,9977,1537,13,0,2,0,4,0,4,0,0,1,0,0,0,0,0,0
70600,9981,1631,12,5,3,0,3,0,1,0,0,0,0,0,0,0,0,0
70700,9984,1421,11,0,1,1,0,0,3,0,1,0,0,0,0,0,0,0
70800,9984,1383,12,3,1,0,0,0,3,1,0,0,0,0,0,0,0,0
70900,9981,1512,14,12,1,0,1,0,0,0,3,0,0,0,0,0,0,0
71000,9972,1259,14,4,5,0,0,0,5,1,4,0,0,0,0,0,0,0
71100,9985,1380,12,2,0,0,2,0,1,1,0,0,0,0,0,0,0,0
71200,9980,1051,13,0,0,1,4,0,2,0,1,0,0,0,0,0,0,0
71300,9971,1153,16,0,4,0,2,1,6,0,1,0,0,0,0,0,0,0
71400,9976,1242,12,0,2,2,5,1,5,0,0,1,0,0,0,0,0,0
71500,9984,1411,12,1,1,1,3,0,0,0,0,1,0,0,0,0,0,0
71600,9987,1484,11,2,1,2,0,0,0,0,1,1,0,0,0,0,0,0
71700,9974,1350,16,5,2,0,0,1,4,1,4,0,0,0,0,0,0,0
71800,9978,1386,14,1,1,0,3,0,3,1,1,0,0,0,0,0,0,0
71900,9982,1456,12,72,0,1,0,0,6,0,0,0,0,0,0,0,0,0
72000,9983,1312,11,105,2,1,2,0,2,2,0,0,0,0,0,0,0,0
72100,9978,1271,12,226,2,3,4,0,3,4,1,0,0,0,0,0,0,0
72200,9980,1389,13,304,0,1,1,0,6,1,0,1,0,0,0,0,0,0
72300,9983,1150,12,348,3,0,0,1,1,0,1,0,0,0,0,0,0,0
72400,9985,854,11,379,2,0,0,5,2,2,0,1,0,0,0,0,0,0
72500,9980,873,12,283,3,1,3,2,1,1,1,1,0,0,0,0,0,0
72600,9984,941,13,187,0,0,0,0,2,1,1,0,0,0,0,0,0,0
72700,9984,897,13,151,1,0,0,0,0,1,2,0,0,0,0,0,0,0
72800,9972,931,22,70,4,1,0,0,2,0,0,0,0,0,0,0,0,0
72900,9968,997,25,12,5,0,0,0,2,1,0,0,0,0,0,0,0,0
73000,9965,761,25,0,3,1,0,0,6,1,1,0,0,0,0,0,0,0
73100,9968,909,26,0,3,0,0,0,2,1,1,0,0,0,0,0,0,0
73200,9964,1030,26,0,3,0,3,2,3,0,1,0,0,0,0,0,0,0
73300,9965,955,24,0,2,1,5,2,3,3,1,0,0,0,0,0,0,0
73400,9971,832,27,0,0,1,1,1,1,2,0,0,0,0,0,0,0,0
73500,9969,825,26,58,1,2,2,0,0,1,2,1,0,0,0,0,0,0
73600,9968,764,26,114,1,0,2,0,2,1,1,0,0,0,0,0,0,0
73700,9971,822,26,101,2,0,0,2,1,3,0,0,0,0,0,0,0,0
73800,9964,1019,27,105,1,0,1,0,5,2,2,0,0,0,0,0,0,0
73900,9972,823,22,55,1,0,1,0,2,0,2,0,0,0,0,0,0,0
74000,9982,817,14,59,0,2,0,0,4,1,0,1,0,0,0,0,0,0
74100,9980,822,15,90,2,0,1,2,2,2,0,1,0,0,0,0,0,0
74200,9976,778,13,117,7,0,0,0,4,0,0,0,0,0,0,0,0,0
74300,9978,749,12,118,7,2,2,0,1,1,0,0,0,0,0,0,0,0
74400,9971,801,17,70,5,1,3,0,3,0,1,0,0,0,0,0,0,0
74500,9980,839,13,137,4,0,2,2,0,2,1,0,0,0,0,0,0,0
74600,9978,913,14,182,3,0,3,0,2,0,0,0,0,0,0,0,0,0
74700,9970,947,16,232,9,0,3,0,1,0,1,0,0,0,0,0,0,0
74800,9978,955,13,257,1,0,1,0,5,1,2,0,0,0,0,0,0,0
74900,9980,862,12,273,2,1,4,0,1,1,1,0,0,0,0,0,0,0
75000,9978,894,11,307,7,0,3,0,1,1,0,0,0,0,0,0,0,0
75100,9981,971,13,307,1,1,4,1,0,0,1,0,0,0,0,0,0,0
75200,9983,969,14,210,1,0,2,3,0,1,0,1,0,0,0,0,0,0
75300,9976,982,14,125,3,0,4,1,2,0,1,0,0,0,0,0,0,0
75400,9980,949,13,122,1,0,1,0,5,0,0,0,0,0,0,0,0,0
75500,9982,913,12,110,1,1,0,3,5,0,0,0,0,0,0,0,0,0
75600,9981,821,14,95,3,0,1,1,0,0,1,0,0,0,0,0,0,0
75700,9980,776,17,83,0,1,1,0,1,1,1,1,0,0,0,0,0,0
75800,9971,774,25,120,1,0,0,0,1,5,2,1,0,0,0,0,0,0
75900,9967,723,25,117,1,0,4,0,2,0,1,0,0,0,0,0,0,0
76000,9974,1003,20,124,0,1,5,1,1,1,0,1,0,0,0,0,0,0
76100,9977,1130,18,110,1,0,0,0,3,1,1,1,0,0,0,0,0,0
76200,9951,1133,45,50,0,0,2,2,1,0,1,0,0,0,0,0,0,0
76300,9952,1464,46,58,0,0,0,0,2,0,0,1,0,0,0,0,0,0
76400,9956,1610,42,56,0,0,1,1,0,0,1,0,0,0,0,0,0,0
76500,9955,1624,38,50,1,0,3,0,3,0,0,1,0,0,0,0,0,0
76600,9948,1938,39,52,2,0,1,1,7,0,3,1,0,0,0,0,0,0
76700,9958,2128,36,54,2,0,2,0,2,1,0,1,0,0,0,0,0,0
76800,9960,2088,37,62,1,0,1,0,0,0,1,0,0,0,0,0,0,0
76900,9958,2257,36,55,2,1,2,0,2,0,0,0,0,0,0,0,0,0
77000,9960,1962,37,43,2,0,0,1,0,3,1,0,0,0,0,0,0,0
77100,9959,1515,36,0,1,0,1,1,1,0,2,0,0,0,0,0,0,0
77200,9961,1340,36,0,1,0,1,0,0,1,1,0,0,0,0,0,0,0
77300,9956,1331,37,0,5,0,0,0,1,2,1,0,0,0,0,0,0,0
77400,9954,1417,37,0,0,0,3,0,6,1,0,1,0,0,0,0,0,0
77500,9960,1264,38,0,2,2,0,0,0,0,0,0,0,0,0,0,0,0
77600,9958,910,37,0,0,0,0,0,3,1,2,1,0,0,0,0,0,0
77700,9957,1030,37,0,2,1,1,0,2,0,1,0,0,0,0,0,0,0
77800,9955,1451,37,0,3,0,0,1,4,0,1,0,0,0,0,0,0,0
77900,9953,1509,42,0,3,0,0,1,1,1,1,0,0,0,0,0,0,0
78000,9952,1710,39,2,2,0,1,0,4,1,2,0,0,0,0,0,0,0
78100,9958,1747,37,2,1,0,1,0,3,0,0,0,0,0,0,0,0,0
78200,9953,1748,36,1,3,0,1,0,2,0,5,0,0,0,0,0,0,0
78300,9954,1380,39,7,2,1,1,3,2,0,2,0,0,0,0,0,0,0
78400,9958,1179,37,12,1,0,1,0,3,0,0,1,0,0,0,0,0,0
78500,9960,1261,36,0,1,0,0,0,3,0,0,0,0,0,0,0,0,0
78600,9958,1510,37,5,0,0,0,1,3,0,2,0,0,0,0,0,0,0
78700,9950,1621,38,3,4,0,2,3,3,1,3,0,0,0,0,0,0,0
78800,9957,1720,37,0,3,0,1,0,2,4,0,0,0,0,0,0,0,0
78900,9959,1685,36,0,2,0,2,0,1,0,0,1,0,0,0,0,0,0
79000,9956,1549,37,0,5,0,0,0,1,0,1,0,0,0,0,0,0,0
79100,9957,1192,37,0,2,0,1,0,0,0,3,0,0,0,0,0,0,0
79200,9956,1090,37,3,1,0,3,1,1,1,2,0,0,0,0,0,0,0
79300,9953,961,39,7,0,0,3,0,3,1,2,0,0,0,0,0,0,0
79400,9947,869,44,6,2,0,4,1,3,0,0,0,0,0,0,0,0,0
79500,9953,845,43,4,1,0,2,0,0,0,1,0,0,0,0,0,0,0
79600,9950,723,42,5,1,0,4,0,3,1,0,0,0,0,0,0,0,0
79700,9951,768,47,0,0,0,0,0,2,1,0,1,0,0,0,0,0,0
79800,9949,927,43,1,2,1,0,0,6,0,0,0,0,0,0,0,0,0
79900,9956,1033,42,4,2,0,0,0,0,1,0,0,0,0,0,0,0,0
80000,9954,1098,42,3,1,1,0,0,2,0,1,0,0,0,0,0,0,0
80100,9952,1091,44,0,0,0,1,0,2,0,1,0,0,0,0,0,0,0
80200,9963,881,30,0,2,0,1,0,3,0,1,0,0,0,0,0,0,0
80300,9912,709,83,0,2,0,2,0,1,0,0,0,0,0,0,0,0,0
80400,9890,938,100,2,2,0,2,0,5,0,1,0,0,0,0,0,0,0
80500,9893,851,102,0,1,0,2,0,0,0,2,0,0,0,0,0,0,0
80600,9893,909,101,0,2,0,0,1,3,0,1,0,0,0,0,0,0,0
80700,9910,1174,84,1,4,1,0,0,2,0,0,0,0,0,0,0,0,0
80800,9977,1085,19,1,1,0,2,0,1,1,0,0,0,0,0,0,0,0
80900,9876,961,113,1,4,0,3,0,3,0,1,0,0,0,0,0,0,0
81000,9883,905,112,0,2,0,1,0,2,1,0,0,0,0,0,0,0,0
81100,9879,809,113,1,2,0,3,0,1,1,2,0,0,0,0,0,0,0
81200,9883,716,113,0,2,1,0,0,2,0,0,0,0,0,0,0,0,0
81300,9880,655,113,0,3,1,0,0,2,0,2,1,0,0,0,0,0,0
81400,9882,696,116,0,0,0,0,0,1,0,1,0,0,0,0,0,0,0
81500,9882,729,113,0,2,0,0,0,2,0,1,0,0,0,0,0,0,0
81600,9881,673,113,0,2,0,1,0,3,0,0,0,0,0,0,0,0,0
81700,9880,933,116,0,0,0,3,3,1,0,0,0,0,0,0,0,0,0
81800,9884,1098,113,0,3,0,0,0,0,0,0,0,0,0,0,0,0,0
81900,9873,1218,118,0,3,0,0,0,4,0,2,0,0,0,0,0,0,0
82000,9877,1298,113,0,2,0,4,0,4,1,0,0,0,0,0,0,0,0
82100,9881,1376,114,5,1,1,1,0,2,0,1,0,0,0,0,0,0,0
82200,9874,1486,121,0,1,0,1,0,1,0,2,0,0,0,0,0,0,0
82300,9874,1544,118,2,0,1,2,0,5,2,1,0,0,0,0,0,0,0
82400,9876,1587,118,2,4,0,0,0,2,0,0,0,0,0,0,0,0,0
82500,9879,1544,118,0,0,0,1,1,2,2,0,0,0,0,0,0,0,0
82600,9942,1423,47,2,4,1,6,2,1,0,0,0,0,0,0,0,0,0
82700,9953,1517,44,3,1,0,1,0,1,2,0,0,0,0,0,0,0,0
82800,9921,1370,73,0,0,1,0,0,6,1,0,0,0,0,0,0,0,0
82900,9909,1473,80,0,4,0,1,0,2,0,4,0,0,0,0,0,0,0
83000,9924,1546,76,5,0,0,0,0,0,0,0,0,0,0,0,0,0,0
83100,9912,1507,79,7,3,0,1,0,4,0,0,0,1,0,0,0,0,0
83200,9918,1756,78,7,1,0,2,0,1,0,0,0,0,0,0,0,0,0
83300,9923,1687,71,7,1,0,1,0,3,0,1,1,0,0,0,0,0,0
83400,9933,1757,63,5,1,0,2,1,1,0,0,0,0,0,0,0,0,0
83500,9908,1832,84,0,1,0,1,0,4,1,2,0,0,0,0,0,0,0
83600,9893,2143,103,9,1,0,1,0,2,0,0,0,0,0,0,0,0,0
83700,9894,1949,100,13,1,1,4,0,1,0,0,0,0,0,0,0,0,0
83800,9886,1601,106,8,3,0,0,0,3,0,2,0,0,0,0,0,0,0
83900,9892,1491,104,9,1,2,0,0,2,0,1,0,0,0,0,0,0,0
84000,9887,1589,104,12,2,2,1,1,6,0,0,0,0,0,0,0,0,0
84100,9888,1669,105,6,0,1,5,0,1,0,1,0,0,0,0,0,0,0
84200,9889,1549,103,1,2,0,1,3,3,0,2,0,0,0,0,0,0,0
84300,9886,1212,106,3,1,0,0,1,6,0,1,0,0,0,0,0,0,0
84400,9884,1320,107,2,2,0,4,1,3,0,0,0,0,0,0,0,0,0
84500,9891,1295,103,0,1,0,1,0,2,0,2,0,0,0,0,0,0,0
84600,9885,1207,112,1,0,0,0,0,3,0,0,0,0,0,0,0,0,0
84700,9870,1091,123,0,2,0,3,0,0,1,2,0,0,0,0,0,0,0
84800,9881,955,117,0,0,0,0,0,1,1,1,0,0,0,0,0,0,0
84900,9877,1011,121,1,1,0,0,0,1,0,0,0,0,0,0,0,0,0
85000,9881,1178,116,2,2,0,1,3,0,0,0,1,0,0,0,0,0,0
85100,9913,1132,81,0,1,0,5,3,0,0,0,0,0,0,0,0,0,0
85200,9915,1185,82,3,1,1,0,3,1,0,1,0,0,0,0,0,0,0
85300,9915,1453,79,0,0,0,2,10,4,0,0,2,0,0,0,0,0,0
85400,9910,1443,81,1,1,1,3,9,3,1,2,0,0,0,0,0,0,0
85500,9913,1851,82,0,2,0,0,9,2,1,1,0,0,0,0,0,0,0
85600,9916,1910,81,6,2,0,0,9,0,0,1,0,0,0,0,0,0,0
85700,9918,1976,80,10,0,0,1,9,1,1,0,0,0,0,0,0,0,0
85800,9908,1820,83,0,1,0,2,9,3,0,3,0,0,0,0,0,0,0
85900,9918,1515,73,2,2,0,6,10,0,0,1,0,0,0,0,0,0,0
86000,9897,1260,92,4,3,0,1,9,6,0,1,0,0,0,0,0,0,0
86100,9892,1292,97,2,3,0,3,2,2,1,3,0,0,0,0,0,0,0
86200,9899,1242,96,3,2,3,3,2,0,0,0,0,0,0,0,0,0,0
86300,9892,1043,98,3,0,1,7,0,3,1,0,0,0,0,0,0,0,0
86400,9890,780,99,2,1,0,6,0,3,0,1,0,0,0,0,0,0,0
86500,9892,807,96,0,0,1,6,0,6,1,0,1,0,0,0,0,0,0
86600,9902,763,94,7,0,0,3,4,0,1,1,0,0,0,0,0,0,0
86700,9891,891,100,23,4,1,4,0,0,1,1,0,0,0,0,0,0,0
86800,9902,938,95,11,0,0,1,1,0,1,2,1,0,0,0,0,0,0
86900,9898,739,96,0,1,0,1,0,4,0,0,0,0,0,0,0,0,0
87000,9895,943,97,0,4,0,0,1,2,0,2,1,0,0,0,0,0,0
87100,9908,929,87,0,1,0,1,0,3,1,0,1,0,0,0,0,0,0
87200,9967,1074,24,15,5,0,1,0,1,0,2,1,0,0,0,0,0,0
87300,9963,1154,33,30,0,0,0,0,2,0,2,1,0,0,0,0,0,0
87400,9958,1071,35,17,2,0,1,1,3,1,1,0,0,0,0,0,0,0
87500,9956,952,36,6,1,0,3,0,3,0,1,0,0,0,0,0,0,0
87600,9962,985,33,8,1,0,0,0,4,0,0,0,0,0,0,0,0,0
87700,9951,1051,41,9,2,1,1,0,5,0,0,1,0,0,0,0,0,0
87800,9952,1065,43,8,3,0,0,3,2,0,0,0,0,0,0,0,0,0
87900,9954,1214,44,9,1,1,0,0,0,0,1,0,0,0,0,0,0,0
88000,9949,1133,43,16,4,0,2,0,1,2,1,0,0,0,0,0,0,0
88100,9954,1105,40,12,1,1,1,0,4,1,0,0,0,0,0,0,0,0
88200,9957,1093,42,6,0,0,0,0,1,0,0,0,0,0,0,0,0,0
88300,9952,1219,41,6,0,1,2,0,4,0,1,0,0,0,0,0,0,0
88400,9945,1201,44,6,1,0,9,0,0,0,1,0,0,0,0,0,0,0
88500,9954,1055,35,6,1,1,6,0,4,1,0,0,0,0,0,0,0,0
88600,9969,972,25,7,0,0,6,0,0,1,0,0,0,0,0,0,0,0
88700,9965,874,23,10,1,0,9,0,0,0,2,0,0,0,0,0,0,0
88800,9959,929,27,10,3,0,4,0,5,0,2,0,0,0,0,0,0,0
88900,9965,1213,24,7,1,0,6,0,3,0,1,0,0,0,0,0,0,0
89000,9969,1178,23,10,1,1,7,2,0,0,0,0,0,0,0,0,0,0
89100,9965,1292,27,5,0,0,4,1,3,0,1,0,0,0,0,0,0,0
89200,9971,1317,19,7,5,0,0,0,4,0,1,0,0,0,0,0,0,0
89300,9977,1248,20,8,1,0,1,1,1,0,0,0,0,0,0,0,0,0
89400,9974,1304,20,9,2,2,1,0,2,1,1,0,0,0,0,0,0,0
89500,9975,1111,20,12,3,0,1,0,1,0,0,0,0,0,0,0,0,0
89600,9973,1213,24,7,0,0,0,1,3,0,0,0,0,0,0,0,0,0
89700,9966,1119,31,8,2,0,1,0,0,0,0,0,0,0,0,0,0,0
89800,9960,1131,37,8,1,0,0,0,2,1,0,0,0,0,0,0,0,0
89900,9951,1205,44,15,1,0,2,1,2,0,0,0,0,0,0,0,0,0
90000,9908,1302,90,13,1,0,0,0,1,0,0,0,0,0,0,0,0,0
90100,9893,1194,98,8,2,0,4,0,3,0,0,0,0,0,0,0,0,0
90200,9898,1197,100,8,1,0,0,1,0,0,1,0,0,0,0,0,0,0
90300,9897,1249,97,8,0,0,3,0,2,1,1,0,0,0,0,0,0,0
90400,9896,1174,98,7,1,1,1,0,4,0,0,0,0,0,0,0,0,0
90500,9893,1209,99,7,0,0,4,0,3,0,1,0,0,0,0,0,0,0
90600,9894,1124,101,6,0,0,1,0,4,0,0,0,0,0,0,0,0,0
90700,9894,1241,101,10,2,0,0,0,1,0,2,0,0,0,0,0,0,0
90800,9892,1357,102,7,1,1,3,0,1,0,1,0,0,0,0,0,0,0
90900,9889,1378,102,15,1,0,4,0,2,0,2,0,0,0,0,0,0,0
91000,9888,1154,101,15,5,0,0,0,6,0,0,0,0,0,0,0,0,0
91100,9892,1126,103,11,2,0,1,0,1,1,1,0,0,0,0,0,0,0
91200,9895,994,103,8,1,0,0,0,1,0,0,0,0,0,0,0,0,0
91300,9890,765,100,6,2,0,1,0,7,0,0,0,0,0,0,0,0,0
91400,9893,764,103,11,3,0,0,0,0,0,1,0,0,0,0,0,0,0
91500,9886,738,105,8,3,0,0,0,5,0,1,0,0,0,0,0,0,0
91600,9892,729,102,11,0,0,0,0,5,1,1,0,0,0,0,0,0,0
91700,9890,749,104,17,1,0,1,0,3,1,1,0,0,0,0,0,0,0
91800,9896,712,98,13,2,0,1,0,3,0,0,0,0,0,0,0,0,0
91900,9911,691,84,15,1,0,2,0,2,0,0,0,0,0,0,0,0,0
92000,9914,771,80,6,4,0,1,1,1,0,0,1,0,0,0,0,0,0
92100,9908,735,84,7,1,0,5,0,1,1,1,0,0,0,0,0,0,0
92200,9918,728,77,3,1,0,0,0,3,0,1,0,0,0,0,0,0,0
92300,9925,692,67,1,4,0,2,1,1,0,1,0,0,0,0,0,0,0
92400,9926,712,69,0,2,1,1,0,2,2,0,0,0,0,0,0,0,0
92500,9919,795,70,0,0,0,5,0,6,1,0,0,0,0,0,0,0,0
92600,9929,710,71,1,0,0,0,0,0,0,0,0,0,0,0,0,0,0
92700,9930,677,65,4,0,0,1,0,4,0,0,0,0,0,0,0,0,0
92800,9931,792,65,7,0,1,4,1,0,1,0,0,0,0,0,0,0,0
92900,9925,918,67,7,0,0,6,0,2,0,0,0,0,0,0,0,0,0
93000,9931,847,64,7,1,0,3,0,1,0,0,0,0,0,0,0,0,0
93100,9944,715,49,4,2,0,2,0,3,0,0,0,0,0,0,0,0,0
93200,9973,688,24,0,0,2,3,1,0,1,0,0,0,0,0,0,0,0
93300,9980,775,11,0,3,4,2,0,2,1,2,0,0,0,0,0,0,0
93400,9989,755,11,0,0,1,0,0,0,0,0,0,0,0,0,0,0,0
93500,9979,716,16,0,2,0,2,0,1,1,0,0,0,0,0,0,0,0
93600,9976,660,22,0,1,0,0,0,1,0,0,0,0,0,0,0,0,0
93700,9971,740,21,0,2,0,4,0,1,0,1,0,0,0,0,0,0,0
93800,9972,866,24,0,1,0,1,1,2,2,0,0,0,0,0,0,0,0
93900,9978,940,15,0,1,0,2,0,4,1,0,0,0,0,0,0,0,0
94000,9985,1003,11,1,3,0,0,0,1,0,0,0,0,0,0,0,0,0
94100,9985,1032,10,0,1,0,0,0,2,0,2,0,0,0,0,0,0,0
94200,9985,1169,11,8,2,0,0,0,2,0,0,0,0,0,0,0,0,0
94300,9980,1168,12,17,1,1,6,0,1,1,0,0,0,0,0,0,0,0
94400,9979,1175,19,9,1,0,0,1,1,1,0,0,0,0,0,0,0,0
94500,9972,1278,21,9,2,0,0,0,3,0,2,0,0,0,0,0,0,0
94600,9972,1283,24,22,0,1,1,0,3,0,0,0,0,0,0,0,0,0
94700,9975,1222,22,22,1,0,0,0,0,0,2,0,0,0,0,0,0,0
94800,9973,1286,23,15,4,0,0,0,0,0,0,0,0,0,0,0,0,0
94900,9973,1292,21,4,1,0,1,1,4,0,0,0,0,0,0,0,0,0
95000,9971,1440,23,6,1,0,0,0,5,1,0,0,0,0,0,0,0,0
95100,9973,1465,21,3,0,0,2,1,3,1,1,0,0,0,0,0,0,0
95200,9965,1155,23,5,4,0,1,0,7,1,0,0,0,0,0,0,0,0
95300,9973,1026,23,1,0,1,0,0,2,0,2,0,0,0,0,0,0,0
95400,9973,1029,24,0,1,0,2,0,0,0,0,0,0,0,0,0,0,0
95500,9975,1009,22,0,1,0,1,0,1,0,0,0,0,0,0,0,0,0
95600,9972,1083,25,0,2,1,0,0,0,2,1,0,0,0,0,0,0,0
95700,9973,1273,22,0,3,0,1,0,1,0,0,0,0,0,0,0,0,0
95800,9969,1269,21,13,2,0,6,3,1,0,1,0,0,0,0,0,0,0
95900,9977,1386,12,22,1,0,1,0,8,0,1,0,0,0,0,0,0,0
96000,9981,1280,12,38,2,0,4,1,0,3,1,0,0,0,0,0,0,0
96100,9984,1204,11,43,1,1,3,0,0,0,1,0,0,0,0,0,0,0
96200,9984,1022,11,12,3,0,1,0,0,0,1,0,0,0,0,0,0,0
96300,9978,817,13,17,3,0,0,0,6,0,0,0,0,0,0,0,0,0
96400,9980,659,10,15,2,1,3,0,3,0,2,0,0,0,0,0,0,0
96500,9980,686,11,11,0,0,7,1,2,0,0,0,0,0,0,0,0,0
96600,9984,815,11,1,1,1,1,2,2,0,1,0,0,0,0,0,0,0
96700,9981,916,12,0,1,0,3,0,1,0,2,0,0,0,0,0,0,0
96800,9983,856,10,1,1,0,1,0,4,1,1,0,0,0,0,0,0,0
96900,9983,864,11,17,2,1,0,0,1,2,3,1,0,0,0,0,0,0
97000,9982,799,10,29,3,0,1,0,3,0,1,0,0,0,0,0,0,0
97100,9986,869,11,28,0,1,1,0,2,0,0,0,0,0,0,0,0,0
97200,9980,873,11,30,3,0,2,0,3,0,1,0,0,0,0,0,0,0
97300,9984,1095,13,28,1,1,1,0,1,0,0,0,0,0,0,0,0,0
97400,9982,1079,14,3,1,0,1,0,1,0,1,0,0,0,0,0,0,0
97500,9982,914,12,3,0,1,1,0,3,0,2,0,0,0,0,0,0,0
97600,9979,972,13,1,1,0,2,0,5,0,0,0,0,0,0,0,0,0
97700,9977,911,14,1,1,0,6,0,2,0,0,0,0,0,0,0,0,0
97800,9985,964,13,2,1,0,1,1,0,0,0,0,0,0,0,0,0,0
97900,9982,962,15,0,1,0,2,0,0,0,0,0,0,0,0,0,0,0
98000,9977,938,14,0,3,1,2,0,3,1,1,0,0,0,0,0,0,0
98100,9969,940,19,20,1,1,1,0,8,0,2,0,0,0,0,0,0,0
98200,9975,936,19,28,3,0,0,2,2,1,1,1,0,0,0,0,0,0
98300,9969,1052,23,28,2,0,1,0,2,0,3,0,0,0,0,0,0,0
98400,9953,1032,34,13,2,0,5,0,4,1,2,0,0,0,0,0,0,0
98500,9962,984,32,1,2,0,1,0,2,0,1,0,0,0,0,0,0,0
98600,9957,962,34,0,3,1,4,0,1,0,1,0,0,0,0,0,0,0
98700,9964,858,32,10,1,0,1,2,1,0,1,0,0,0,0,0,0,0
98800,9954,973,36,31,2,0,2,2,3,0,3,0,0,0,0,0,0,0
98900,9965,959,32,30,0,0,1,0,2,0,0,0,0,0,0,0,0,0
99000,9969,1000,25,35,2,0,0,0,3,0,1,0,0,0,0,0,0,0
99100,9970,1067,24,31,2,2,2,0,1,1,1,0,0,0,0,0,0,0
99200,9969,1000,21,42,6,0,1,1,3,1,0,0,0,0,0,0,0,0
99300,9970,1115,23,4,1,0,0,0,5,0,1,0,0,0,0,0,0,0
99400,9964,1227,26,0,0,0,5,0,3,1,2,0,0,0,0,0,0,0
99500,9969,1259,25,0,2,0,0,0,1,0,3,0,0,0,0,0,0,0
99600,9958,1159,30,1,1,0,1,1,6,0,4,0,0,0,0,0,0,0
99700,9972,1073,22,0,1,0,1,0,2,0,2,0,0,0,0,0,0,0
99800,9970,1134,25,1,1,2,1,0,3,0,0,1,0,0,0,0,0,0
99900,9971,1015,27,1,0,1,1,0,0,0,1,0,0,0,0,0,0,0
100000,9977,1194,22,0,0,0,1,0,0,1,0,0,0,0,0,0,0,0
