update,host_task_NOT,sym_task_NOT,host_task_NAND,sym_task_NAND,host_task_AND,sym_task_AND,host_task_ORN,sym_task_ORN,host_task_OR,sym_task_OR,host_task_ANDN,sym_task_ANDN,host_task_NOR,sym_task_NOR,host_task_XOR,sym_task_XOR,host_task_EQU,sym_task_EQU
0,0,0,0,0,0,0,0,0,0,0,0,0,0,0,0,0,0,0
100,10000,38358,0,1,1,6,0,1,0,2,1,0,0,0,0,0,0,0
200,9993,33292,0,6,2,5,0,4,2,7,3,6,0,0,0,0,0,0
300,9993,33177,0,5,1,2,2,1,3,10,1,6,0,0,0,0,0,0
400,9991,33054,0,0,2,4,1,1,1,7,5,1,0,0,0,0,0,0
500,9987,33230,0,5,2,10,2,2,7,6,2,4,0,0,0,0,0,0
600,9996,28129,2,7,0,10,0,2,1,3,1,0,0,0,0,0,0,0
700,9991,26020,5,6,1,7,1,2,2,5,0,2,0,0,0,0,0,0
800,9987,26007,5,2,1,3,3,0,3,8,1,4,0,0,0,0,0,0
900,9987,25934,4,6,1,2,3,2,3,2,2,1,0,0,0,0,0,0
1000,9994,25997,4,5,1,2,0,3,1,2,0,2,0,0,0,0,0,0
1100,9989,23448,4,2,4,3,2,1,1,3,0,2,0,0,0,0,0,0
1200,9986,20651,4,5,2,0,2,3,4,2,2,0,0,0,0,0,0,0
1300,9991,20537,5,5,2,7,0,1,1,6,1,4,0,0,0,0,0,0
1400,9991,20452,4,9,2,3,0,3,3,5,0,0,0,0,0,0,0,0
1500,9990,20617,4,3,2,5,3,1,1,0,0,2,0,0,0,0,0,0
1600,9988,19503,4,3,4,7,3,3,1,1,0,0,0,0,0,0,0,0
1700,9991,16552,6,5,2,1,0,0,1,4,0,2,0,0,0,0,0,0
1800,9983,16423,8,8,3,5,1,3,4,4,1,0,0,0,0,0,0,0
1900,9983,16356,5,6,2,3,2,3,6,5,2,1,0,0,0,0,0,0
2000,9990,16335,4,4,2,3,2,1,2,3,0,1,0,0,0,0,0,0
2100,9984,16328,5,4,4,5,4,1,3,5,0,2,0,0,0,0,0,0
2200,9988,13293,4,3,0,5,3,5,4,2,1,3,0,0,0,0,0,0
2300,9985,13134,4,7,1,1,2,3,6,1,2,1,0,0,0,0,0,0
2400,9990,12917,5,12,0,6,1,1,3,4,1,1,0,0,0,0,0,0
2500,9987,13083,5,7,2,2,0,0,5,3,1,4,0,0,0,0,0,0
2600,9985,13152,6,1,3,8,3,3,2,2,1,0,0,0,0,0,0,0
2700,9981,11342,11,1,3,2,3,1,1,3,1,0,0,0,0,0,0,0
2800,9979,10855,14,2,3,6,2,3,0,3,2,1,0,0,0,0,0,0
2900,9979,10823,13,2,0,1,2,2,4,3,2,1,0,0,0,0,0,0
3000,9973,10843,16,6,3,1,2,2,4,1,2,1,0,0,0,0,0,0
3100,9977,10903,14,5,3,0,0,1,5,1,1,2,0,0,0,0,0,0
3200,9968,9891,20,2,1,2,4,0,5,3,2,5,0,0,0,0,0,0
3300,9961,9090,24,1,2,1,6,0,4,1,3,1,0,0,0,0,0,0
3400,9967,8969,21,3,2,2,0,2,6,2,4,1,0,0,0,0,0,0
3500,9967,9029,25,5,0,1,4,1,3,2,1,3,0,0,0,0,0,0
3600,9967,9049,20,7,1,0,4,4,5,1,3,0,0,0,0,0,0,0
3700,9968,8573,23,5,1,3,5,1,1,5,2,1,0,0,0,0,0,0
3800,9962,7585,28,4,2,1,1,1,4,1,3,3,0,0,0,0,0,0
3900,9967,7548,26,6,2,0,3,4,2,0,0,2,0,0,0,0,0,0
4000,9965,7576,28,3,2,0,1,6,4,2,0,0,0,1,0,0,0,0
4100,9969,7553,24,4,1,0,4,5,2,2,0,0,0,0,0,0,0,0
4200,9964,7544,23,9,3,2,5,0,4,2,0,0,1,0,0,0,0,0
4300,9953,6293,37,4,1,0,4,3,3,1,1,1,1,0,0,0,0,0
4400,9940,6409,47,2,0,1,7,3,4,3,2,1,0,0,0,0,0,0
4500,9945,6284,44,8,1,1,5,1,3,3,2,0,0,0,0,0,0,0
4600,9942,6447,44,12,5,0,4,0,5,0,0,0,0,0,0,0,0,0
4700,9946,6621,47,4,3,0,1,3,1,0,2,0,0,0,0,0,0,0
4800,9931,5747,54,3,4,3,4,4,6,2,0,1,1,0,0,0,0,0
4900,9935,5676,49,19,3,0,7,2,4,0,2,1,0,0,0,0,0,0
5000,9927,5775,52,15,6,1,6,4,6,3,0,0,3,0,0,0,0,0
5100,9941,5873,51,13,3,4,2,4,2,3,1,1,0,0,0,0,0,0
5200,9937,5786,52,10,1,0,1,3,7,1,2,0,0,0,0,0,0,0
5300,9930,5342,55,16,3,1,1,4,9,1,2,0,0,0,0,0,0,0
5400,9924,4969,60,13,3,1,5,8,6,2,2,1,0,0,0,0,0,0
5500,9934,5067,57,12,2,1,1,3,5,0,1,0,0,0,0,0,0,0
5600,9930,5101,60,7,5,1,1,0,3,2,1,0,0,0,0,0,0,0
5700,9926,5188,64,4,2,0,3,1,3,0,2,0,0,0,0,0,0,0
5800,9929,5119,61,9,2,2,5,1,2,1,1,1,0,0,0,0,0,0
5900,9937,4589,48,8,3,2,8,0,3,4,1,0,0,0,0,0,0,0
6000,9936,4708,49,8,1,1,12,2,2,0,0,0,0,0,0,0,0,0
6100,9933,4765,48,8,1,1,8,1,10,4,0,0,0,0,0,0,0,0
6200,9927,4821,56,9,4,2,8,0,5,2,0,0,0,0,0,0,0,0
6300,9932,4867,48,15,4,1,12,1,4,1,0,0,0,0,0,0,0,0
6400,9919,4195,54,11,2,4,18,3,6,1,1,1,0,0,0,0,0,0
6500,9925,4318,53,25,3,0,14,1,2,3,2,1,1,0,0,0,0,0
6600,9923,4335,54,20,7,0,10,1,6,1,0,2,0,0,0,0,0,0
6700,9913,4426,51,28,3,1,20,1,9,6,4,1,0,0,0,0,0,0
6800,9926,4579,52,19,3,2,12,0,2,5,4,1,1,0,0,0,0,0
6900,9911,4062,63,20,1,1,13,4,10,3,1,2,1,0,0,0,0,0
7000,9916,4089,59,23,7,6,14,2,1,3,3,0,0,0,0,0,0,0
7100,9909,4601,65,30,4,1,14,0,4,1,4,0,0,0,0,0,0,0
7200,9909,4451,67,57,2,2,19,4,3,2,0,0,0,0,0,0,0,0
7300,9906,4318,68,51,5,0,13,0,7,3,1,1,0,0,0,0,0,0
7400,9901,4431,55,43,2,1,27,3,13,3,2,1,0,0,0,0,0,0
7500,9919,4568,54,44,2,1,19,1,5,3,1,1,0,1,0,0,0,0
7600,9907,5565,58,37,2,3,25,2,7,2,1,2,0,0,0,0,0,0
7700,9917,6884,59,60,2,4,19,8,3,2,0,0,0,0,0,0,0,0
7800,9905,8598,52,56,5,1,26,20,7,3,5,1,0,0,0,0,0,0
7900,9911,9534,53,96,3,6,22,4,8,2,3,3,0,0,0,1,0,0
8000,9921,9850,54,105,4,1,14,1,5,3,2,1,0,0,0,0,0,0
8100,9929,10806,48,131,1,2,14,4,5,6,3,0,0,0,0,0,0,0
8200,9918,11697,51,59,6,6,17,2,5,8,3,3,0,0,0,0,0,0
8300,9907,12224,60,154,5,2,20,2,6,4,1,2,1,0,0,0,0,0
8400,9896,12316,71,219,5,4,18,21,7,2,3,6,0,0,0,0,0,0
8500,9886,12660,70,188,4,12,25,11,10,4,2,3,3,0,0,0,0,0
8600,9846,12721,103,186,5,12,43,5,2,3,1,2,0,0,0,0,0,0
8700,9859,13431,87,134,8,4,37,3,8,3,1,1,0,1,0,0,0,0
8800,9853,15214,84,139,13,2,45,9,4,9,1,2,0,0,0,0,0,0
8900,9862,15717,82,221,13,3,32,3,10,5,1,3,0,0,0,0,0,0
9000,9872,17434,81,196,16,6,21,1,5,5,5,2,0,0,0,0,0,0
9100,9890,18408,80,119,12,9,12,0,1,2,5,0,0,0,0,0,0,0
9200,9888,18716,76,148,11,4,9,5,8,9,7,1,1,0,0,0,0,0
9300,9889,18079,73,289,16,5,9,4,5,6,8,2,0,0,0,0,0,0
9400,9892,19560,75,262,11,3,8,7,7,3,7,2,0,0,0,0,0,0
9500,9903,18873,63,292,16,4,10,6,2,5,6,3,0,0,0,0,0,0
9600,9903,18101,64,416,14,7,8,11,6,8,5,2,0,0,0,0,0,0
9700,9910,18706,58,622,12,8,11,4,1,7,8,4,0,0,0,0,0,0
9800,9917,18043,56,532,11,5,9,1,2,3,4,4,1,0,0,0,0,0
9900,9867,17638,52,443,14,9,55,13,4,8,8,3,0,0,0,0,0,0
10000,9851,18189,57,742,14,8,68,16,4,3,6,3,0,0,0,0,0,0
10100,9881,18332,47,1049,14,6,50,11,2,6,6,2,0,0,0,0,0,0
10200,9891,16656,78,1291,11,5,9,8,6,9,5,3,0,0,0,0,0,0
10300,9907,17569,67,1330,12,4,7,3,2,6,5,4,0,0,0,0,0,0
10400,9909,16618,67,1152,15,11,1,2,3,7,5,5,0,0,0,0,0,0
10500,9897,16838,77,1332,14,3,1,2,7,1,4,3,0,0,0,0,0,0
10600,9910,16412,69,933,11,3,3,4,2,3,5,2,0,0,0,0,0,0
10700,9894,16472,74,786,14,3,7,2,2,4,9,3,0,0,0,0,0,0
10800,9897,15774,75,783,15,7,6,3,2,4,5,0,0,0,0,0,0,0
10900,9876,15287,109,908,5,4,2,0,2,3,6,4,0,0,0,0,0,0
11000,9877,14408,109,958,4,3,5,3,2,3,3,1,0,0,0,0,0,0
11100,9895,15032,92,914,3,7,4,3,5,7,1,2,0,0,0,0,0,0
11200,9888,14233,101,722,0,5,5,3,6,4,0,3,0,0,0,0,0,0
11300,9887,14445,100,841,5,2,7,0,1,4,0,1,0,0,0,0,0,0
11400,9889,14050,100,899,6,2,2,0,3,1,0,1,0,0,0,0,0,0
11500,9884,13530,104,706,1,5,2,2,6,4,3,0,0,1,0,0,0,0
11600,9892,12806,94,866,5,2,2,4,4,4,3,0,0,0,0,0,0,0
11700,9899,12726,91,757,1,3,1,1,5,2,2,0,1,0,0,0,0,0
11800,9902,12684,89,933,4,7,1,3,2,3,2,0,0,0,0,0,0,0
11900,9897,12981,94,841,4,3,4,10,0,1,1,1,0,0,0,0,0,0
12000,9898,13591,87,933,2,2,3,1,8,1,2,3,0,0,0,0,0,0
12100,9899,13298,93,927,1,7,3,6,4,3,0,1,0,0,0,0,0,0
12200,9898,12438,89,807,4,3,5,4,4,1,0,1,0,0,0,0,0,0
12300,9892,11902,88,901,5,3,8,12,6,3,1,1,0,0,0,0,0,0
12400,9898,12448,92,730,3,2,3,15,3,3,1,1,0,0,0,0,0,0
12500,9906,11854,86,802,2,4,3,9,3,3,0,1,0,0,0,0,0,0
12600,9901,10596,91,742,1,2,1,16,3,1,3,1,0,0,0,0,0,0
12700,9909,10582,88,750,0,2,1,14,1,2,1,0,0,0,0,0,0,0
12800,9835,10444,145,863,3,0,6,7,8,1,3,0,0,0,0,0,0,0
12900,9799,11229,185,782,0,2,8,18,5,4,3,5,0,0,0,0,0,0
13000,9842,10041,146,826,1,2,4,12,5,5,1,1,1,0,0,0,0,0
13100,9884,9633,110,830,2,2,1,5,3,4,0,1,0,0,0,0,0,0
13200,9872,10283,116,553,1,0,1,4,8,3,2,0,0,0,0,0,0,0
13300,9877,10642,109,645,4,0,6,1,2,2,2,1,0,0,0,0,0,0
13400,9812,10111,177,803,3,1,2,2,5,1,1,1,0,0,0,0,0,0
13500,9794,8947,190,819,4,2,9,1,2,1,1,1,0,0,0,0,0,0
13600,9782,8913,195,868,5,2,14,4,1,7,3,1,0,0,0,0,0,0
13700,9783,7878,191,775,3,1,15,3,6,1,2,1,0,0,0,0,0,0
13800,9805,7573,175,912,4,1,12,4,2,3,2,0,0,0,0,0,0,0
13900,9812,8032,172,871,4,2,10,8,1,1,1,2,0,0,0,0,0,0
14000,9798,9008,174,722,3,3,19,7,3,4,3,2,0,0,0,0,0,0
14100,9814,8574,170,834,0,3,11,9,4,2,1,2,0,0,0,0,0,0
14200,9808,8946,172,883,2,4,13,7,4,1,1,1,0,0,0,0,0,0
14300,9805,8563,177,920,1,4,14,6,3,4,0,0,0,0,0,0,0,0
14400,9815,8080,170,580,1,4,12,9,1,4,1,0,0,0,0,0,0,0
14500,9800,6588,179,657,1,3,17,6,1,3,2,2,0,0,0,0,0,0
14600,9876,7337,102,819,3,2,15,6,4,6,0,1,0,0,0,0,0,0
14700,9890,8225,88,924,4,3,11,6,5,6,2,1,0,0,0,0,0,0
14800,9855,7068,120,836,6,3,11,6,7,2,1,1,0,0,0,0,0,0
14900,9847,6785,136,696,2,1,12,6,1,2,2,1,0,0,0,0,0,0
15000,9843,6920,137,693,4,1,14,5,0,6,2,2,0,0,0,0,0,0
15100,9864,6943,109,734,2,2,21,9,2,3,2,1,0,0,0,0,0,0
15200,9896,7519,77,709,5,4,16,6,4,1,2,1,0,0,0,0,0,0
15300,9905,8377,74,551,5,2,12,7,4,2,0,0,0,0,0,0,0,0
15400,9905,7624,71,623,2,3,15,6,5,3,2,0,0,0,0,0,0,0
15500,9906,7688,73,633,2,4,11,6,6,2,2,0,0,0,0,0,0,0
15600,9930,9066,52,825,2,0,10,6,3,2,3,0,0,0,0,0,0,0
15700,9930,8351,43,611,6,0,14,5,2,1,5,2,0,0,0,0,0,0
15800,9947,7594,24,659,2,1,22,8,4,0,1,0,0,0,0,0,0,0
15900,9966,6711,21,731,2,1,9,10,1,1,1,1,0,1,0,0,0,0
16000,9962,6586,22,936,1,2,11,8,3,1,1,1,0,0,0,0,0,0
16100,9970,6314,23,799,0,0,3,6,2,0,2,2,0,0,0,0,0,0
16200,9965,6309,20,630,3,3,6,7,2,1,4,0,0,0,0,0,0,0
16300,9970,6377,16,526,3,6,9,7,1,2,1,1,0,0,0,0,0,0
16400,9963,5978,23,443,6,5,6,7,2,4,0,0,0,0,0,0,0,0
16500,9960,7000,26,398,2,3,6,7,5,3,1,1,0,0,0,0,0,0
16600,9960,7418,22,456,3,3,9,8,6,0,0,2,0,0,0,0,0,0
16700,9966,7067,19,469,2,2,9,8,2,2,2,0,0,0,0,0,0,0
16800,9971,7118,20,445,3,1,4,13,1,2,1,0,0,0,0,0,0,0
16900,9964,6014,23,444,2,2,8,9,3,2,0,0,0,0,0,0,0,0
17000,9959,5821,24,400,5,0,8,9,3,0,1,0,0,0,0,0,0,0
17100,9963,5913,24,407,2,1,6,6,3,0,2,0,0,0,0,0,0,0
17200,9959,5808,24,444,2,2,9,5,4,1,2,0,0,0,0,0,0,0
17300,9962,6126,24,332,3,0,3,7,7,1,1,0,0,0,0,0,0,0
17400,9965,5860,27,279,5,2,1,6,2,1,0,1,0,0,0,0,0,0
17500,9967,4936,27,193,1,2,0,8,3,1,2,1,0,0,0,0,0,0
17600,9959,4437,29,138,4,1,3,5,3,1,2,2,0,0,0,0,0,0
17700,9958,5171,31,146,0,1,7,5,1,3,3,0,0,0,0,0,0,0
17800,9959,5283,34,144,1,1,1,8,5,1,0,0,0,0,0,0,0,0
17900,9955,5547,33,137,3,1,3,4,5,1,1,1,0,0,0,0,0,0
18000,9961,5705,33,123,2,0,1,0,3,5,0,1,0,0,0,0,0,0
18100,9957,5581,35,144,3,1,0,6,2,0,2,1,0,0,0,0,1,0
18200,9959,5363,32,166,3,0,2,0,4,4,0,0,0,0,0,0,0,0
18300,9960,4834,35,180,4,0,0,0,1,1,0,0,0,0,0,0,0,0
18400,9962,5216,31,206,4,1,0,0,3,2,0,0,0,0,0,0,0,0
18500,9946,5153,46,375,0,1,2,1,4,0,1,0,1,0,0,0,0,0
18600,9954,4945,34,365,0,3,2,1,7,1,3,0,0,0,0,0,0,0
18700,9959,4230,31,355,2,1,5,1,3,2,0,0,0,0,0,0,0,0
18800,9962,4547,32,255,1,1,1,0,2,0,2,1,0,0,0,0,0,0
18900,9958,4629,36,203,2,1,0,0,4,0,0,1,0,0,0,0,0,0
19000,9952,4262,36,160,4,1,4,0,3,2,1,0,0,0,0,0,0,0
19100,9956,4120,38,156,2,0,2,3,2,1,0,0,0,0,0,0,0,0
19200,9966,3856,28,152,2,0,1,3,3,0,0,0,0,0,0,0,0,0
19300,9963,4236,32,185,0,0,0,1,3,2,2,0,0,0,0,0,0,0
19400,9964,3809,31,196,2,0,0,0,3,0,0,0,0,0,0,0,0,0
19500,9960,3306,34,146,1,1,2,0,2,2,1,0,0,0,0,0,0,0
19600,9952,3251,38,150,2,0,2,0,5,1,1,1,0,0,0,0,0,0
19700,9959,3149,30,154,3,1,0,1,5,2,3,0,0,0,0,0,0,0
19800,9941,3203,44,162,2,1,2,3,8,1,3,1,0,0,0,0,0,0
19900,9949,3247,44,173,4,0,0,5,3,1,0,0,0,0,0,0,0,0
20000,9949,2891,43,171,3,0,2,7,2,0,1,0,0,0,0,0,0,0
20100,9944,3343,48,181,1,0,3,12,1,0,3,0,0,0,0,0,0,0
20200,9949,3697,46,219,1,1,1,10,1,2,2,1,0,0,0,0,0,0
20300,9955,3098,38,220,3,0,2,8,2,0,0,1,0,0,0,0,0,0
20400,9960,3185,35,200,1,3,1,5,2,0,1,0,0,0,0,0,0,0
20500,9959,4085,31,221,0,0,4,8,4,0,2,1,0,0,0,0,0,0
20600,9941,3166,35,206,4,0,14,9,5,0,1,0,0,0,0,0,0,0
20700,9925,2597,49,220,6,1,14,8,1,0,5,0,0,0,0,0,0,0
20800,9929,2856,52,169,3,1,11,8,5,1,0,0,0,0,0,0,0,0
20900,9920,2843,52,162,10,1,14,7,2,1,2,1,0,0,0,0,0,0
21000,9904,3282,64,157,10,0,17,16,4,1,1,0,0,0,0,0,0,0
21100,9891,3537,76,146,13,1,17,23,2,0,1,1,0,0,0,0,0,0
21200,9898,3145,73,139,10,1,13,16,6,0,0,1,0,0,0,0,0,0
21300,9907,3169,61,115,11,2,17,11,3,1,1,0,0,0,0,0,0,0
21400,9911,3242,61,83,14,5,11,26,2,5,1,0,0,0,0,0,0,0
21500,9895,3227,72,136,12,1,18,16,2,0,1,1,0,0,0,0,0,0
21600,9887,3561,71,60,13,0,18,16,8,0,3,0,0,0,0,0,0,0
21700,9902,3049,67,35,13,2,15,16,3,1,0,0,0,0,0,0,0,0
21800,9902,3140,69,31,11,2,16,12,1,1,1,0,0,0,0,0,0,0
21900,9907,3392,63,31,13,0,13,20,3,1,1,1,0,0,0,0,0,0
22000,9908,3811,67,99,10,1,10,15,3,0,2,0,0,0,0,0,0,0
22100,9894,3238,72,176,11,2,12,7,7,1,4,0,0,0,0,0,0,0
22200,9921,3341,45,114,18,1,13,10,3,2,0,1,0,0,0,0,0,0
22300,9922,3659,48,178,13,0,14,14,3,2,0,0,0,0,0,0,0,0
22400,9933,4437,47,153,11,2,7,21,2,3,0,0,0,0,0,0,0,0
22500,9934,3881,44,140,10,1,1,10,8,2,3,1,0,0,0,0,0,0
22600,9941,3316,46,245,12,0,0,7,1,0,0,1,0,0,0,0,0,0
22700,9934,3055,51,261,13,0,0,16,2,0,0,0,0,0,0,0,0,0
22800,9937,2392,43,260,12,1,2,12,5,0,1,0,0,0,0,0,0,0
22900,9927,2914,54,157,11,0,3,17,3,0,2,1,0,0,0,0,0,0
23000,9925,3724,48,89,17,2,1,11,6,0,3,0,0,0,0,0,0,0
23100,9936,3294,47,82,11,1,5,11,1,1,0,0,0,0,0,0,0,0
23200,9936,2900,48,82,10,1,2,1,4,0,0,0,0,0,0,0,0,0
23300,9940,3412,45,91,12,0,2,9,1,1,0,2,0,0,0,0,0,0
23400,9939,3682,47,85,9,0,1,6,2,1,2,0,0,0,0,0,0,0
23500,9943,3491,46,81,4,1,0,6,6,0,1,0,0,0,0,0,0,0
23600,9925,3397,45,82,26,1,2,7,2,0,0,0,0,0,0,0,0,0
23700,9937,3310,38,142,20,1,3,7,2,0,0,0,0,0,0,0,0,0
23800,9947,3123,36,121,8,1,2,13,3,0,4,0,0,0,0,0,0,0
23900,9956,3136,33,82,0,0,3,9,4,0,2,0,2,0,0,0,0,0
24000,9949,3349,36,239,3,1,3,15,7,0,2,0,0,0,0,0,0,0
24100,9959,3273,34,165,1,2,1,12,4,3,1,0,0,0,0,0,0,0
24200,9958,3251,37,85,3,0,0,10,1,0,1,1,0,0,0,0,0,0
24300,9946,2668,42,83,2,0,5,9,3,3,2,0,0,0,0,0,0,0
24400,9948,2285,44,85,2,0,1,18,4,0,1,1,0,0,0,0,0,0
24500,9954,2250,39,81,0,1,4,16,2,0,1,0,0,0,0,0,0,0
24600,9964,2123,30,88,1,3,4,9,1,2,0,0,0,0,0,0,0,0
24700,9959,2165,29,160,0,0,6,3,5,2,1,0,0,0,0,0,0,0
24800,9962,2280,25,167,1,0,4,4,5,1,3,0,0,0,0,0,0,0
24900,9959,2343,28,166,6,5,1,6,4,2,2,1,0,0,0,0,0,0
25000,9963,2602,26,161,5,2,2,7,3,1,1,0,0,0,0,0,0,0
25100,9962,2135,27,241,7,0,0,8,3,0,1,1,0,0,0,0,0,0
25200,9954,1977,31,241,9,1,2,5,2,0,2,0,0,0,0,0,0,0
25300,9965,2201,25,182,5,0,1,9,3,1,1,0,0,0,0,0,0,0
25400,9966,2266,27,160,2,1,1,7,3,0,1,1,0,0,0,0,0,0
25500,9958,2168,24,166,10,1,1,9,6,0,1,0,0,0,0,0,0,0
25600,9962,1689,29,205,5,1,0,6,2,0,2,0,0,0,0,0,0,0
25700,9955,2116,33,147,7,2,3,5,1,0,1,0,0,0,0,0,0,0
25800,9954,2526,29,96,6,1,3,8,4,1,4,0,0,0,0,0,0,0
25900,9965,2243,25,132,4,1,3,12,2,0,1,0,0,0,0,0,0,0
26000,9964,2204,21,87,7,0,5,7,1,0,2,1,0,0,0,0,0,0
26100,9959,2294,27,123,3,0,11,6,0,0,0,0,0,0,0,0,0,0
26200,9967,2731,21,97,1,0,8,5,2,3,1,0,0,0,0,0,0,0
26300,9968,2516,24,11,2,0,5,3,1,1,0,0,0,0,0,0,0,0
26400,9966,2489,22,13,1,1,8,13,2,1,0,0,1,0,0,0,0,0
26500,9966,2299,23,11,2,2,7,9,1,1,1,0,0,0,0,0,0,0
26600,9963,2624,22,11,3,0,7,9,5,0,0,0,0,1,0,0,0,0
26700,9965,2648,19,5,2,0,13,9,0,1,1,0,0,0,0,0,0,0
26800,9964,2698,21,0,7,0,7,5,1,0,0,0,0,0,0,0,0,0
26900,9977,2824,13,3,3,0,2,5,5,1,0,0,0,0,0,0,0,0
27000,9971,3067,14,8,6,1,2,7,3,1,4,0,0,0,0,0,0,0
27100,9972,3068,10,13,9,0,3,7,6,1,0,1,0,0,0,0,0,0
27200,9968,2770,15,1,2,0,10,11,4,0,1,1,0,0,0,0,0,0
27300,9957,2826,12,1,5,0,18,7,6,1,2,0,0,0,0,0,0,0
27400,9973,2824,10,3,5,1,9,5,1,0,2,1,0,0,0,0,0,0
27500,9974,2364,7,12,7,1,9,9,3,3,0,1,0,0,0,0,0,0
27600,9970,2946,3,14,9,0,16,8,2,0,0,0,0,0,0,0,0,0
27700,9973,3120,1,4,4,0,15,7,4,0,3,1,0,0,0,0,0,0
27800,9972,3295,11,4,5,1,12,10,0,2,0,0,0,0,0,0,0,0
27900,9972,2822,14,1,4,1,9,7,1,0,0,1,0,0,0,0,0,0
28000,9967,2932,17,0,5,0,8,8,1,2,2,0,0,0,0,0,0,0
28100,9960,2636,21,5,5,0,9,6,5,0,0,0,0,0,0,0,0,0
28200,9961,2304,21,12,4,0,10,5,3,0,1,0,0,0,0,0,0,0
28300,9972,2710,12,11,5,0,9,11,2,1,0,0,0,0,0,0,0,0
28400,9952,2669,22,12,7,1,18,5,0,1,1,0,0,0,0,0,0,0
28500,9967,2837,13,5,4,3,10,7,5,1,1,0,0,0,0,0,0,0
28600,9965,2840,15,13,6,1,9,4,4,0,1,0,0,0,0,0,0,0
28700,9963,2616,11,54,6,0,18,7,1,1,1,1,0,0,0,0,0,0
28800,9970,3398,14,62,4,2,11,11,1,2,0,1,0,0,0,0,0,0
28900,9965,2996,14,52,5,1,13,8,3,0,0,0,0,0,0,1,0,0
29000,9967,2811,12,27,6,4,9,3,5,4,1,1,0,0,0,0,0,0
29100,9968,3059,11,25,5,2,13,7,3,1,0,1,0,0,0,0,0,0
29200,9967,2723,14,28,4,2,10,11,4,3,1,0,0,0,0,0,0,0
29300,9967,3287,15,32,4,0,12,6,2,0,0,1,0,0,0,0,0,0
29400,9967,2988,10,26,4,1,17,2,2,2,0,1,0,0,0,0,0,0
29500,9973,2530,10,23,4,2,13,2,0,4,0,0,0,0,0,0,0,0
29600,9969,2660,10,24,6,0,10,0,5,0,0,1,0,0,0,0,0,0
29700,9966,2614,12,18,2,1,15,2,3,1,2,0,0,0,0,0,0,0
29800,9972,2616,10,64,7,0,9,2,1,0,1,0,0,0,0,0,0,0
29900,9972,2491,10,61,3,1,12,1,2,0,1,1,0,0,0,0,0,0
30000,9976,2909,11,2,6,1,7,0,0,3,0,0,0,0,0,0,0,0
30100,9972,3054,11,0,6,0,10,0,1,0,0,0,0,0,0,0,0,0
30200,9971,3387,13,2,3,0,10,0,3,0,0,1,0,0,0,0,0,0
30300,9977,3323,10,5,1,2,7,1,4,0,1,0,0,0,0,0,0,0
30400,9980,3158,10,11,3,0,6,0,0,0,1,0,0,0,0,0,0,0
30500,9977,2538,14,11,0,3,5,0,2,0,2,0,0,0,0,0,0,0
30600,9976,2667,10,8,3,1,7,0,3,0,1,3,0,0,0,0,0,0
30700,9980,2634,13,31,2,3,3,0,0,0,2,0,0,0,0,0,0,0
30800,9986,2892,10,57,0,0,3,1,1,0,0,0,0,0,0,0,0,0
30900,9980,2581,11,7,2,0,5,0,1,3,1,0,0,0,0,0,0,0
31000,9980,2357,14,0,0,1,5,1,1,3,0,1,0,0,0,0,0,0
31100,9969,2818,12,0,3,1,9,1,6,2,1,0,0,0,0,0,0,0
31200,9979,3264,11,1,2,2,6,2,1,0,1,0,0,0,0,0,0,0
31300,9972,3065,14,3,3,1,7,1,2,4,2,0,0,0,0,0,0,0
31400,9970,3442,10,8,1,0,9,0,6,1,4,0,0,0,0,0,0,0
31500,9976,3479,13,22,0,0,7,0,4,0,0,0,0,0,0,0,0,0
31600,9984,3560,5,8,1,0,6,3,3,0,1,0,0,0,0,0,0,0
31700,9984,2855,6,0,2,0,5,0,1,1,2,0,0,0,0,0,0,0
31800,9981,2511,9,1,1,0,8,1,0,1,1,0,0,0,0,0,0,0
31900,9980,2958,4,4,2,0,11,1,2,0,1,1,0,0,0,0,0,0
32000,9988,2983,4,1,2,2,6,0,0,1,0,1,0,0,0,0,0,0
32100,9979,2700,7,1,2,1,7,0,4,0,1,2,0,0,0,0,0,0
32200,9974,2093,8,8,2,0,11,1,4,2,1,1,0,0,0,0,0,0
32300,9976,2260,12,2,1,1,9,5,2,2,0,1,0,0,0,0,0,0
32400,9969,3188,15,0,3,0,10,0,3,0,0,1,0,0,0,0,0,0
32500,9975,3315,11,2,3,0,7,1,4,1,0,0,0,0,0,0,0,0
32600,9972,2993,13,0,3,0,7,0,0,1,5,0,0,0,0,0,0,0
32700,9974,3178,12,0,3,0,11,2,0,1,0,0,0,0,0,0,0,0
32800,9975,3207,13,0,2,0,4,0,2,4,4,0,0,0,0,0,0,0
32900,9967,2823,22,4,0,0,8,1,3,2,0,0,0,0,0,0,0,0
33000,9962,2522,23,9,4,3,5,1,4,1,2,0,0,0,0,0,0,0
33100,9970,2493,24,2,1,0,3,0,1,0,1,0,0,0,0,0,0,0
33200,9958,2714,31,5,4,1,5,1,2,2,0,0,0,0,0,0,0,0
33300,9960,2942,31,9,3,1,1,0,5,0,0,0,0,0,0,0,0,0
33400,9957,2762,28,11,2,1,11,1,2,1,0,0,0,0,0,0,0,0
33500,9961,2459,33,5,2,3,0,0,2,0,2,0,0,0,0,0,0,0
33600,9961,2189,32,1,1,0,0,0,6,1,0,1,0,0,0,0,0,0
33700,9964,1734,28,6,1,0,1,0,5,1,1,0,0,0,0,0,0,0
33800,9967,1991,27,0,2,0,1,2,2,0,1,0,0,0,0,0,0,0
33900,9968,2352,27,0,3,1,0,0,2,0,0,1,0,0,0,0,0,0
34000,9971,2466,21,0,3,2,1,2,2,0,2,0,0,0,0,0,0,0
34100,9971,2432,26,2,1,1,0,4,1,2,1,0,0,0,0,0,0,0
34200,9970,2390,22,1,1,0,1,2,4,3,2,1,0,0,0,0,0,0
34300,9968,2467,29,0,1,0,0,0,2,0,0,0,0,0,0,0,0,0
34400,9956,2721,36,4,1,1,4,1,2,0,1,0,0,0,0,0,0,0
34500,9960,2895,33,24,2,0,2,0,2,0,1,0,0,0,0,0,0,0
34600,9958,3326,32,3,4,1,3,0,2,1,1,0,0,0,0,0,0,0
34700,9954,3119,32,5,1,0,3,1,10,0,0,0,0,0,0,0,0,0
34800,9962,3195,33,2,2,0,1,0,2,0,0,0,0,0,0,0,0,0
34900,9959,3485,32,3,2,0,1,0,6,1,0,0,0,0,0,0,0,0
35000,9963,2839,34,17,0,0,0,0,1,1,2,0,0,0,0,0,0,0
35100,9957,2578,31,15,3,0,6,0,2,0,1,0,0,0,0,0,0,0
35200,9962,2645,33,24,0,0,3,0,0,2,2,0,0,0,0,0,0,0
35300,9957,2900,31,56,3,0,1,1,6,0,2,0,0,0,0,0,0,0
35400,9955,2614,42,31,0,0,3,0,0,0,0,1,0,0,0,0,0,0
35500,9950,2432,45,10,3,1,1,0,0,0,1,0,0,0,0,0,0,0
35600,9959,2842,39,25,1,0,1,1,0,2,0,0,0,0,0,0,0,0
35700,9946,3001,40,4,4,0,3,1,6,1,1,0,0,0,0,0,0,0
35800,9954,2918,38,2,1,0,3,3,2,1,2,0,0,0,0,0,0,0
35900,9961,3080,33,1,3,2,2,0,1,4,0,0,0,0,0,0,0,0
36000,9962,2521,24,0,4,1,6,0,3,0,1,0,0,0,0,0,0,0
36100,9958,2553,26,1,6,0,3,0,6,0,1,0,0,0,0,0,0,0
36200,9964,3226,27,6,3,0,1,0,3,1,1,0,1,0,0,0,0,0
36300,9970,3189,23,5,1,0,4,0,0,3,2,0,0,0,0,0,0,0
36400,9964,3147,28,11,2,0,1,0,3,0,2,0,0,0,0,0,0,0
36500,9964,3444,29,11,0,0,1,1,6,0,0,1,0,0,0,0,0,0
36600,9968,3722,27,6,0,1,0,0,2,1,3,0,0,0,0,0,0,0
36700,9967,2494,27,4,0,0,0,2,3,1,3,0,0,0,0,0,0,0
36800,9970,2206,20,2,2,0,5,0,2,0,1,0,0,0,0,0,0,0
36900,9968,2465,20,2,7,2,2,0,2,0,1,0,0,0,0,0,0,0
37000,9970,2429,19,8,3,1,5,0,1,0,2,0,0,0,0,0,0,0
37100,9968,2035,22,2,3,0,1,0,3,0,3,0,0,0,0,0,0,0
37200,9967,1911,25,5,1,0,2,0,5,1,0,0,0,0,0,0,0,0
37300,9967,1561,23,2,5,0,2,0,2,2,1,0,0,0,0,0,0,0
37400,9965,1861,20,4,4,0,5,0,3,0,3,0,0,0,0,0,0,0
37500,9971,2449,23,5,4,0,0,2,2,0,0,0,0,0,0,0,0,0
37600,9970,2665,19,5,3,0,2,2,4,0,2,0,0,0,0,0,0,0
37700,9976,2583,21,7,1,0,1,1,1,1,0,1,0,0,0,0,0,0
37800,9974,2693,19,4,1,0,3,0,2,1,1,2,0,0,0,0,0,0
37900,9974,2324,17,2,3,1,1,1,2,2,3,0,0,0,0,0,0,0
38000,9971,2045,20,15,1,0,5,0,2,0,1,1,0,0,0,0,0,0
38100,9969,2433,18,24,5,3,1,1,7,2,0,0,0,0,0,0,0,0
38200,9967,2477,17,6,3,1,8,0,5,2,0,1,0,0,0,0,0,0
38300,9960,2303,19,6,6,2,8,2,5,0,2,0,0,0,0,0,0,0
38400,9965,2234,18,31,2,1,12,1,3,1,0,0,0,0,0,0,0,0
38500,9970,2276,12,7,3,0,10,0,3,3,2,0,0,0,0,0,0,0
38600,9976,2417,7,14,1,1,12,0,3,4,1,2,0,0,0,0,0,0
38700,9959,2528,24,5,0,0,13,0,3,1,1,0,0,0,0,0,0,0
38800,9945,2600,37,8,2,0,12,1,3,2,1,1,0,0,0,0,0,0
38900,9942,2721,38,6,1,1,15,2,4,0,0,0,0,0,0,0,0,0
39000,9943,2505,35,11,2,2,13,0,6,3,1,0,0,0,0,0,0,0
39100,9942,1953,36,13,1,0,19,0,0,1,2,0,0,0,0,0,0,0
39200,9937,1738,40,87,4,1,14,0,3,1,2,1,0,0,0,0,0,0
39300,9944,1524,34,60,5,1,14,0,2,2,1,0,0,0,0,0,0,0
39400,9947,1555,28,0,1,0,17,0,4,1,3,0,0,0,0,0,0,0
39500,9958,2082,26,3,1,0,13,1,2,2,0,0,0,0,0,0,0,0
39600,9955,2921,25,7,2,1,16,0,0,1,2,0,0,0,0,0,0,0
39700,9954,3381,28,5,2,0,12,1,4,3,0,0,0,0,0,0,0,0
39800,9956,3550,28,5,2,0,10,0,3,0,1,0,0,0,0,0,0,0
39900,9970,3409,26,4,0,2,4,2,0,0,0,3,0,0,0,0,0,0
40000,9959,3276,30,5,1,2,8,1,1,1,1,2,0,0,0,0,0,0
40100,9967,3166,27,7,0,0,3,0,3,2,0,1,0,0,0,0,0,0
40200,9968,3324,26,12,4,1,0,0,0,0,2,0,0,0,0,0,0,0
40300,9969,2826,27,8,1,0,1,1,1,0,1,0,0,0,0,0,0,0
40400,9967,2658,25,6,3,0,0,0,5,0,0,1,0,0,0,0,0,0
40500,9967,2263,27,7,2,1,0,0,4,1,0,0,0,0,0,0,0,0
40600,9970,2245,25,9,2,0,3,0,0,0,0,0,0,0,0,0,0,0
40700,9962,2388,29,14,4,0,2,0,2,0,1,0,0,0,0,0,0,0
40800,9964,2380,28,18,2,2,0,2,5,1,1,0,0,0,0,0,0,0
40900,9958,2483,31,23,2,0,6,0,1,0,2,0,0,0,0,0,0,0
41000,9966,2529,27,10,1,0,3,0,2,0,1,0,0,0,0,0,0,0
41100,9969,2702,26,9,1,0,0,0,3,1,1,0,0,0,0,0,0,0
41200,9964,2682,27,19,2,0,4,0,2,1,1,1,0,0,0,0,0,0
41300,9966,2445,26,12,3,0,1,0,3,0,1,0,0,0,0,0,0,0
41400,9963,2075,28,9,2,1,3,0,3,0,1,0,0,0,0,0,0,0
41500,9963,2186,26,8,3,0,3,0,4,0,1,0,0,0,0,0,0,0
41600,9966,2406,28,9,2,0,1,0,3,0,0,0,0,0,0,0,0,0
41700,9956,2332,27,10,4,0,5,0,5,1,2,1,1,0,0,0,0,0
41800,9958,2743,35,9,2,0,1,0,2,0,2,0,0,0,0,0,0,0
41900,9966,2729,31,11,1,0,1,4,1,1,0,0,0,0,0,0,0,0
42000,9956,3002,33,63,3,0,2,1,5,1,1,0,0,0,0,0,0,0
42100,9957,3151,30,88,4,0,2,0,6,4,1,0,0,0,0,0,0,0
42200,9959,3187,30,27,3,0,3,1,4,2,1,0,0,0,0,0,0,0
42300,9955,3220,39,8,2,0,0,0,2,0,2,0,0,0,0,0,0,0
42400,9961,3094,34,9,0,1,2,1,1,4,2,2,0,0,0,0,0,0
42500,9967,3014,27,14,2,0,2,1,1,0,1,0,0,0,0,0,0,0
42600,9970,2621,23,32,1,1,3,1,2,0,1,1,0,0,0,0,0,0
42700,9972,2428,24,15,1,0,0,0,2,1,1,1,0,0,0,0,0,0
42800,9964,2667,24,27,4,1,1,2,5,0,2,0,0,0,0,0,0,0
42900,9975,2876,21,0,0,0,2,0,1,0,1,0,0,0,0,0,0,0
43000,9971,3057,20,0,1,0,4,0,4,0,0,0,0,0,0,0,0,0
43100,9973,2810,19,3,1,1,4,0,3,1,0,0,0,0,0,0,0,0
43200,9969,2301,18,9,3,0,1,0,6,0,3,1,0,0,0,0,0,0
43300,9975,2726,18,59,2,0,1,1,2,0,2,1,0,0,0,0,0,0
43400,9978,3370,18,3,0,0,2,0,1,0,1,1,0,0,0,0,0,0
43500,9969,2972,20,1,4,1,2,1,4,0,1,0,0,0,0,0,0,0
43600,9965,2513,22,2,4,0,2,0,4,0,3,0,0,0,0,0,0,0
43700,9976,2124,18,3,2,0,4,0,0,0,0,0,0,0,0,0,0,0
43800,9981,2485,10,5,4,1,2,1,3,1,0,1,0,0,0,0,0,0
43900,9992,2782,1,4,2,0,1,0,2,0,2,0,0,0,0,0,0,0
44000,9985,3158,7,2,2,0,5,0,1,1,0,0,0,0,0,0,0,0
44100,9985,2659,8,5,1,1,2,1,1,0,3,0,0,0,0,0,0,0
44200,9983,2297,12,2,1,7,2,0,0,0,2,0,0,0,0,0,0,0
44300,9977,2292,12,11,0,3,7,2,3,0,1,0,0,0,0,0,0,0
44400,9986,1882,8,12,0,0,1,0,3,2,1,0,1,0,0,0,0,0
44500,9979,2534,11,2,2,17,4,1,2,1,2,0,0,0,0,0,0,0
44600,9988,2619,7,12,0,4,1,4,4,1,0,0,0,0,0,0,0,0
44700,9987,1745,8,12,0,0,2,1,3,0,0,0,0,0,0,0,0,0
44800,9974,1609,8,7,2,1,5,4,8,2,3,0,0,0,0,0,0,0
44900,9981,1803,9,2,3,0,3,0,3,3,1,0,0,0,0,0,0,0
45000,9986,1737,10,1,1,0,0,0,1,0,2,0,0,0,0,0,0,0
45100,9974,1675,17,0,4,0,3,0,1,1,1,0,0,0,0,0,0,0
45200,9973,2104,20,0,0,0,4,2,2,0,1,0,0,0,0,0,0,0
45300,9980,1960,13,2,4,0,2,0,0,1,1,0,0,0,0,0,0,0
45400,9973,1950,14,0,6,1,3,0,4,1,0,0,0,0,0,0,0,0
45500,9979,2324,10,2,3,1,5,0,0,0,2,0,1,0,0,0,0,0
45600,9971,2618,17,2,4,1,5,0,3,1,0,0,0,0,0,0,0,0
45700,9979,2311,18,0,2,1,0,1,1,1,0,0,0,0,0,0,0,0
45800,9966,2270,24,1,2,0,4,0,4,0,0,1,0,0,0,0,0,0
45900,9972,2559,21,1,2,0,4,2,1,2,0,1,0,0,0,0,0,0
46000,9974,2366,16,1,4,0,2,14,2,3,2,0,0,0,0,0,0,0
46100,9972,2774,22,0,2,0,0,11,2,1,2,0,0,0,0,0,0,0
46200,9973,2907,19,0,2,0,3,1,3,1,0,1,0,0,0,0,0,0
46300,9969,2633,21,1,6,1,0,1,3,0,1,0,0,0,0,0,0,0
46400,9959,2056,28,0,9,0,4,0,0,0,0,0,0,0,0,0,0,0
46500,9974,1754,17,0,5,0,1,0,2,0,1,0,0,0,0,0,0,0
46600,9966,1626,23,3,4,1,3,3,3,1,1,0,0,0,0,0,0,0
46700,9966,2166,25,7,1,1,5,0,1,1,2,0,0,0,0,0,0,0
46800,9975,2429,21,7,0,0,1,0,2,0,1,0,0,0,0,0,0,0
46900,9968,2673,23,6,2,0,4,0,3,0,0,0,0,0,0,0,0,0
47000,9974,2781,23,1,1,2,2,0,0,1,0,1,0,0,0,0,0,0
47100,9971,2806,20,1,4,0,0,0,3,0,2,0,0,0,0,0,0,0
47200,9971,2672,23,1,3,0,2,0,1,1,0,0,0,0,0,0,0,0
47300,9970,2665,18,5,4,0,1,0,5,1,2,0,0,0,0,0,0,0
47400,9985,2394,11,1,2,0,0,0,2,0,0,0,0,0,0,0,0,0
47500,9973,2524,19,0,1,1,3,0,2,1,2,0,0,0,0,0,0,0
47600,9982,2869,14,0,0,0,0,0,3,0,1,0,0,0,0,0,0,0
47700,9983,2393,10,0,0,2,4,1,1,1,2,0,0,0,0,0,0,0
47800,9983,2662,13,4,0,0,2,1,1,1,1,0,0,0,0,0,0,0
47900,9986,2772,8,16,1,0,1,0,2,0,2,1,0,0,0,0,0,0
48000,9983,2769,9,17,2,0,1,1,4,0,1,0,0,0,0,0,0,0
48100,9986,2238,10,8,2,0,0,1,2,0,0,0,0,0,0,0,0,0
48200,9982,1715,12,9,1,1,0,0,5,0,0,0,0,0,0,0,0,0
48300,9979,1850,13,16,1,13,3,0,3,1,1,0,0,0,0,0,0,0
48400,9978,1905,19,12,0,20,2,0,0,1,1,0,0,0,0,0,0,0
48500,9978,2591,19,0,1,7,1,13,1,0,0,0,0,0,0,0,0,0
48600,9977,2515,16,4,2,2,1,7,2,0,2,0,0,0,0,0,0,0
48700,9975,2578,18,0,3,0,2,3,1,0,1,0,0,0,0,0,0,0
48800,9981,2413,16,0,0,0,2,0,0,0,1,0,0,0,0,0,0,0
48900,9975,2519,18,0,3,1,1,0,3,0,0,0,0,0,0,0,0,0
49000,9977,2245,18,0,2,0,1,2,1,0,1,0,0,0,0,0,0,0
49100,9974,2232,18,2,1,0,1,1,5,0,1,1,0,0,0,0,0,0
49200,9976,2592,19,4,3,0,1,0,1,3,0,0,0,0,0,0,0,0
49300,9978,2669,16,2,0,0,4,2,2,0,0,0,0,0,0,0,0,0
49400,9974,2373,17,2,0,0,5,0,4,0,0,0,0,0,0,0,0,0
49500,9979,2707,16,1,0,1,5,0,0,0,0,0,0,0,0,0,0,0
49600,9968,2644,18,5,1,1,9,0,4,0,0,0,0,0,0,0,0,0
49700,9969,2821,16,0,4,0,7,0,2,0,2,1,0,0,0,0,0,0
49800,9955,2919,25,3,3,0,10,0,5,0,2,0,0,0,0,0,0,0
49900,9978,2302,16,4,1,2,2,0,2,0,1,0,0,0,0,0,0,0
50000,9973,2490,18,1,2,1,5,0,2,0,0,0,0,0,0,0,0,0
50100,9973,2500,16,0,4,0,5,3,1,1,1,0,0,0,0,0,0,0
50200,9978,2801,17,4,0,0,3,0,2,0,0,0,0,0,0,0,0,0
50300,9977,2813,18,28,3,1,1,0,0,0,1,0,0,0,0,0,0,0
50400,9970,2650,18,9,1,2,7,0,1,1,3,1,0,0,0,0,0,0
50500,9976,2666,16,1,1,9,2,0,3,0,2,0,0,0,0,0,0,0
50600,9975,2250,17,11,1,8,5,0,2,0,0,0,0,0,0,0,0,0
50700,9972,1690,17,2,2,8,6,0,3,2,0,0,0,0,0,0,0,0
50800,9965,1888,18,7,3,1,9,0,2,1,3,0,0,0,0,0,0,0
50900,9967,2404,18,12,3,0,6,1,4,2,2,0,0,0,0,0,0,0
51000,9950,3138,40,4,3,1,4,1,2,1,1,1,0,0,0,0,0,0
51100,9936,3093,53,10,2,1,6,0,3,1,0,1,0,0,0,0,0,0
51200,9952,2799,31,18,2,1,10,0,4,0,1,0,0,0,0,0,0,0
51300,9970,2537,20,20,1,0,6,0,2,0,1,0,0,0,0,0,0,0
51400,9971,2136,18,13,2,0,6,0,1,0,2,0,0,0,0,0,0,0
51500,9971,2253,17,2,4,0,4,0,1,0,3,2,0,0,0,0,0,0
51600,9970,2434,16,2,2,0,9,1,3,1,0,0,0,0,0,0,0,0
51700,9975,2182,17,1,1,0,4,0,1,1,2,0,0,0,0,0,0,0
51800,9970,2266,17,1,1,0,4,0,6,0,2,0,0,0,0,0,0,0
51900,9970,1931,17,0,1,0,9,0,2,0,1,0,0,0,0,0,0,0
52000,9970,1614,18,1,1,0,6,1,5,1,0,0,0,0,0,0,0,0
52100,9970,1803,17,18,3,0,5,1,5,0,0,1,0,0,0,0,0,0
52200,9972,2448,18,83,1,1,6,0,2,2,1,0,0,0,0,0,0,0
52300,9970,2030,19,39,1,0,6,0,3,1,1,0,0,0,0,0,0,0
52400,9977,1730,16,7,0,1,5,1,1,0,1,0,0,0,0,0,0,0
52500,9974,1699,18,9,0,0,4,4,3,1,1,1,0,0,0,0,0,0
52600,9977,1839,17,9,4,0,1,0,1,1,0,0,0,0,0,0,0,0
52700,9974,1390,18,2,1,1,5,0,2,0,0,1,0,0,0,0,0,0
52800,9971,1933,21,1,2,0,3,1,1,1,2,0,0,0,0,0,0,0
52900,9972,1618,19,1,4,0,2,0,3,0,0,0,0,0,0,0,0,0
53000,9973,1922,16,0,4,2,2,0,3,0,2,0,0,0,0,0,0,0
53100,9968,1745,23,0,1,0,4,5,1,0,3,0,0,0,0,0,0,0
53200,9961,1638,28,0,2,0,6,2,0,0,3,0,0,0,0,0,0,0
53300,9956,1858,35,2,1,0,5,1,0,0,3,1,0,0,0,0,0,0
53400,9957,1910,30,8,1,0,5,3,5,0,2,0,0,0,0,0,0,0
53500,9959,2156,28,5,5,0,5,0,2,1,1,0,0,0,0,0,0,0
53600,9960,2180,29,0,1,0,7,0,3,0,0,0,0,0,0,0,0,0
53700,9949,2334,30,0,3,2,10,0,3,1,5,0,0,0,0,0,0,0
53800,9942,2353,34,1,3,4,13,0,5,0,3,1,0,0,0,0,0,0
53900,9955,2387,30,0,1,0,11,1,1,0,2,0,0,0,0,0,0,0
54000,9954,2141,34,10,2,0,5,1,3,0,2,0,0,0,0,0,0,0
54100,9953,2556,34,34,2,1,7,1,3,0,1,0,0,0,0,0,0,0
54200,9954,2569,35,21,1,0,8,0,2,0,0,0,0,0,0,0,0,0
54300,9959,2109,33,7,0,1,5,1,3,1,0,0,0,0,0,0,0,0
54400,9949,1586,36,18,2,0,11,2,2,0,0,0,0,0,0,0,0,0
54500,9949,1284,35,37,3,1,6,0,6,0,1,1,0,0,0,0,0,0
54600,9955,1536,35,35,2,0,4,0,3,0,1,0,0,0,0,0,0,0
54700,9954,1628,35,17,1,0,9,0,0,1,1,0,0,0,0,0,0,0
54800,9953,1825,33,38,4,0,8,2,1,0,1,0,0,0,0,0,0,0
54900,9955,1952,32,46,2,0,9,1,2,1,0,0,0,0,0,0,0,0
55000,9956,2055,34,2,2,0,5,0,3,0,0,0,0,0,0,0,0,0
55100,9955,1995,31,0,0,0,8,0,6,0,0,0,0,1,0,0,0,0
55200,9956,2019,29,2,0,0,11,0,2,0,2,0,0,0,0,0,0,0
55300,9954,2170,32,60,1,0,7,2,6,0,0,0,0,0,0,0,0,0
55400,9951,1902,31,0,1,0,9,4,5,3,3,1,0,0,0,0,0,0
55500,9950,1483,34,3,4,1,7,0,3,1,2,0,0,0,0,0,0,0
55600,9952,1500,32,0,2,1,9,0,1,0,3,1,1,0,0,0,0,0
55700,9961,1437,28,2,0,0,9,0,0,1,2,0,0,0,0,0,0,0
55800,9961,1989,26,0,0,1,12,0,1,1,0,0,0,0,0,0,0,0
55900,9960,2450,27,4,1,1,6,0,5,1,1,0,0,0,0,0,0,0
56000,9962,2634,26,2,0,0,10,0,2,0,0,0,0,0,0,0,0,0
56100,9948,2910,27,0,3,0,12,0,9,2,1,0,0,0,0,0,0,0
56200,9958,2849,27,1,2,0,9,0,3,2,1,0,0,0,0,0,0,0
56300,9964,2355,26,9,2,1,7,1,1,1,0,0,0,0,0,0,0,0
56400,9963,2490,25,9,1,0,9,0,1,0,1,0,0,0,0,0,0,0
56500,9964,2449,26,4,0,0,9,0,0,2,1,1,0,0,0,0,0,0
56600,9955,2058,34,6,1,0,6,0,2,1,2,0,0,0,0,0,0,0
56700,9950,1834,37,2,4,1,7,1,1,3,1,0,0,0,0,0,0,0
56800,9955,1644,37,4,1,0,7,0,0,0,0,0,0,0,0,0,0,0
56900,9949,1808,39,2,3,2,8,0,1,0,0,0,0,0,0,0,0,0
57000,9939,2338,47,0,3,1,6,1,3,0,2,0,0,0,0,0,0,0
57100,9930,1965,56,6,2,4,11,0,0,0,1,0,0,0,0,0,0,0
57200,9935,1851,54,2,0,4,10,2,1,0,0,0,0,0,0,0,0,0
57300,9934,1667,55,2,4,4,6,0,1,2,0,0,0,0,0,0,0,0
57400,9942,1338,44,69,2,4,6,0,5,1,1,0,0,0,0,0,0,0
57500,9947,1819,44,17,0,8,7,3,2,1,0,1,0,0,0,0,0,0
57600,9945,1742,44,4,2,4,6,0,3,0,0,0,0,0,0,0,0,0
57700,9938,2033,47,8,3,1,8,0,4,1,0,1,0,0,0,0,0,0
57800,9950,2320,44,1,3,1,0,0,1,0,2,0,0,0,0,0,0,0
57900,9945,2292,47,2,3,0,1,0,3,2,1,0,0,0,0,0,0,0
58000,9942,2236,50,5,1,0,4,0,1,2,2,1,0,0,0,0,0,0
58100,9954,2555,43,0,1,0,1,0,0,0,1,0,0,0,0,0,0,0
58200,9948,2254,46,0,1,1,2,0,3,0,0,0,0,0,0,0,0,0
58300,9948,2127,46,4,0,1,6,1,0,0,0,0,0,0,0,0,0,0
58400,9951,2031,42,1,1,0,0,0,4,1,2,0,0,0,0,0,0,0
58500,9950,1912,45,3,2,0,1,0,2,0,0,1,0,0,0,0,0,0
58600,9960,2550,35,0,2,0,1,0,1,0,1,1,0,0,0,0,0,0
58700,9954,2758,34,4,1,0,1,0,6,1,4,0,0,0,0,0,0,0
58800,9959,2087,33,1,3,1,2,0,3,2,0,0,0,0,0,0,0,0
58900,9961,1816,29,9,1,1,5,0,1,1,3,0,0,0,0,0,0,0
59000,9961,1681,30,6,1,2,3,2,4,0,1,0,0,0,0,0,0,0
59100,9963,1431,32,0,0,0,0,0,2,0,3,1,0,0,0,0,0,0
59200,9966,1560,28,0,1,0,4,0,1,0,0,0,0,0,0,0,0,0
59300,9968,1717,25,3,2,0,1,1,3,1,1,0,0,0,0,0,0,0
59400,9967,1489,19,5,3,1,5,0,5,0,1,1,0,0,0,0,0,0
59500,9977,1850,20,9,0,1,0,0,2,4,1,0,0,0,0,0,0,0
59600,9988,2384,7,43,3,1,0,0,0,0,2,0,0,0,0,0,0,0
59700,9982,2823,8,36,4,4,2,0,1,1,3,1,0,0,0,0,0,0
59800,9985,3145,9,4,0,1,1,1,3,1,2,0,0,0,0,0,0,0
59900,9981,3215,9,2,1,0,7,1,2,0,0,0,0,0,0,0,0,0
60000,9982,3162,8,2,3,0,5,0,1,0,1,0,0,0,0,0,0,0
60100,9984,2477,8,4,2,0,0,0,5,0,1,1,0,0,0,0,0,0
60200,9977,2276,16,16,3,0,0,0,3,0,1,0,0,0,0,0,0,0
60300,9970,2268,20,20,3,1,4,0,3,0,0,0,0,0,0,0,0,0
60400,9958,2891,20,3,1,1,17,0,4,0,0,0,0,0,0,0,0,0
60500,9941,2944,27,1,1,0,27,2,1,1,3,0,0,0,0,0,0,0
60600,9945,2651,22,2,2,1,26,1,3,1,2,0,0,0,0,0,0,0
60700,9943,2650,23,12,2,0,26,0,6,2,0,0,0,0,0,0,0,0
60800,9947,2394,21,23,2,1,26,1,4,0,0,0,0,0,0,0,0,0
60900,9945,2141,22,10,0,2,27,0,3,0,3,0,0,0,0,0,0,0
61000,9955,2422,12,12,1,0,27,0,4,2,1,0,0,0,0,0,0,0
61100,9950,2445,17,2,0,0,28,0,2,1,3,1,0,0,0,0,0,0
61200,9948,2479,15,6,3,0,29,0,4,0,1,0,0,0,0,0,0,0
61300,9948,2401,13,3,2,1,34,0,2,1,1,0,0,0,0,0,0,0
61400,9955,2357,8,3,1,0,33,0,1,0,2,0,0,0,0,0,0,0
61500,9956,2097,2,1,1,0,37,0,2,1,2,1,0,0,0,0,0,0
61600,9965,2582,2,4,2,0,28,0,2,0,1,1,0,0,0,0,0,0
61700,9970,2827,1,4,1,1,27,1,1,0,0,2,0,0,0,0,0,0
61800,9963,2574,4,4,3,1,25,0,3,2,2,0,0,0,0,0,0,0
61900,9961,2273,3,2,4,0,28,0,2,1,2,0,0,0,0,0,0,0
62000,9962,2902,3,0,2,1,27,0,4,2,2,1,0,0,0,0,0,0
62100,9969,2853,2,0,1,0,27,0,1,0,0,0,0,0,0,0,0,0
62200,9959,2176,4,2,2,0,28,3,5,0,2,0,0,0,0,0,0,0
62300,9965,2284,5,1,2,0,26,0,1,0,1,0,0,0,0,0,0,0
62400,9956,2418,11,3,1,0,28,0,3,0,1,1,0,0,0,0,0,0
62500,9960,1853,10,7,0,0,27,1,3,1,0,0,0,0,0,0,0,0
62600,9951,1763,8,11,4,0,28,0,7,1,2,0,0,0,0,0,0,0
62700,9959,1889,10,5,3,0,26,0,2,1,0,0,0,0,0,0,0,0
62800,9960,2047,9,5,1,1,25,1,3,0,2,0,0,0,0,0,0,0
62900,9916,2489,28,5,4,0,45,0,6,1,1,0,0,0,0,0,0,0
63000,9924,2915,21,4,1,0,52,0,1,0,1,0,0,0,0,0,0,0
63100,9932,2514,11,3,0,1,51,0,5,0,1,0,0,0,0,0,0,0
63200,9927,2527,15,0,4,1,50,0,2,3,2,0,0,0,0,0,0,0
63300,9931,1552,13,0,1,0,51,0,4,1,0,0,0,0,0,0,0,0
63400,9932,1669,13,0,3,0,50,1,2,0,0,0,0,0,0,0,0,0
63500,9921,1990,21,3,1,0,52,0,4,0,1,1,0,0,0,0,0,0
63600,9914,1966,31,1,2,1,51,0,1,0,1,1,0,0,0,0,0,0
63700,9907,2232,32,2,2,1,52,0,6,1,1,0,0,0,0,0,0,0
63800,9925,2080,19,5,1,0,53,0,1,0,1,0,0,0,0,0,0,0
63900,9933,2650,12,6,0,0,53,0,2,0,0,0,0,0,0,0,0,0
64000,9937,2901,10,1,2,1,50,0,1,0,0,0,0,0,0,0,0,0
64100,9934,2933,3,4,4,0,54,0,4,0,1,0,0,0,0,0,0,0
64200,9942,2986,3,0,0,1,52,0,1,1,2,2,0,0,0,0,0,0
64300,9946,2384,0,0,0,1,51,2,2,1,1,0,0,0,0,0,0,0
64400,9940,2714,1,0,1,0,51,0,7,1,0,2,0,0,0,0,0,0
64500,9940,2777,3,1,2,0,50,0,4,1,1,0,0,0,0,0,0,0
64600,9941,2944,3,8,3,0,50,0,2,0,1,0,0,0,0,0,0,0
64700,9938,3258,3,9,1,0,54,1,2,0,2,0,0,0,0,0,0,0
64800,9959,3043,1,1,3,1,35,0,0,1,2,0,0,0,0,0,0,0
64900,9969,2909,2,1,0,0,28,0,1,0,0,1,0,0,0,0,0,0
65000,9967,2946,5,1,1,0,25,1,1,0,1,0,0,0,0,0,0,0
65100,9957,3359,2,0,1,1,33,1,6,1,1,0,0,0,0,0,0,0
65200,9949,3325,4,2,2,0,36,0,6,0,3,0,0,0,0,0,0,0
65300,9960,3001,0,0,1,0,38,0,1,1,0,0,0,0,0,0,0,0
65400,9956,4017,3,2,1,0,38,0,1,0,1,0,0,0,0,0,0,0
65500,9957,3170,4,2,1,0,37,0,1,3,0,0,0,0,0,0,0,0
65600,9951,2639,3,0,5,1,37,2,3,0,1,0,0,0,0,0,0,0
65700,9956,3315,5,1,2,1,36,1,1,0,0,0,0,0,0,0,0,0
65800,9954,3085,3,6,2,2,35,0,6,1,0,0,0,0,0,0,0,0
65900,9959,2951,1,10,2,1,35,0,3,0,0,0,0,0,0,0,0,0
66000,9955,2669,4,9,0,0,37,1,4,0,0,0,0,0,0,0,0,0
66100,9954,2759,6,0,0,6,37,1,1,0,2,0,0,0,0,0,0,0
66200,9957,2715,3,2,1,0,36,0,3,0,0,1,0,0,0,0,0,0
66300,9962,2706,2,2,0,0,36,2,0,0,0,1,0,0,0,0,0,0
66400,9958,2457,3,4,0,0,36,0,3,1,0,0,0,0,0,0,0,0
66500,9966,2407,7,0,0,0,26,0,0,0,1,0,0,0,0,0,0,0
66600,9969,2543,7,2,2,1,14,0,6,0,2,0,0,0,0,0,0,0
66700,9937,2203,52,13,2,0,5,0,3,0,1,1,0,0,0,0,0,0
66800,9943,2129,51,22,2,0,1,0,2,1,1,1,0,0,0,0,0,0
66900,9953,2104,43,7,2,0,1,0,1,1,0,0,0,0,0,0,0,0
67000,9950,2401,42,5,1,0,2,0,3,0,2,0,0,0,0,0,0,0
67100,9953,2688,40,23,2,0,1,0,3,0,1,0,0,0,0,0,0,0
67200,9952,2739,37,50,0,0,8,0,3,1,0,0,0,0,0,0,0,0
67300,9995,2456,3,98,1,0,0,0,0,0,1,0,0,0,0,0,0,0
67400,9986,2342,7,97,1,0,1,0,5,0,0,0,0,0,0,0,0,0
67500,9991,2485,4,51,1,0,1,2,3,0,0,0,0,0,0,0,0,0
67600,9990,2330,3,2,2,0,5,2,0,1,0,0,0,0,0,0,0,0
67700,9981,2322,12,5,1,0,1,0,4,0,1,0,0,0,0,0,0,0
67800,9996,2695,2,10,0,0,0,0,1,1,0,0,0,0,0,0,1,0
67900,9987,2553,6,8,2,0,2,0,3,1,0,0,0,0,0,0,0,0
68000,9989,2346,3,0,0,1,5,0,3,0,0,0,0,0,0,0,0,0
68100,9998,2241,0,3,0,0,1,2,1,0,0,0,0,0,0,0,0,0
68200,9992,2467,5,1,0,0,0,1,3,0,0,0,0,0,0,0,0,0
68300,9993,2204,0,0,0,0,2,0,4,0,1,0,0,0,0,0,0,0
68400,9993,1871,0,4,2,0,3,1,2,1,0,0,0,0,0,0,0,0
68500,9994,1975,0,0,1,0,1,0,3,0,1,0,0,0,0,0,0,0
68600,9991,1912,1,0,2,0,3,1,2,0,1,0,0,0,0,0,0,0
68700,9996,2561,1,0,0,0,2,0,1,0,0,0,0,0,0,0,0,0
68800,9992,2415,1,3,1,0,1,3,4,1,1,0,0,0,0,0,0,0
68900,9984,2145,3,2,2,0,4,1,5,0,2,0,0,0,0,0,0,0
69000,9991,2252,0,2,4,0,3,3,1,0,1,0,0,0,0,0,0,0
69100,9988,2362,0,47,4,0,5,0,1,0,2,0,0,0,0,0,0,0
69200,9989,1672,0,49,1,1,2,0,7,1,1,0,0,0,0,0,0,0
69300,9985,1324,3,0,3,0,4,0,3,0,2,0,0,0,0,0,0,0
69400,9988,1398,4,5,2,0,3,0,2,0,1,0,0,0,0,0,0,0
69500,9965,1447,4,5,2,0,27,0,1,1,1,0,0,0,0,0,0,0
69600,9986,1270,4,3,1,1,8,0,0,1,1,0,0,0,0,0,0,0
69700,9994,1171,0,6,0,0,4,0,0,0,2,0,0,0,0,0,0,0
69800,9991,1220,2,8,1,1,5,0,1,1,0,0,0,0,0,0,0,0
69900,9981,1282,2,0,3,0,9,0,4,0,1,2,0,0,0,0,0,0
70000,9984,1281,1,8,1,1,8,0,6,1,0,0,0,0,0,0,0,0
70100,9988,1540,0,61,1,0,6,1,3,1,2,0,0,0,0,0,0,0
70200,9988,1939,2,81,2,1,5,1,2,1,1,0,0,0,0,0,0,0
70300,9988,1571,1,83,2,0,4,0,5,0,0,0,0,0,0,0,0,0
70400,9992,1840,0,18,1,0,4,0,3,0,0,0,0,0,0,0,0,0
70500,9984,1795,0,0,2,0,7,0,7,0,0,0,0,0,0,0,0,0
70600,9992,2411,4,0,2,0,0,1,0,1,2,0,0,0,0,0,0,0
70700,9994,2354,0,0,2,0,1,0,2,0,1,0,0,0,0,0,0,0
70800,9991,1869,0,3,2,0,1,0,5,0,1,0,0,0,0,0,0,0
70900,9995,1502,0,5,0,1,0,0,4,0,1,1,0,0,0,0,0,0
71000,9993,1853,1,0,1,0,3,0,1,0,1,0,0,0,0,0,0,0
71100,9993,1919,3,20,1,0,2,2,1,5,0,0,0,0,0,0,0,0
71200,9995,2126,0,64,1,0,1,0,2,1,1,0,0,0,0,0,0,0
71300,9991,1817,1,28,2,1,3,0,2,1,1,0,0,0,0,0,0,0
71400,9992,2233,0,5,1,1,5,0,1,1,1,1,0,0,0,0,0,0
71500,9993,2397,0,3,2,0,2,2,2,1,1,0,0,0,0,0,0,0
71600,9997,2021,0,36,1,0,0,0,2,0,0,1,0,0,0,0,0,0
71700,9991,1940,2,8,1,1,0,3,5,1,1,0,0,0,0,0,0,0
71800,9993,1731,0,28,2,0,3,0,1,0,1,0,0,0,0,0,0,0
71900,9985,1600,4,139,2,1,4,1,2,0,3,0,0,0,0,0,0,0
72000,9918,1884,80,90,2,1,0,1,0,0,0,1,0,0,0,0,0,0
72100,9903,2007,86,44,5,3,2,2,3,4,1,0,0,0,0,0,0,0
72200,9913,2133,81,105,1,1,2,2,0,2,3,0,0,0,0,0,0,0
72300,9913,2095,82,83,1,1,0,0,2,0,2,0,0,0,0,0,0,0
72400,9911,1619,80,63,3,1,4,2,0,0,2,0,0,0,0,0,0,0
72500,9913,1511,83,38,0,0,2,2,1,1,1,0,0,0,0,0,0,0
72600,9900,1387,81,3,0,1,17,0,2,0,0,0,0,0,0,0,0,0
72700,9909,1100,80,23,1,2,8,1,1,3,1,0,0,0,0,0,0,0
72800,9895,964,82,16,1,0,18,0,4,0,0,0,0,0,0,0,0,0
72900,9900,969,86,13,0,2,12,0,2,1,0,0,0,0,0,0,0,0
73000,9897,1165,86,12,1,1,12,0,3,0,1,0,0,0,0,0,0,0
73100,9902,1306,83,4,0,1,9,1,6,0,0,0,0,0,0,0,0,0
73200,9896,1218,86,1,1,0,13,0,3,0,1,0,0,0,0,0,0,0
73300,9895,1121,85,0,0,1,17,1,2,0,1,0,0,0,0,0,0,0
73400,9897,1100,90,1,0,0,12,0,0,1,1,0,0,0,0,0,0,0
73500,9891,1436,96,0,0,0,8,0,3,0,2,0,0,0,0,0,0,0
73600,9880,1552,95,0,2,0,17,0,5,0,1,0,0,0,0,0,0,0
73700,9900,1625,89,1,3,0,5,1,2,0,1,0,0,0,0,0,0,0
73800,9895,1621,84,0,3,0,12,1,4,2,2,0,0,0,0,0,0,0
73900,9902,1792,86,1,3,1,2,0,5,1,2,1,0,0,0,0,0,0
74000,9896,1934,86,6,3,0,10,0,5,0,0,0,0,0,0,0,0,0
74100,9899,2132,86,0,1,0,10,0,2,0,2,0,0,0,0,0,0,0
74200,9906,2477,85,18,1,0,7,0,1,0,0,0,0,0,0,0,0,0
74300,9891,2185,86,82,1,0,20,1,2,0,0,0,0,0,0,0,0,0
74400,9900,1754,84,84,0,0,15,0,1,1,0,1,0,0,0,0,0,0
74500,9897,1746,86,2,2,0,11,0,3,1,1,0,0,0,0,0,0,0
74600,9903,1463,84,0,0,0,9,0,3,0,1,0,0,0,0,0,0,0
74700,9900,1480,86,0,3,1,7,0,2,1,2,0,0,0,0,0,0,0
74800,9897,1600,88,1,1,1,5,0,8,0,1,0,0,0,0,0,0,0
74900,9895,1816,90,3,1,0,10,3,3,0,1,0,0,0,0,0,0,0
75000,9897,2014,89,0,4,1,7,1,1,0,1,0,1,0,0,0,0,0
75100,9900,2029,87,2,1,0,10,0,1,1,1,1,0,0,0,0,0,0
75200,9894,2319,87,0,1,2,14,0,3,1,1,0,0,0,0,0,0,0
75300,9889,2286,94,2,0,0,11,0,2,1,4,0,0,0,0,0,0,0
75400,9896,1999,86,22,1,0,15,0,2,0,0,0,0,0,0,0,0,0
75500,9893,2063,90,23,1,0,11,1,4,0,1,0,0,0,0,0,0,0
75600,9899,1948,90,27,2,0,7,0,1,0,1,0,0,0,0,0,0,0
75700,9894,1598,87,22,1,0,14,0,4,0,0,1,0,0,0,0,0,0
75800,9892,1781,93,0,0,0,11,1,3,0,1,0,0,0,0,0,0,0
75900,9887,1388,91,0,4,0,12,0,4,0,2,0,0,0,0,0,0,0
76000,9891,2101,90,1,3,0,13,0,3,0,0,0,0,0,0,0,0,0
76100,9896,1846,88,0,1,0,10,0,4,0,1,0,0,0,0,0,0,0
76200,9895,1472,89,2,2,1,12,0,2,0,0,0,0,0,0,0,0,0
76300,9889,1515,93,4,4,0,10,1,4,0,0,0,0,0,0,0,0,0
76400,9893,1495,88,0,3,0,11,1,5,1,0,0,0,0,0,0,0,0
76500,9904,1543,83,8,1,0,12,3,0,0,0,1,0,0,0,0,0,0
76600,9899,1450,85,3,2,0,10,0,2,1,2,0,0,0,0,0,0,0
76700,9903,1898,85,2,2,0,6,0,1,1,3,0,0,0,0,0,0,0
76800,9903,2095,85,2,2,0,5,2,4,1,1,0,0,0,0,0,0,0
76900,9897,1988,84,0,1,2,17,2,1,0,0,0,0,0,0,0,0,0
77000,9910,1804,73,25,0,0,13,1,3,0,1,0,0,0,0,0,0,0
77100,9938,1451,47,13,1,1,9,0,5,3,0,0,0,0,0,0,0,0
77200,9921,1419,60,9,1,7,15,3,1,0,2,0,0,0,0,0,0,0
77300,9920,1277,60,4,2,0,13,0,4,0,1,2,0,0,0,0,0,0
77400,9970,1699,12,6,1,0,12,0,3,0,2,0,0,0,0,0,0,0
77500,9979,1725,6,5,0,0,10,0,4,3,1,0,0,0,0,0,0,0
77600,9978,1656,8,1,2,0,8,0,2,0,2,0,0,0,0,0,0,0
77700,9983,1733,10,0,0,0,7,2,0,1,0,0,0,0,0,0,0,0
77800,9981,1544,9,0,1,0,7,0,1,1,1,0,0,0,0,0,0,0
77900,9992,1481,5,0,1,1,2,1,0,1,0,0,0,0,0,0,0,0
78000,9976,1370,11,0,2,0,7,0,1,0,3,0,0,0,0,0,0,0
78100,9981,1498,8,5,0,0,9,0,1,0,1,1,0,0,0,0,0,0
78200,9975,1684,11,12,1,2,11,0,2,0,0,1,0,0,0,0,0,0
78300,9974,1503,11,10,3,0,10,0,2,0,0,0,0,0,0,0,0,0
78400,9985,1652,7,1,1,0,5,0,1,0,1,0,0,0,0,0,0,0
78500,9981,1571,12,3,1,0,5,0,1,0,0,0,0,0,0,0,0,0
78600,9986,1411,7,7,3,0,2,3,2,0,0,0,0,0,0,0,0,0
78700,9979,1691,7,6,2,0,9,0,1,0,2,0,0,0,0,0,0,0
78800,9985,1620,5,5,0,0,4,0,4,0,2,0,0,0,0,0,0,0
78900,9981,1417,8,11,1,0,9,0,1,4,0,0,0,0,0,0,0,0
79000,9986,1177,6,6,2,0,6,0,0,0,0,0,0,0,0,0,0,0
79100,9981,1364,7,6,2,0,9,1,0,0,1,0,0,0,0,0,0,0
79200,9987,1374,3,7,2,0,7,0,0,0,1,0,0,0,0,0,0,0
79300,9984,1579,6,13,2,0,7,0,1,1,0,0,0,0,0,0,0,0
79400,9990,1218,4,97,4,0,1,0,1,0,0,0,0,0,0,0,0,0
79500,9987,1208,4,35,1,0,4,0,1,0,3,0,0,0,0,0,0,0
79600,9984,1139,5,1,1,0,6,0,4,0,0,1,0,0,0,0,0,0
79700,9985,1627,4,0,2,0,4,1,3,0,2,0,0,0,0,0,0,0
79800,9982,1940,3,2,3,1,9,0,2,0,1,0,0,0,0,0,0,0
79900,9985,1801,5,5,3,0,6,0,1,0,0,0,0,0,0,0,0,0
80000,9984,1317,3,17,2,0,9,1,2,1,0,0,0,0,0,0,0,0
80100,9981,1253,8,1,3,0,5,0,2,1,1,0,0,0,0,0,0,0
80200,9984,1054,2,0,0,1,13,0,0,1,1,0,0,0,0,0,0,0
80300,9982,1035,4,0,3,0,5,0,5,0,1,0,0,0,0,0,0,0
80400,9982,1206,7,6,1,0,10,1,0,1,0,0,0,0,0,0,0,0
80500,9981,1510,8,61,0,0,10,0,1,1,0,0,0,0,0,0,0,0
80600,9980,1665,5,1,1,0,8,0,6,2,0,0,0,0,0,0,0,0
80700,9988,1519,5,0,0,1,6,1,1,0,0,1,0,0,0,0,0,0
80800,9981,1311,4,0,4,1,10,1,0,1,1,0,0,0,0,0,0,0
80900,9981,1431,4,0,2,0,12,0,0,0,1,0,0,0,0,0,0,0
81000,9977,1726,7,0,0,0,15,0,0,0,1,0,0,0,0,0,0,0
81100,9983,2025,5,2,3,1,8,3,0,4,1,0,0,0,0,0,0,0
81200,9980,2236,2,53,2,0,14,0,2,0,0,0,0,0,0,0,0,0
81300,9979,2381,6,114,2,0,12,0,0,0,1,0,0,0,0,0,0,0
81400,9981,2152,4,33,2,0,10,0,2,0,1,0,0,0,0,0,0,0
81500,9985,2114,6,4,0,1,9,0,0,1,0,0,0,0,0,0,0,0
81600,9974,2571,3,0,3,2,15,1,3,1,2,0,0,0,0,0,0,0
81700,9988,2620,0,0,1,0,11,3,0,1,0,0,0,0,0,0,0,0
81800,9978,2688,2,17,0,1,18,0,1,0,1,0,0,0,0,0,0,0
81900,9979,2997,1,12,2,0,13,0,4,0,1,0,0,0,0,0,0,0
82000,9982,2996,1,3,0,0,15,0,1,0,1,0,0,0,0,0,0,0
82100,9985,3133,0,0,2,2,11,3,2,1,0,1,0,0,0,0,0,0
82200,9972,2415,3,8,3,0,15,1,5,0,2,0,0,0,0,0,0,0
82300,9977,1913,5,8,3,1,13,1,1,1,1,0,0,0,0,0,0,0
82400,9989,1674,0,8,1,0,10,0,0,0,0,0,0,0,0,0,0,0
82500,9985,1483,0,7,1,1,10,0,4,0,0,0,0,0,0,0,0,0
82600,9980,1328,0,3,4,1,13,0,1,0,2,0,0,0,0,0,0,0
82700,9983,1553,3,4,2,0,12,0,0,0,0,1,0,0,0,0,0,0
82800,9993,1985,0,7,2,0,4,2,1,0,0,0,0,0,0,0,0,0
82900,9992,2236,0,2,1,1,7,0,0,0,0,0,0,0,0,0,0,0
83000,9992,2476,1,0,1,1,6,4,0,0,0,0,0,0,0,0,0,0
83100,9986,1956,0,0,2,0,8,0,3,0,1,1,0,0,0,0,0,0
83200,9990,1771,0,0,2,0,7,0,0,1,1,0,0,0,0,0,0,0
83300,9992,1648,0,0,0,1,5,0,0,0,3,1,0,0,0,0,0,0
83400,9989,1958,0,5,0,1,9,0,1,0,1,0,0,0,0,0,0,0
83500,9996,1662,0,3,1,0,2,0,1,0,0,0,0,0,0,0,0,0
83600,9989,1721,3,1,1,1,6,1,1,0,0,0,0,0,0,0,0,0
83700,9991,1785,0,6,1,0,6,0,1,0,1,0,0,0,0,0,0,0
83800,9985,1798,3,13,1,0,11,0,0,0,0,0,0,0,0,0,0,0
83900,9985,1941,0,5,2,0,8,0,4,2,1,0,0,0,0,0,0,0
84000,9982,2134,0,1,0,0,5,1,13,3,0,0,0,0,0,0,0,0
84100,9978,2129,0,3,1,0,0,0,21,0,0,0,0,0,0,0,0,0
84200,9977,1974,0,1,0,0,0,0,23,0,0,0,0,0,0,0,0,0
84300,9975,1818,2,0,1,1,1,1,21,1,0,0,0,0,0,0,0,0
84400,9991,1951,2,0,3,6,0,1,4,3,0,0,0,0,0,0,0,0
84500,9997,2082,0,0,1,6,0,0,2,0,0,0,0,0,0,0,0,0
84600,9994,2294,1,0,1,7,0,1,3,0,1,0,0,0,0,0,0,0
84700,9989,2715,6,0,1,11,1,0,3,0,0,0,0,0,0,0,0,0
84800,9992,2433,6,0,0,8,2,0,0,0,0,0,0,0,0,0,0,0
84900,9992,2351,6,3,2,7,0,1,0,0,0,0,0,0,0,0,0,0
85000,9987,2181,6,0,2,8,0,2,3,0,2,0,0,0,0,0,0,0
85100,9984,2222,10,0,0,7,2,3,2,2,2,0,0,0,0,0,0,0
85200,9979,2234,12,1,2,6,1,0,6,1,0,0,0,0,0,0,0,0
85300,9986,2000,11,0,0,0,1,0,1,0,1,0,0,0,0,0,0,0
85400,9989,2211,9,0,2,0,0,0,0,1,0,0,0,0,0,0,0,0
85500,9980,2792,8,1,3,0,2,0,5,1,2,0,0,0,0,0,0,0
85600,9981,2071,10,3,1,2,6,0,1,2,1,0,0,0,0,0,0,0
85700,9989,2426,9,4,0,0,1,0,0,0,1,0,0,0,0,0,0,0
85800,9985,2058,10,1,2,0,0,0,3,0,0,0,0,0,0,0,0,0
85900,9990,1683,10,0,0,0,0,0,0,0,0,0,0,0,0,0,0,0
86000,9986,1432,13,1,0,1,0,1,1,1,0,1,0,0,0,0,0,0
86100,9987,1644,8,4,0,0,0,2,3,1,2,0,0,0,0,0,0,0
86200,9987,1690,9,1,1,2,1,0,0,1,2,0,0,0,0,0,0,0
86300,9989,2022,8,3,0,3,0,0,3,0,0,0,0,0,0,0,0,0
86400,9991,2482,5,0,2,2,0,0,1,0,1,2,0,0,0,0,0,0
86500,9990,2195,3,4,2,0,3,1,1,1,1,1,0,0,0,0,0,0
86600,9994,1496,3,9,1,0,1,0,1,0,0,0,0,0,0,0,0,0
86700,9994,1250,0,7,2,0,2,0,1,1,1,0,0,0,0,0,0,0
86800,9993,1266,2,9,1,0,2,0,1,0,1,0,0,0,0,0,0,0
86900,9996,1066,0,9,2,0,0,0,2,0,0,0,0,0,0,0,0,0
87000,9995,1295,0,7,1,1,2,0,0,0,2,0,0,0,0,0,0,0
87100,9994,1408,1,3,2,0,0,1,2,0,1,0,0,0,0,0,0,0
87200,9996,1236,1,0,1,0,0,0,1,0,1,0,0,0,0,0,0,0
87300,9992,1045,0,0,2,0,2,0,3,0,1,0,0,0,0,0,0,0
87400,9988,1483,0,0,2,0,1,0,9,1,0,0,0,0,0,0,0,0
87500,9992,1739,0,0,3,2,3,0,1,2,1,0,0,0,0,0,0,0
87600,9982,1745,9,4,0,0,0,0,5,0,3,1,1,0,0,0,0,0
87700,9975,1906,10,5,3,0,6,0,2,2,4,0,0,0,0,0,0,0
87800,9982,1791,12,6,1,0,3,0,1,1,1,0,0,0,0,0,0,0
87900,9986,2099,10,3,1,0,2,0,1,1,0,0,0,0,0,0,0,0
88000,9981,2374,13,0,0,0,4,3,2,2,0,0,0,0,0,0,0,0
88100,9984,2152,10,0,2,0,3,0,1,0,0,1,0,0,0,0,0,0
88200,9981,2230,9,45,2,0,4,1,3,0,1,0,0,0,0,0,0,0
88300,9985,1760,10,52,1,0,2,0,1,0,1,0,0,0,0,0,0,0
88400,9986,1599,9,10,1,3,0,0,3,1,1,0,0,0,0,0,0,0
88500,9990,1993,9,41,0,0,0,0,1,1,0,0,0,0,0,0,0,0
88600,9986,2089,9,53,0,1,2,1,1,0,2,0,0,0,0,0,0,0
88700,9980,2025,10,14,2,0,5,0,1,1,2,0,0,0,0,0,0,0
88800,9984,1834,9,13,1,0,1,0,3,0,2,1,0,0,0,0,0,0
88900,9987,1795,11,25,0,0,1,0,0,0,1,0,0,0,0,0,0,0
89000,9990,2130,8,8,1,0,0,0,0,0,1,0,0,0,0,0,0,0
89100,9988,2459,9,11,0,1,1,0,2,1,0,0,0,0,0,0,0,0
89200,9978,2383,14,3,2,0,2,0,3,0,1,1,0,0,0,0,0,0
89300,9981,2034,13,0,0,0,4,0,1,0,1,1,0,0,0,0,0,0
89400,9988,1871,9,0,0,0,0,1,2,0,1,0,0,0,0,0,0,0
89500,9985,1944,9,0,3,1,1,0,1,1,1,0,0,0,0,0,0,0
89600,9985,1711,10,0,0,1,1,0,3,0,1,0,0,0,0,0,0,0
89700,9982,1458,10,6,4,0,0,0,3,0,1,0,0,0,0,0,0,0
89800,9985,1455,9,2,1,1,1,1,3,1,1,0,0,0,0,0,0,0
89900,9984,1804,9,4,3,0,1,1,3,0,0,1,0,0,0,0,0,0
90000,9988,2192,10,0,0,0,0,0,1,1,1,0,0,0,0,0,0,0
90100,9979,2247,9,0,4,0,2,0,5,0,1,0,0,0,0,0,0,0
90200,9979,2013,10,2,4,1,0,0,7,0,0,0,0,0,0,0,0,0
90300,9982,1691,10,34,4,1,2,0,0,1,2,0,0,0,0,0,0,0
90400,9981,1336,12,43,1,0,4,0,2,1,0,0,0,0,0,0,0,0
90500,9984,1414,11,61,3,0,0,3,1,0,1,1,0,0,0,0,0,0
90600,9984,1490,9,75,1,0,0,5,3,1,3,0,0,0,0,0,0,0
90700,9984,1800,11,63,1,0,2,3,2,0,0,0,0,0,0,0,0,0
90800,9980,1660,9,49,3,0,3,3,3,0,2,0,0,0,0,0,0,0
90900,9986,1611,9,19,1,1,1,0,1,1,2,0,0,0,0,0,0,0
91000,9986,1559,10,0,1,0,1,1,1,1,1,0,0,0,0,0,0,0
91100,9987,1723,11,1,1,0,0,0,0,0,1,0,0,0,0,0,0,0
91200,9989,1330,10,1,1,1,0,1,0,1,0,0,0,0,0,0,0,0
91300,9988,1538,10,2,1,0,0,0,1,0,0,0,0,0,0,0,0,0
91400,9984,2081,10,4,2,0,3,1,1,0,0,0,0,0,0,0,0,0
91500,9985,1820,9,4,1,0,1,0,3,1,1,0,0,0,0,0,0,0
91600,9989,1413,10,2,1,0,0,1,0,1,0,0,0,0,0,0,0,0
91700,9985,1014,8,3,2,1,4,0,1,0,0,1,0,0,0,0,0,0
91800,9995,1052,1,0,1,1,2,1,0,1,1,0,0,0,0,0,0,0
91900,9995,984,0,2,3,0,1,0,0,0,1,0,0,0,0,0,0,0
92000,9998,994,0,1,0,0,2,0,0,0,0,0,0,0,0,0,0,0
92100,9992,977,1,2,2,0,0,2,4,0,1,0,0,0,0,0,0,0
92200,9992,984,1,0,0,0,3,8,4,0,0,0,0,0,0,0,0,0
92300,9993,900,0,0,1,0,2,6,4,0,0,0,0,0,0,0,0,0
92400,9992,1386,2,1,4,0,1,8,1,0,0,0,0,0,0,0,0,0
92500,9993,1922,0,2,1,1,3,2,3,0,0,0,0,0,0,0,0,0
92600,9987,1465,0,10,2,2,10,0,1,0,0,1,0,0,0,0,0,0
92700,9981,1449,0,8,1,0,13,2,3,1,2,1,0,0,0,0,0,0
92800,9992,1535,0,5,2,1,5,0,1,0,0,0,0,0,0,0,0,0
92900,9998,1530,0,2,0,1,0,0,2,0,0,0,0,0,0,0,0,0
93000,9979,1486,4,0,0,0,7,1,10,0,0,0,0,0,0,0,0,0
93100,9986,1513,0,0,0,0,11,0,2,0,1,0,0,0,0,0,0,0
93200,9983,1582,0,1,1,0,13,0,3,0,0,0,0,0,0,0,0,0
93300,9980,1716,0,7,3,0,12,1,3,4,2,0,0,0,0,0,0,0
93400,9982,1532,0,6,1,1,13,3,2,0,2,0,0,0,0,0,0,0
93500,9983,1406,1,3,1,1,12,0,1,0,2,0,0,0,0,0,0,0
93600,9975,1776,4,0,5,0,12,1,4,1,0,0,0,0,0,0,0,0
93700,9980,2414,4,3,2,0,12,0,2,0,0,0,0,0,0,0,0,0
93800,9979,2271,5,1,0,0,12,0,4,0,0,0,0,0,0,0,0,0
93900,9982,2235,4,4,1,0,12,0,0,0,1,0,0,0,0,0,0,0
94000,9975,2552,4,4,2,0,17,1,2,1,0,1,0,0,0,0,0,0
94100,9974,2554,6,2,4,0,12,4,3,1,1,0,0,0,0,0,0,0
94200,9976,2753,4,0,2,1,16,1,1,1,1,0,0,0,0,0,0,0
94300,9975,2480,4,2,1,0,12,0,7,0,1,0,0,0,0,0,0,0
94400,9969,2662,8,2,5,0,12,0,5,0,1,0,0,0,0,0,0,0
94500,9969,2268,9,30,1,0,13,0,7,0,1,0,0,0,0,0,0,0
94600,9981,2185,5,40,0,0,12,0,1,1,1,0,0,0,0,0,0,0
94700,9978,2542,4,4,2,1,12,0,3,0,1,1,0,0,0,0,0,0
94800,9977,2210,5,2,1,0,11,2,4,0,2,0,0,0,0,0,0,0
94900,9979,2202,4,1,1,0,14,0,2,1,0,0,0,0,0,0,0,0
95000,9977,2129,4,0,2,0,16,1,1,0,0,0,0,0,0,0,0,0
95100,9976,2179,5,1,0,1,17,0,2,0,0,0,0,0,0,0,0,0
95200,9976,2100,8,2,1,0,14,1,1,1,0,0,0,0,0,0,0,0
95300,9969,1848,10,0,4,1,12,0,4,0,1,0,0,0,0,0,0,0
95400,9967,1415,15,4,0,0,13,1,2,0,3,0,0,0,0,0,0,0
95500,9971,1143,16,0,0,0,12,0,1,0,0,1,0,0,0,0,0,0
95600,9967,1492,17,1,3,1,12,0,1,0,0,0,0,0,0,0,0,0
95700,9964,1387,14,8,0,0,16,0,5,1,1,0,0,0,0,0,0,0
95800,9970,1675,14,2,0,0,13,0,2,0,1,0,0,0,0,0,0,0
95900,9970,1883,14,0,1,0,13,0,1,0,1,0,0,0,0,0,0,0
96000,9968,1657,14,3,1,0,12,0,4,0,1,0,0,0,0,0,0,0
96100,9967,1332,16,3,1,0,13,0,2,0,1,0,0,0,0,0,0,0
96200,9970,1437,14,0,0,0,15,1,1,0,0,0,0,0,0,0,0,0
96300,9967,2133,14,0,3,0,11,0,3,1,2,1,0,0,0,0,0,0
96400,9964,2320,17,0,3,0,13,1,3,1,0,0,0,0,0,0,0,0
96500,9969,2237,14,3,2,0,13,1,1,0,1,0,0,0,0,0,0,0
96600,9965,2077,14,4,2,0,15,0,4,2,0,0,0,0,0,0,0,0
96700,9974,2228,14,0,1,0,11,3,0,1,0,0,0,0,0,0,0,0
96800,9967,2095,15,3,3,0,12,0,2,0,1,0,0,0,0,0,0,0
96900,9968,2193,15,0,1,0,14,1,1,0,1,0,0,0,0,0,0,0
97000,9967,1933,17,0,1,0,12,0,2,0,1,0,0,0,0,0,0,0
97100,9971,1945,14,25,1,0,14,0,0,1,0,0,0,0,0,0,0,0
97200,9971,2022,14,82,0,0,12,0,2,1,1,0,0,0,0,0,0,0
97300,9973,2022,14,76,0,0,12,0,1,0,0,0,0,0,0,0,0,0
97400,9966,1749,14,1,3,0,13,0,3,4,1,0,0,0,0,0,0,0
97500,9961,1936,20,0,2,0,14,1,2,3,1,0,0,0,0,0,0,0
97600,9956,1966,26,5,2,0,12,0,3,0,1,0,0,0,0,0,0,0
97700,9956,2234,29,9,1,0,11,0,2,0,1,0,0,0,0,0,0,0
97800,9958,2035,24,5,1,0,13,1,4,0,0,0,0,0,0,0,0,0
97900,9951,1840,24,11,2,0,18,4,5,1,0,0,0,0,0,0,0,0
98000,9955,1489,29,9,2,0,12,3,2,0,0,0,0,0,0,0,0,0
98100,9963,1846,20,3,3,0,11,2,2,1,1,0,0,0,0,0,0,0
98200,9964,1570,23,1,0,0,11,3,2,0,0,1,0,0,0,0,0,0
98300,9957,1551,28,2,1,0,12,2,2,4,0,1,0,0,0,0,0,0
98400,9956,1837,26,1,1,1,14,0,3,0,0,0,0,0,0,0,0,0
98500,9945,2256,24,2,0,1,30,0,0,1,1,0,0,0,0,0,0,0
98600,9933,2108,28,1,2,0,32,0,5,0,0,0,0,0,0,0,0,0
98700,9945,2048,25,11,0,1,30,0,0,0,0,0,0,0,0,0,0,0
98800,9941,2209,25,89,0,0,33,1,0,1,1,0,0,0,0,0,0,0
98900,9933,2348,31,93,1,1,34,1,1,0,0,0,0,0,0,0,0,0
99000,9937,2129,26,83,1,0,32,0,4,0,0,0,0,0,0,0,0,0
99100,9940,1846,26,58,0,0,33,0,0,0,1,0,0,0,0,0,0,0
99200,9940,1962,28,0,3,1,26,1,2,0,1,0,0,0,0,0,0,0
99300,9930,1790,28,1,4,1,32,0,6,0,0,0,0,0,0,0,0,0
99400,9942,1820,25,3,3,0,27,0,2,1,1,0,0,0,0,0,0,0
99500,9939,1726,24,1,1,0,33,0,2,0,1,0,0,0,0,0,0,0
99600,9947,1596,23,8,2,0,28,1,0,3,0,0,0,0,0,0,0,0
99700,9943,1552,26,8,1,0,27,2,2,0,1,0,0,0,0,0,0,0
99800,9940,1599,31,9,1,1,27,0,1,0,0,1,0,0,0,0,0,0
99900,9935,1793,30,7,1,0,28,2,6,0,0,0,0,0,0,0,0,0
100000,9940,2159,28,7,1,0,27,0,4,0,0,0,0,0,0,0,0,0
