update,host_task_NOT,sym_task_NOT,host_task_NAND,sym_task_NAND,host_task_AND,sym_task_AND,host_task_ORN,sym_task_ORN,host_task_OR,sym_task_OR,host_task_ANDN,sym_task_ANDN,host_task_NOR,sym_task_NOR,host_task_XOR,sym_task_XOR,host_task_EQU,sym_task_EQU
0,0,0,0,0,0,0,0,0,0,0,0,0,0,0,0,0,0,0
100,10000,0,0,0,1,0,1,0,0,0,0,0,0,0,0,0,0,0
200,9996,0,0,0,2,0,0,0,1,0,1,0,0,0,0,0,0,0
300,9995,0,0,0,1,0,0,0,3,0,1,0,0,0,0,0,0,0
400,9997,0,0,0,1,0,1,0,1,0,0,0,0,0,0,0,0,0
500,9994,0,0,0,2,0,1,0,2,0,1,0,0,0,0,0,0,0
600,9995,0,0,0,3,0,0,0,2,0,0,0,0,0,0,0,0,0
700,9995,0,0,0,2,0,1,0,2,0,0,0,0,0,0,0,0,0
800,9993,0,0,0,2,0,2,0,2,0,1,0,0,0,0,0,0,0
900,9992,0,0,0,1,0,3,0,3,0,1,0,0,0,0,0,0,0
1000,9996,0,1,0,3,0,0,0,0,0,0,0,0,0,0,0,0,0
1100,9992,0,1,0,4,0,0,0,2,0,1,0,0,0,0,0,0,0
1200,9990,0,2,0,2,0,3,0,3,0,0,0,0,0,0,0,0,0
1300,9989,0,1,0,4,0,1,0,3,0,2,0,0,0,0,0,0,0
1400,9990,0,1,0,5,0,1,0,1,0,2,0,0,0,0,0,0,0
1500,9985,0,1,0,4,0,5,0,3,0,1,0,1,0,0,0,0,0
1600,9987,0,1,0,2,0,4,0,4,0,2,0,0,0,0,0,0,0
1700,9992,0,3,0,1,0,2,0,1,0,1,0,0,0,0,0,0,0
1800,9991,0,2,0,2,0,3,0,2,0,0,0,0,0,0,0,0,0
1900,9991,0,3,0,2,0,0,0,4,0,0,0,0,0,0,0,0,0
2000,9986,0,3,0,3,0,2,0,5,0,1,0,0,0,0,0,0,0
2100,9984,0,3,0,2,0,3,0,8,0,0,0,0,0,0,0,0,0
2200,9995,0,0,0,0,0,2,0,3,0,0,0,0,0,0,0,0,0
2300,9990,0,2,0,0,0,4,0,3,0,1,0,0,0,0,0,0,0
2400,9984,0,1,0,2,0,7,0,1,0,5,0,0,0,0,0,0,0
2500,9991,0,1,0,2,0,2,0,4,0,0,0,0,0,0,0,0,0
2600,9989,0,1,0,1,0,4,0,5,0,0,0,0,0,0,0,0,0
2700,9987,0,3,0,3,0,3,0,3,0,1,0,0,0,0,0,0,0
2800,9986,0,5,0,1,0,2,0,5,0,1,0,0,0,0,0,0,0
2900,9988,0,4,0,1,0,2,0,5,0,0,0,0,0,0,0,0,0
3000,9991,0,2,0,0,0,1,0,5,0,1,0,0,0,0,0,0,0
3100,9984,0,5,0,3,0,4,0,2,0,2,0,0,0,0,0,0,0
3200,9978,0,12,0,5,0,2,0,0,0,3,0,0,0,0,0,0,0
3300,9973,0,15,0,3,0,5,0,3,0,1,0,0,0,0,0,0,0
3400,9971,0,13,0,3,0,6,0,5,0,2,0,0,0,0,0,0,0
3500,9979,0,16,0,1,0,3,0,0,0,1,0,0,0,0,0,0,0
3600,9979,0,14,0,3,0,1,0,2,0,1,0,0,0,0,0,0,0
3700,9978,0,16,0,0,0,2,0,1,0,2,0,1,0,0,0,0,0
3800,9973,0,15,0,2,0,4,0,6,0,0,0,0,0,0,0,0,0
3900,9973,0,19,0,1,0,1,0,5,0,1,0,0,0,0,0,0,0
4000,9979,0,14,0,1,0,2,0,3,0,1,0,0,0,0,0,0,0
4100,9970,0,19,0,2,0,1,0,5,0,2,0,1,0,0,0,0,0
4200,9970,0,16,0,3,0,4,0,6,0,1,0,0,0,0,0,0,0
4300,9965,0,23,0,2,0,4,0,5,0,1,0,0,0,0,0,0,0
4400,9963,0,25,0,1,0,8,0,1,0,2,0,0,0,0,0,0,0
4500,9961,0,25,0,4,0,7,0,2,0,1,0,0,0,0,0,0,0
4600,9963,0,23,0,1,0,7,0,4,0,2,0,0,0,0,0,0,0
4700,9969,0,22,0,2,0,5,0,0,0,2,0,0,0,0,0,0,0
4800,9942,0,39,0,3,0,12,0,1,0,3,0,0,0,0,0,0,0
4900,9947,0,36,0,3,0,10,0,4,0,0,0,0,0,0,0,0,0
5000,9952,0,35,0,2,0,8,0,3,0,0,0,0,0,0,0,0,0
5100,9938,0,43,0,1,0,10,0,6,0,2,0,0,0,0,0,0,0
5200,9950,0,38,0,3,0,6,0,2,0,1,0,0,0,0,0,0,0
5300,9948,0,41,0,5,0,5,0,1,0,0,0,0,0,0,0,0,0
5400,9949,0,40,0,2,0,5,0,3,0,1,0,0,0,0,0,0,0
5500,9951,0,41,0,0,0,4,0,4,0,0,0,0,0,0,0,0,0
5600,9942,0,45,0,4,0,5,0,3,0,1,0,0,0,0,0,0,0
5700,9950,0,39,0,3,0,4,0,2,0,2,0,0,0,0,0,0,0
5800,9953,0,40,0,1,0,1,0,4,0,1,0,0,0,0,0,0,0
5900,9938,0,49,0,4,0,3,0,3,0,2,0,1,0,0,0,0,0
6000,9941,0,45,0,6,0,4,0,4,0,0,0,0,0,0,0,0,0
6100,9939,0,46,0,5,0,8,0,2,0,0,0,0,0,0,0,0,0
6200,9945,0,43,0,4,0,4,0,3,0,1,0,0,0,0,0,0,0
6300,9931,0,52,0,6,0,3,0,7,0,1,0,0,0,0,0,0,0
6400,9928,0,61,0,5,0,3,0,2,0,1,0,0,0,0,0,0,0
6500,9921,0,62,0,8,0,5,0,4,0,0,0,0,0,0,0,0,0
6600,9910,0,66,0,8,0,7,0,6,0,1,0,2,0,0,0,0,0
6700,9924,0,61,0,5,0,4,0,4,0,2,0,0,0,0,0,0,0
6800,9916,0,60,0,8,0,6,0,6,0,3,0,1,0,0,0,0,0
6900,9936,0,51,0,2,0,4,0,7,0,0,0,0,0,0,0,0,0
7000,9942,0,45,0,5,0,4,0,4,0,0,0,0,0,0,0,0,0
7100,9933,0,49,0,3,0,8,0,6,0,0,0,1,0,0,0,0,0
7200,9934,0,50,0,7,0,7,0,1,0,1,0,0,0,0,0,0,0
7300,9934,0,53,0,4,0,5,0,4,0,0,0,0,0,0,0,0,0
7400,9928,0,51,0,5,0,9,0,6,0,1,0,0,0,0,0,0,0
7500,9934,0,54,0,2,0,5,0,3,0,2,0,0,0,0,0,0,0
7600,9923,0,62,0,2,0,7,0,4,0,2,0,0,0,0,0,0,0
7700,9910,0,63,0,5,0,10,0,10,0,2,0,0,0,0,0,0,0
7800,9925,0,67,0,3,0,2,0,3,0,0,0,0,0,0,0,0,0
7900,9918,0,64,0,8,0,3,0,3,0,4,0,0,0,0,0,0,0
8000,9922,0,62,0,3,0,5,0,7,0,1,0,0,0,0,0,0,0
8100,9921,0,65,0,2,0,4,0,6,0,2,0,0,0,0,0,0,0
8200,9919,0,69,0,3,0,6,0,2,0,1,0,0,0,0,0,0,0
8300,9907,0,82,0,0,0,4,0,5,0,2,0,0,0,0,0,0,0
8400,9908,0,82,0,3,0,2,0,4,0,0,0,1,0,0,0,0,0
8500,9900,0,86,0,3,0,4,0,6,0,1,0,0,0,0,0,0,0
8600,9902,0,78,0,6,0,7,0,4,0,3,0,0,0,0,0,0,0
8700,9906,0,83,0,2,0,3,0,5,0,1,0,0,0,0,0,0,0
8800,9906,0,82,0,1,0,6,0,5,0,0,0,0,0,0,0,0,0
8900,9905,0,83,0,3,0,5,0,4,0,0,0,0,0,0,0,0,0
9000,9896,0,90,0,2,0,9,0,3,0,0,0,0,0,0,0,0,0
9100,9896,0,78,0,9,0,8,0,5,0,4,0,0,0,0,0,0,0
9200,9895,0,84,0,2,0,9,0,8,0,0,0,1,0,0,0,1,0
9300,9901,0,85,0,4,0,3,0,7,0,0,0,0,0,0,0,0,0
9400,9910,0,77,0,4,0,2,0,5,0,2,0,0,0,0,0,0,0
9500,9909,0,74,0,3,0,4,0,9,0,1,0,0,0,0,0,0,0
9600,9923,0,66,0,5,0,0,0,5,0,0,0,1,0,0,0,0,0
9700,9923,0,60,0,4,0,4,0,7,0,2,0,0,0,0,0,0,0
9800,9927,0,53,0,6,0,5,0,8,0,1,0,0,0,0,0,0,0
9900,9915,0,62,0,8,0,3,0,10,0,1,0,1,0,0,0,0,0
10000,9903,0,78,0,3,0,6,0,5,0,4,0,1,0,0,0,0,0
10100,9881,0,103,0,5,0,5,0,4,0,2,0,0,0,0,0,0,0
10200,9860,0,114,0,3,0,11,0,10,0,2,0,0,0,0,0,0,0
10300,9850,0,128,0,3,0,7,0,7,0,3,0,2,0,0,0,0,0
10400,9853,0,122,0,6,0,8,0,6,0,4,0,1,0,0,0,0,0
10500,9842,0,139,0,5,0,5,0,6,0,3,0,0,0,0,0,0,0
10600,9829,0,141,0,3,0,16,0,8,0,3,0,0,0,0,0,0,0
10700,9828,0,137,0,5,0,26,0,4,0,0,0,0,0,0,0,0,0
10800,9827,0,140,0,6,0,22,0,4,0,1,0,0,0,0,0,0,0
10900,9834,0,131,0,4,0,23,0,6,0,2,0,0,0,0,0,0,0
11000,9812,0,153,0,4,0,19,0,9,0,3,0,0,0,0,0,0,0
11100,9820,0,144,0,6,0,22,0,5,0,3,0,0,0,0,0,0,0
11200,9774,0,190,0,5,0,18,0,8,0,5,0,0,0,0,0,0,0
11300,9740,0,220,0,20,0,14,0,4,0,2,0,0,0,0,0,0,0
11400,9705,0,223,0,52,0,12,0,6,0,0,0,2,0,0,0,0,0
11500,9688,0,226,0,61,0,12,0,9,0,4,0,0,0,0,0,0,0
11600,9689,0,171,0,124,0,10,0,4,0,2,0,0,0,0,0,0,0
11700,9652,0,184,0,148,0,9,0,5,0,2,0,0,0,0,0,0,0
11800,9630,0,180,0,184,0,4,0,1,0,1,0,0,0,0,0,0,0
11900,9626,0,184,0,178,0,8,0,4,0,0,0,0,0,0,0,0,0
12000,9626,0,184,0,176,0,7,0,6,0,1,0,0,0,0,0,0,0
12100,9634,0,174,0,181,0,5,0,5,0,1,0,0,0,0,0,0,0
12200,9632,0,175,0,176,0,10,0,6,0,1,0,0,0,0,0,0,0
12300,9592,0,204,0,186,0,11,0,5,0,2,0,0,0,0,0,0,0
12400,9634,0,174,0,175,0,8,0,9,0,0,0,0,0,0,0,0,0
12500,9625,0,185,0,181,0,3,0,4,0,2,0,0,0,0,0,0,0
12600,9620,0,183,0,180,0,8,0,6,0,3,0,0,0,0,0,0,0
12700,9595,0,203,0,177,0,5,0,16,0,3,0,1,0,0,0,0,0
12800,9508,0,269,0,191,0,26,0,4,0,2,0,0,0,0,0,0,0
12900,9430,0,317,0,208,0,30,0,12,0,2,0,1,0,0,0,0,0
13000,9478,0,316,0,178,0,27,0,0,0,1,0,0,0,0,0,0,0
13100,9422,0,320,0,222,0,29,0,5,0,2,0,0,0,0,0,0,0
13200,9467,0,318,0,179,0,26,0,7,0,3,0,0,0,0,0,0,0
13300,9383,0,369,0,209,0,29,0,7,0,2,0,1,0,0,0,0,0
13400,9351,0,392,0,220,0,29,0,6,0,2,0,0,0,0,0,0,0
13500,9372,0,412,0,185,0,26,0,3,0,2,0,0,0,0,0,0,0
13600,9382,0,403,0,181,0,27,0,4,0,3,0,0,0,0,0,0,0
13700,9347,0,431,0,184,0,26,0,9,0,3,0,0,0,0,0,0,0
13800,9288,0,485,0,194,0,27,0,5,0,1,0,0,0,0,0,0,0
13900,9241,0,524,0,195,0,27,0,11,0,2,0,0,0,0,0,0,0
14000,9168,0,567,0,230,0,29,0,5,0,1,0,0,0,0,0,0,0
14100,9162,0,564,0,228,0,29,0,10,0,6,0,1,0,0,0,0,0
14200,9106,0,594,0,263,0,27,0,8,0,1,0,1,0,0,0,0,0
14300,9083,0,610,0,273,0,25,0,5,0,3,0,1,0,0,0,0,0
14400,9014,0,687,0,256,0,32,0,9,0,2,0,0,0,0,0,0,0
14500,9005,0,682,0,271,0,31,0,5,0,6,0,0,0,0,0,0,0
14600,8965,0,739,0,266,0,27,0,2,0,0,0,1,0,0,0,0,0
14700,8955,0,734,0,272,0,31,0,7,0,1,0,0,0,0,0,0,0
14800,9008,0,683,0,267,0,26,0,13,0,3,0,0,0,0,0,0,0
14900,9009,0,683,0,270,0,30,0,7,0,1,0,0,0,0,0,0,0
15000,9001,0,701,0,263,0,25,0,8,0,1,0,0,0,0,0,1,0
15100,9079,0,669,0,232,0,13,0,3,0,2,0,2,0,0,0,0,0
15200,9130,0,644,0,210,0,9,0,5,0,2,0,0,0,0,0,0,0
15300,9165,0,599,0,192,0,36,0,7,0,1,0,0,0,0,0,0,0
15400,9111,0,622,0,208,0,46,0,11,0,2,0,0,0,0,0,0,0
15500,9072,0,661,0,208,0,45,0,8,0,6,0,0,0,0,0,0,0
15600,9072,0,682,0,196,0,41,0,7,0,2,0,0,0,0,0,0,0
15700,9104,0,664,0,190,0,34,0,8,0,0,0,0,0,0,0,0,0
15800,9062,0,736,0,153,0,35,0,9,0,5,0,0,0,0,0,0,0
15900,9004,0,809,0,145,0,37,0,3,0,2,0,0,0,0,0,0,0
16000,8959,0,851,0,140,0,43,0,6,0,1,0,0,0,0,0,0,0
16100,8967,0,843,0,150,0,31,0,8,0,1,0,0,0,0,0,0,0
16200,8963,0,809,0,177,0,41,0,7,0,3,0,0,0,0,0,0,0
16300,8987,0,790,0,167,0,42,0,9,0,5,0,0,0,0,0,0,0
16400,8905,0,850,0,196,0,42,0,4,0,2,0,1,0,0,0,0,0
16500,8851,0,935,0,165,0,37,0,12,0,0,0,0,0,0,0,0,0
16600,8823,0,974,0,170,0,28,0,5,0,0,0,0,0,0,0,0,0
16700,8842,0,977,0,156,0,17,0,5,0,3,0,0,0,0,0,0,0
16800,8861,0,957,0,161,0,16,0,4,0,1,0,0,0,0,0,0,0
16900,8981,0,875,0,127,0,10,0,5,0,2,0,0,0,0,0,0,0
17000,9009,0,861,0,119,0,8,0,2,0,1,0,0,0,0,0,0,0
17100,9092,0,775,0,114,0,9,0,4,0,6,0,0,0,0,0,0,0
17200,9120,0,749,0,118,0,6,0,5,0,2,0,0,0,0,0,0,0
17300,9176,0,699,0,113,0,8,0,3,0,1,0,0,0,0,0,0,0
17400,9074,0,779,0,110,0,32,0,3,0,2,0,0,0,0,0,0,0
17500,9065,0,760,0,111,0,47,0,14,0,3,0,0,0,0,0,0,0
17600,9097,0,699,0,142,0,49,0,10,0,3,0,0,0,0,0,0,0
17700,9192,0,598,0,142,0,59,0,5,0,4,0,0,0,0,0,0,0
17800,9152,0,635,0,148,0,62,0,3,0,0,0,0,0,0,0,0,0
17900,9191,0,577,0,157,0,65,0,7,0,3,0,0,0,0,0,0,0
18000,9131,0,621,0,182,0,60,0,4,0,2,0,0,0,0,0,0,0
18100,9179,0,579,0,176,0,57,0,7,0,2,0,0,0,0,0,0,0
18200,9155,0,597,0,181,0,56,0,9,0,1,0,1,0,0,0,0,0
18300,9123,0,640,0,202,0,25,0,5,0,5,0,0,0,0,0,0,0
18400,9058,0,693,0,214,0,29,0,4,0,2,0,0,0,0,0,0,0
18500,8888,0,865,0,215,0,25,0,5,0,2,0,0,0,0,0,0,0
18600,8850,0,912,0,211,0,21,0,3,0,3,0,0,0,0,0,0,0
18700,8849,0,896,0,226,0,20,0,6,0,3,0,0,0,0,0,0,0
18800,8751,0,946,0,270,0,25,0,5,0,3,0,0,0,0,0,0,0
18900,8690,0,1012,0,267,0,22,0,6,0,2,0,1,0,0,0,0,0
19000,8743,0,959,0,271,0,24,0,1,0,2,0,0,0,0,0,0,0
19100,8820,0,876,0,272,0,22,0,6,0,3,0,1,0,0,0,0,0
19200,8848,0,885,0,238,0,24,0,5,0,0,0,0,0,0,0,0,0
19300,8791,0,925,0,256,0,24,0,3,0,1,0,0,0,0,0,0,0
19400,8798,0,909,0,257,0,25,0,8,0,3,0,0,0,0,0,0,0
19500,8798,0,898,0,267,0,23,0,8,0,6,0,0,0,0,0,0,0
19600,8826,0,854,0,288,0,24,0,5,0,3,0,0,0,0,0,0,0
19700,8857,0,845,0,277,0,10,0,10,0,1,0,0,0,0,0,0,0
19800,8794,0,891,0,299,0,6,0,8,0,2,0,0,0,0,0,0,0
19900,8823,0,892,0,277,0,2,0,6,0,0,0,0,0,0,0,0,0
20000,8718,0,981,0,292,0,4,0,4,0,1,0,0,0,0,0,0,0
20100,8634,0,1051,0,309,0,2,0,3,0,1,0,0,0,0,0,0,0
20200,8559,0,1144,0,285,0,4,0,6,0,2,0,0,0,0,0,0,0
20300,8503,0,1206,0,276,0,5,0,8,0,2,0,0,0,0,0,0,0
20400,8530,0,1205,0,258,0,4,0,3,0,0,0,0,0,0,0,0,0
20500,8530,0,1203,0,254,0,3,0,8,0,2,0,0,0,0,0,0,0
20600,8552,0,1185,0,254,0,2,0,6,0,1,0,0,0,0,0,0,0
20700,8568,0,1159,0,257,0,3,0,8,0,5,0,0,0,0,0,0,0
20800,8616,0,1107,0,258,0,10,0,8,0,1,0,0,0,0,0,0,0
20900,8594,0,1136,0,263,0,5,0,2,0,0,0,0,0,0,0,0,0
21000,8684,0,1078,0,228,0,4,0,5,0,1,0,0,0,0,0,0,0
21100,8697,0,1060,0,237,0,2,0,3,0,1,0,0,0,0,0,0,0
21200,8698,0,1099,0,190,0,6,0,4,0,3,0,0,0,0,0,0,0
21300,8685,0,1135,0,173,0,4,0,3,0,0,0,0,0,0,0,0,0
21400,8653,0,1192,0,146,0,1,0,5,0,3,0,0,0,0,0,0,0
21500,8656,0,1181,0,153,0,7,0,3,0,0,0,0,0,0,0,0,0
21600,8679,0,1174,0,131,0,7,0,6,0,3,0,0,0,0,0,0,0
21700,8768,0,1128,0,94,0,3,0,4,0,3,0,0,0,0,0,0,0
21800,8715,0,1179,0,99,0,1,0,6,0,0,0,0,0,0,0,0,0
21900,8628,0,1223,0,131,0,4,0,10,0,4,0,0,0,0,0,0,0
22000,8635,0,1223,0,127,0,4,0,6,0,5,0,0,0,0,0,0,0
22100,8583,0,1281,0,126,0,4,0,3,0,3,0,0,0,0,0,0,0
22200,8708,0,1161,0,124,0,2,0,5,0,0,0,0,0,0,0,0,0
22300,8770,0,1084,0,138,0,3,0,4,0,1,0,0,0,0,0,0,0
22400,8849,0,1010,0,126,0,8,0,6,0,1,0,0,0,0,0,0,0
22500,8991,0,866,0,131,0,8,0,2,0,2,0,0,0,0,0,0,0
22600,9043,0,833,0,107,0,4,0,13,0,0,0,0,0,0,0,0,0
22700,9020,0,854,0,116,0,4,0,3,0,3,0,0,0,0,0,0,0
22800,9001,0,866,0,124,0,5,0,4,0,0,0,0,0,0,0,0,0
22900,8986,0,877,0,128,0,3,0,4,0,2,0,0,0,0,0,0,0
23000,8985,0,909,0,92,0,6,0,5,0,3,0,0,0,0,0,0,0
23100,8958,0,945,0,79,0,3,0,11,0,3,0,1,0,0,0,0,0
23200,8950,0,969,0,66,0,9,0,4,0,2,0,0,0,0,0,0,0
23300,8917,0,1013,0,61,0,2,0,5,0,2,0,0,0,0,0,0,0
23400,8863,0,1066,0,58,0,5,0,6,0,2,0,0,0,0,0,0,0
23500,8888,0,1039,0,56,0,9,0,8,0,0,0,0,0,0,0,0,0
23600,8980,0,957,0,54,0,1,0,7,0,1,0,0,0,0,0,0,0
23700,8986,0,948,0,50,0,7,0,7,0,1,0,1,0,0,0,0,0
23800,9042,0,897,0,54,0,3,0,1,0,3,0,0,0,0,0,0,0
23900,8985,0,942,0,61,0,6,0,4,0,2,0,0,0,0,0,0,0
24000,8913,0,1014,0,56,0,7,0,7,0,3,0,0,0,0,0,0,0
24100,8867,0,1066,0,53,0,6,0,6,0,2,0,0,0,0,0,0,0
24200,8828,0,1110,0,56,0,2,0,2,0,2,0,0,0,0,0,0,0
24300,8878,0,1061,0,49,0,5,0,6,0,0,0,1,0,0,0,0,0
24400,8869,0,1066,0,55,0,2,0,7,0,1,0,0,0,0,0,0,0
24500,8867,0,1069,0,53,0,3,0,5,0,3,0,0,0,0,0,0,0
24600,8742,0,1192,0,53,0,5,0,6,0,2,0,0,0,0,0,0,0
24700,8705,0,1228,0,49,0,8,0,9,0,1,0,0,0,0,0,0,0
24800,8801,0,1136,0,52,0,3,0,7,0,1,0,0,0,0,0,0,0
24900,8670,0,1270,0,49,0,1,0,8,0,2,0,0,0,0,0,0,0
25000,8648,0,1300,0,39,0,5,0,6,0,2,0,0,0,0,0,0,0
25100,8723,0,1211,0,44,0,7,0,13,0,2,0,0,0,0,0,0,0
25200,8741,0,1195,0,44,0,8,0,9,0,3,0,0,0,0,0,0,0
25300,8849,0,1089,0,41,0,13,0,5,0,3,0,0,0,0,0,0,0
25400,8806,0,1132,0,42,0,8,0,11,0,1,0,0,0,0,0,0,0
25500,8786,0,1144,0,54,0,9,0,7,0,0,0,0,0,0,0,0,0
25600,8829,0,1111,0,41,0,13,0,4,0,2,0,0,0,0,0,0,0
25700,8772,0,1115,0,45,0,54,0,8,0,6,0,0,0,0,0,0,0
25800,8714,0,1201,0,27,0,51,0,7,0,0,0,0,0,0,0,0,0
25900,8724,0,1182,0,32,0,51,0,9,0,2,0,0,0,0,0,0,0
26000,8680,0,1216,0,29,0,58,0,15,0,2,0,0,0,0,0,0,0
26100,8678,0,1226,0,30,0,55,0,5,0,6,0,0,0,0,0,0,0
26200,8638,0,1273,0,31,0,52,0,4,0,1,0,1,0,0,0,0,0
26300,8588,0,1314,0,31,0,55,0,12,0,0,0,0,0,0,0,0,0
26400,8568,0,1317,0,37,0,57,0,17,0,4,0,0,0,0,0,0,0
26500,8501,0,1405,0,30,0,51,0,9,0,4,0,0,0,0,0,0,0
26600,8542,0,1373,0,27,0,47,0,10,0,1,0,0,0,0,0,0,0
26700,8600,0,1310,0,28,0,48,0,11,0,3,0,0,0,0,0,0,0
26800,8579,0,1320,0,31,0,60,0,8,0,2,0,0,0,0,0,0,0
26900,8515,0,1378,0,35,0,58,0,11,0,3,0,0,0,0,0,0,0
27000,8470,0,1401,0,60,0,56,0,10,0,3,0,0,0,0,0,0,0
27100,8441,0,1437,0,56,0,53,0,12,0,1,0,0,0,0,0,0,0
27200,8423,0,1467,0,55,0,49,0,4,0,2,0,0,0,0,0,0,0
27300,8464,0,1423,0,54,0,51,0,6,0,2,0,0,0,0,0,0,0
27400,8382,0,1521,0,37,0,49,0,8,0,2,0,1,0,0,0,0,0
27500,8397,0,1516,0,28,0,49,0,8,0,2,0,0,0,0,0,0,0
27600,8426,0,1477,0,34,0,56,0,5,0,2,0,0,0,0,0,0,0
27700,8438,0,1450,0,39,0,62,0,6,0,5,0,0,0,0,0,0,0
27800,8403,0,1458,0,29,0,98,0,10,0,2,0,0,0,0,0,0,0
27900,8296,0,1570,0,28,0,93,0,10,0,3,0,0,0,0,0,0,0
28000,8284,0,1584,0,29,0,96,0,7,0,0,0,0,0,0,0,0,0
28100,8200,0,1642,0,26,0,124,0,6,0,2,0,0,0,0,0,0,0
28200,8117,0,1657,0,29,0,185,0,9,0,3,0,0,0,0,0,0,0
28300,8016,0,1759,0,28,0,187,0,8,0,2,0,0,0,0,0,0,0
28400,8032,0,1750,0,26,0,185,0,4,0,3,0,0,0,0,0,0,0
28500,8047,0,1727,0,27,0,185,0,12,0,2,0,0,0,0,0,0,0
28600,8039,0,1705,0,59,0,188,0,7,0,2,0,0,0,0,0,0,0
28700,8166,0,1606,0,74,0,142,0,12,0,0,0,0,0,0,0,0,0
28800,8138,0,1632,0,78,0,143,0,7,0,2,0,0,0,0,0,0,0
28900,8155,0,1629,0,75,0,137,0,1,0,3,0,0,0,0,0,0,0
29000,8083,0,1697,0,74,0,138,0,6,0,2,0,0,0,0,0,0,0
29100,8135,0,1646,0,72,0,138,0,6,0,3,0,0,0,0,0,0,0
29200,8097,0,1648,0,77,0,170,0,3,0,5,0,0,0,0,0,0,0
29300,7991,0,1723,0,85,0,186,0,12,0,3,0,0,0,0,0,0,0
29400,7887,0,1840,0,121,0,146,0,4,0,2,0,0,0,0,0,0,0
29500,7863,0,1873,0,117,0,141,0,4,0,2,0,0,0,0,0,0,0
29600,7865,0,1879,0,103,0,140,0,11,0,2,0,0,0,0,0,0,0
29700,7839,0,1913,0,94,0,150,0,2,0,2,0,0,0,0,0,0,0
29800,7708,0,1982,0,93,0,207,0,4,0,5,0,1,0,0,0,0,0
29900,7662,0,2005,0,91,0,231,0,9,0,2,0,0,0,0,0,0,0
30000,7675,0,1985,0,72,0,262,0,4,0,2,0,0,0,0,0,0,0
30100,7637,0,2061,0,49,0,244,0,5,0,4,0,0,0,0,0,0,0
30200,7570,0,2123,0,48,0,253,0,4,0,2,0,0,0,0,0,0,0
30300,7563,0,2127,0,48,0,251,0,8,0,3,0,0,0,0,0,0,0
30400,7579,0,2113,0,48,0,253,0,5,0,2,0,0,0,0,0,0,0
30500,7621,0,2073,0,50,0,248,0,7,0,1,0,0,0,0,0,0,0
30600,7650,0,2032,0,48,0,264,0,3,0,3,0,0,0,0,0,0,0
30700,7562,0,2088,0,52,0,291,0,5,0,2,0,0,0,0,0,0,0
30800,7465,0,2188,0,46,0,295,0,5,0,1,0,0,0,0,0,0,0
30900,7575,0,2110,0,50,0,257,0,7,0,1,0,0,0,0,0,0,0
31000,7633,0,2047,0,51,0,255,0,11,0,3,0,0,0,0,0,0,0
31100,7669,0,2023,0,46,0,253,0,6,0,3,0,0,0,0,0,0,0
31200,7662,0,2023,0,47,0,256,0,9,0,3,0,0,0,0,0,0,0
31300,7571,0,2100,0,33,0,289,0,6,0,1,0,0,0,0,0,0,0
31400,7616,0,2082,0,5,0,290,0,6,0,1,0,0,0,0,0,0,0
31500,7526,0,2171,0,3,0,294,0,4,0,2,0,0,0,0,0,0,0
31600,7529,0,2186,0,3,0,275,0,7,0,0,0,0,0,0,0,0,0
31700,7464,0,2229,0,5,0,296,0,5,0,1,0,0,0,0,0,0,0
31800,7427,0,2247,0,5,0,316,0,4,0,1,0,0,0,0,0,0,0
31900,7403,0,2256,0,4,0,332,0,5,0,0,0,0,0,0,0,0,0
32000,7458,0,2211,0,8,0,317,0,5,0,1,0,0,0,0,0,0,0
32100,7372,0,2321,0,5,0,292,0,9,0,1,0,0,0,0,0,0,0
32200,7315,0,2366,0,3,0,312,0,3,0,1,0,0,0,0,0,0,0
32300,7359,0,2295,0,3,0,338,0,5,0,0,0,0,0,0,0,0,0
32400,7384,0,2242,0,4,0,364,0,5,0,1,0,0,0,0,0,0,0
32500,7345,0,2346,0,4,0,296,0,7,0,2,0,0,0,0,0,0,0
32600,7353,0,2372,0,5,0,266,0,3,0,1,0,0,0,0,0,0,0
32700,7399,0,2327,0,4,0,260,0,7,0,3,0,0,0,0,0,0,0
32800,7462,0,2302,0,4,0,227,0,4,0,1,0,0,0,0,0,0,0
32900,7406,0,2354,0,4,0,234,0,1,0,1,0,0,0,0,0,0,0
33000,7413,0,2342,0,4,0,229,0,7,0,5,0,0,0,0,0,0,0
33100,7461,0,2335,0,3,0,196,0,3,0,2,0,0,0,0,0,0,0
33200,7473,0,2348,0,1,0,170,0,6,0,1,0,1,0,0,0,0,0
33300,7562,0,2262,0,5,0,164,0,5,0,2,0,0,0,0,0,0,0
33400,7548,0,2273,0,6,0,166,0,5,0,2,0,0,0,0,0,0,0
33500,7625,0,2199,0,6,0,164,0,4,0,2,0,0,0,0,0,0,0
33600,7678,0,2116,0,5,0,193,0,7,0,1,0,0,0,0,0,0,0
33700,7730,0,2097,0,4,0,160,0,5,0,4,0,0,0,0,0,0,0
33800,7735,0,2083,0,4,0,171,0,5,0,2,0,0,0,0,0,0,0
33900,7712,0,2078,0,6,0,195,0,5,0,3,0,0,0,0,0,1,0
34000,7742,0,2047,0,5,0,195,0,6,0,5,0,0,0,0,0,0,0
34100,7786,0,2009,0,4,0,195,0,4,0,2,0,0,0,0,0,0,0
34200,7714,0,2076,0,3,0,200,0,5,0,2,0,0,0,0,0,0,0
34300,7581,0,2210,0,7,0,194,0,5,0,3,0,0,0,0,0,0,0
34400,7646,0,2146,0,5,0,193,0,7,0,3,0,0,0,0,0,0,0
34500,7684,0,2114,0,6,0,195,0,0,0,1,0,0,0,0,0,0,0
34600,7628,0,2146,0,7,0,210,0,6,0,3,0,0,0,0,0,0,0
34700,7648,0,2107,0,4,0,230,0,8,0,3,0,0,0,0,0,0,0
34800,7721,0,2054,0,7,0,210,0,6,0,1,0,1,0,0,0,0,0
34900,7650,0,2122,0,6,0,212,0,6,0,4,0,0,0,0,0,0,0
35000,7710,0,2064,0,8,0,212,0,4,0,2,0,0,0,0,0,0,0
35100,7701,0,2095,0,6,0,190,0,5,0,3,0,0,0,0,0,0,0
35200,7626,0,2173,0,9,0,180,0,7,0,5,0,0,0,0,0,0,0
35300,7607,0,2178,0,5,0,196,0,11,0,3,0,0,0,0,0,0,0
35400,7619,0,2166,0,5,0,199,0,9,0,2,0,0,0,0,0,0,0
35500,7704,0,2050,0,4,0,233,0,6,0,3,0,0,0,0,0,0,0
35600,7683,0,2056,0,5,0,250,0,2,0,4,0,0,0,0,0,0,0
35700,7696,0,2042,0,2,0,251,0,7,0,2,0,0,0,0,0,0,0
35800,7537,0,2191,0,3,0,261,0,5,0,3,0,0,0,0,0,0,0
35900,7463,0,2272,0,5,0,250,0,8,0,2,0,0,0,0,0,0,0
36000,7375,0,2309,0,8,0,300,0,6,0,2,0,0,0,0,0,0,0
36100,7406,0,2271,0,7,0,310,0,3,0,3,0,0,0,0,0,0,0
36200,7370,0,2305,0,4,0,311,0,8,0,2,0,0,0,0,0,0,0
36300,7329,0,2333,0,8,0,316,0,12,0,2,0,0,0,0,0,0,0
36400,7284,0,2397,0,5,0,306,0,5,0,3,0,0,0,0,0,0,0
36500,7259,0,2387,0,5,0,344,0,4,0,1,0,0,0,0,0,0,0
36600,7225,0,2413,0,5,0,347,0,9,0,1,0,0,0,0,0,0,0
36700,7255,0,2415,0,1,0,321,0,5,0,3,0,0,0,0,0,0,0
36800,7235,0,2448,0,5,0,308,0,3,0,1,0,0,0,0,0,0,0
36900,7058,0,2607,0,7,0,320,0,5,0,3,0,0,0,0,0,0,0
37000,7007,0,2647,0,6,0,333,0,6,0,1,0,0,0,0,0,0,0
37100,7063,0,2648,0,2,0,275,0,9,0,2,0,1,0,0,0,0,0
37200,7016,0,2653,0,9,0,311,0,8,0,3,0,0,0,0,0,0,0
37300,7019,0,2625,0,4,0,340,0,8,0,4,0,0,0,0,0,0,0
37400,6853,0,2770,0,3,0,365,0,6,0,3,0,0,0,0,0,0,0
37500,6812,0,2858,0,4,0,321,0,5,0,0,0,0,0,0,0,0,0
37600,6828,0,2839,0,5,0,314,0,12,0,2,0,0,0,0,0,0,0
37700,6846,0,2799,0,5,0,343,0,7,0,0,0,0,0,0,0,0,0
37800,6793,0,2801,0,4,0,395,0,4,0,3,0,0,0,0,0,0,0
37900,6763,0,2791,0,4,0,431,0,6,0,5,0,0,0,0,0,0,0
38000,6748,0,2781,0,4,0,460,0,4,0,3,0,0,0,0,0,0,0
38100,6858,0,2720,0,6,0,410,0,3,0,3,0,0,0,0,0,0,0
38200,6972,0,2633,0,5,0,380,0,6,0,4,0,0,0,0,0,0,0
38300,6976,0,2607,0,4,0,404,0,8,0,1,0,0,0,0,0,0,0
38400,6849,0,2706,0,9,0,432,0,3,0,1,0,0,0,0,0,0,0
38500,6998,0,2670,0,4,0,320,0,5,0,2,0,1,0,0,0,0,0
38600,7141,0,2542,0,3,0,304,0,6,0,4,0,0,0,0,0,0,0
38700,7209,0,2482,0,5,0,298,0,5,0,1,0,0,0,0,0,0,0
38800,7199,0,2526,0,3,0,269,0,2,0,1,0,0,0,0,0,0,0
38900,7193,0,2528,0,7,0,268,0,0,0,4,0,0,0,0,0,0,0
39000,7109,0,2609,0,5,0,270,0,3,0,3,0,1,0,0,0,0,0
39100,7102,0,2616,0,3,0,272,0,2,0,5,0,0,0,0,0,0,0
39200,7137,0,2575,0,4,0,269,0,12,0,3,0,0,0,0,0,0,0
39300,7207,0,2507,0,2,0,274,0,6,0,4,0,0,0,0,0,0,0
39400,7090,0,2617,0,4,0,285,0,3,0,1,0,0,0,0,0,0,0
39500,7060,0,2585,0,3,0,342,0,8,0,2,0,0,0,0,0,0,0
39600,7141,0,2500,0,3,0,349,0,5,0,2,0,0,0,0,0,0,0
39700,7130,0,2507,0,4,0,353,0,4,0,2,0,0,0,0,0,0,0
39800,7268,0,2421,0,3,0,303,0,4,0,1,0,0,0,0,0,0,0
39900,7382,0,2313,0,6,0,296,0,2,0,1,0,0,0,0,0,0,0
40000,7338,0,2346,0,3,0,302,0,4,0,7,0,0,0,0,0,0,0
40100,7419,0,2300,0,6,0,268,0,5,0,2,0,0,0,0,0,0,0
40200,7404,0,2282,0,6,0,300,0,7,0,1,0,0,0,0,0,0,0
40300,7332,0,2357,0,4,0,299,0,6,0,2,0,0,0,0,0,0,0
40400,7299,0,2383,0,1,0,312,0,5,0,0,0,0,0,0,0,0,0
40500,7263,0,2395,0,4,0,327,0,9,0,1,0,0,0,1,0,0,0
40600,7276,0,2368,0,5,0,342,0,4,0,5,0,0,0,0,0,0,0
40700,7359,0,2281,0,1,0,351,0,6,0,2,0,0,0,0,0,0,0
40800,7329,0,2305,0,5,0,355,0,5,0,1,0,0,0,0,0,0,0
40900,7307,0,2328,0,3,0,353,0,6,0,3,0,0,0,0,0,0,0
41000,7343,0,2311,0,4,0,338,0,4,0,0,0,0,0,0,0,0,0
41100,7360,0,2295,0,2,0,340,0,3,0,0,0,0,0,0,0,0,0
41200,7544,0,2106,0,5,0,332,0,11,0,2,0,0,0,0,0,0,0
41300,7592,0,2092,0,4,0,304,0,1,0,7,0,0,0,0,0,0,0
41400,7602,0,2099,0,2,0,283,0,12,0,2,0,0,0,0,0,0,0
41500,7680,0,2069,0,2,0,246,0,1,0,2,0,0,0,0,0,0,0
41600,7628,0,2113,0,4,0,245,0,5,0,5,0,0,0,0,0,0,0
41700,7740,0,2003,0,3,0,244,0,4,0,6,0,0,0,0,0,0,0
41800,7828,0,1930,0,4,0,231,0,4,0,3,0,0,0,0,0,0,0
41900,7867,0,1902,0,5,0,223,0,3,0,0,0,0,0,0,0,0,0
42000,7856,0,1897,0,5,0,229,0,10,0,3,0,0,0,0,0,0,0
42100,7862,0,1890,0,5,0,239,0,3,0,1,0,0,0,0,0,0,0
42200,7794,0,1918,0,5,0,275,0,5,0,3,0,0,0,0,0,0,0
42300,7697,0,2023,0,3,0,268,0,8,0,1,0,0,0,0,0,0,0
42400,7707,0,2012,0,5,0,273,0,2,0,1,0,0,0,0,0,0,0
42500,7733,0,1991,0,2,0,269,0,4,0,1,0,0,0,0,0,0,0
42600,7730,0,1989,0,2,0,269,0,8,0,2,0,0,0,0,0,0,0
42700,7772,0,1945,0,4,0,273,0,6,0,0,0,0,0,0,0,0,0
42800,7849,0,1875,0,4,0,266,0,5,0,1,0,0,0,0,0,0,0
42900,7848,0,1853,0,12,0,276,0,9,0,2,0,0,0,0,0,0,0
43000,7910,0,1815,0,1,0,269,0,4,0,1,0,0,0,0,0,0,0
43100,7923,0,1835,0,2,0,234,0,3,0,3,0,0,0,0,0,0,0
43200,7928,0,1819,0,6,0,234,0,11,0,2,0,0,0,0,0,0,0
43300,7928,0,1797,0,1,0,272,0,1,0,1,0,0,0,0,0,0,0
43400,7937,0,1776,0,6,0,272,0,7,0,2,0,0,0,0,0,0,0
43500,8005,0,1713,0,5,0,264,0,13,0,0,0,0,0,0,0,0,0
43600,8118,0,1613,0,3,0,261,0,4,0,1,0,0,0,0,0,0,0
43700,8129,0,1596,0,5,0,267,0,1,0,2,0,0,0,0,0,0,0
43800,8084,0,1623,0,2,0,278,0,7,0,6,0,0,0,0,0,0,0
43900,8110,0,1637,0,4,0,242,0,2,0,5,0,0,0,0,0,0,0
44000,8110,0,1632,0,8,0,239,0,10,0,1,0,0,0,0,0,0,0
44100,8064,0,1679,0,6,0,244,0,4,0,3,0,0,0,0,0,0,0
44200,8064,0,1684,0,1,0,242,0,7,0,2,0,0,0,0,0,0,0
44300,8147,0,1605,0,3,0,242,0,1,0,2,0,0,0,0,0,0,0
44400,8109,0,1649,0,2,0,232,0,7,0,1,0,0,0,0,0,0,0
44500,8088,0,1665,0,2,0,233,0,10,0,2,0,0,0,0,0,0,0
44600,8064,0,1688,0,6,0,233,0,7,0,2,0,0,0,0,0,0,0
44700,8083,0,1671,0,4,0,234,0,5,0,2,0,0,0,1,0,0,0
44800,8101,0,1639,0,28,0,231,0,1,0,0,0,0,0,0,0,0,0
44900,8098,0,1606,0,48,0,240,0,6,0,2,0,0,0,0,0,0,0
45000,8016,0,1654,0,48,0,272,0,6,0,4,0,0,0,0,0,0,0
45100,7927,0,1721,0,50,0,292,0,3,0,7,0,0,0,0,0,0,0
45200,7814,0,1834,0,47,0,297,0,5,0,3,0,0,0,0,0,0,0
45300,7808,0,1795,0,49,0,337,0,10,0,1,0,0,0,0,0,0,0
45400,7790,0,1801,0,51,0,352,0,5,0,1,0,0,0,0,0,0,0
45500,7705,0,1856,0,49,0,382,0,6,0,2,0,0,0,0,0,0,0
45600,7720,0,1861,0,45,0,363,0,9,0,2,0,0,0,0,0,0,0
45700,7705,0,1896,0,50,0,343,0,6,0,0,0,0,0,0,0,0,0
45800,7667,0,1932,0,51,0,346,0,3,0,1,0,0,0,0,0,0,0
45900,7614,0,1939,0,47,0,391,0,5,0,4,0,0,0,0,0,0,0
46000,7677,0,1886,0,48,0,385,0,3,0,1,0,0,0,0,0,0,0
46100,7690,0,1839,0,45,0,424,0,2,0,0,0,0,0,0,0,0,0
46200,7598,0,1877,0,51,0,468,0,4,0,2,0,0,0,0,0,0,0
46300,7642,0,1871,0,46,0,435,0,4,0,2,0,0,0,0,0,0,0
46400,7638,0,1867,0,50,0,440,0,5,0,0,0,0,0,0,0,0,0
46500,7610,0,1960,0,47,0,381,0,1,0,1,0,0,0,0,0,0,0
46600,7678,0,1958,0,47,0,314,0,1,0,2,0,0,0,0,0,0,0
46700,7686,0,1983,0,2,0,319,0,6,0,4,0,0,0,0,0,0,0
46800,7661,0,2004,0,3,0,324,0,6,0,2,0,0,0,0,0,0,0
46900,7613,0,2096,0,2,0,280,0,6,0,3,0,0,0,0,0,0,0
47000,7591,0,2117,0,2,0,278,0,8,0,3,0,0,0,1,0,0,0
47100,7711,0,2039,0,0,0,246,0,2,0,2,0,0,0,0,0,0,0
47200,7595,0,2116,0,3,0,281,0,4,0,1,0,0,0,0,0,0,0
47300,7561,0,2151,0,2,0,281,0,4,0,1,0,0,0,0,0,0,0
47400,7563,0,2143,0,5,0,281,0,2,0,6,0,0,0,0,0,0,0
47500,7606,0,2111,0,2,0,274,0,4,0,3,0,0,0,0,0,0,0
47600,7578,0,2171,0,0,0,250,0,0,0,1,0,0,0,0,0,0,0
47700,7590,0,2149,0,6,0,251,0,2,0,2,0,0,0,0,0,0,0
47800,7527,0,2210,0,7,0,247,0,9,0,0,0,0,0,0,0,0,0
47900,7518,0,2217,0,2,0,256,0,5,0,2,0,0,0,0,0,0,0
48000,7491,0,2218,0,5,0,280,0,6,0,0,0,0,0,0,0,0,0
48100,7493,0,2230,0,3,0,267,0,5,0,2,0,0,0,0,0,0,0
48200,7544,0,2233,0,5,0,211,0,4,0,3,0,0,0,0,0,0,0
48300,7480,0,2311,0,2,0,197,0,6,0,4,0,0,0,0,0,0,0
48400,7513,0,2254,0,10,0,221,0,2,0,0,0,0,0,0,0,0,0
48500,7462,0,2319,0,2,0,215,0,1,0,1,0,0,0,0,0,0,0
48600,7341,0,2411,0,5,0,236,0,4,0,3,0,0,0,0,0,0,0
48700,7206,0,2463,0,37,0,280,0,11,0,3,0,0,0,0,0,0,0
48800,7121,0,2553,0,49,0,272,0,4,0,1,0,0,0,0,0,0,0
48900,7115,0,2571,0,51,0,261,0,2,0,0,0,0,0,0,0,0,0
49000,7120,0,2576,0,48,0,244,0,9,0,3,0,0,0,0,0,0,0
49100,7045,0,2659,0,51,0,236,0,9,0,0,0,0,0,0,0,0,0
49200,7019,0,2690,0,51,0,239,0,1,0,0,0,0,0,0,0,0,0
49300,7128,0,2632,0,46,0,194,0,0,0,0,0,0,0,0,0,0,0
49400,7115,0,2648,0,47,0,187,0,3,0,0,0,0,0,0,0,0,0
49500,7151,0,2609,0,48,0,186,0,4,0,2,0,0,0,0,0,0,0
49600,7075,0,2662,0,49,0,206,0,7,0,1,0,0,0,0,0,0,0
49700,7106,0,2635,0,44,0,210,0,5,0,0,0,0,0,0,0,0,0
49800,7214,0,2519,0,49,0,209,0,9,0,0,0,0,0,0,0,0,0
49900,7348,0,2380,0,46,0,216,0,8,0,2,0,0,0,0,0,0,0
50000,7353,0,2335,0,50,0,258,0,3,0,1,0,0,0,0,0,0,0
50100,7376,0,2321,0,47,0,253,0,2,0,1,0,0,0,0,0,0,0
50200,7319,0,2364,0,51,0,256,0,10,0,0,0,0,0,0,0,0,0
50300,7198,0,2490,0,47,0,258,0,6,0,1,0,0,0,0,0,0,0
50400,7214,0,2458,0,46,0,274,0,7,0,1,0,0,0,0,0,0,0
50500,7272,0,2414,0,46,0,261,0,7,0,0,0,0,0,0,0,0,0
50600,7250,0,2440,0,49,0,259,0,1,0,1,0,0,0,0,0,0,0
50700,7202,0,2447,0,49,0,293,0,9,0,0,0,0,0,0,0,0,0
50800,7131,0,2530,0,27,0,303,0,7,0,2,0,0,0,0,0,0,0
50900,7183,0,2457,0,4,0,347,0,7,0,2,0,0,0,0,0,0,0
51000,7186,0,2511,0,6,0,292,0,4,0,1,0,0,0,0,0,0,0
51100,7133,0,2558,0,2,0,301,0,4,0,2,0,0,0,0,0,0,0
51200,7111,0,2588,0,4,0,294,0,3,0,0,0,0,0,0,0,0,0
51300,6979,0,2712,0,2,0,296,0,5,0,6,0,0,0,0,0,0,0
51400,6955,0,2743,0,2,0,296,0,3,0,1,0,0,0,0,0,0,0
51500,6871,0,2758,0,6,0,352,0,9,0,4,0,0,0,0,0,0,0
51600,6858,0,2742,0,3,0,393,0,2,0,2,0,0,0,0,0,0,0
51700,6930,0,2648,0,4,0,410,0,5,0,3,0,0,0,0,0,0,0
51800,7003,0,2579,0,4,0,408,0,5,0,1,0,0,0,0,0,0,0
51900,7002,0,2595,0,12,0,380,0,8,0,3,0,0,0,0,0,0,0
52000,7057,0,2493,0,24,0,421,0,4,0,1,0,0,0,0,0,0,0
52100,7174,0,2409,0,26,0,382,0,4,0,5,0,0,0,0,0,0,0
52200,7166,0,2427,0,25,0,379,0,2,0,1,0,0,0,0,0,0,0
52300,7125,0,2433,0,28,0,405,0,7,0,2,0,0,0,0,0,0,0
52400,7200,0,2396,0,23,0,375,0,5,0,1,0,0,0,0,0,0,0
52500,7156,0,2445,0,23,0,369,0,4,0,3,0,0,0,0,0,0,0
52600,7150,0,2460,0,26,0,351,0,12,0,1,0,0,0,0,0,0,0
52700,7128,0,2464,0,26,0,376,0,5,0,1,0,0,0,0,0,0,0
52800,7138,0,2439,0,41,0,374,0,6,0,2,0,0,0,0,0,0,0
52900,7164,0,2388,0,45,0,400,0,2,0,1,0,0,0,0,0,0,0
53000,7291,0,2279,0,48,0,369,0,11,0,2,0,0,0,0,0,0,0
53100,7339,0,2231,0,44,0,376,0,8,0,2,0,0,0,0,0,0,0
53200,7424,0,2159,0,43,0,365,0,8,0,1,0,0,0,0,0,0,0
53300,7496,0,2111,0,43,0,344,0,3,0,3,0,0,0,0,0,0,0
53400,7562,0,2042,0,44,0,344,0,5,0,3,0,0,0,0,0,0,0
53500,7529,0,2064,0,44,0,358,0,3,0,2,0,0,0,0,0,0,0
53600,7410,0,2147,0,43,0,395,0,5,0,0,0,0,0,0,0,0,0
53700,7376,0,2194,0,44,0,376,0,7,0,3,0,0,0,0,0,0,0
53800,7453,0,2110,0,44,0,386,0,4,0,3,0,0,0,0,0,0,0
53900,7449,0,2066,0,43,0,437,0,5,0,0,0,0,0,0,0,0,0
54000,7406,0,2082,0,43,0,467,0,1,0,1,0,0,0,0,0,0,0
54100,7400,0,2135,0,21,0,439,0,2,0,3,0,0,0,0,0,0,0
54200,7429,0,2108,0,30,0,426,0,5,0,2,0,0,0,0,0,0,0
54300,7462,0,2108,0,23,0,401,0,2,0,4,0,0,0,0,0,0,0
54400,7504,0,2093,0,21,0,378,0,4,0,0,0,0,0,0,0,0,0
54500,7568,0,2017,0,25,0,384,0,5,0,1,0,0,0,0,0,0,0
54600,7538,0,2046,0,24,0,381,0,7,0,4,0,0,0,0,0,0,0
54700,7533,0,2077,0,23,0,351,0,14,0,2,0,0,0,0,0,0,0
54800,7529,0,2130,0,23,0,314,0,2,0,2,0,0,0,0,0,0,0
54900,7662,0,2042,0,21,0,268,0,6,0,1,0,0,0,0,0,0,0
55000,7747,0,1962,0,30,0,249,0,10,0,2,0,0,0,0,0,0,0
55100,7780,0,1946,0,22,0,245,0,7,0,0,0,0,0,0,0,0,0
55200,7697,0,1977,0,23,0,296,0,5,0,2,0,0,0,0,0,0,0
55300,7711,0,1936,0,23,0,319,0,6,0,3,0,2,0,0,0,0,0
55400,7739,0,1918,0,23,0,315,0,4,0,1,0,0,0,0,0,0,0
55500,7793,0,1880,0,28,0,293,0,6,0,0,0,0,0,0,0,0,0
55600,7726,0,1945,0,23,0,294,0,10,0,2,0,0,0,0,0,0,0
55700,7616,0,2024,0,24,0,325,0,7,0,4,0,0,0,0,0,0,0
55800,7704,0,1938,0,25,0,327,0,3,0,3,0,0,0,0,0,0,0
55900,7775,0,1870,0,24,0,319,0,6,0,5,0,1,0,0,0,0,0
56000,7801,0,1883,0,22,0,289,0,4,0,1,0,0,0,0,0,0,0
56100,7751,0,1931,0,24,0,289,0,4,0,1,0,0,0,0,0,0,0
56200,7680,0,2001,0,24,0,287,0,4,0,4,0,0,0,0,0,0,0
56300,7608,0,2059,0,25,0,296,0,6,0,6,0,0,0,0,0,0,0
56400,7662,0,2027,0,21,0,285,0,3,0,2,0,0,0,0,0,0,0
56500,7684,0,1982,0,21,0,306,0,3,0,4,0,0,0,0,0,0,0
56600,7703,0,1972,0,24,0,291,0,10,0,0,0,0,0,0,0,0,0
56700,7695,0,1939,0,27,0,329,0,8,0,2,0,0,0,0,0,0,0
56800,7620,0,2015,0,21,0,336,0,6,0,2,0,0,0,0,0,0,0
56900,7623,0,1998,0,26,0,338,0,9,0,6,0,0,0,0,0,0,0
57000,7660,0,1969,0,22,0,338,0,8,0,3,0,0,0,0,0,0,0
57100,7655,0,1980,0,24,0,328,0,9,0,2,0,2,0,0,0,0,0
57200,7660,0,1970,0,24,0,336,0,7,0,3,0,0,0,0,0,0,0
57300,7671,0,1922,0,23,0,375,0,7,0,2,0,0,0,0,0,0,0
57400,7650,0,1936,0,24,0,382,0,8,0,0,0,0,0,0,0,0,0
57500,7553,0,2040,0,24,0,377,0,2,0,4,0,0,0,0,0,0,0
57600,7461,0,2124,0,24,0,378,0,9,0,4,0,0,0,0,0,0,0
57700,7361,0,2221,0,24,0,386,0,5,0,3,0,0,0,0,0,0,0
57800,7350,0,2237,0,22,0,382,0,9,0,0,0,0,0,0,0,0,0
57900,7317,0,2231,0,26,0,413,0,10,0,3,0,0,0,0,0,0,0
58000,7333,0,2202,0,45,0,415,0,5,0,0,0,0,0,0,0,0,0
58100,7328,0,2180,0,69,0,413,0,5,0,5,0,0,0,0,0,0,0
58200,7318,0,2244,0,67,0,363,0,5,0,3,0,0,0,0,0,0,0
58300,7276,0,2283,0,69,0,364,0,3,0,5,0,0,0,0,0,0,0
58400,7320,0,2301,0,70,0,306,0,2,0,1,0,0,0,0,0,0,0
58500,7454,0,2231,0,70,0,240,0,5,0,0,0,0,0,0,0,0,0
58600,7484,0,2213,0,70,0,228,0,3,0,2,0,0,0,0,0,0,0
58700,7459,0,2243,0,69,0,223,0,3,0,3,0,0,0,0,0,0,0
58800,7400,0,2298,0,54,0,238,0,7,0,3,0,0,0,0,0,0,0
58900,7380,0,2334,0,49,0,230,0,4,0,3,0,0,0,0,0,0,0
59000,7390,0,2364,0,49,0,189,0,7,0,1,0,0,0,0,0,0,0
59100,7437,0,2318,0,52,0,183,0,5,0,5,0,0,0,0,0,0,0
59200,7389,0,2346,0,49,0,208,0,5,0,3,0,0,0,0,0,0,0
59300,7302,0,2415,0,47,0,231,0,5,0,0,0,0,0,0,0,0,0
59400,7223,0,2500,0,47,0,227,0,2,0,1,0,0,0,0,0,0,0
59500,7264,0,2442,0,51,0,235,0,7,0,1,0,0,0,0,0,0,0
59600,7284,0,2429,0,48,0,233,0,6,0,0,0,0,0,0,0,0,0
59700,7293,0,2415,0,49,0,234,0,5,0,4,0,0,0,0,0,0,0
59800,7305,0,2393,0,47,0,246,0,7,0,2,0,0,0,0,0,0,0
59900,7317,0,2357,0,45,0,275,0,5,0,1,0,0,0,0,0,0,0
60000,7294,0,2347,0,51,0,301,0,4,0,3,0,0,0,0,0,0,0
60100,7346,0,2300,0,49,0,298,0,5,0,2,0,0,0,0,0,0,0
60200,7448,0,2192,0,47,0,297,0,10,0,6,0,0,0,0,0,0,0
60300,7405,0,2205,0,47,0,333,0,9,0,0,0,0,0,0,0,1,0
60400,7292,0,2295,0,48,0,355,0,9,0,1,0,0,0,0,0,0,0
60500,7249,0,2328,0,48,0,369,0,5,0,1,0,0,0,0,0,0,0
60600,7220,0,2332,0,47,0,394,0,6,0,1,0,0,0,0,0,0,0
60700,7229,0,2299,0,49,0,413,0,8,0,2,0,0,0,0,0,0,0
60800,7157,0,2310,0,48,0,467,0,17,0,1,0,0,0,0,0,0,0
60900,7050,0,2431,0,51,0,461,0,6,0,1,0,0,0,0,0,0,0
61000,7010,0,2509,0,15,0,463,0,1,0,1,0,1,0,0,0,0,0
61100,6911,0,2598,0,4,0,473,0,12,0,2,0,0,0,0,0,0,0
61200,6871,0,2622,0,5,0,495,0,5,0,2,0,0,0,0,0,0,0
61300,6895,0,2631,0,1,0,466,0,6,0,1,0,0,0,0,0,0,0
61400,7020,0,2542,0,6,0,425,0,5,0,2,0,0,0,0,0,0,0
61500,7159,0,2413,0,6,0,412,0,7,0,3,0,0,0,0,0,0,0
61600,7408,0,2209,0,5,0,371,0,5,0,2,0,0,0,0,0,0,0
61700,7518,0,2154,0,2,0,317,0,7,0,2,0,0,0,0,0,0,0
61800,7537,0,2121,0,5,0,332,0,3,0,2,0,0,0,0,0,0,0
61900,7578,0,2082,0,4,0,329,0,4,0,3,0,0,0,0,0,0,0
62000,7634,0,2019,0,8,0,332,0,5,0,2,0,0,0,0,0,0,0
62100,7705,0,1998,0,8,0,277,0,10,0,2,0,0,0,0,0,0,0
62200,7777,0,1981,0,4,0,233,0,4,0,1,0,0,0,0,0,0,0
62300,7910,0,1900,0,2,0,182,0,5,0,1,0,0,0,0,0,0,0
62400,7912,0,1894,0,2,0,185,0,4,0,3,0,0,0,0,0,0,0
62500,7952,0,1868,0,6,0,171,0,2,0,1,0,0,0,0,0,0,0
62600,7880,0,1926,0,5,0,185,0,3,0,1,0,0,0,0,0,0,0
62700,7921,0,1882,0,3,0,184,0,9,0,1,0,0,0,0,0,0,0
62800,8029,0,1789,0,4,0,177,0,1,0,0,0,0,0,0,0,0,0
62900,8152,0,1667,0,6,0,165,0,4,0,5,0,0,0,1,0,0,0
63000,8187,0,1630,0,6,0,164,0,11,0,2,0,0,0,0,0,0,0
63100,8126,0,1702,0,5,0,155,0,10,0,2,0,0,0,0,0,0,0
63200,8160,0,1675,0,5,0,152,0,7,0,1,0,0,0,0,0,0,0
63300,8124,0,1710,0,5,0,158,0,2,0,1,0,0,0,0,0,0,0
63400,8068,0,1726,0,6,0,196,0,1,0,3,0,0,0,0,0,0,0
63500,8078,0,1711,0,3,0,204,0,3,0,1,0,0,0,0,0,0,0
63600,8080,0,1703,0,2,0,212,0,3,0,0,0,0,0,0,0,0,0
63700,8137,0,1674,0,4,0,174,0,6,0,5,0,0,0,0,0,0,0
63800,8186,0,1668,0,1,0,140,0,2,0,3,0,0,0,0,0,0,0
63900,8260,0,1607,0,3,0,118,0,7,0,5,0,0,0,0,0,0,0
64000,8229,0,1651,0,5,0,106,0,5,0,4,0,0,0,0,0,0,0
64100,8329,0,1575,0,5,0,80,0,5,0,6,0,0,0,0,0,0,0
64200,8339,0,1568,0,5,0,80,0,5,0,3,0,0,0,0,0,0,0
64300,8404,0,1508,0,3,0,75,0,8,0,2,0,0,0,0,0,0,0
64400,8392,0,1546,0,3,0,52,0,4,0,3,0,0,0,0,0,0,0
64500,8393,0,1563,0,5,0,34,0,1,0,4,0,0,0,0,0,0,0
64600,8500,0,1450,0,3,0,35,0,7,0,5,0,0,0,0,0,0,0
64700,8500,0,1459,0,2,0,31,0,4,0,4,0,0,0,0,0,0,0
64800,8529,0,1429,0,2,0,32,0,4,0,4,0,0,0,0,0,0,0
64900,8584,0,1362,0,6,0,43,0,4,0,1,0,0,0,0,0,0,0
65000,8598,0,1350,0,6,0,35,0,6,0,5,0,0,0,0,0,0,0
65100,8729,0,1232,0,2,0,33,0,1,0,3,0,0,0,0,0,0,0
65200,8802,0,1156,0,2,0,31,0,5,0,4,0,0,0,0,0,0,0
65300,8805,0,1143,0,7,0,36,0,5,0,4,0,0,0,0,0,0,0
65400,8849,0,1096,0,5,0,38,0,4,0,8,0,0,0,0,0,0,0
65500,8860,0,1093,0,4,0,33,0,5,0,5,0,0,0,0,0,0,0
65600,8835,0,1111,0,6,0,32,0,10,0,6,0,0,0,0,0,0,0
65700,8842,0,1106,0,2,0,36,0,7,0,7,0,0,0,0,0,0,0
65800,8859,0,1110,0,2,0,19,0,6,0,4,0,0,0,0,0,0,0
65900,8806,0,1168,0,5,0,11,0,6,0,4,0,0,0,0,0,0,0
66000,8830,0,1151,0,4,0,8,0,4,0,3,0,0,0,0,0,0,0
66100,8766,0,1216,0,3,0,8,0,4,0,3,0,0,0,0,0,0,0
66200,8826,0,1158,0,3,0,9,0,1,0,3,0,0,0,0,0,0,0
66300,8826,0,1156,0,3,0,7,0,4,0,4,0,0,0,0,0,0,0
66400,8780,0,1195,0,6,0,9,0,7,0,3,0,0,0,0,0,0,0
66500,8839,0,1145,0,1,0,7,0,5,0,3,0,0,0,0,0,0,0
66600,8868,0,1108,0,8,0,9,0,4,0,3,0,0,0,0,0,0,0
66700,8887,0,1091,0,3,0,8,0,6,0,5,0,0,0,0,0,0,0
66800,8928,0,1048,0,6,0,5,0,8,0,5,0,0,0,0,0,0,0
66900,9018,0,963,0,5,0,6,0,2,0,6,0,0,0,0,0,0,0
67000,9055,0,924,0,5,0,10,0,4,0,2,0,0,0,0,0,0,0
67100,9098,0,880,0,3,0,9,0,4,0,6,0,0,0,0,0,0,0
67200,9101,0,877,0,3,0,8,0,6,0,5,0,0,0,0,0,0,0
67300,9104,0,877,0,1,0,12,0,2,0,4,0,0,0,0,0,0,0
67400,9109,0,867,0,4,0,14,0,5,0,1,0,0,0,0,0,0,0
67500,9058,0,894,0,4,0,42,0,1,0,1,0,0,0,0,0,0,0
67600,9009,0,934,0,1,0,53,0,1,0,2,0,0,0,0,0,0,0
67700,8991,0,931,0,6,0,62,0,8,0,2,0,0,0,0,0,0,0
67800,9053,0,885,0,2,0,57,0,3,0,0,0,0,0,0,0,0,0
67900,9011,0,921,0,4,0,61,0,1,0,2,0,0,0,0,0,0,0
68000,8931,0,1002,0,2,0,55,0,6,0,4,0,0,0,0,0,0,0
68100,8887,0,1045,0,4,0,51,0,9,0,4,0,0,0,0,0,0,0
68200,8859,0,1078,0,5,0,47,0,11,0,0,0,0,0,0,0,0,0
68300,8814,0,1127,0,2,0,49,0,5,0,3,0,0,0,0,0,0,0
68400,8812,0,1128,0,3,0,52,0,5,0,0,0,0,0,0,0,0,0
68500,8801,0,1142,0,5,0,47,0,3,0,2,0,0,0,0,0,0,0
68600,8802,0,1137,0,3,0,54,0,3,0,1,0,0,0,0,0,0,0
68700,8820,0,1131,0,1,0,46,0,1,0,1,0,0,0,0,0,0,0
68800,8822,0,1120,0,4,0,48,0,5,0,1,0,0,0,0,0,0,0
68900,8737,0,1197,0,8,0,46,0,7,0,5,0,0,0,0,0,0,0
69000,8722,0,1214,0,4,0,49,0,9,0,2,0,0,0,0,0,0,0
69100,8777,0,1163,0,4,0,52,0,4,0,0,0,0,0,0,0,0,0
69200,8697,0,1240,0,15,0,46,0,2,0,0,0,0,0,0,0,0,0
69300,8689,0,1223,0,16,0,67,0,5,0,0,0,0,0,0,0,0,0
69400,8600,0,1309,0,15,0,70,0,3,0,3,0,0,0,0,0,0,0
69500,8565,0,1352,0,12,0,66,0,1,0,4,0,0,0,0,0,0,0
69600,8525,0,1369,0,15,0,79,0,7,0,5,0,0,0,0,0,0,0
69700,8543,0,1323,0,15,0,111,0,4,0,4,0,0,0,0,0,0,0
69800,8529,0,1340,0,9,0,114,0,5,0,3,0,0,0,0,0,0,0
69900,8503,0,1374,0,4,0,114,0,4,0,1,0,0,0,0,0,0,0
70000,8537,0,1335,0,5,0,113,0,9,0,1,0,0,0,0,0,0,0
70100,8471,0,1405,0,4,0,114,0,4,0,2,0,0,0,0,0,0,0
70200,8455,0,1424,0,4,0,113,0,2,0,2,0,0,0,0,0,0,0
70300,8536,0,1381,0,6,0,72,0,4,0,1,0,0,0,0,0,0,0
70400,8529,0,1391,0,4,0,71,0,3,0,2,0,0,0,0,0,0,0
70500,8466,0,1456,0,4,0,68,0,5,0,1,0,0,0,0,0,0,0
70600,8463,0,1455,0,7,0,68,0,4,0,3,0,0,0,0,0,0,0
70700,8482,0,1442,0,4,0,69,0,3,0,0,0,0,0,0,0,0,0
70800,8620,0,1339,0,5,0,32,0,2,0,2,0,0,0,0,0,0,0
70900,8653,0,1314,0,0,0,27,0,5,0,1,0,0,0,0,0,0,0
71000,8711,0,1257,0,5,0,23,0,2,0,2,0,0,0,0,0,0,0
71100,8766,0,1187,0,10,0,25,0,9,0,2,0,0,0,0,0,1,0
71200,8808,0,1159,0,3,0,25,0,4,0,1,0,0,0,0,0,0,0
71300,8803,0,1162,0,5,0,24,0,4,0,2,0,0,0,0,0,0,0
71400,8803,0,1162,0,5,0,25,0,5,0,0,0,0,0,0,0,0,0
71500,8835,0,1122,0,4,0,29,0,8,0,2,0,0,0,0,0,0,0
71600,8826,0,1140,0,3,0,28,0,1,0,2,0,0,0,0,0,0,0
71700,8707,0,1245,0,8,0,32,0,6,0,2,0,0,0,0,0,0,0
71800,8706,0,1256,0,3,0,27,0,6,0,2,0,0,0,0,0,0,0
71900,8669,0,1289,0,6,0,29,0,7,0,0,0,0,0,0,0,0,0
72000,8609,0,1352,0,5,0,28,0,3,0,3,0,0,0,0,0,0,0
72100,8541,0,1420,0,2,0,30,0,6,0,1,0,0,0,0,0,0,0
72200,8524,0,1438,0,5,0,28,0,4,0,1,0,0,0,0,0,0,0
72300,8526,0,1445,0,2,0,22,0,4,0,1,0,0,0,0,0,0,0
72400,8475,0,1493,0,2,0,25,0,2,0,3,0,0,0,0,0,0,0
72500,8543,0,1424,0,1,0,25,0,3,0,4,0,0,0,0,0,0,0
72600,8542,0,1424,0,2,0,26,0,4,0,2,0,0,0,0,0,0,0
72700,8528,0,1410,0,4,0,46,0,9,0,3,0,0,0,0,0,0,0
72800,8634,0,1310,0,3,0,40,0,9,0,3,0,1,0,0,0,0,0
72900,8599,0,1354,0,5,0,36,0,5,0,1,0,0,0,0,0,0,0
73000,8609,0,1342,0,3,0,36,0,7,0,3,0,0,0,0,0,0,0
73100,8621,0,1339,0,4,0,31,0,4,0,1,0,0,0,0,0,0,0
73200,8699,0,1260,0,3,0,34,0,3,0,1,0,0,0,0,0,0,0
73300,8796,0,1160,0,3,0,32,0,6,0,3,0,0,0,0,0,0,0
73400,8922,0,1044,0,1,0,28,0,1,0,4,0,0,0,0,0,0,0
73500,8916,0,1039,0,5,0,29,0,10,0,1,0,0,0,0,0,0,0
73600,8996,0,975,0,2,0,21,0,5,0,1,0,0,0,0,0,0,0
73700,9031,0,932,0,2,0,25,0,7,0,3,0,0,0,0,0,0,0
73800,9093,0,874,0,1,0,24,0,6,0,2,0,0,0,0,0,0,0
73900,9102,0,849,0,7,0,32,0,7,0,3,0,0,0,0,0,0,0
74000,9134,0,836,0,3,0,21,0,5,0,1,0,0,0,0,0,0,0
74100,9136,0,833,0,5,0,22,0,2,0,2,0,0,0,0,0,0,0
74200,9149,0,821,0,2,0,19,0,8,0,1,0,0,0,0,0,0,0
74300,9155,0,818,0,5,0,14,0,6,0,2,0,0,0,0,0,0,0
74400,9155,0,821,0,5,0,14,0,3,0,2,0,0,0,0,0,0,0
74500,9207,0,774,0,3,0,15,0,0,0,1,0,0,0,0,0,0,0
74600,9198,0,788,0,2,0,8,0,3,0,1,0,0,0,0,0,0,0
74700,9238,0,734,0,10,0,11,0,7,0,0,0,0,0,0,0,0,0
74800,9282,0,706,0,1,0,1,0,8,0,2,0,0,0,0,0,0,0
74900,9332,0,650,0,5,0,3,0,8,0,2,0,0,0,0,0,0,0
75000,9290,0,694,0,9,0,3,0,2,0,2,0,0,0,0,0,0,0
75100,9296,0,697,0,1,0,3,0,1,0,2,0,0,0,0,0,0,0
75200,9312,0,681,0,3,0,1,0,3,0,0,0,0,0,0,0,0,0
75300,9277,0,715,0,2,0,1,0,3,0,2,0,0,0,0,0,0,0
75400,9288,0,699,0,7,0,2,0,4,0,0,0,0,0,0,0,0,0
75500,9269,0,722,0,2,0,2,0,3,0,2,0,0,0,0,0,0,0
75600,9289,0,703,0,1,0,3,0,4,0,0,0,0,0,0,0,0,0
75700,9272,0,720,0,1,0,2,0,2,0,3,0,0,0,0,0,0,0
75800,9255,0,734,0,5,0,1,0,4,0,1,0,0,0,0,0,0,0
75900,9175,0,812,0,3,0,2,0,6,0,2,0,0,0,0,0,0,0
76000,9222,0,767,0,1,0,1,0,5,0,4,0,0,0,0,0,0,0
76100,9255,0,729,0,6,0,0,0,8,0,2,0,0,0,0,0,0,0
76200,9296,0,688,0,2,0,5,0,7,0,2,0,0,0,0,0,0,0
76300,9264,0,724,0,2,0,3,0,7,0,0,0,0,0,0,0,0,0
76400,9219,0,764,0,3,0,4,0,9,0,1,0,0,0,0,0,0,0
76500,9258,0,725,0,7,0,4,0,6,0,0,0,0,0,0,0,0,0
76600,9288,0,696,0,1,0,6,0,7,0,2,0,0,0,0,0,0,0
76700,9310,0,672,0,3,0,3,0,9,0,3,0,0,0,0,0,0,0
76800,9331,0,655,0,1,0,6,0,4,0,3,0,0,0,0,0,0,0
76900,9359,0,631,0,3,0,5,0,2,0,0,0,0,0,0,0,0,0
77000,9300,0,684,0,4,0,9,0,3,0,0,0,0,0,0,0,0,0
77100,9265,0,719,0,1,0,8,0,5,0,2,0,0,0,0,0,0,0
77200,9224,0,759,0,3,0,7,0,6,0,1,0,0,0,0,0,0,0
77300,9197,0,790,0,5,0,4,0,2,0,2,0,0,0,0,0,0,0
77400,9160,0,825,0,4,0,4,0,6,0,1,0,0,0,0,0,0,0
77500,9135,0,853,0,2,0,3,0,7,0,0,0,0,0,0,0,0,0
77600,9098,0,884,0,4,0,8,0,5,0,1,0,0,0,0,0,0,0
77700,9064,0,918,0,1,0,8,0,6,0,3,0,0,0,0,0,0,0
77800,9068,0,918,0,4,0,5,0,4,0,1,0,0,0,0,0,0,0
77900,9014,0,970,0,5,0,2,0,5,0,2,0,2,0,0,0,0,0
78000,9055,0,933,0,2,0,4,0,5,0,1,0,0,0,0,0,0,0
78100,9057,0,922,0,4,0,12,0,5,0,0,0,0,0,0,0,0,0
78200,9062,0,925,0,2,0,6,0,5,0,0,0,0,0,0,0,0,0
78300,9101,0,891,0,4,0,1,0,3,0,0,0,0,0,0,0,0,0
78400,9098,0,893,0,1,0,1,0,2,0,5,0,0,0,0,0,0,0
78500,9133,0,860,0,1,0,3,0,2,0,1,0,0,0,0,0,0,0
78600,9101,0,886,0,5,0,3,0,1,0,4,0,0,0,0,0,0,0
78700,9105,0,882,0,4,0,2,0,5,0,2,0,0,0,0,0,0,0
78800,9087,0,899,0,1,0,4,0,8,0,1,0,0,0,0,0,0,0
78900,9101,0,890,0,4,0,1,0,3,0,1,0,0,0,0,0,0,0
79000,9078,0,913,0,2,0,2,0,4,0,1,0,0,0,0,0,0,0
79100,9098,0,887,0,7,0,2,0,3,0,3,0,0,0,0,0,0,0
79200,9081,0,908,0,3,0,1,0,4,0,2,0,1,0,0,0,0,0
79300,9064,0,927,0,1,0,1,0,4,0,3,0,0,0,0,0,0,0
79400,9055,0,935,0,3,0,5,0,2,0,0,0,0,0,0,0,0,0
79500,9048,0,944,0,1,0,0,0,7,0,0,0,0,0,0,0,0,0
79600,9015,0,978,0,2,0,1,0,3,0,1,0,0,0,0,0,0,0
79700,8919,0,1065,0,5,0,8,0,3,0,0,0,0,0,0,0,0,0
79800,8960,0,1022,0,4,0,9,0,3,0,2,0,0,0,0,0,0,0
79900,8927,0,1060,0,3,0,6,0,2,0,2,0,0,0,0,0,0,0
80000,8979,0,1013,0,2,0,1,0,2,0,3,0,0,0,0,0,0,0
80100,9000,0,984,0,4,0,5,0,4,0,3,0,0,0,0,0,0,0
80200,9009,0,979,0,3,0,2,0,4,0,3,0,0,0,0,0,0,0
80300,8987,0,1000,0,5,0,4,0,3,0,1,0,0,0,0,0,0,0
80400,9005,0,984,0,1,0,6,0,3,0,1,0,0,0,0,0,0,0
80500,8936,0,1049,0,2,0,6,0,5,0,2,0,0,0,0,0,0,0
80600,8953,0,1025,0,11,0,5,0,2,0,4,0,0,0,0,0,0,0
80700,8995,0,988,0,9,0,3,0,5,0,0,0,0,0,0,0,0,0
80800,8979,0,995,0,11,0,8,0,4,0,3,0,0,0,0,0,0,0
80900,9034,0,950,0,7,0,2,0,4,0,3,0,0,0,0,0,0,0
81000,9021,0,958,0,10,0,4,0,3,0,4,0,0,0,0,0,0,0
81100,9023,0,958,0,6,0,8,0,2,0,3,0,0,0,0,0,0,0
81200,9027,0,961,0,8,0,3,0,1,0,0,0,0,0,0,0,0,0
81300,8971,0,1013,0,6,0,2,0,7,0,1,0,0,0,0,0,0,0
81400,8904,0,1074,0,10,0,6,0,4,0,2,0,0,0,0,0,0,0
81500,8875,0,1103,0,10,0,6,0,2,0,4,0,0,0,0,0,0,0
81600,8963,0,1012,0,6,0,13,0,4,0,2,0,0,0,0,0,0,0
81700,8967,0,1002,0,9,0,13,0,8,0,1,0,0,0,0,0,0,0
81800,9018,0,957,0,6,0,8,0,6,0,5,0,0,0,0,0,0,0
81900,9020,0,956,0,9,0,9,0,4,0,2,0,0,0,0,0,0,0
82000,9012,0,963,0,9,0,8,0,7,0,1,0,0,0,0,0,0,0
82100,9040,0,934,0,7,0,12,0,5,0,2,0,0,0,0,0,0,0
82200,9134,0,839,0,6,0,15,0,6,0,0,0,0,0,0,0,0,0
82300,9154,0,819,0,9,0,13,0,4,0,1,0,0,0,0,0,0,0
82400,9163,0,813,0,8,0,9,0,5,0,2,0,0,0,0,0,0,0
82500,9120,0,850,0,10,0,12,0,7,0,1,0,0,0,0,0,0,0
82600,9207,0,768,0,9,0,9,0,6,0,1,0,0,0,0,0,0,0
82700,9254,0,723,0,11,0,7,0,4,0,1,0,0,0,0,0,0,0
82800,9343,0,630,0,10,0,12,0,3,0,2,0,0,0,0,0,0,0
82900,9371,0,596,0,11,0,10,0,10,0,2,0,0,0,0,0,0,0
83000,9385,0,588,0,10,0,9,0,5,0,3,0,0,0,0,0,0,0
83100,9386,0,584,0,9,0,8,0,11,0,2,0,0,0,0,0,0,0
83200,9382,0,597,0,6,0,12,0,2,0,1,0,0,0,0,0,0,0
83300,9323,0,657,0,7,0,10,0,3,0,0,0,0,0,0,0,0,0
83400,9325,0,650,0,9,0,7,0,6,0,3,0,0,0,0,0,0,0
83500,9323,0,654,0,12,0,7,0,3,0,1,0,0,0,0,0,0,0
83600,9325,0,646,0,11,0,7,0,9,0,2,0,0,0,0,0,0,0
83700,9317,0,655,0,12,0,5,0,10,0,1,0,0,0,0,0,0,0
83800,9353,0,634,0,6,0,4,0,1,0,2,0,0,0,0,0,0,0
83900,9341,0,649,0,1,0,2,0,4,0,3,0,0,0,0,0,0,0
84000,9318,0,662,0,1,0,11,0,5,0,3,0,0,0,0,0,0,0
84100,9326,0,651,0,5,0,12,0,3,0,3,0,0,0,0,0,0,0
84200,9336,0,653,0,0,0,6,0,4,0,1,0,0,0,0,0,0,0
84300,9375,0,608,0,1,0,7,0,8,0,1,0,0,0,0,0,0,0
84400,9373,0,616,0,4,0,4,0,3,0,0,0,0,0,0,0,0,0
84500,9376,0,605,0,5,0,9,0,5,0,0,0,0,0,0,0,0,0
84600,9363,0,621,0,2,0,6,0,6,0,2,0,0,0,0,0,0,0
84700,9329,0,656,0,4,0,8,0,1,0,2,0,0,0,0,0,0,0
84800,9288,0,695,0,3,0,3,0,5,0,6,0,0,0,0,0,0,0
84900,9274,0,716,0,3,0,4,0,2,0,1,0,0,0,0,0,0,0
85000,9272,0,714,0,4,0,1,0,3,0,6,0,0,0,0,0,0,0
85100,9288,0,689,0,8,0,8,0,5,0,2,0,0,0,0,0,0,0
85200,9301,0,686,0,3,0,5,0,4,0,1,0,0,0,0,0,0,0
85300,9240,0,758,0,0,0,0,0,2,0,0,0,0,0,0,0,0,0
85400,9237,0,748,0,3,0,4,0,6,0,2,0,0,0,0,0,0,0
85500,9351,0,635,0,4,0,3,0,5,0,2,0,0,0,0,0,0,0
85600,9335,0,657,0,3,0,2,0,3,0,0,0,0,0,0,0,0,0
85700,9338,0,649,0,4,0,2,0,7,0,0,0,0,0,0,0,0,0
85800,9450,0,534,0,3,0,5,0,6,0,2,0,0,0,0,0,0,0
85900,9460,0,518,0,3,0,5,0,9,0,5,0,0,0,0,0,0,0
86000,9431,0,553,0,3,0,5,0,7,0,1,0,0,0,0,0,0,0
86100,9451,0,540,0,1,0,4,0,2,0,2,0,0,0,0,0,0,0
86200,9453,0,536,0,3,0,5,0,3,0,0,0,0,0,0,0,0,0
86300,9453,0,534,0,3,0,3,0,3,0,4,0,0,0,0,0,0,0
86400,9446,0,538,0,3,0,5,0,5,0,3,0,0,0,0,0,0,0
86500,9415,0,571,0,4,0,4,0,4,0,2,0,0,0,0,0,0,0
86600,9312,0,673,0,2,0,8,0,3,0,2,0,0,0,0,0,0,0
86700,9303,0,680,0,4,0,6,0,6,0,1,0,0,0,0,0,0,0
86800,9277,0,707,0,1,0,5,0,7,0,3,0,0,0,0,0,0,0
86900,9261,0,722,0,4,0,6,0,5,0,2,0,0,0,0,0,0,0
87000,9215,0,774,0,2,0,6,0,3,0,0,0,0,0,0,0,0,0
87100,9207,0,773,0,4,0,6,0,9,0,1,0,0,0,0,0,0,0
87200,9226,0,752,0,6,0,12,0,4,0,0,0,0,0,0,0,0,0
87300,9217,0,766,0,2,0,11,0,3,0,1,0,0,0,0,0,0,0
87400,9188,0,790,0,3,0,12,0,6,0,1,0,0,0,0,0,0,0
87500,9152,0,829,0,3,0,11,0,4,0,1,0,0,0,0,0,0,0
87600,9069,0,908,0,4,0,9,0,9,0,1,0,0,0,0,0,0,0
87700,9002,0,976,0,6,0,10,0,5,0,1,0,0,0,0,0,0,0
87800,8972,0,1009,0,0,0,12,0,4,0,3,0,0,0,0,0,0,0
87900,8940,0,1043,0,4,0,8,0,5,0,0,0,0,0,0,0,0,0
88000,8929,0,1054,0,2,0,10,0,4,0,1,0,0,0,0,0,0,0
88100,8899,0,1082,0,5,0,8,0,5,0,1,0,0,0,0,0,0,0
88200,8927,0,1050,0,6,0,10,0,7,0,0,0,0,0,0,0,0,0
88300,8917,0,1065,0,2,0,9,0,6,0,1,0,0,0,0,0,0,0
88400,8931,0,1056,0,3,0,5,0,4,0,1,0,0,0,0,0,0,0
88500,8958,0,1021,0,2,0,11,0,7,0,1,0,0,0,0,0,0,0
88600,9018,0,963,0,3,0,9,0,7,0,0,0,0,0,0,0,0,0
88700,9020,0,959,0,3,0,11,0,5,0,2,0,0,0,0,0,0,0
88800,9116,0,870,0,1,0,8,0,3,0,2,0,0,0,0,0,0,0
88900,9125,0,859,0,6,0,4,0,4,0,2,0,0,0,0,0,0,0
89000,9147,0,840,0,1,0,7,0,3,0,2,0,0,0,0,0,0,0
89100,9218,0,762,0,5,0,9,0,3,0,3,0,0,0,0,0,0,0
89200,9269,0,718,0,3,0,6,0,2,0,2,0,0,0,0,0,0,0
89300,9374,0,612,0,2,0,11,0,1,0,0,0,0,0,0,0,0,0
89400,9378,0,604,0,4,0,9,0,5,0,0,0,0,0,0,0,0,0
89500,9356,0,633,0,4,0,6,0,0,0,1,0,0,0,0,0,0,0
89600,9327,0,655,0,3,0,8,0,4,0,3,0,0,0,0,0,0,0
89700,9298,0,685,0,5,0,4,0,8,0,0,0,0,0,0,0,0,0
89800,9293,0,692,0,2,0,9,0,3,0,1,0,0,0,0,0,0,0
89900,9266,0,713,0,5,0,4,0,7,0,5,0,0,0,0,0,0,0
90000,9263,0,718,0,3,0,7,0,9,0,0,0,0,0,0,0,0,0
90100,9259,0,718,0,7,0,9,0,7,0,0,0,0,0,0,0,0,0
90200,9287,0,694,0,5,0,4,0,9,0,1,0,0,0,0,0,0,0
90300,9321,0,667,0,2,0,7,0,3,0,0,0,0,0,0,0,0,0
90400,9336,0,652,0,1,0,9,0,1,0,1,0,0,0,0,0,0,0
90500,9352,0,635,0,2,0,5,0,2,0,4,0,0,0,0,0,0,0
90600,9366,0,624,0,1,0,8,0,1,0,0,0,0,0,0,0,0,0
90700,9387,0,600,0,3,0,8,0,1,0,1,0,0,0,0,0,0,0
90800,9408,0,574,0,5,0,9,0,3,0,1,0,0,0,0,0,0,0
90900,9426,0,559,0,1,0,6,0,6,0,2,0,0,0,0,0,0,0
91000,9414,0,565,0,3,0,9,0,6,0,3,0,0,0,0,0,0,0
91100,9412,0,582,0,1,0,3,0,1,0,1,0,0,0,0,0,0,0
91200,9398,0,584,0,3,0,7,0,6,0,2,0,0,0,0,0,0,0
91300,9430,0,553,0,3,0,6,0,7,0,1,0,0,0,0,0,0,0
91400,9478,0,509,0,0,0,8,0,2,0,3,0,0,0,0,0,0,0
91500,9429,0,545,0,3,0,13,0,6,0,3,0,1,0,0,0,0,0
91600,9475,0,511,0,3,0,5,0,2,0,4,0,0,0,0,0,0,0
91700,9491,0,486,0,3,0,5,0,13,0,2,0,0,0,0,0,0,0
91800,9494,0,488,0,9,0,5,0,4,0,0,0,0,0,0,0,0,0
91900,9434,0,544,0,4,0,9,0,4,0,5,0,0,0,0,0,0,0
92000,9427,0,549,0,4,0,11,0,7,0,2,0,0,0,0,0,0,0
92100,9447,0,536,0,2,0,9,0,3,0,3,0,0,0,0,0,0,0
92200,9474,0,501,0,4,0,10,0,11,0,0,0,0,0,0,0,0,0
92300,9504,0,478,0,5,0,4,0,8,0,1,0,0,0,0,0,0,0
92400,9512,0,471,0,3,0,6,0,8,0,0,0,0,0,0,0,0,0
92500,9514,0,473,0,2,0,2,0,8,0,1,0,0,0,0,0,0,0
92600,9533,0,458,0,5,0,2,0,2,0,0,0,0,0,0,0,0,0
92700,9529,0,458,0,6,0,2,0,5,0,0,0,0,0,0,0,0,0
92800,9456,0,532,0,2,0,2,0,2,0,6,0,0,0,0,0,0,0
92900,9434,0,548,0,2,0,8,0,6,0,2,0,0,0,0,0,0,0
93000,9462,0,516,0,8,0,6,0,7,0,1,0,0,0,0,0,0,0
93100,9418,0,564,0,2,0,6,0,9,0,1,0,0,0,0,0,0,0
93200,9469,0,524,0,0,0,2,0,4,0,1,0,0,0,0,0,0,0
93300,9466,0,519,0,3,0,5,0,7,0,0,0,0,0,0,0,0,0
93400,9452,0,535,0,4,0,1,0,5,0,3,0,0,0,0,0,0,0
93500,9445,0,538,0,5,0,5,0,5,0,2,0,0,0,0,0,0,0
93600,9467,0,519,0,3,0,4,0,5,0,2,0,0,0,0,0,0,0
93700,9462,0,527,0,3,0,1,0,5,0,2,0,0,0,0,0,0,0
93800,9451,0,538,0,3,0,4,0,3,0,1,0,0,0,0,0,0,0
93900,9457,0,529,0,3,0,3,0,6,0,2,0,0,0,0,0,0,0
94000,9453,0,535,0,3,0,3,0,4,0,2,0,0,0,0,0,0,0
94100,9438,0,542,0,4,0,4,0,7,0,5,0,0,0,0,0,0,0
94200,9462,0,528,0,4,0,4,0,2,0,0,0,0,0,0,0,0,0
94300,9433,0,552,0,1,0,7,0,6,0,1,0,0,0,0,0,0,0
94400,9402,0,583,0,5,0,2,0,6,0,2,0,0,0,0,0,0,0
94500,9433,0,553,0,3,0,4,0,5,0,2,0,0,0,0,0,0,0
94600,9409,0,578,0,3,0,4,0,4,0,2,0,0,0,0,0,0,0
94700,9388,0,601,0,1,0,6,0,2,0,1,0,1,0,0,0,0,0
94800,9356,0,632,0,3,0,1,0,6,0,2,0,0,0,0,0,0,0
94900,9336,0,643,0,3,0,5,0,7,0,6,0,0,0,0,0,0,0
95000,9308,0,684,0,2,0,3,0,2,0,1,0,0,0,0,0,0,0
95100,9354,0,640,0,0,0,1,0,5,0,0,0,0,0,0,0,0,0
95200,9350,0,636,0,5,0,2,0,5,0,2,0,0,0,0,0,0,0
95300,9335,0,651,0,4,0,2,0,5,0,3,0,0,0,0,0,0,0
95400,9319,0,672,0,4,0,1,0,2,0,2,0,0,0,0,0,0,0
95500,9301,0,681,0,6,0,4,0,6,0,2,0,0,0,0,0,0,0
95600,9309,0,676,0,6,0,2,0,5,0,2,0,0,0,0,0,0,0
95700,9355,0,635,0,3,0,4,0,2,0,1,0,0,0,0,0,0,0
95800,9329,0,656,0,6,0,1,0,6,0,2,0,0,0,0,0,0,0
95900,9290,0,694,0,4,0,6,0,5,0,1,0,0,0,0,0,0,0
96000,9311,0,676,0,3,0,4,0,5,0,1,0,0,0,0,0,0,0
96100,9344,0,637,0,4,0,5,0,8,0,2,0,0,0,0,0,0,0
96200,9350,0,636,0,4,0,3,0,6,0,1,0,0,0,0,0,0,0
96300,9403,0,588,0,3,0,0,0,4,0,2,0,0,0,0,0,0,0
96400,9411,0,581,0,1,0,1,0,6,0,0,0,0,0,0,0,0,0
96500,9351,0,636,0,0,0,0,0,8,0,5,0,0,0,0,0,0,0
96600,9347,0,627,0,10,0,5,0,9,0,2,0,0,0,0,0,0,0
96700,9343,0,630,0,12,0,7,0,4,0,4,0,0,0,0,0,0,0
96800,9338,0,648,0,3,0,5,0,3,0,3,0,0,0,0,0,0,0
96900,9322,0,667,0,5,0,3,0,3,0,0,0,0,0,0,0,0,0
97000,9304,0,673,0,4,0,6,0,10,0,3,0,0,0,0,0,0,0
97100,9309,0,676,0,2,0,1,0,7,0,4,0,1,0,0,0,0,0
97200,9327,0,657,0,3,0,4,0,6,0,3,0,0,0,0,0,0,0
97300,9278,0,708,0,5,0,2,0,4,0,3,0,0,0,0,0,0,0
97400,9266,0,708,0,8,0,9,0,6,0,3,0,0,0,0,0,0,0
97500,9282,0,706,0,6,0,3,0,2,0,1,0,0,0,0,0,0,0
97600,9230,0,752,0,5,0,3,0,7,0,3,0,0,0,0,0,0,0
97700,9260,0,725,0,4,0,3,0,4,0,4,0,0,0,0,0,0,0
97800,9273,0,718,0,2,0,0,0,5,0,2,0,0,0,0,0,0,0
97900,9340,0,646,0,7,0,1,0,5,0,1,0,0,0,0,0,0,0
98000,9332,0,658,0,2,0,3,0,2,0,3,0,0,0,0,0,0,0
98100,9391,0,596,0,5,0,1,0,4,0,3,0,0,0,0,0,0,0
98200,9414,0,573,0,2,0,4,0,4,0,3,0,0,0,0,0,0,0
98300,9429,0,562,0,4,0,1,0,3,0,1,0,0,0,0,0,0,0
98400,9453,0,532,0,2,0,3,0,6,0,3,0,1,0,0,0,0,0
98500,9429,0,554,0,3,0,4,0,8,0,2,0,0,0,0,0,0,0
98600,9431,0,556,0,4,0,4,0,2,0,3,0,0,0,0,0,0,0
98700,9436,0,546,0,4,0,5,0,8,0,1,0,0,0,0,0,0,0
98800,9424,0,561,0,5,0,1,0,7,0,2,0,0,0,0,0,0,0
98900,9505,0,480,0,2,0,4,0,5,0,4,0,0,0,0,0,0,0
99000,9525,0,466,0,1,0,2,0,1,0,5,0,0,0,0,0,0,0
99100,9504,0,474,0,4,0,9,0,4,0,5,0,0,0,0,0,0,0
99200,9539,0,448,0,3,0,8,0,2,0,0,0,0,0,0,0,0,0
99300,9531,0,456,0,5,0,2,0,2,0,4,0,0,0,0,0,0,0
99400,9543,0,443,0,1,0,6,0,5,0,2,0,0,0,0,0,0,0
99500,9512,0,467,0,4,0,6,0,7,0,4,0,0,0,0,0,0,0
99600,9529,0,460,0,2,0,1,0,4,0,4,0,0,0,0,0,0,0
99700,9526,0,464,0,1,0,2,0,6,0,1,0,0,0,0,0,0,0
99800,9509,0,472,0,7,0,5,0,6,0,1,0,0,0,0,0,0,0
99900,9515,0,469,0,3,0,5,0,6,0,2,0,0,0,0,0,0,0
100000,9463,0,526,0,1,0,2,0,6,0,2,0,0,0,0,0,0,0
