update,host_task_NOT,sym_task_NOT,host_task_NAND,sym_task_NAND,host_task_AND,sym_task_AND,host_task_ORN,sym_task_ORN,host_task_OR,sym_task_OR,host_task_ANDN,sym_task_ANDN,host_task_NOR,sym_task_NOR,host_task_XOR,sym_task_XOR,host_task_EQU,sym_task_EQU
0,0,0,0,0,0,0,0,0,0,0,0,0,0,0,0,0,0,0
100,9998,0,0,0,1,0,0,0,3,0,0,0,0,0,0,0,0,0
200,9997,0,0,0,0,0,1,0,1,0,1,0,0,0,0,0,0,0
300,9995,0,0,0,1,0,1,0,3,0,0,0,0,0,0,0,0,0
400,9999,0,0,0,0,0,1,0,0,0,0,0,0,0,0,0,0,0
500,9996,0,0,0,2,0,2,0,0,0,0,0,0,0,0,0,0,0
600,9997,0,0,0,1,0,0,0,0,0,2,0,0,0,0,0,0,0
700,9995,0,0,0,2,0,1,0,2,0,0,0,0,0,0,0,0,0
800,9993,0,2,0,2,0,0,0,3,0,0,0,0,0,0,0,0,0
900,9995,0,0,0,1,0,3,0,1,0,0,0,0,0,0,0,0,0
1000,9993,0,2,0,0,0,1,0,3,0,1,0,0,0,0,0,0,0
1100,9987,0,4,0,5,0,1,0,2,0,1,0,0,0,0,0,0,0
1200,9989,0,4,0,3,0,0,0,4,0,0,0,0,0,0,0,0,0
1300,9989,0,4,0,3,0,0,0,3,0,1,0,0,0,0,0,0,0
1400,9985,0,5,0,1,0,3,0,2,0,4,0,0,0,0,0,0,0
1500,9989,0,4,0,0,0,2,0,4,0,1,0,0,0,0,0,0,0
1600,9985,0,6,0,3,0,3,0,3,0,0,0,0,0,0,0,0,0
1700,9982,0,4,0,2,0,6,0,3,0,3,0,0,0,0,0,0,0
1800,9988,0,5,0,2,0,1,0,4,0,0,0,0,0,0,0,0,0
1900,9983,0,7,0,2,0,3,0,2,0,3,0,0,0,0,0,0,0
2000,9988,0,5,0,2,0,5,0,0,0,0,0,0,0,0,0,0,0
2100,9986,0,5,0,3,0,0,0,6,0,0,0,0,0,0,0,0,0
2200,9983,0,9,0,1,0,2,0,3,0,2,0,0,0,0,0,0,0
2300,9987,0,11,0,0,0,0,0,2,0,0,0,0,0,0,0,0,0
2400,9977,0,8,0,2,0,3,0,8,0,2,0,0,0,0,0,0,0
2500,9983,0,8,0,1,0,3,0,5,0,0,0,0,0,0,0,0,0
2600,9984,0,8,0,3,0,1,0,4,0,0,0,0,0,0,0,0,0
2700,9983,0,10,0,1,0,2,0,2,0,2,0,0,0,0,0,0,0
2800,9981,0,9,0,2,0,4,0,4,0,0,0,0,0,0,0,0,0
2900,9986,0,8,0,2,0,1,0,3,0,0,0,0,0,0,0,0,0
3000,9983,0,9,0,2,0,4,0,2,0,0,0,0,0,0,0,0,0
3100,9984,0,9,0,1,0,2,0,4,0,0,0,0,0,0,0,0,0
3200,9981,0,16,0,1,0,1,0,1,0,0,0,0,0,0,0,0,0
3300,9969,0,24,0,3,0,2,0,1,0,1,0,0,0,0,0,0,0
3400,9971,0,21,0,0,0,3,0,3,0,2,0,0,0,0,0,0,0
3500,9975,0,21,0,1,0,1,0,2,0,0,0,0,0,0,0,0,0
3600,9960,0,20,0,3,0,7,0,5,0,5,0,0,0,0,0,0,0
3700,9969,0,22,0,1,0,5,0,3,0,0,0,0,0,0,0,0,0
3800,9955,0,31,0,1,0,8,0,4,0,1,0,0,0,0,0,0,0
3900,9950,0,33,0,5,0,8,0,3,0,1,0,0,0,0,0,0,0
4000,9953,0,31,0,1,0,7,0,6,0,2,0,0,0,0,0,0,0
4100,9945,0,37,0,3,0,11,0,3,0,1,0,0,0,0,0,0,0
4200,9962,0,31,0,1,0,4,0,1,0,1,0,0,0,0,0,0,0
4300,9951,0,34,0,4,0,6,0,3,0,2,0,0,0,0,0,0,0
4400,9956,0,30,0,2,0,7,0,4,0,0,0,1,0,0,0,0,0
4500,9941,0,36,0,5,0,11,0,4,0,3,0,0,0,0,0,0,0
4600,9950,0,34,0,0,0,8,0,6,0,2,0,0,0,0,0,0,0
4700,9949,0,33,0,5,0,5,0,7,0,1,0,0,0,0,0,0,0
4800,9961,0,25,0,2,0,9,0,1,0,2,0,0,0,0,0,0,0
4900,9957,0,26,0,1,0,9,0,6,0,1,0,0,0,0,0,0,0
5000,9955,0,25,0,8,0,6,0,5,0,1,0,0,0,0,0,0,0
5100,9955,0,21,0,4,0,11,0,7,0,2,0,0,0,0,0,0,0
5200,9958,0,26,0,3,0,7,0,5,0,1,0,0,0,0,0,0,0
5300,9966,0,19,0,1,0,10,0,3,0,1,0,0,0,0,0,0,0
5400,9972,0,19,0,1,0,5,0,3,0,0,0,0,0,0,0,0,0
5500,9955,0,21,0,4,0,10,0,9,0,1,0,0,0,0,0,0,0
5600,9971,0,17,0,0,0,9,0,2,0,1,0,0,0,0,0,0,0
5700,9965,0,17,0,1,0,11,0,5,0,1,0,0,0,0,0,0,0
5800,9957,0,14,0,2,0,16,0,10,0,1,0,0,0,0,0,0,0
5900,9965,0,19,0,1,0,9,0,5,0,0,0,1,0,0,0,0,0
6000,9954,0,20,0,7,0,13,0,3,0,3,0,0,0,0,0,0,0
6100,9962,0,19,0,4,0,11,0,1,0,3,0,0,0,0,0,0,0
6200,9962,0,21,0,3,0,8,0,4,0,2,0,0,0,0,0,0,0
6300,9963,0,21,0,4,0,10,0,2,0,0,0,0,0,0,0,0,0
6400,9955,0,22,0,2,0,11,0,9,0,1,0,0,0,0,0,0,0
6500,9943,0,39,0,2,0,12,0,2,0,2,0,0,0,0,0,0,0
6600,9916,0,70,0,2,0,5,0,7,0,0,0,0,0,0,0,0,0
6700,9903,0,76,0,4,0,7,0,6,0,4,0,0,0,0,0,0,0
6800,9922,0,56,0,2,0,6,0,11,0,3,0,0,0,0,0,0,0
6900,9938,0,41,0,3,0,7,0,8,0,3,0,0,0,0,0,0,0
7000,9951,0,31,0,2,0,7,0,6,0,3,0,0,0,0,0,0,0
7100,9958,0,23,0,3,0,9,0,5,0,2,0,0,0,0,0,0,0
7200,9925,0,55,0,5,0,2,0,12,0,1,0,0,0,0,0,0,0
7300,9882,0,100,0,2,0,5,0,6,0,4,0,1,0,0,0,0,0
7400,9870,0,112,0,3,0,8,0,6,0,1,0,0,0,0,0,0,0
7500,9856,0,126,0,2,0,6,0,9,0,1,0,0,0,0,0,0,0
7600,9855,0,125,0,1,0,13,0,3,0,3,0,0,0,0,0,0,0
7700,9842,0,139,0,7,0,7,0,4,0,1,0,0,0,0,0,0,0
7800,9816,0,164,0,4,0,11,0,5,0,0,0,0,0,0,0,0,0
7900,9807,0,172,0,2,0,11,0,4,0,3,0,1,0,0,0,0,0
8000,9807,0,168,0,5,0,8,0,8,0,4,0,0,0,0,0,0,0
8100,9828,0,152,0,2,0,11,0,7,0,0,0,0,0,0,0,0,0
8200,9816,0,133,0,19,0,22,0,5,0,4,0,1,0,0,0,0,0
8300,9822,0,123,0,20,0,29,0,5,0,1,0,0,0,0,0,0,0
8400,9821,0,125,0,24,0,26,0,4,0,0,0,0,0,0,0,0,0
8500,9817,0,127,0,19,0,28,0,5,0,1,0,3,0,0,0,0,0
8600,9826,0,126,0,19,0,24,0,3,0,2,0,0,0,0,0,0,0
8700,9827,0,127,0,25,0,17,0,4,0,0,0,0,0,0,0,0,0
8800,9840,0,119,0,27,0,10,0,3,0,0,0,0,0,0,0,1,0
8900,9814,0,118,0,55,0,4,0,9,0,0,0,0,0,0,0,0,0
9000,9829,0,109,0,54,0,5,0,2,0,1,0,0,0,0,0,0,0
9100,9812,0,114,0,51,0,12,0,6,0,5,0,0,0,0,0,0,0
9200,9792,0,123,0,61,0,10,0,9,0,5,0,0,0,0,0,0,0
9300,9808,0,120,0,58,0,6,0,5,0,3,0,0,0,0,0,0,0
9400,9807,0,114,0,62,0,11,0,5,0,1,0,0,0,0,0,0,0
9500,9818,0,112,0,59,0,7,0,4,0,0,0,0,0,0,0,0,0
9600,9821,0,112,0,56,0,6,0,4,0,1,0,0,0,0,0,0,0
9700,9814,0,109,0,58,0,6,0,9,0,4,0,0,0,0,0,0,0
9800,9809,0,119,0,61,0,2,0,7,0,1,0,1,0,0,0,0,0
9900,9788,0,143,0,59,0,6,0,4,0,0,0,0,0,0,0,0,0
10000,9783,0,140,0,59,0,12,0,4,0,2,0,0,0,0,0,0,0
10100,9774,0,155,0,60,0,8,0,3,0,0,0,0,0,0,0,0,0
10200,9781,0,137,0,61,0,14,0,5,0,2,0,0,0,0,0,0,0
10300,9802,0,139,0,44,0,9,0,4,0,2,0,0,0,0,0,0,0
10400,9788,0,160,0,28,0,12,0,5,0,3,0,4,0,0,0,0,0
10500,9783,0,167,0,23,0,13,0,5,0,5,0,4,0,0,0,0,0
10600,9805,0,153,0,22,0,14,0,1,0,3,0,2,0,0,0,0,0
10700,9790,0,166,0,20,0,14,0,7,0,2,0,1,0,0,0,0,0
10800,9808,0,141,0,24,0,16,0,6,0,2,0,2,0,0,0,1,0
10900,9797,0,163,0,14,0,10,0,7,0,2,0,7,0,0,0,0,0
11000,9806,0,166,0,4,0,14,0,7,0,2,0,1,0,0,0,0,0
11100,9808,0,165,0,5,0,16,0,3,0,1,0,2,0,0,0,0,0
11200,9809,0,163,0,7,0,14,0,2,0,2,0,3,0,0,0,0,0
11300,9835,0,144,0,1,0,14,0,3,0,2,0,1,0,0,0,0,0
11400,9824,0,142,0,6,0,14,0,7,0,2,0,5,0,0,0,0,0
11500,9821,0,145,0,1,0,16,0,8,0,4,0,5,0,0,0,0,0
11600,9790,0,179,0,2,0,12,0,9,0,3,0,5,0,0,0,0,0
11700,9753,0,200,0,4,0,27,0,10,0,3,0,3,0,0,0,0,0
11800,9765,0,195,0,7,0,17,0,9,0,2,0,5,0,0,0,0,0
11900,9741,0,207,0,4,0,25,0,9,0,5,0,9,0,0,0,0,0
12000,9751,0,215,0,2,0,18,0,5,0,2,0,7,0,0,0,0,0
12100,9707,0,263,0,7,0,15,0,5,0,1,0,2,0,0,0,0,0
12200,9711,0,258,0,5,0,15,0,7,0,2,0,2,0,0,0,0,0
12300,9676,0,289,0,5,0,18,0,3,0,4,0,5,0,0,0,0,0
12400,9665,0,304,0,5,0,14,0,4,0,4,0,4,0,0,0,0,0
12500,9648,0,321,0,10,0,14,0,5,0,0,0,2,0,0,0,0,0
12600,9637,0,333,0,3,0,16,0,5,0,1,0,5,0,0,0,0,0
12700,9642,0,341,0,2,0,11,0,1,0,0,0,3,0,0,0,0,0
12800,9658,0,314,0,4,0,10,0,8,0,1,0,5,0,0,0,0,0
12900,9683,0,291,0,5,0,6,0,12,0,1,0,2,0,0,0,0,0
13000,9653,0,319,0,7,0,11,0,7,0,1,0,2,0,0,0,0,0
13100,9630,0,334,0,4,0,15,0,7,0,4,0,6,0,0,0,0,0
13200,9685,0,290,0,4,0,10,0,8,0,2,0,1,0,0,0,0,0
13300,9717,0,257,0,3,0,13,0,5,0,2,0,3,0,0,0,0,0
13400,9729,0,247,0,4,0,8,0,7,0,1,0,4,0,0,0,0,0
13500,9698,0,265,0,3,0,15,0,9,0,5,0,5,0,0,0,0,0
13600,9753,0,224,0,0,0,9,0,8,0,3,0,3,0,0,0,0,0
13700,9752,0,224,0,4,0,11,0,7,0,0,0,2,0,0,0,0,0
13800,9735,0,224,0,8,0,16,0,10,0,3,0,4,0,0,0,0,0
13900,9728,0,236,0,3,0,17,0,9,0,3,0,4,0,0,0,0,0
14000,9743,0,237,0,3,0,9,0,6,0,0,0,2,0,0,0,0,0
14100,9737,0,231,0,3,0,18,0,4,0,2,0,5,0,0,0,0,0
14200,9698,0,277,0,3,0,9,0,8,0,3,0,2,0,0,0,0,0
14300,9688,0,285,0,5,0,10,0,4,0,2,0,6,0,0,0,0,0
14400,9738,0,240,0,4,0,8,0,2,0,6,0,2,0,0,0,0,0
14500,9769,0,208,0,1,0,9,0,7,0,3,0,3,0,0,0,0,0
14600,9766,0,215,0,2,0,7,0,8,0,1,0,1,0,0,0,0,0
14700,9782,0,189,0,5,0,12,0,4,0,3,0,5,0,0,0,0,0
14800,9803,0,179,0,5,0,7,0,4,0,1,0,1,0,0,0,0,0
14900,9768,0,202,0,10,0,6,0,8,0,1,0,5,0,0,0,0,0
15000,9790,0,185,0,6,0,11,0,5,0,2,0,1,0,0,0,0,0
15100,9784,0,191,0,2,0,10,0,8,0,2,0,3,0,0,0,0,0
15200,9781,0,196,0,3,0,8,0,6,0,2,0,4,0,0,0,0,0
15300,9810,0,164,0,7,0,5,0,8,0,5,0,1,0,0,0,0,0
15400,9820,0,157,0,4,0,7,0,9,0,1,0,2,0,0,0,0,0
15500,9813,0,153,0,18,0,7,0,5,0,2,0,2,0,0,0,0,0
15600,9791,0,173,0,17,0,6,0,7,0,0,0,6,0,0,0,0,0
15700,9784,0,173,0,22,0,10,0,6,0,4,0,1,0,0,0,0,0
15800,9745,0,212,0,23,0,8,0,4,0,3,0,5,0,0,0,0,0
15900,9728,0,231,0,17,0,9,0,7,0,3,0,5,0,0,0,0,0
16000,9718,0,245,0,13,0,14,0,6,0,1,0,3,0,0,0,0,0
16100,9737,0,231,0,16,0,8,0,3,0,3,0,2,0,0,0,0,0
16200,9761,0,194,0,15,0,11,0,10,0,3,0,6,0,0,0,0,0
16300,9721,0,238,0,11,0,12,0,11,0,2,0,5,0,0,0,0,0
16400,9774,0,188,0,19,0,8,0,4,0,4,0,3,0,0,0,0,0
16500,9799,0,151,0,22,0,14,0,7,0,3,0,4,0,0,0,0,0
16600,9825,0,144,0,17,0,3,0,6,0,3,0,2,0,0,0,0,0
16700,9806,0,151,0,13,0,14,0,13,0,0,0,3,0,0,0,0,0
16800,9817,0,141,0,19,0,10,0,9,0,2,0,2,0,0,0,0,0
16900,9801,0,154,0,17,0,11,0,7,0,7,0,3,0,0,0,0,0
17000,9826,0,141,0,19,0,8,0,2,0,2,0,2,0,0,0,0,0
17100,9812,0,142,0,21,0,14,0,6,0,2,0,3,0,0,0,0,0
17200,9823,0,129,0,22,0,11,0,8,0,4,0,3,0,0,0,0,0
17300,9831,0,128,0,17,0,11,0,5,0,5,0,3,0,0,0,0,0
17400,9825,0,137,0,17,0,15,0,2,0,2,0,2,0,0,0,0,0
17500,9807,0,155,0,19,0,10,0,5,0,0,0,4,0,0,0,0,0
17600,9779,0,178,0,22,0,12,0,5,0,2,0,2,0,0,0,0,0
17700,9790,0,172,0,16,0,10,0,8,0,1,0,3,0,0,0,0,0
17800,9783,0,180,0,17,0,10,0,5,0,5,0,0,0,0,0,0,0
17900,9780,0,179,0,20,0,12,0,9,0,0,0,0,0,0,0,0,0
18000,9791,0,169,0,19,0,10,0,5,0,6,0,0,0,0,0,0,0
18100,9798,0,169,0,19,0,7,0,4,0,3,0,0,0,0,0,0,0
18200,9796,0,164,0,18,0,15,0,3,0,4,0,0,0,0,0,0,0
18300,9806,0,164,0,16,0,11,0,1,0,2,0,0,0,0,0,0,0
18400,9791,0,163,0,19,0,15,0,5,0,7,0,0,0,0,0,0,0
18500,9776,0,181,0,19,0,14,0,8,0,2,0,0,0,0,0,0,0
18600,9759,0,199,0,20,0,10,0,9,0,3,0,0,0,0,0,0,0
18700,9760,0,207,0,18,0,6,0,7,0,2,0,0,0,0,0,0,0
18800,9765,0,195,0,17,0,10,0,9,0,4,0,0,0,0,0,0,0
18900,9753,0,208,0,17,0,11,0,6,0,5,0,0,0,0,0,0,0
19000,9757,0,191,0,20,0,18,0,9,0,5,0,0,0,0,0,0,0
19100,9754,0,193,0,21,0,23,0,8,0,1,0,0,0,0,0,0,0
19200,9748,0,192,0,32,0,22,0,5,0,1,0,0,0,0,0,0,0
19300,9760,0,180,0,26,0,21,0,11,0,2,0,0,0,0,0,0,0
19400,9742,0,202,0,28,0,22,0,4,0,2,0,0,0,0,0,0,0
19500,9777,0,170,0,21,0,24,0,5,0,3,0,0,0,0,0,0,0
19600,9784,0,163,0,23,0,24,0,6,0,0,0,0,0,0,0,0,0
19700,9780,0,161,0,23,0,24,0,8,0,4,0,0,0,0,0,0,0
19800,9794,0,154,0,21,0,24,0,5,0,2,0,0,0,0,0,0,0
19900,9796,0,153,0,20,0,21,0,7,0,3,0,0,0,0,0,0,0
20000,9833,0,109,0,27,0,22,0,6,0,3,0,0,0,0,0,0,0
20100,9834,0,112,0,22,0,22,0,4,0,6,0,0,0,0,0,0,0
20200,9831,0,110,0,23,0,24,0,9,0,3,0,0,0,0,0,0,0
20300,9838,0,110,0,20,0,22,0,5,0,5,0,0,0,0,0,0,0
20400,9855,0,87,0,11,0,30,0,15,0,2,0,0,0,0,0,0,0
20500,9871,0,87,0,14,0,22,0,3,0,3,0,0,0,0,0,0,0
20600,9868,0,85,0,13,0,25,0,7,0,2,0,0,0,0,0,0,0
20700,9872,0,87,0,15,0,23,0,1,0,2,0,0,0,0,0,0,0
20800,9858,0,90,0,11,0,20,0,15,0,6,0,0,0,0,0,0,0
20900,9860,0,87,0,12,0,34,0,6,0,1,0,0,0,0,0,0,0
21000,9863,0,77,0,16,0,39,0,2,0,3,0,0,0,0,0,0,0
21100,9853,0,86,0,11,0,40,0,8,0,2,0,0,0,0,0,0,0
21200,9859,0,83,0,9,0,42,0,3,0,4,0,0,0,0,0,0,0
21300,9845,0,89,0,13,0,38,0,13,0,2,0,0,0,0,0,0,0
21400,9848,0,90,0,9,0,43,0,9,0,1,0,0,0,0,0,0,0
21500,9842,0,107,0,7,0,38,0,5,0,1,0,0,0,0,0,0,0
21600,9813,0,134,0,4,0,41,0,5,0,3,0,0,0,0,0,0,0
21700,9816,0,143,0,2,0,35,0,2,0,2,0,0,0,0,0,0,0
21800,9820,0,137,0,3,0,32,0,5,0,3,0,0,0,0,0,0,0
21900,9805,0,148,0,3,0,35,0,5,0,3,0,1,0,0,0,0,0
22000,9802,0,139,0,6,0,42,0,6,0,5,0,0,0,0,0,0,0
22100,9811,0,137,0,4,0,39,0,8,0,1,0,0,0,0,0,0,0
22200,9814,0,138,0,6,0,38,0,3,0,1,0,0,0,0,0,0,0
22300,9809,0,141,0,8,0,37,0,4,0,1,0,0,0,0,0,0,0
22400,9813,0,145,0,3,0,35,0,2,0,2,0,0,0,0,0,0,0
22500,9799,0,140,0,5,0,46,0,7,0,3,0,0,0,0,0,0,0
22600,9782,0,151,0,6,0,51,0,8,0,2,0,0,0,0,0,0,0
22700,9788,0,139,0,8,0,53,0,9,0,2,0,1,0,0,0,0,0
22800,9795,0,138,0,3,0,56,0,7,0,1,0,0,0,0,0,0,0
22900,9797,0,134,0,4,0,56,0,7,0,2,0,0,0,0,0,0,0
23000,9807,0,131,0,2,0,51,0,6,0,3,0,0,0,0,0,0,0
23100,9797,0,138,0,8,0,47,0,8,0,2,0,0,0,0,0,0,0
23200,9826,0,119,0,4,0,44,0,3,0,4,0,0,0,0,0,0,0
23300,9817,0,124,0,7,0,42,0,10,0,0,0,0,0,0,0,0,0
23400,9834,0,124,0,1,0,37,0,4,0,0,0,0,0,0,0,0,0
23500,9798,0,146,0,5,0,38,0,9,0,4,0,0,0,0,0,0,0
23600,9839,0,111,0,3,0,38,0,8,0,1,0,0,0,0,0,0,0
23700,9833,0,107,0,10,0,41,0,8,0,1,0,0,0,0,0,0,0
23800,9851,0,102,0,5,0,34,0,6,0,2,0,0,0,0,0,0,0
23900,9852,0,100,0,4,0,39,0,3,0,2,0,0,0,0,0,0,0
24000,9840,0,109,0,4,0,39,0,6,0,2,0,0,0,0,0,0,0
24100,9820,0,117,0,4,0,40,0,12,0,6,0,1,0,0,0,0,0
24200,9823,0,124,0,0,0,46,0,6,0,1,0,0,0,0,0,0,0
24300,9838,0,112,0,4,0,32,0,7,0,6,0,0,0,1,0,0,0
24400,9862,0,109,0,4,0,21,0,2,0,1,0,1,0,0,0,0,0
24500,9854,0,108,0,5,0,22,0,7,0,4,0,0,0,0,0,0,0
24600,9853,0,111,0,7,0,23,0,4,0,2,0,0,0,0,0,0,0
24700,9842,0,126,0,3,0,21,0,6,0,2,0,0,0,0,0,0,0
24800,9848,0,131,0,6,0,8,0,3,0,4,0,0,0,0,0,0,0
24900,9850,0,125,0,10,0,11,0,3,0,1,0,0,0,0,0,0,0
25000,9856,0,122,0,3,0,11,0,7,0,1,0,0,0,0,0,0,0
25100,9862,0,119,0,6,0,9,0,3,0,1,0,0,0,0,0,0,0
25200,9866,0,111,0,7,0,9,0,6,0,1,0,0,0,0,0,0,0
25300,9853,0,116,0,9,0,6,0,15,0,1,0,0,0,0,0,0,0
25400,9876,0,105,0,3,0,10,0,5,0,1,0,0,0,0,0,0,0
25500,9891,0,83,0,6,0,8,0,7,0,5,0,0,0,0,0,0,0
25600,9901,0,74,0,3,0,9,0,11,0,2,0,0,0,0,0,0,0
25700,9903,0,75,0,6,0,10,0,5,0,1,0,0,0,0,0,0,0
25800,9912,0,71,0,4,0,7,0,2,0,4,0,0,0,0,0,0,0
25900,9911,0,72,0,6,0,6,0,2,0,3,0,0,0,0,0,0,0
26000,9918,0,64,0,7,0,2,0,6,0,3,0,0,0,0,0,0,0
26100,9916,0,74,0,4,0,1,0,4,0,1,0,0,0,0,0,0,0
26200,9902,0,76,0,13,0,5,0,3,0,1,0,0,0,0,0,0,0
26300,9895,0,73,0,9,0,14,0,8,0,1,0,0,0,0,0,0,0
26400,9907,0,68,0,13,0,2,0,10,0,0,0,0,0,0,0,0,0
26500,9907,0,70,0,8,0,6,0,5,0,4,0,0,0,0,0,0,0
26600,9904,0,71,0,10,0,5,0,9,0,1,0,0,0,0,0,0,0
26700,9914,0,71,0,6,0,7,0,1,0,1,0,0,0,0,0,0,0
26800,9923,0,58,0,4,0,9,0,3,0,3,0,0,0,0,0,0,0
26900,9928,0,61,0,3,0,2,0,5,0,1,0,0,0,0,0,0,0
27000,9916,0,69,0,6,0,2,0,6,0,1,0,0,0,0,0,0,0
27100,9915,0,68,0,8,0,3,0,6,0,0,0,0,0,0,0,0,0
27200,9922,0,61,0,5,0,5,0,5,0,2,0,0,0,0,0,0,0
27300,9933,0,54,0,6,0,4,0,1,0,2,0,0,0,0,0,0,0
27400,9928,0,60,0,6,0,4,0,1,0,1,0,0,0,0,0,0,0
27500,9920,0,63,0,11,0,5,0,1,0,0,0,0,0,0,0,0,0
27600,9929,0,58,0,4,0,0,0,6,0,3,0,0,0,0,0,0,0
27700,9919,0,63,0,12,0,3,0,3,0,0,0,0,0,0,0,0,0
27800,9930,0,57,0,3,0,0,0,8,0,2,0,0,0,0,0,0,0
27900,9918,0,60,0,8,0,7,0,6,0,1,0,0,0,0,0,0,0
28000,9910,0,70,0,5,0,7,0,5,0,3,0,0,0,0,0,0,0
28100,9913,0,76,0,2,0,3,0,6,0,0,0,0,0,0,0,0,0
28200,9908,0,73,0,10,0,3,0,5,0,1,0,0,0,0,0,0,0
28300,9903,0,74,0,7,0,8,0,6,0,2,0,0,0,0,0,0,0
28400,9907,0,76,0,5,0,3,0,6,0,3,0,0,0,0,0,0,0
28500,9909,0,67,0,10,0,6,0,8,0,0,0,0,0,0,0,0,0
28600,9909,0,68,0,7,0,6,0,8,0,2,0,0,0,0,0,0,0
28700,9908,0,74,0,6,0,3,0,9,0,0,0,0,0,0,0,0,0
28800,9905,0,81,0,7,0,2,0,3,0,2,0,0,0,0,0,0,0
28900,9901,0,80,0,3,0,9,0,5,0,2,0,0,0,0,0,0,0
29000,9902,0,74,0,12,0,4,0,8,0,0,0,0,0,0,0,0,0
29100,9852,0,131,0,2,0,3,0,12,0,0,0,0,0,0,0,0,0
29200,9835,0,155,0,5,0,3,0,1,0,1,0,0,0,0,0,0,0
29300,9818,0,162,0,6,0,5,0,5,0,4,0,0,0,0,0,0,0
29400,9862,0,118,0,7,0,6,0,2,0,5,0,0,0,0,0,0,0
29500,9868,0,112,0,6,0,1,0,12,0,1,0,0,0,0,0,0,0
29600,9877,0,106,0,8,0,2,0,4,0,3,0,0,0,0,0,0,0
29700,9882,0,105,0,5,0,2,0,6,0,0,0,0,0,0,0,0,0
29800,9883,0,105,0,4,0,4,0,1,0,3,0,0,0,0,0,0,0
29900,9875,0,110,0,6,0,3,0,3,0,3,0,0,0,0,0,0,0
30000,9874,0,115,0,4,0,3,0,4,0,0,0,0,0,0,0,0,0
30100,9872,0,105,0,10,0,2,0,10,0,1,0,0,0,0,0,0,0
30200,9888,0,103,0,2,0,5,0,1,0,1,0,0,0,0,0,0,0
30300,9885,0,102,0,5,0,1,0,4,0,3,0,0,0,0,0,0,0
30400,9875,0,106,0,9,0,4,0,5,0,1,0,0,0,0,0,0,0
30500,9878,0,109,0,2,0,3,0,5,0,3,0,0,0,0,0,0,0
30600,9862,0,119,0,8,0,6,0,4,0,1,0,0,0,0,0,0,0
30700,9878,0,111,0,6,0,2,0,1,0,1,0,1,0,0,0,0,0
30800,9873,0,104,0,5,0,8,0,9,0,1,0,0,0,0,0,0,0
30900,9885,0,102,0,4,0,3,0,5,0,1,0,0,0,0,0,0,0
31000,9892,0,93,0,3,0,4,0,4,0,4,0,0,0,0,0,0,0
31100,9885,0,97,0,5,0,7,0,3,0,2,0,1,0,0,0,0,0
31200,9856,0,122,0,4,0,8,0,6,0,4,0,0,0,0,0,0,0
31300,9867,0,121,0,2,0,2,0,5,0,3,0,0,0,0,0,0,0
31400,9857,0,131,0,3,0,2,0,2,0,5,0,0,0,0,0,0,0
31500,9870,0,116,0,8,0,0,0,3,0,3,0,0,0,0,0,0,0
31600,9904,0,79,0,7,0,5,0,3,0,2,0,0,0,0,0,0,0
31700,9916,0,73,0,6,0,1,0,4,0,0,0,0,0,0,0,0,0
31800,9900,0,89,0,4,0,3,0,4,0,0,0,0,0,0,0,0,0
31900,9859,0,125,0,4,0,8,0,1,0,3,0,0,0,0,0,0,0
32000,9847,0,143,0,4,0,5,0,1,0,0,0,0,0,0,0,0,0
32100,9842,0,143,0,5,0,4,0,5,0,1,0,0,0,0,0,0,0
32200,9848,0,134,0,6,0,2,0,10,0,0,0,0,0,0,0,0,0
32300,9859,0,127,0,4,0,2,0,7,0,1,0,0,0,0,0,0,0
32400,9867,0,124,0,3,0,2,0,4,0,0,0,0,0,0,0,0,0
32500,9860,0,128,0,3,0,5,0,4,0,0,0,0,0,0,0,0,0
32600,9875,0,119,0,4,0,1,0,1,0,0,0,0,0,0,0,0,0
32700,9851,0,131,0,8,0,0,0,7,0,3,0,0,0,0,0,0,0
32800,9856,0,129,0,7,0,4,0,3,0,1,0,0,0,0,0,0,0
32900,9847,0,132,0,8,0,1,0,8,0,4,0,0,0,0,0,0,0
33000,9849,0,131,0,8,0,5,0,4,0,3,0,0,0,0,0,0,0
33100,9855,0,131,0,5,0,3,0,0,0,5,0,0,0,0,0,1,0
33200,9855,0,133,0,3,0,2,0,6,0,1,0,0,0,0,0,0,0
33300,9844,0,147,0,3,0,3,0,2,0,0,0,1,0,0,0,0,0
33400,9823,0,166,0,5,0,3,0,2,0,1,0,0,0,0,0,0,0
33500,9830,0,160,0,6,0,3,0,0,0,0,0,1,0,0,0,0,0
33600,9815,0,162,0,8,0,6,0,3,0,6,0,0,0,0,0,0,0
33700,9826,0,159,0,6,0,2,0,4,0,3,0,0,0,0,0,0,0
33800,9829,0,153,0,8,0,3,0,3,0,4,0,0,0,0,0,0,0
33900,9830,0,148,0,7,0,8,0,7,0,0,0,0,0,0,0,0,0
34000,9829,0,153,0,7,0,2,0,8,0,1,0,0,0,0,0,0,0
34100,9826,0,153,0,3,0,6,0,7,0,5,0,0,0,0,0,0,0
34200,9835,0,147,0,5,0,6,0,4,0,3,0,0,0,0,0,0,0
34300,9848,0,139,0,4,0,4,0,3,0,2,0,0,0,0,0,0,0
34400,9878,0,105,0,1,0,8,0,7,0,1,0,0,0,0,0,0,0
34500,9893,0,96,0,5,0,2,0,1,0,3,0,0,0,0,0,0,0
34600,9851,0,133,0,6,0,1,0,8,0,1,0,0,0,0,0,0,0
34700,9853,0,134,0,4,0,4,0,2,0,3,0,0,0,0,0,0,0
34800,9844,0,144,0,4,0,1,0,3,0,4,0,0,0,0,0,0,0
34900,9837,0,144,0,5,0,1,0,7,0,5,0,1,0,0,0,0,0
35000,9846,0,131,0,11,0,4,0,7,0,1,0,0,0,0,0,0,0
35100,9852,0,134,0,8,0,1,0,4,0,1,0,0,0,0,0,0,0
35200,9854,0,129,0,4,0,1,0,9,0,3,0,0,0,0,0,0,0
35300,9887,0,100,0,5,0,4,0,3,0,1,0,0,0,0,0,0,0
35400,9868,0,109,0,8,0,5,0,8,0,2,0,0,0,0,0,0,0
35500,9859,0,124,0,10,0,1,0,3,0,2,0,1,0,0,0,0,0
35600,9842,0,134,0,17,0,3,0,4,0,0,0,0,0,0,0,0,0
35700,9810,0,156,0,16,0,8,0,8,0,2,0,0,0,0,0,0,0
35800,9821,0,154,0,17,0,4,0,4,0,0,0,0,0,0,0,0,0
35900,9816,0,151,0,17,0,5,0,8,0,3,0,0,0,0,0,0,0
36000,9803,0,182,0,4,0,3,0,7,0,1,0,0,0,0,0,0,0
36100,9828,0,162,0,4,0,2,0,3,0,1,0,0,0,0,0,0,0
36200,9826,0,159,0,5,0,6,0,4,0,0,0,0,0,0,0,0,0
36300,9832,0,150,0,4,0,2,0,9,0,3,0,0,0,0,0,0,0
36400,9824,0,155,0,10,0,1,0,5,0,5,0,0,0,0,0,0,0
36500,9841,0,144,0,5,0,5,0,4,0,1,0,0,0,0,0,0,0
36600,9842,0,148,0,2,0,4,0,2,0,2,0,0,0,0,0,0,0
36700,9821,0,164,0,7,0,3,0,2,0,3,0,0,0,0,0,0,0
36800,9790,0,200,0,3,0,4,0,2,0,1,0,0,0,0,0,0,0
36900,9769,0,219,0,5,0,2,0,4,0,1,0,0,0,0,0,0,0
37000,9791,0,202,0,1,0,4,0,2,0,0,0,0,0,0,0,0,0
37100,9790,0,196,0,6,0,0,0,7,0,1,0,0,0,0,0,0,0
37200,9788,0,197,0,4,0,4,0,4,0,3,0,0,0,0,0,0,0
37300,9782,0,199,0,10,0,5,0,4,0,0,0,0,0,0,0,0,0
37400,9805,0,179,0,7,0,5,0,2,0,2,0,0,0,0,0,0,0
37500,9811,0,180,0,3,0,1,0,4,0,1,0,0,0,0,0,0,0
37600,9756,0,232,0,3,0,1,0,5,0,3,0,0,0,0,0,0,0
37700,9755,0,231,0,3,0,5,0,5,0,1,0,0,0,0,0,0,0
37800,9759,0,226,0,3,0,1,0,9,0,2,0,0,0,0,0,0,0
37900,9719,0,267,0,6,0,2,0,5,0,1,0,0,0,0,0,0,0
38000,9721,0,269,0,1,0,5,0,4,0,0,0,0,0,0,0,0,0
38100,9671,0,314,0,4,0,6,0,4,0,1,0,0,0,0,0,0,0
38200,9657,0,332,0,3,0,0,0,7,0,1,0,0,0,0,0,0,0
38300,9675,0,312,0,6,0,3,0,3,0,1,0,0,0,0,0,0,0
38400,9700,0,289,0,4,0,4,0,3,0,0,0,0,0,0,0,0,0
38500,9696,0,288,0,4,0,6,0,4,0,2,0,0,0,0,0,0,0
38600,9679,0,301,0,1,0,9,0,7,0,3,0,0,0,0,0,0,0
38700,9702,0,282,0,4,0,7,0,1,0,4,0,0,0,0,0,0,0
38800,9701,0,287,0,3,0,5,0,3,0,1,0,0,0,0,0,0,0
38900,9719,0,269,0,1,0,6,0,2,0,3,0,0,0,0,0,0,0
39000,9740,0,244,0,3,0,4,0,7,0,2,0,0,0,0,0,0,0
39100,9735,0,246,0,3,0,2,0,8,0,6,0,0,0,0,0,0,0
39200,9731,0,247,0,9,0,6,0,6,0,1,0,0,0,0,0,0,0
39300,9732,0,250,0,3,0,4,0,7,0,4,0,0,0,0,0,0,0
39400,9726,0,264,0,1,0,4,0,1,0,4,0,0,0,0,0,0,0
39500,9713,0,273,0,2,0,4,0,7,0,1,0,0,0,0,0,0,0
39600,9714,0,268,0,2,0,7,0,8,0,1,0,0,0,0,0,0,0
39700,9721,0,268,0,1,0,4,0,4,0,2,0,0,0,0,0,0,0
39800,9732,0,254,0,5,0,4,0,4,0,1,0,0,0,0,0,0,0
39900,9724,0,265,0,1,0,2,0,5,0,3,0,0,0,0,0,0,0
40000,9637,0,340,0,6,0,4,0,8,0,5,0,0,0,0,0,0,0
40100,9627,0,360,0,0,0,5,0,6,0,2,0,0,0,0,0,0,0
40200,9612,0,374,0,5,0,2,0,4,0,3,0,0,0,0,0,0,0
40300,9609,0,383,0,4,0,2,0,1,0,1,0,0,0,0,0,0,0
40400,9609,0,384,0,2,0,5,0,0,0,0,0,0,0,0,0,0,0
40500,9567,0,424,0,0,0,4,0,3,0,2,0,0,0,0,0,0,0
40600,9567,0,422,0,2,0,5,0,2,0,2,0,0,0,0,0,0,0
40700,9582,0,407,0,2,0,2,0,5,0,2,0,0,0,0,0,0,0
40800,9578,0,408,0,3,0,2,0,4,0,4,0,1,0,0,0,0,0
40900,9613,0,376,0,6,0,2,0,1,0,2,0,0,0,0,0,0,0
41000,9555,0,425,0,5,0,9,0,5,0,1,0,0,0,0,0,0,0
41100,9555,0,433,0,3,0,1,0,5,0,3,0,0,0,0,0,0,0
41200,9556,0,434,0,4,0,1,0,4,0,1,0,0,0,0,0,0,0
41300,9557,0,431,0,4,0,3,0,4,0,1,0,0,0,0,0,0,0
41400,9633,0,348,0,4,0,7,0,6,0,2,0,0,0,0,0,0,0
41500,9671,0,323,0,4,0,1,0,0,0,1,0,0,0,0,0,0,0
41600,9651,0,334,0,1,0,6,0,7,0,1,0,0,0,0,0,0,0
41700,9652,0,334,0,1,0,5,0,7,0,1,0,0,0,0,0,0,0
41800,9617,0,373,0,3,0,2,0,4,0,1,0,0,0,0,0,0,0
41900,9648,0,331,0,2,0,7,0,8,0,4,0,0,0,0,0,0,0
42000,9636,0,346,0,3,0,2,0,9,0,3,0,1,0,0,0,0,0
42100,9614,0,366,0,3,0,4,0,11,0,2,0,0,0,0,0,0,0
42200,9602,0,381,0,6,0,2,0,6,0,2,0,1,0,0,0,0,0
42300,9653,0,336,0,3,0,4,0,3,0,1,0,0,0,0,0,0,0
42400,9660,0,329,0,3,0,4,0,3,0,1,0,0,0,0,0,0,0
42500,9658,0,327,0,5,0,3,0,6,0,1,0,0,0,0,0,0,0
42600,9659,0,322,0,2,0,10,0,5,0,2,0,0,0,0,0,0,0
42700,9668,0,321,0,2,0,1,0,5,0,3,0,0,0,0,0,0,0
42800,9662,0,322,0,6,0,7,0,3,0,0,0,0,0,0,0,0,0
42900,9667,0,321,0,4,0,2,0,6,0,0,0,0,0,0,0,0,0
43000,9706,0,274,0,4,0,7,0,4,0,4,0,1,0,0,0,0,0
43100,9727,0,261,0,6,0,1,0,4,0,1,0,0,0,0,0,0,0
43200,9718,0,268,0,3,0,3,0,8,0,0,0,0,0,0,0,0,0
43300,9733,0,253,0,5,0,3,0,5,0,1,0,0,0,0,0,0,0
43400,9685,0,302,0,3,0,4,0,5,0,1,0,0,0,0,0,0,0
43500,9677,0,308,0,3,0,6,0,5,0,1,0,0,0,0,0,0,0
43600,9681,0,307,0,4,0,4,0,2,0,2,0,0,0,0,0,0,0
43700,9724,0,260,0,3,0,5,0,6,0,2,0,0,0,0,0,0,0
43800,9719,0,270,0,2,0,1,0,5,0,3,0,0,0,0,0,0,0
43900,9681,0,303,0,3,0,4,0,6,0,3,0,0,0,0,0,0,0
44000,9701,0,288,0,3,0,4,0,3,0,1,0,0,0,0,0,0,0
44100,9694,0,291,0,3,0,6,0,4,0,2,0,0,0,0,0,0,0
44200,9690,0,294,0,6,0,2,0,6,0,2,0,0,0,0,0,0,0
44300,9705,0,283,0,3,0,4,0,3,0,2,0,0,0,0,0,0,0
44400,9713,0,276,0,1,0,5,0,1,0,4,0,0,0,0,0,0,0
44500,9709,0,276,0,2,0,4,0,6,0,3,0,0,0,0,0,0,0
44600,9708,0,271,0,5,0,3,0,10,0,3,0,0,0,0,0,0,0
44700,9702,0,287,0,1,0,3,0,7,0,0,0,0,0,0,0,0,0
44800,9628,0,356,0,2,0,6,0,6,0,2,0,0,0,0,0,0,0
44900,9604,0,385,0,1,0,1,0,6,0,3,0,0,0,0,0,0,0
45000,9597,0,385,0,6,0,3,0,6,0,3,0,0,0,0,0,0,0
45100,9581,0,405,0,2,0,3,0,9,0,0,0,0,0,0,0,0,0
45200,9571,0,414,0,3,0,3,0,8,0,1,0,0,0,0,0,0,0
45300,9569,0,417,0,2,0,1,0,8,0,3,0,0,0,0,0,0,0
45400,9508,0,474,0,4,0,2,0,9,0,3,0,0,0,0,0,0,0
45500,9492,0,498,0,0,0,1,0,7,0,2,0,0,0,0,0,0,0
45600,9442,0,545,0,5,0,2,0,5,0,0,0,0,0,1,0,0,0
45700,9377,0,610,0,3,0,5,0,3,0,1,0,0,0,1,0,0,0
45800,9304,0,680,0,5,0,3,0,6,0,2,0,0,0,0,0,0,0
45900,9307,0,677,0,5,0,5,0,5,0,1,0,0,0,0,0,0,0
46000,9290,0,699,0,3,0,3,0,5,0,0,0,0,0,0,0,0,0
46100,9302,0,689,0,2,0,0,0,5,0,2,0,0,0,0,0,0,0
46200,9342,0,646,0,2,0,5,0,5,0,0,0,0,0,0,0,0,0
46300,9247,0,734,0,4,0,5,0,8,0,2,0,0,0,0,0,0,0
46400,9240,0,748,0,4,0,2,0,3,0,3,0,0,0,0,0,0,0
46500,9263,0,734,0,1,0,0,0,1,0,1,0,0,0,0,0,0,0
46600,9314,0,677,0,1,0,3,0,5,0,0,0,0,0,0,0,0,0
46700,9321,0,666,0,3,0,3,0,4,0,3,0,0,0,0,0,0,0
46800,9313,0,678,0,5,0,0,0,4,0,0,0,0,0,0,0,0,0
46900,9305,0,673,0,7,0,3,0,6,0,6,0,0,0,0,0,0,0
47000,9291,0,686,0,14,0,0,0,7,0,2,0,0,0,0,0,0,0
47100,9267,0,700,0,20,0,2,0,7,0,4,0,0,0,0,0,0,0
47200,9274,0,695,0,21,0,2,0,4,0,4,0,0,0,0,0,0,0
47300,9326,0,650,0,18,0,3,0,1,0,2,0,0,0,0,0,0,0
47400,9252,0,688,0,19,0,34,0,5,0,2,0,0,0,0,0,0,0
47500,9295,0,629,0,21,0,51,0,4,0,0,0,0,0,0,0,0,0
47600,9308,0,616,0,19,0,53,0,4,0,0,0,0,0,0,0,0,0
47700,9277,0,642,0,20,0,54,0,5,0,2,0,0,0,0,0,0,0
47800,9307,0,613,0,19,0,54,0,5,0,2,0,0,0,0,0,0,0
47900,9325,0,599,0,19,0,54,0,3,0,0,0,0,0,0,0,0,0
48000,9291,0,628,0,17,0,56,0,6,0,2,0,0,0,0,0,0,0
48100,9221,0,700,0,19,0,57,0,3,0,0,0,0,0,0,0,0,0
48200,9216,0,706,0,21,0,54,0,3,0,0,0,0,0,0,0,0,0
48300,9204,0,716,0,19,0,54,0,4,0,3,0,0,0,0,0,0,0
48400,9219,0,705,0,17,0,57,0,1,0,1,0,0,0,0,0,0,0
48500,9239,0,683,0,19,0,54,0,3,0,2,0,0,0,0,0,0,0
48600,9260,0,657,0,20,0,55,0,3,0,5,0,0,0,0,0,0,0
48700,9283,0,641,0,18,0,56,0,2,0,0,0,0,0,0,0,0,0
48800,9401,0,527,0,17,0,52,0,2,0,1,0,0,0,0,0,0,0
48900,9456,0,466,0,22,0,54,0,1,0,1,0,0,0,0,0,0,0
49000,9447,0,465,0,20,0,58,0,9,0,1,0,0,0,0,0,0,0
49100,9444,0,481,0,18,0,54,0,1,0,2,0,0,0,0,0,0,0
49200,9461,0,464,0,19,0,52,0,4,0,0,0,0,0,0,0,0,0
49300,9453,0,463,0,21,0,60,0,2,0,1,0,0,0,0,0,0,0
49400,9466,0,463,0,17,0,53,0,1,0,0,0,0,0,0,0,0,0
49500,9456,0,465,0,10,0,58,0,7,0,4,0,0,0,0,0,0,0
49600,9449,0,465,0,18,0,62,0,5,0,1,0,0,0,0,0,0,0
49700,9447,0,472,0,15,0,60,0,3,0,3,0,0,0,0,0,0,0
49800,9460,0,463,0,15,0,59,0,2,0,1,0,0,0,0,0,0,0
49900,9461,0,461,0,18,0,57,0,3,0,0,0,0,0,0,0,0,0
50000,9457,0,462,0,18,0,58,0,4,0,1,0,0,0,0,0,0,0
50100,9443,0,473,0,16,0,61,0,5,0,2,0,0,0,0,0,0,0
50200,9429,0,492,0,17,0,55,0,4,0,3,0,0,0,0,0,0,0
50300,9401,0,523,0,18,0,51,0,7,0,0,0,0,0,0,0,0,0
50400,9411,0,560,0,13,0,6,0,6,0,4,0,0,0,0,0,0,0
50500,9391,0,580,0,18,0,7,0,2,0,2,0,0,0,0,0,0,0
50600,9452,0,520,0,13,0,6,0,5,0,4,0,0,0,0,0,0,0
50700,9527,0,457,0,3,0,9,0,2,0,2,0,0,0,0,0,0,0
50800,9494,0,484,0,6,0,7,0,6,0,3,0,0,0,0,0,0,0
50900,9505,0,480,0,3,0,5,0,6,0,1,0,0,0,0,0,0,0
51000,9541,0,442,0,7,0,8,0,2,0,0,0,0,0,0,0,0,0
51100,9501,0,482,0,9,0,4,0,3,0,1,0,0,0,0,0,0,0
51200,9483,0,490,0,10,0,10,0,6,0,1,0,0,0,0,0,0,0
51300,9490,0,482,0,7,0,13,0,6,0,2,0,0,0,0,0,0,0
51400,9461,0,521,0,8,0,5,0,4,0,1,0,0,0,0,0,0,0
51500,9452,0,526,0,5,0,10,0,5,0,2,0,0,0,0,0,0,0
51600,9444,0,538,0,7,0,8,0,2,0,1,0,0,0,0,0,0,0
51700,9439,0,537,0,8,0,12,0,4,0,0,0,0,0,0,0,0,0
51800,9425,0,549,0,8,0,9,0,7,0,2,0,0,0,0,0,0,0
51900,9405,0,573,0,8,0,7,0,5,0,2,0,0,0,0,0,0,0
52000,9393,0,591,0,6,0,8,0,2,0,0,0,0,0,0,0,0,0
52100,9344,0,633,0,5,0,8,0,9,0,1,0,0,0,0,0,0,0
52200,9396,0,575,0,9,0,8,0,11,0,1,0,0,0,0,0,0,0
52300,9431,0,544,0,8,0,11,0,3,0,3,0,0,0,0,0,0,0
52400,9460,0,519,0,5,0,9,0,6,0,1,0,0,0,0,0,0,0
52500,9469,0,519,0,4,0,3,0,3,0,2,0,0,0,0,0,0,0
52600,9504,0,480,0,3,0,7,0,5,0,1,0,0,0,0,0,0,0
52700,9549,0,435,0,5,0,6,0,2,0,3,0,0,0,0,0,0,0
52800,9554,0,430,0,8,0,3,0,2,0,3,0,0,0,0,0,0,0
52900,9526,0,446,0,9,0,6,0,10,0,3,0,0,0,0,0,0,0
53000,9534,0,447,0,10,0,5,0,2,0,2,0,0,0,0,0,0,0
53100,9470,0,503,0,12,0,10,0,5,0,0,0,0,0,0,0,0,0
53200,9492,0,477,0,12,0,10,0,9,0,0,0,0,0,0,0,0,0
53300,9558,0,423,0,6,0,5,0,7,0,1,0,0,0,0,0,0,0
53400,9549,0,430,0,9,0,6,0,5,0,1,0,0,0,0,0,0,0
53500,9549,0,431,0,10,0,7,0,1,0,2,0,0,0,0,0,0,0
53600,9509,0,470,0,6,0,6,0,8,0,1,0,0,0,0,0,0,0
53700,9490,0,494,0,4,0,9,0,1,0,2,0,0,0,0,0,0,0
53800,9501,0,480,0,1,0,13,0,2,0,3,0,0,0,0,0,0,0
53900,9544,0,441,0,3,0,6,0,6,0,0,0,0,0,0,0,0,0
54000,9541,0,444,0,3,0,5,0,5,0,2,0,0,0,0,0,0,0
54100,9564,0,417,0,3,0,6,0,7,0,3,0,0,0,0,0,0,0
54200,9592,0,394,0,6,0,3,0,5,0,0,0,0,0,0,0,0,0
54300,9624,0,363,0,3,0,6,0,1,0,3,0,0,0,0,0,0,0
54400,9671,0,321,0,2,0,2,0,4,0,0,0,0,0,0,0,0,0
54500,9668,0,320,0,2,0,4,0,4,0,2,0,0,0,0,0,0,0
54600,9678,0,310,0,4,0,2,0,6,0,0,0,0,0,0,0,0,0
54700,9699,0,287,0,5,0,3,0,2,0,4,0,0,0,0,0,0,0
54800,9727,0,265,0,1,0,3,0,2,0,2,0,0,0,0,0,0,0
54900,9749,0,233,0,2,0,7,0,7,0,2,0,0,0,0,0,0,0
55000,9768,0,215,0,3,0,5,0,6,0,3,0,0,0,0,0,0,0
55100,9777,0,211,0,4,0,4,0,3,0,1,0,0,0,0,0,0,0
55200,9788,0,196,0,3,0,2,0,7,0,4,0,0,0,0,0,0,0
55300,9820,0,171,0,2,0,5,0,2,0,0,0,0,0,0,0,0,0
55400,9822,0,157,0,6,0,8,0,6,0,1,0,0,0,0,0,0,0
55500,9810,0,166,0,5,0,13,0,4,0,2,0,0,0,0,0,0,0
55600,9840,0,147,0,2,0,8,0,2,0,1,0,0,0,0,0,0,0
55700,9831,0,153,0,2,0,9,0,3,0,2,0,0,0,0,0,0,0
55800,9784,0,201,0,2,0,9,0,3,0,1,0,0,0,0,0,0,0
55900,9782,0,199,0,3,0,12,0,4,0,0,0,0,0,0,0,0,0
56000,9792,0,194,0,1,0,10,0,2,0,1,0,0,0,0,0,0,0
56100,9762,0,217,0,4,0,10,0,6,0,1,0,0,0,0,0,0,0
56200,9737,0,244,0,2,0,10,0,4,0,3,0,0,0,0,0,0,0
56300,9773,0,209,0,2,0,10,0,4,0,2,0,0,0,0,0,0,0
56400,9815,0,161,0,4,0,9,0,6,0,5,0,0,0,0,0,0,0
56500,9881,0,95,0,5,0,11,0,4,0,4,0,0,0,0,0,0,0
56600,9922,0,60,0,2,0,9,0,4,0,3,0,0,0,0,0,0,0
56700,9926,0,55,0,2,0,9,0,7,0,1,0,0,0,0,0,0,0
56800,9927,0,51,0,3,0,11,0,6,0,2,0,0,0,0,0,0,0
56900,9930,0,51,0,4,0,9,0,6,0,0,0,0,0,0,0,0,0
57000,9950,0,38,0,3,0,8,0,1,0,0,0,0,0,0,0,0,0
57100,9943,0,43,0,3,0,6,0,4,0,1,0,0,0,0,0,0,0
57200,9943,0,42,0,5,0,6,0,2,0,2,0,0,0,0,0,0,0
57300,9938,0,46,0,4,0,2,0,7,0,3,0,0,0,0,0,0,0
57400,9936,0,55,0,3,0,2,0,3,0,1,0,0,0,0,0,0,0
57500,9924,0,60,0,5,0,6,0,3,0,2,0,0,0,0,0,0,0
57600,9945,0,49,0,1,0,2,0,3,0,0,0,0,0,0,0,0,0
57700,9958,0,37,0,1,0,0,0,4,0,0,0,0,0,0,0,0,0
57800,9946,0,41,0,3,0,4,0,3,0,3,0,0,0,0,0,0,0
57900,9956,0,33,0,3,0,1,0,4,0,2,0,1,0,0,0,0,0
58000,9897,0,84,0,8,0,5,0,4,0,2,0,0,0,0,0,0,0
58100,9908,0,85,0,2,0,2,0,3,0,0,0,0,0,0,0,0,0
58200,9900,0,93,0,2,0,3,0,2,0,0,0,0,0,0,0,0,0
58300,9908,0,82,0,4,0,2,0,3,0,1,0,0,0,0,0,0,0
58400,9847,0,144,0,2,0,6,0,1,0,0,0,0,0,0,0,0,0
58500,9800,0,192,0,1,0,3,0,3,0,1,0,0,0,0,0,0,0
58600,9770,0,221,0,1,0,3,0,4,0,1,0,0,0,0,0,0,0
58700,9775,0,218,0,1,0,4,0,1,0,1,0,0,0,0,0,0,0
58800,9738,0,246,0,6,0,2,0,7,0,1,0,0,0,0,0,0,0
58900,9714,0,274,0,4,0,4,0,3,0,1,0,0,0,0,0,0,0
59000,9675,0,313,0,3,0,1,0,4,0,4,0,0,0,0,0,0,0
59100,9679,0,303,0,3,0,7,0,7,0,1,0,0,0,0,0,0,0
59200,9665,0,323,0,2,0,2,0,5,0,3,0,0,0,0,0,0,0
59300,9761,0,224,0,2,0,3,0,7,0,3,0,0,0,0,0,0,0
59400,9790,0,205,0,2,0,2,0,1,0,0,0,0,0,0,0,0,0
59500,9786,0,207,0,2,0,1,0,3,0,1,0,0,0,0,0,0,0
59600,9776,0,207,0,4,0,6,0,5,0,2,0,0,0,0,0,0,0
59700,9783,0,207,0,1,0,5,0,2,0,2,0,0,0,0,0,0,0
59800,9789,0,203,0,3,0,1,0,3,0,1,0,0,0,0,0,0,0
59900,9769,0,216,0,6,0,2,0,6,0,1,0,0,0,0,0,0,0
60000,9774,0,216,0,4,0,2,0,2,0,1,0,1,0,0,0,0,0
60100,9773,0,217,0,3,0,2,0,5,0,0,0,0,0,0,0,0,0
60200,9774,0,211,0,2,0,4,0,8,0,1,0,0,0,0,0,0,0
60300,9737,0,256,0,0,0,1,0,4,0,2,0,0,0,0,0,0,0
60400,9762,0,225,0,3,0,4,0,6,0,0,0,0,0,0,0,0,0
60500,9720,0,271,0,2,0,3,0,4,0,0,0,0,0,0,0,0,0
60600,9749,0,237,0,3,0,0,0,9,0,2,0,0,0,0,0,0,0
60700,9742,0,245,0,4,0,5,0,3,0,1,0,0,0,0,0,0,0
60800,9743,0,246,0,2,0,2,0,5,0,2,0,0,0,0,0,0,0
60900,9774,0,215,0,2,0,3,0,6,0,0,0,0,0,0,0,0,0
61000,9778,0,208,0,1,0,2,0,8,0,3,0,0,0,0,0,0,0
61100,9765,0,224,0,3,0,0,0,4,0,4,0,0,0,0,0,0,0
61200,9747,0,245,0,3,0,0,0,4,0,1,0,0,0,0,0,0,0
61300,9738,0,258,0,0,0,0,0,2,0,2,0,0,0,0,0,0,0
61400,9749,0,241,0,1,0,2,0,4,0,3,0,0,0,0,0,0,0
61500,9748,0,239,0,2,0,4,0,5,0,2,0,0,0,0,0,0,0
61600,9754,0,228,0,7,0,2,0,9,0,0,0,0,0,0,0,0,0
61700,9764,0,225,0,1,0,7,0,3,0,0,0,0,0,0,0,0,0
61800,9760,0,223,0,2,0,4,0,9,0,2,0,0,0,0,0,0,0
61900,9730,0,261,0,2,0,1,0,5,0,1,0,0,0,0,0,0,0
62000,9736,0,252,0,2,0,3,0,4,0,3,0,0,0,0,0,0,0
62100,9750,0,240,0,2,0,1,0,6,0,1,0,0,0,0,0,0,0
62200,9717,0,270,0,6,0,1,0,5,0,1,0,0,0,0,0,0,0
62300,9704,0,285,0,2,0,6,0,2,0,1,0,0,0,0,0,0,0
62400,9745,0,245,0,2,0,3,0,3,0,2,0,0,0,0,0,0,0
62500,9728,0,267,0,0,0,2,0,2,0,1,0,0,0,0,0,0,0
62600,9717,0,274,0,1,0,5,0,1,0,2,0,0,0,0,0,0,0
62700,9730,0,266,0,2,0,2,0,0,0,0,0,0,0,0,0,0,0
62800,9719,0,272,0,2,0,1,0,5,0,1,0,0,0,0,0,0,0
62900,9741,0,252,0,3,0,3,0,0,0,1,0,0,0,0,0,0,0
63000,9733,0,262,0,1,0,0,0,2,0,2,0,0,0,0,0,0,0
63100,9739,0,248,0,6,0,5,0,2,0,0,0,0,0,0,0,0,0
63200,9750,0,242,0,1,0,3,0,3,0,1,0,0,0,0,0,0,0
63300,9837,0,151,0,1,0,1,0,7,0,3,0,0,0,0,0,0,0
63400,9871,0,120,0,1,0,1,0,5,0,2,0,0,0,0,0,0,0
63500,9835,0,155,0,2,0,3,0,4,0,1,0,0,0,0,0,0,0
63600,9831,0,156,0,5,0,3,0,1,0,4,0,0,0,0,0,0,0
63700,9832,0,158,0,1,0,6,0,3,0,0,0,0,0,0,0,0,0
63800,9846,0,140,0,5,0,3,0,4,0,2,0,0,0,0,0,0,0
63900,9903,0,89,0,1,0,5,0,2,0,0,0,0,0,0,0,0,0
64000,9900,0,88,0,3,0,1,0,8,0,0,0,0,0,0,0,0,0
64100,9884,0,96,0,3,0,2,0,12,0,3,0,0,0,0,0,0,0
64200,9904,0,89,0,2,0,2,0,3,0,0,0,0,0,0,0,0,0
64300,9895,0,99,0,2,0,0,0,2,0,2,0,0,0,0,0,0,0
64400,9894,0,93,0,6,0,2,0,5,0,0,0,0,0,0,0,0,0
64500,9894,0,93,0,0,0,5,0,7,0,1,0,0,0,0,0,0,0
64600,9900,0,92,0,3,0,2,0,2,0,1,0,0,0,0,0,0,0
64700,9902,0,88,0,1,0,2,0,5,0,2,0,0,0,0,0,0,0
64800,9900,0,89,0,2,0,2,0,3,0,4,0,0,0,0,0,0,0
64900,9898,0,79,0,2,0,19,0,2,0,0,0,0,0,0,0,0,0
65000,9890,0,82,0,4,0,19,0,2,0,3,0,0,0,0,0,0,0
65100,9896,0,80,0,3,0,20,0,1,0,0,0,0,0,0,0,0,0
65200,9881,0,88,0,3,0,26,0,1,0,1,0,0,0,0,0,0,0
65300,9870,0,108,0,0,0,19,0,2,0,1,0,0,0,0,0,0,0
65400,9836,0,135,0,4,0,20,0,1,0,4,0,0,0,0,0,0,0
65500,9859,0,117,0,0,0,21,0,2,0,1,0,0,0,0,0,0,0
65600,9854,0,117,0,3,0,22,0,2,0,2,0,0,0,0,0,0,0
65700,9884,0,88,0,1,0,22,0,3,0,2,0,0,0,0,0,0,0
65800,9911,0,61,0,2,0,23,0,2,0,1,0,0,0,0,0,0,0
65900,9909,0,63,0,0,0,23,0,1,0,4,0,0,0,0,0,0,0
66000,9910,0,61,0,0,0,22,0,3,0,4,0,0,0,0,0,0,0
66100,9903,0,64,0,4,0,24,0,4,0,1,0,0,0,0,0,0,0
66200,9909,0,63,0,1,0,22,0,1,0,4,0,0,0,0,0,0,0
66300,9886,0,82,0,5,0,23,0,3,0,1,0,0,0,0,0,0,0
66400,9845,0,126,0,3,0,20,0,5,0,1,0,0,0,0,0,0,0
66500,9836,0,152,0,4,0,2,0,5,0,1,0,0,0,0,0,0,0
66600,9831,0,154,0,5,0,0,0,7,0,3,0,0,0,0,0,0,0
66700,9836,0,158,0,3,0,2,0,0,0,1,0,0,0,0,0,0,0
66800,9826,0,164,0,0,0,4,0,2,0,4,0,0,0,0,0,0,0
66900,9830,0,156,0,6,0,3,0,4,0,1,0,0,0,0,0,0,0
67000,9826,0,158,0,5,0,2,0,7,0,2,0,0,0,0,0,0,0
67100,9798,0,195,0,2,0,2,0,3,0,0,0,0,0,0,0,0,0
67200,9784,0,206,0,2,0,2,0,4,0,2,0,0,0,0,0,0,0
67300,9784,0,206,0,1,0,3,0,6,0,0,0,0,0,0,0,0,0
67400,9757,0,229,0,4,0,4,0,5,0,1,0,0,0,0,0,0,0
67500,9738,0,250,0,0,0,4,0,7,0,1,0,0,0,0,0,0,0
67600,9733,0,254,0,3,0,0,0,8,0,2,0,0,0,0,0,0,0
67700,9736,0,253,0,5,0,4,0,1,0,1,0,0,0,0,0,0,0
67800,9689,0,296,0,10,0,2,0,3,0,0,0,0,0,0,0,0,0
67900,9662,0,322,0,10,0,2,0,2,0,2,0,0,0,0,0,0,0
68000,9669,0,313,0,9,0,5,0,2,0,2,0,0,0,0,0,0,0
68100,9668,0,318,0,10,0,1,0,1,0,2,0,0,0,0,0,0,0
68200,9610,0,377,0,6,0,2,0,4,0,1,0,0,0,0,0,0,0
68300,9600,0,389,0,2,0,3,0,3,0,2,0,0,0,1,0,0,0
68400,9589,0,400,0,3,0,4,0,2,0,2,0,0,0,0,0,0,0
68500,9561,0,428,0,1,0,4,0,6,0,0,0,0,0,0,0,0,0
68600,9542,0,448,0,4,0,2,0,2,0,2,0,0,0,0,0,0,0
68700,9569,0,417,0,1,0,3,0,9,0,1,0,0,0,0,0,0,0
68800,9556,0,428,0,4,0,0,0,9,0,3,0,0,0,0,0,0,0
68900,9558,0,435,0,2,0,2,0,3,0,0,0,0,0,0,0,0,0
69000,9589,0,399,0,4,0,2,0,6,0,0,0,0,0,0,0,0,0
69100,9611,0,374,0,4,0,5,0,2,0,4,0,0,0,0,0,0,0
69200,9589,0,401,0,2,0,0,0,7,0,1,0,0,0,0,0,0,0
69300,9597,0,396,0,2,0,2,0,1,0,2,0,0,0,0,0,0,0
69400,9627,0,366,0,2,0,1,0,3,0,1,0,0,0,0,0,0,0
69500,9662,0,329,0,4,0,2,0,2,0,1,0,0,0,0,0,0,0
69600,9634,0,357,0,2,0,0,0,3,0,4,0,0,0,0,0,0,0
69700,9623,0,364,0,4,0,3,0,6,0,0,0,0,0,0,0,0,0
69800,9635,0,361,0,1,0,0,0,2,0,1,0,0,0,0,0,0,0
69900,9603,0,387,0,2,0,3,0,3,0,2,0,0,0,0,0,0,0
70000,9572,0,409,0,3,0,3,0,10,0,2,0,1,0,0,0,0,0
70100,9554,0,428,0,6,0,4,0,5,0,3,0,0,0,0,0,0,0
70200,9556,0,427,0,2,0,7,0,4,0,4,0,0,0,0,0,0,0
70300,9554,0,435,0,3,0,3,0,5,0,0,0,0,0,0,0,0,0
70400,9531,0,461,0,2,0,2,0,3,0,1,0,0,0,0,0,0,0
70500,9489,0,507,0,1,0,0,0,2,0,1,0,0,0,0,0,0,0
70600,9460,0,531,0,3,0,2,0,4,0,0,0,0,0,0,0,0,0
70700,9439,0,551,0,2,0,6,0,1,0,1,0,0,0,0,0,0,0
70800,9426,0,565,0,3,0,1,0,2,0,3,0,0,0,0,0,0,0
70900,9460,0,527,0,1,0,5,0,5,0,2,0,0,0,0,0,0,0
71000,9501,0,491,0,2,0,2,0,4,0,0,0,0,0,0,0,0,0
71100,9520,0,472,0,2,0,3,0,3,0,0,0,0,0,0,0,0,0
71200,9527,0,459,0,4,0,2,0,5,0,3,0,0,0,0,0,0,0
71300,9546,0,441,0,3,0,2,0,6,0,2,0,0,0,0,0,0,0
71400,9562,0,416,0,4,0,7,0,6,0,4,0,1,0,0,0,0,0
71500,9540,0,440,0,8,0,4,0,7,0,1,0,0,0,0,0,0,0
71600,9534,0,437,0,17,0,6,0,5,0,1,0,0,0,0,0,0,0
71700,9542,0,446,0,5,0,0,0,3,0,1,0,3,0,0,0,0,0
71800,9555,0,433,0,4,0,3,0,3,0,2,0,0,0,0,0,0,0
71900,9541,0,443,0,5,0,7,0,3,0,1,0,0,0,0,0,0,0
72000,9556,0,433,0,4,0,1,0,5,0,1,0,0,0,0,0,0,0
72100,9554,0,434,0,5,0,2,0,5,0,0,0,0,0,0,0,0,0
72200,9571,0,419,0,1,0,4,0,3,0,2,0,0,0,0,0,0,0
72300,9571,0,420,0,4,0,5,0,0,0,0,0,0,0,0,0,0,0
72400,9578,0,414,0,3,0,4,0,1,0,0,0,0,0,0,0,0,0
72500,9643,0,345,0,3,0,4,0,4,0,1,0,0,0,0,0,0,0
72600,9642,0,344,0,4,0,4,0,5,0,1,0,0,0,0,0,0,0
72700,9696,0,296,0,0,0,1,0,2,0,5,0,0,0,0,0,0,0
72800,9687,0,305,0,3,0,0,0,2,0,3,0,0,0,0,0,0,0
72900,9675,0,311,0,6,0,0,0,4,0,3,0,1,0,0,0,0,0
73000,9700,0,281,0,4,0,2,0,12,0,1,0,0,0,0,0,0,0
73100,9701,0,287,0,4,0,2,0,5,0,1,0,0,0,0,0,0,0
73200,9659,0,329,0,4,0,0,0,7,0,1,0,0,0,0,0,0,0
73300,9664,0,330,0,1,0,2,0,1,0,2,0,0,0,0,0,0,0
73400,9643,0,345,0,3,0,4,0,2,0,3,0,0,0,0,0,0,0
73500,9657,0,332,0,4,0,2,0,3,0,2,0,0,0,0,0,0,0
73600,9655,0,322,0,7,0,6,0,7,0,3,0,0,0,0,0,0,0
73700,9696,0,296,0,2,0,3,0,3,0,0,0,0,0,0,0,0,0
73800,9665,0,328,0,2,0,1,0,4,0,0,0,0,0,0,0,0,0
73900,9643,0,343,0,3,0,5,0,4,0,1,0,1,0,0,0,0,0
74000,9634,0,349,0,3,0,7,0,6,0,1,0,0,0,0,0,0,0
74100,9657,0,336,0,5,0,0,0,1,0,1,0,0,0,0,0,0,0
74200,9643,0,348,0,4,0,2,0,2,0,1,0,0,0,0,0,0,0
74300,9657,0,334,0,0,0,1,0,7,0,1,0,0,0,0,0,0,0
74400,9673,0,313,0,1,0,5,0,6,0,2,0,0,0,0,0,0,0
74500,9673,0,318,0,4,0,0,0,3,0,2,0,0,0,0,0,0,0
74600,9653,0,336,0,3,0,5,0,3,0,0,0,0,0,0,0,0,0
74700,9658,0,326,0,4,0,7,0,2,0,3,0,0,0,0,0,0,0
74800,9660,0,319,0,7,0,7,0,6,0,1,0,0,0,0,0,0,0
74900,9707,0,284,0,5,0,0,0,3,0,1,0,0,0,0,0,0,0
75000,9700,0,286,0,8,0,3,0,3,0,0,0,0,0,0,0,0,0
75100,9721,0,258,0,12,0,4,0,4,0,1,0,0,0,0,0,0,0
75200,9719,0,260,0,9,0,3,0,7,0,2,0,0,0,0,0,0,0
75300,9685,0,306,0,5,0,0,0,3,0,1,0,0,0,0,0,0,0
75400,9724,0,257,0,7,0,6,0,3,0,2,0,1,0,0,0,0,0
75500,9726,0,253,0,6,0,5,0,4,0,6,0,0,0,0,0,0,0
75600,9728,0,258,0,5,0,2,0,5,0,2,0,0,0,0,0,0,0
75700,9721,0,264,0,9,0,2,0,2,0,2,0,0,0,0,0,0,0
75800,9712,0,260,0,18,0,2,0,5,0,3,0,0,0,0,0,0,0
75900,9746,0,234,0,15,0,0,0,3,0,2,0,0,0,0,0,0,0
76000,9774,0,204,0,15,0,1,0,5,0,1,0,0,0,0,0,0,0
76100,9775,0,201,0,17,0,1,0,5,0,1,0,0,0,0,0,0,0
76200,9769,0,203,0,19,0,5,0,4,0,0,0,0,0,0,0,0,0
76300,9801,0,171,0,20,0,1,0,7,0,0,0,0,0,0,0,0,0
76400,9817,0,157,0,22,0,3,0,1,0,0,0,0,0,0,0,0,0
76500,9817,0,152,0,21,0,6,0,3,0,1,0,0,0,0,0,0,0
76600,9829,0,150,0,18,0,0,0,2,0,1,0,0,0,0,0,0,0
76700,9821,0,152,0,22,0,0,0,3,0,2,0,0,0,0,0,0,0
76800,9816,0,152,0,22,0,3,0,4,0,3,0,0,0,0,0,0,0
76900,9821,0,155,0,15,0,3,0,5,0,1,0,0,0,0,0,0,0
77000,9804,0,174,0,16,0,1,0,4,0,1,0,0,0,0,0,0,0
77100,9801,0,176,0,17,0,2,0,3,0,1,0,0,0,0,0,0,0
77200,9799,0,175,0,18,0,2,0,4,0,2,0,0,0,0,0,0,0
77300,9823,0,153,0,17,0,1,0,4,0,2,0,0,0,0,0,0,0
77400,9784,0,181,0,23,0,5,0,7,0,0,0,0,0,0,0,0,0
77500,9744,0,215,0,25,0,8,0,8,0,0,0,0,0,0,0,0,0
77600,9754,0,216,0,19,0,3,0,5,0,3,0,0,0,0,0,0,0
77700,9751,0,216,0,25,0,1,0,4,0,3,0,0,0,0,0,0,0
77800,9756,0,217,0,22,0,1,0,3,0,1,0,0,0,0,0,0,0
77900,9787,0,177,0,26,0,5,0,4,0,1,0,0,0,0,0,0,0
78000,9810,0,167,0,22,0,1,0,0,0,0,0,0,0,0,0,0,0
78100,9797,0,173,0,21,0,5,0,4,0,0,0,0,0,0,0,0,0
78200,9788,0,178,0,27,0,3,0,3,0,1,0,0,0,0,0,0,0
78300,9787,0,179,0,25,0,3,0,4,0,2,0,0,0,0,0,0,0
78400,9769,0,201,0,22,0,1,0,4,0,3,0,0,0,0,0,0,0
78500,9757,0,218,0,20,0,3,0,1,0,1,0,0,0,0,0,0,0
78600,9763,0,210,0,23,0,0,0,3,0,1,0,0,0,0,0,0,0
78700,9736,0,240,0,15,0,0,0,7,0,2,0,0,0,0,0,0,0
78800,9710,0,270,0,8,0,8,0,1,0,3,0,0,0,0,0,0,0
78900,9734,0,258,0,4,0,1,0,3,0,0,0,0,0,0,0,0,0
79000,9732,0,253,0,7,0,6,0,1,0,1,0,0,0,0,0,0,0
79100,9727,0,257,0,7,0,2,0,5,0,2,0,0,0,0,0,0,0
79200,9725,0,255,0,12,0,3,0,2,0,2,0,1,0,0,0,0,0
79300,9727,0,264,0,5,0,2,0,1,0,1,0,0,0,0,0,0,0
79400,9745,0,243,0,6,0,3,0,2,0,1,0,0,0,0,0,0,0
79500,9743,0,234,0,8,0,4,0,8,0,3,0,0,0,0,0,0,0
79600,9747,0,238,0,6,0,2,0,6,0,1,0,0,0,0,0,0,0
79700,9745,0,242,0,8,0,1,0,3,0,1,0,0,0,0,0,0,0
79800,9752,0,229,0,10,0,1,0,8,0,0,0,0,0,0,0,0,0
79900,9758,0,230,0,8,0,0,0,1,0,3,0,0,0,0,0,0,0
80000,9758,0,230,0,7,0,1,0,4,0,0,0,0,0,0,0,0,0
80100,9754,0,229,0,6,0,1,0,7,0,3,0,0,0,0,0,0,0
80200,9743,0,236,0,9,0,3,0,7,0,2,0,0,0,0,0,0,0
80300,9753,0,232,0,6,0,2,0,5,0,2,0,0,0,0,0,0,0
80400,9754,0,233,0,5,0,3,0,5,0,0,0,0,0,0,0,0,0
80500,9777,0,213,0,6,0,0,0,4,0,0,0,0,0,0,0,0,0
80600,9761,0,228,0,6,0,0,0,4,0,1,0,0,0,0,0,0,0
80700,9757,0,230,0,9,0,1,0,1,0,2,0,0,0,0,0,0,0
80800,9761,0,230,0,4,0,1,0,3,0,1,0,0,0,0,0,0,0
80900,9744,0,239,0,8,0,1,0,6,0,2,0,0,0,0,0,0,0
81000,9738,0,251,0,6,0,0,0,5,0,0,0,0,0,0,0,0,0
81100,9748,0,231,0,10,0,4,0,6,0,1,0,0,0,0,0,0,0
81200,9846,0,136,0,6,0,6,0,5,0,1,0,0,0,0,0,0,0
81300,9830,0,160,0,6,0,1,0,2,0,1,0,0,0,0,0,0,0
81400,9791,0,189,0,10,0,3,0,3,0,4,0,0,0,0,0,0,0
81500,9786,0,205,0,4,0,3,0,2,0,0,0,0,0,0,0,0,0
81600,9770,0,216,0,4,0,3,0,4,0,3,0,0,0,0,0,0,0
81700,9766,0,217,0,4,0,5,0,5,0,3,0,0,0,0,0,0,0
81800,9790,0,198,0,4,0,3,0,1,0,4,0,0,0,0,0,0,0
81900,9814,0,166,0,7,0,3,0,4,0,6,0,0,0,0,0,0,0
82000,9807,0,184,0,3,0,1,0,4,0,1,0,0,0,0,0,0,0
82100,9810,0,176,0,4,0,3,0,4,0,1,0,2,0,0,0,0,0
82200,9819,0,165,0,6,0,2,0,7,0,1,0,0,0,0,0,0,0
82300,9846,0,138,0,5,0,2,0,6,0,3,0,0,0,0,0,0,0
82400,9818,0,168,0,1,0,6,0,7,0,0,0,0,0,0,0,0,0
82500,9822,0,161,0,7,0,2,0,5,0,3,0,0,0,0,0,0,0
82600,9821,0,173,0,1,0,1,0,4,0,0,0,0,0,0,0,0,0
82700,9811,0,181,0,1,0,2,0,4,0,1,0,0,0,0,0,0,0
82800,9802,0,182,0,3,0,1,0,9,0,3,0,0,0,0,0,0,0
82900,9819,0,174,0,2,0,2,0,2,0,1,0,0,0,0,0,0,0
83000,9764,0,222,0,2,0,2,0,7,0,3,0,0,0,0,0,0,0
83100,9756,0,230,0,1,0,3,0,7,0,3,0,0,0,0,0,0,0
83200,9755,0,235,0,2,0,3,0,3,0,2,0,0,0,0,0,0,0
83300,9757,0,235,0,0,0,1,0,7,0,0,0,0,0,0,0,0,0
83400,9753,0,236,0,4,0,2,0,2,0,3,0,0,0,0,0,0,0
83500,9758,0,230,0,3,0,2,0,3,0,4,0,0,0,0,0,0,0
83600,9752,0,233,0,4,0,6,0,3,0,2,0,0,0,0,0,0,0
83700,9751,0,236,0,3,0,2,0,5,0,3,0,0,0,0,0,0,0
83800,9727,0,260,0,3,0,4,0,5,0,1,0,0,0,0,0,0,0
83900,9704,0,276,0,6,0,3,0,8,0,3,0,0,0,0,0,0,0
84000,9717,0,272,0,2,0,3,0,3,0,3,0,0,0,0,0,0,0
84100,9734,0,260,0,2,0,1,0,2,0,1,0,0,0,0,0,0,0
84200,9727,0,262,0,3,0,0,0,6,0,2,0,0,0,0,0,0,0
84300,9764,0,224,0,2,0,2,0,6,0,2,0,0,0,0,0,0,0
84400,9782,0,208,0,3,0,4,0,2,0,1,0,0,0,0,0,0,0
84500,9783,0,205,0,4,0,6,0,2,0,0,0,0,0,0,0,0,0
84600,9745,0,241,0,4,0,4,0,4,0,2,0,0,0,0,0,0,0
84700,9796,0,192,0,5,0,3,0,4,0,0,0,0,0,0,0,0,0
84800,9787,0,199,0,7,0,1,0,5,0,1,0,0,0,0,0,0,0
84900,9782,0,208,0,2,0,3,0,5,0,0,0,0,0,0,0,0,0
85000,9779,0,200,0,6,0,6,0,8,0,1,0,0,0,0,0,0,0
85100,9796,0,190,0,5,0,1,0,8,0,0,0,0,0,0,0,0,0
85200,9792,0,190,0,15,0,1,0,1,0,1,0,0,0,0,0,0,0
85300,9779,0,197,0,8,0,8,0,6,0,2,0,0,0,0,0,0,0
85400,9779,0,206,0,9,0,1,0,4,0,1,0,0,0,0,0,0,0
85500,9827,0,159,0,9,0,3,0,2,0,0,0,0,0,0,0,0,0
85600,9822,0,161,0,10,0,2,0,3,0,2,0,0,0,0,0,0,0
85700,9790,0,186,0,12,0,6,0,5,0,1,0,0,0,0,0,0,0
85800,9772,0,198,0,15,0,3,0,6,0,6,0,0,0,0,0,0,0
85900,9754,0,223,0,11,0,5,0,5,0,2,0,0,0,0,0,0,0
86000,9749,0,234,0,8,0,4,0,4,0,1,0,0,0,0,0,0,0
86100,9751,0,240,0,3,0,4,0,2,0,0,0,0,0,0,0,0,0
86200,9751,0,236,0,6,0,3,0,4,0,0,0,0,0,0,0,0,0
86300,9746,0,237,0,5,0,5,0,5,0,2,0,0,0,0,0,0,0
86400,9783,0,207,0,2,0,4,0,2,0,2,0,0,0,0,0,0,0
86500,9779,0,207,0,7,0,4,0,1,0,2,0,0,0,0,0,0,0
86600,9769,0,223,0,3,0,2,0,2,0,1,0,0,0,0,0,0,0
86700,9746,0,238,0,2,0,7,0,6,0,1,0,0,0,0,0,0,0
86800,9753,0,240,0,3,0,3,0,1,0,0,0,0,0,0,0,0,0
86900,9714,0,281,0,2,0,2,0,0,0,1,0,0,0,0,0,0,0
87000,9704,0,280,0,5,0,3,0,8,0,0,0,0,0,0,0,0,0
87100,9711,0,274,0,5,0,2,0,7,0,1,0,0,0,0,0,0,0
87200,9726,0,249,0,15,0,2,0,8,0,0,0,0,0,0,0,0,0
87300,9733,0,245,0,17,0,3,0,1,0,1,0,0,0,0,0,0,0
87400,9727,0,249,0,18,0,3,0,2,0,1,0,0,0,0,0,0,0
87500,9688,0,285,0,17,0,1,0,8,0,1,0,0,0,0,0,0,0
87600,9652,0,319,0,18,0,3,0,5,0,3,0,0,0,0,0,0,0
87700,9634,0,337,0,19,0,4,0,4,0,2,0,0,0,0,0,0,0
87800,9661,0,314,0,14,0,3,0,3,0,5,0,0,0,0,0,0,0
87900,9696,0,282,0,12,0,5,0,3,0,2,0,0,0,0,0,0,0
88000,9749,0,222,0,20,0,3,0,4,0,2,0,0,0,0,0,0,0
88100,9752,0,222,0,15,0,3,0,8,0,0,0,0,0,0,0,0,0
88200,9745,0,226,0,15,0,9,0,4,0,1,0,0,0,0,0,0,0
88300,9763,0,210,0,13,0,9,0,5,0,0,0,0,0,0,0,0,0
88400,9776,0,189,0,18,0,7,0,9,0,1,0,0,0,0,0,0,0
88500,9768,0,191,0,18,0,15,0,6,0,2,0,0,0,0,0,0,0
88600,9784,0,180,0,22,0,8,0,4,0,2,0,0,0,0,0,0,0
88700,9786,0,187,0,17,0,8,0,2,0,0,0,0,0,0,0,0,0
88800,9766,0,200,0,17,0,9,0,4,0,4,0,0,0,0,0,0,0
88900,9785,0,189,0,11,0,7,0,5,0,3,0,0,0,0,0,0,0
89000,9795,0,183,0,6,0,9,0,6,0,1,0,0,0,0,0,0,0
89100,9795,0,182,0,3,0,8,0,6,0,6,0,0,0,0,0,0,0
89200,9826,0,149,0,7,0,11,0,3,0,4,0,0,0,0,0,0,0
89300,9833,0,143,0,6,0,9,0,4,0,5,0,0,0,0,0,0,0
89400,9833,0,140,0,10,0,7,0,10,0,0,0,0,0,0,0,0,0
89500,9827,0,145,0,8,0,10,0,8,0,2,0,0,0,0,0,0,0
89600,9853,0,120,0,8,0,13,0,4,0,2,0,0,0,0,0,0,0
89700,9877,0,108,0,2,0,8,0,3,0,2,0,0,0,0,0,0,0
89800,9873,0,110,0,2,0,10,0,3,0,2,0,0,0,0,0,0,0
89900,9868,0,111,0,4,0,9,0,4,0,4,0,0,0,0,0,0,0
90000,9827,0,146,0,9,0,10,0,6,0,2,0,0,0,0,0,0,0
90100,9766,0,214,0,2,0,11,0,2,0,5,0,0,0,0,0,0,0
90200,9783,0,193,0,2,0,14,0,4,0,4,0,0,0,0,0,0,0
90300,9785,0,192,0,5,0,10,0,4,0,4,0,0,0,0,0,0,0
90400,9833,0,144,0,7,0,13,0,3,0,0,0,0,0,0,0,0,0
90500,9848,0,125,0,7,0,10,0,8,0,2,0,0,0,0,0,0,0
90600,9887,0,97,0,2,0,7,0,1,0,6,0,0,0,0,0,0,0
90700,9876,0,94,0,6,0,12,0,6,0,6,0,0,0,0,0,0,0
90800,9886,0,95,0,2,0,12,0,5,0,0,0,0,0,0,0,0,0
90900,9888,0,94,0,1,0,12,0,2,0,3,0,0,0,0,0,0,0
91000,9876,0,94,0,3,0,14,0,5,0,8,0,0,0,0,0,0,0
91100,9887,0,96,0,2,0,10,0,4,0,1,0,0,0,0,0,0,0
91200,9878,0,95,0,5,0,15,0,4,0,3,0,0,0,0,0,0,0
91300,9873,0,105,0,3,0,12,0,3,0,4,0,0,0,0,0,0,0
91400,9845,0,130,0,4,0,13,0,4,0,4,0,0,0,0,0,0,0
91500,9727,0,250,0,2,0,11,0,6,0,4,0,0,0,0,0,0,0
91600,9714,0,261,0,2,0,14,0,8,0,1,0,0,0,0,0,0,0
91700,9762,0,216,0,3,0,11,0,5,0,3,0,0,0,0,0,0,0
91800,9761,0,223,0,0,0,13,0,1,0,2,0,0,0,0,0,0,0
91900,9762,0,215,0,5,0,10,0,8,0,0,0,0,0,0,0,0,0
92000,9771,0,212,0,5,0,7,0,2,0,3,0,0,0,0,0,0,0
92100,9770,0,211,0,5,0,7,0,4,0,3,0,0,0,0,0,0,0
92200,9775,0,206,0,4,0,7,0,3,0,4,0,1,0,0,0,0,0
92300,9776,0,209,0,2,0,6,0,5,0,2,0,0,0,0,0,0,0
92400,9770,0,215,0,5,0,7,0,2,0,1,0,0,0,0,0,0,0
92500,9696,0,278,0,10,0,9,0,3,0,4,0,0,0,0,0,0,0
92600,9611,0,372,0,3,0,9,0,3,0,2,0,0,0,0,0,0,0
92700,9618,0,365,0,3,0,8,0,4,0,2,0,0,0,0,0,0,0
92800,9578,0,403,0,4,0,8,0,2,0,5,0,0,0,0,0,0,0
92900,9537,0,443,0,6,0,7,0,1,0,6,0,0,0,0,0,0,0
93000,9534,0,456,0,2,0,6,0,2,0,0,0,0,0,0,0,0,0
93100,9533,0,449,0,4,0,7,0,2,0,5,0,0,0,0,0,0,0
93200,9520,0,467,0,1,0,8,0,3,0,1,0,0,0,0,0,0,0
93300,9491,0,477,0,6,0,11,0,7,0,8,0,0,0,0,0,0,0
93400,9671,0,314,0,1,0,8,0,3,0,3,0,0,0,0,0,0,0
93500,9669,0,312,0,2,0,10,0,4,0,3,0,0,0,0,0,0,0
93600,9670,0,312,0,1,0,10,0,2,0,5,0,0,0,0,0,0,0
93700,9669,0,317,0,2,0,6,0,3,0,3,0,0,0,0,0,0,0
93800,9631,0,351,0,3,0,8,0,4,0,3,0,0,0,0,0,0,0
93900,9601,0,382,0,3,0,10,0,3,0,1,0,0,0,0,0,0,0
94000,9604,0,377,0,3,0,9,0,2,0,5,0,0,0,0,0,0,0
94100,9597,0,378,0,4,0,12,0,2,0,7,0,0,0,0,0,0,0
94200,9560,0,422,0,5,0,6,0,2,0,5,0,0,0,0,0,0,0
94300,9492,0,494,0,2,0,9,0,0,0,2,0,0,0,1,0,0,0
94400,9488,0,496,0,3,0,9,0,3,0,1,0,0,0,0,0,0,0
94500,9484,0,502,0,2,0,8,0,1,0,3,0,0,0,0,0,0,0
94600,9404,0,580,0,3,0,7,0,4,0,2,0,0,0,0,0,0,0
94700,9224,0,758,0,4,0,9,0,3,0,1,0,1,0,0,0,0,0
94800,9199,0,786,0,2,0,9,0,1,0,3,0,0,0,0,0,0,0
94900,9208,0,770,0,4,0,9,0,4,0,4,0,1,0,0,0,0,0
95000,9211,0,777,0,2,0,6,0,4,0,0,0,0,0,0,0,0,0
95100,9201,0,780,0,5,0,6,0,6,0,2,0,0,0,0,0,0,0
95200,9208,0,777,0,4,0,8,0,2,0,1,0,0,0,0,0,0,0
95300,9243,0,741,0,1,0,9,0,4,0,2,0,0,0,0,0,0,0
95400,9273,0,709,0,2,0,11,0,5,0,0,0,0,0,0,0,0,0
95500,9279,0,702,0,2,0,11,0,4,0,2,0,0,0,0,0,0,0
95600,9311,0,667,0,2,0,15,0,4,0,1,0,0,0,0,0,0,0
95700,9319,0,666,0,2,0,8,0,2,0,3,0,0,0,0,0,0,0
95800,9221,0,768,0,4,0,2,0,4,0,1,0,0,0,0,0,0,0
95900,9175,0,806,0,8,0,4,0,5,0,2,0,0,0,0,0,0,0
96000,9079,0,905,0,3,0,10,0,1,0,2,0,0,0,0,0,0,0
96100,9103,0,880,0,3,0,7,0,4,0,3,0,0,0,0,0,0,0
96200,9134,0,854,0,2,0,8,0,0,0,2,0,0,0,0,0,0,0
96300,9120,0,863,0,2,0,7,0,7,0,1,0,0,0,0,0,0,0
96400,9156,0,827,0,6,0,5,0,6,0,0,0,0,0,0,0,0,0
96500,9193,0,793,0,5,0,6,0,3,0,0,0,0,0,0,0,0,0
96600,9156,0,831,0,4,0,5,0,2,0,2,0,0,0,0,0,0,0
96700,9197,0,784,0,10,0,5,0,1,0,3,0,0,0,0,0,0,0
96800,9300,0,678,0,7,0,9,0,5,0,1,0,0,0,0,0,0,0
96900,9309,0,670,0,9,0,9,0,1,0,2,0,0,0,0,0,0,0
97000,9314,0,675,0,5,0,5,0,1,0,0,0,0,0,0,0,0,0
97100,9313,0,670,0,8,0,7,0,2,0,0,0,0,0,0,0,0,0
97200,9401,0,582,0,7,0,9,0,0,0,1,0,0,0,0,0,0,0
97300,9421,0,557,0,9,0,10,0,2,0,1,0,0,0,0,0,0,0
97400,9428,0,556,0,11,0,3,0,1,0,1,0,0,0,0,0,0,0
97500,9408,0,559,0,16,0,13,0,4,0,0,0,0,0,0,0,0,0
97600,9398,0,583,0,13,0,2,0,1,0,3,0,0,0,0,0,0,0
97700,9372,0,602,0,16,0,4,0,5,0,1,0,0,0,0,0,0,0
97800,9374,0,601,0,17,0,5,0,2,0,1,0,0,0,0,0,0,0
97900,9372,0,597,0,20,0,3,0,8,0,0,0,0,0,0,0,0,0
98000,9326,0,653,0,17,0,0,0,2,0,2,0,0,0,0,0,0,0
98100,9267,0,711,0,14,0,1,0,5,0,2,0,0,0,0,0,0,0
98200,9232,0,747,0,15,0,4,0,1,0,1,0,0,0,0,0,0,0
98300,9153,0,823,0,14,0,2,0,5,0,3,0,0,0,0,0,0,0
98400,9035,0,945,0,17,0,1,0,2,0,0,0,0,0,0,0,0,0
98500,9027,0,961,0,9,0,0,0,0,0,3,0,0,0,0,0,0,0
98600,9021,0,963,0,11,0,0,0,3,0,2,0,0,0,0,0,0,0
98700,8974,0,1007,0,12,0,0,0,5,0,2,0,0,0,0,0,0,0
98800,8919,0,1065,0,11,0,1,0,4,0,0,0,0,0,0,0,0,0
98900,8933,0,1053,0,9,0,2,0,2,0,1,0,0,0,0,0,0,0
99000,8901,0,1074,0,12,0,7,0,5,0,1,0,0,0,0,0,0,0
99100,8929,0,1056,0,8,0,2,0,2,0,3,0,0,0,0,0,0,0
99200,8930,0,1054,0,12,0,3,0,1,0,0,0,0,0,0,0,0,0
99300,8969,0,1017,0,12,0,2,0,0,0,0,0,0,0,0,0,0,0
99400,8948,0,1028,0,12,0,7,0,2,0,3,0,0,0,0,0,0,0
99500,8991,0,985,0,15,0,4,0,4,0,1,0,0,0,0,0,0,0
99600,8905,0,1081,0,10,0,1,0,2,0,1,0,0,0,0,0,0,0
99700,8849,0,1132,0,10,0,5,0,4,0,0,0,0,0,0,0,0,0
99800,8851,0,1134,0,9,0,3,0,3,0,0,0,0,0,0,0,0,0
99900,8921,0,1062,0,11,0,3,0,2,0,1,0,0,0,0,0,0,0
100000,8911,0,1072,0,11,0,2,0,3,0,1,0,0,0,0,0,0,0
