update,host_task_NOT,sym_task_NOT,host_task_NAND,sym_task_NAND,host_task_AND,sym_task_AND,host_task_ORN,sym_task_ORN,host_task_OR,sym_task_OR,host_task_ANDN,sym_task_ANDN,host_task_NOR,sym_task_NOR,host_task_XOR,sym_task_XOR,host_task_EQU,sym_task_EQU
0,0,0,0,0,0,0,0,0,0,0,0,0,0,0,0,0,0,0
100,9997,38355,0,1,3,2,0,0,2,0,0,1,0,0,0,0,0,0
200,9993,33231,0,2,1,6,5,2,1,8,0,3,0,0,0,0,0,0
300,9994,33209,0,6,0,8,0,3,3,7,3,7,0,0,0,0,0,0
400,9999,33164,0,4,0,4,0,1,0,6,1,3,0,0,0,0,0,0
500,9993,33186,0,4,3,8,1,4,3,6,0,2,0,0,0,0,0,0
600,9990,27918,3,6,2,1,3,0,1,5,1,6,0,0,0,0,0,0
700,9990,25815,4,6,1,2,4,2,1,4,0,5,0,0,0,0,0,0
800,9986,25858,4,3,2,5,5,0,3,10,0,3,0,0,0,0,0,0
900,9981,25670,4,1,3,3,8,4,3,5,1,3,0,0,0,0,0,0
1000,9982,25797,4,4,4,4,6,2,3,9,1,2,0,0,0,0,0,0
1100,9983,23126,6,6,1,8,4,3,3,5,3,0,0,0,0,0,0,0
1200,9980,20425,10,4,2,4,5,5,1,3,2,1,0,0,0,0,0,0
1300,9982,20493,8,2,0,8,4,2,5,4,1,2,0,0,0,0,0,0
1400,9985,20476,8,9,2,3,4,0,1,2,0,1,0,0,0,0,0,0
1500,9983,20396,8,6,2,0,5,0,2,5,0,1,0,0,0,0,0,0
1600,9982,19373,9,4,1,6,5,1,1,5,2,4,0,2,0,0,0,0
1700,9974,16126,13,2,5,2,7,4,0,3,1,1,0,0,0,0,0,0
1800,9980,16125,12,3,1,3,4,1,2,5,1,0,0,0,0,0,0,0
1900,9977,16122,15,8,0,2,5,3,2,3,1,1,0,0,0,0,0,0
2000,9979,16145,12,4,1,7,4,3,4,6,0,1,0,0,0,0,0,0
2100,9974,15943,12,4,5,7,4,2,5,4,0,1,0,0,0,0,0,0
2200,9979,12960,4,4,1,2,13,3,2,6,1,0,0,0,0,0,0,0
2300,9980,12979,4,7,1,4,12,1,2,3,1,2,0,0,0,0,0,0
2400,9974,13023,5,5,4,3,14,2,2,6,1,5,0,0,0,0,0,0
2500,9975,12939,6,3,4,1,10,2,4,2,1,0,0,0,0,0,0,0
2600,9969,12756,8,4,1,2,15,1,6,1,1,1,0,0,0,0,0,0
2700,9968,10992,9,7,1,3,11,0,9,4,2,2,0,0,0,0,0,0
2800,9963,10474,17,8,3,3,13,2,3,2,1,1,0,0,0,0,0,0
2900,9973,10526,14,7,1,2,10,2,2,2,0,1,0,0,0,0,0,0
3000,9961,10491,14,6,3,3,14,3,6,1,2,0,0,0,0,0,0,0
3100,9971,10399,14,8,1,0,10,0,3,3,1,1,0,0,0,0,0,0
3200,9969,9465,14,6,3,1,11,1,0,2,3,2,0,0,0,0,0,0
3300,9964,8565,15,6,8,2,12,1,1,4,0,1,0,0,0,0,0,0
3400,9965,8656,16,6,3,0,11,2,5,2,0,0,0,0,0,0,0,0
3500,9965,8596,17,4,0,2,12,1,6,1,0,0,0,0,0,0,0,0
3600,9962,8765,22,2,1,0,9,1,3,3,3,1,0,0,0,0,0,0
3700,9963,8222,17,5,2,0,11,1,4,1,3,1,0,0,0,0,0,0
3800,9963,7341,25,9,2,6,9,2,1,3,0,0,0,0,0,0,0,0
3900,9952,7457,25,10,2,3,14,1,6,6,1,0,0,0,0,0,0,0
4000,9959,7442,22,14,1,2,13,1,5,8,0,0,0,0,0,0,0,0
4100,9952,7238,22,10,5,3,13,2,7,1,1,2,0,0,0,0,0,0
4200,9954,7307,20,3,5,0,13,1,7,1,1,0,0,0,0,0,0,0
4300,9958,6073,19,5,4,1,14,4,3,1,2,0,0,0,0,0,0,0
4400,9961,6295,19,10,3,2,11,0,4,0,2,1,0,0,0,0,0,0
4500,9963,6308,20,12,3,2,10,0,4,2,0,0,0,0,0,0,0,0
4600,9962,6321,22,19,1,1,9,0,5,1,0,1,1,0,0,0,0,0
4700,9964,6342,20,17,2,1,10,0,3,4,1,0,0,0,0,0,0,0
4800,9957,5489,21,14,6,1,11,3,5,1,0,1,0,0,0,0,0,0
4900,9970,5474,18,13,1,2,8,5,2,2,1,0,0,0,0,0,0,0
5000,9963,5498,19,17,0,0,11,0,5,1,2,0,0,0,0,0,0,0
5100,9965,5571,20,15,2,2,9,1,2,1,2,0,0,0,0,0,0,0
5200,9960,5640,19,15,0,1,14,1,4,2,3,0,0,0,0,0,0,0
5300,9957,5254,25,19,4,1,10,1,3,0,1,0,0,0,0,0,0,0
5400,9957,5024,29,6,4,2,7,4,3,1,0,2,0,0,0,0,0,0
5500,9955,5173,28,2,1,1,9,7,7,2,0,0,0,0,0,0,0,0
5600,9957,5108,25,16,3,1,7,8,7,1,1,0,0,0,0,0,0,0
5700,9955,5077,30,19,4,2,7,5,3,0,1,0,0,1,0,0,0,0
5800,9962,4925,25,20,3,1,8,5,2,4,0,1,0,0,0,0,0,0
5900,9957,4395,31,15,4,2,5,1,1,4,2,0,0,0,0,0,0,0
6000,9950,4520,34,13,4,2,3,7,7,1,1,1,1,0,0,0,0,0
6100,9951,4670,35,6,2,2,4,1,7,1,1,0,0,0,0,0,0,0
6200,9957,4568,35,11,1,1,0,0,5,0,2,0,0,0,0,0,0,0
6300,9961,4754,30,22,3,2,1,2,5,4,0,0,0,0,0,0,0,0
6400,9958,4222,36,31,2,1,0,1,3,1,1,1,0,0,0,0,0,0
6500,9947,4444,43,51,1,2,3,6,5,0,1,1,0,0,0,0,0,0
6600,9953,4466,40,55,3,5,1,10,2,2,1,1,0,0,0,0,0,0
6700,9947,4482,43,66,3,5,0,8,6,1,1,0,0,0,0,0,0,0
6800,9950,4525,32,72,8,3,4,5,5,0,0,0,1,0,0,0,0,0
6900,9955,4228,35,78,2,2,4,6,2,2,2,0,0,0,0,0,0,0
7000,9962,4331,29,64,1,1,2,1,6,2,0,1,0,0,0,0,0,0
7100,9957,4546,32,54,1,0,5,14,4,1,1,0,0,0,0,0,0,0
7200,9948,5261,35,61,2,3,7,7,7,9,1,1,0,0,0,0,0,0
7300,9949,6768,37,85,2,5,4,14,7,2,1,1,0,0,0,0,0,0
7400,9955,8857,36,135,4,6,3,16,1,4,1,1,0,0,0,0,0,0
7500,9926,10375,54,130,7,0,2,8,6,6,5,1,0,0,0,0,0,0
7600,9928,13142,57,129,1,6,7,5,3,3,4,0,0,0,0,0,0,0
7700,9926,14415,53,146,7,4,7,13,5,4,2,1,0,0,0,0,0,0
7800,9931,15020,59,195,4,2,3,1,2,8,1,0,0,0,0,0,0,0
7900,9930,15133,58,204,4,13,4,7,2,2,2,1,0,0,0,0,0,0
8000,9929,14862,54,232,2,13,8,3,7,4,0,1,0,0,0,0,0,0
8100,9946,16269,41,142,3,4,6,32,4,3,0,2,0,0,0,0,0,0
8200,9946,16772,37,223,9,4,6,6,0,9,2,2,0,0,0,0,0,0
8300,9944,16350,36,157,7,3,4,7,7,3,2,3,0,1,0,0,0,0
8400,9951,17242,30,212,8,1,5,9,3,4,3,0,0,0,0,0,0,0
8500,9954,17380,31,163,2,7,5,10,7,3,1,4,0,0,0,0,0,0
8600,9958,17644,25,114,4,4,6,5,3,8,3,0,1,0,0,0,0,0
8700,9951,17464,30,115,5,3,12,1,1,5,1,3,0,0,0,0,0,0
8800,9966,17683,28,132,1,4,4,6,1,4,0,1,0,0,0,0,0,0
8900,9962,16513,27,91,4,4,3,10,0,4,4,3,0,0,0,0,0,0
9000,9951,15605,30,79,5,6,8,1,5,6,0,0,1,0,0,0,0,0
9100,9943,15896,32,90,9,3,11,9,3,11,2,0,0,0,0,0,0,0
9200,9953,15917,25,115,3,2,12,4,5,7,2,1,0,0,0,0,0,0
9300,9955,15569,31,102,2,2,9,4,1,3,2,2,0,0,0,0,0,0
9400,9951,15152,32,51,4,1,6,3,5,2,2,1,0,0,0,0,0,0
9500,9953,15287,30,60,4,2,8,7,3,6,2,1,0,0,0,0,0,0
9600,9945,14237,34,63,4,9,13,5,3,4,1,2,0,0,0,0,0,0
9700,9940,14103,37,92,6,9,12,4,3,3,2,1,0,0,0,0,0,0
9800,9935,13748,40,87,7,7,15,3,2,2,1,1,0,0,0,0,0,0
9900,9947,15113,28,88,3,3,17,2,3,6,2,1,0,0,0,0,0,0
10000,9949,15081,29,102,4,2,12,3,4,2,2,0,0,0,0,0,0,0
10100,9953,13693,34,114,4,4,7,6,2,3,0,0,0,0,0,0,0,0
10200,9964,13936,25,83,6,3,4,3,1,6,0,1,0,0,0,0,0,0
10300,9948,13301,28,84,6,5,12,3,3,0,3,1,0,0,0,0,0,0
10400,9958,13593,23,87,5,1,7,5,7,1,0,0,0,0,0,0,0,0
10500,9964,12627,17,80,4,2,9,2,4,2,2,1,0,0,0,0,0,0
10600,9963,13105,22,77,2,2,7,1,5,0,1,1,0,0,0,0,0,0
10700,9972,12245,10,88,4,0,8,3,3,3,3,1,0,0,0,0,0,0
10800,9966,12495,19,106,2,2,9,0,4,1,0,2,0,0,0,0,0,0
10900,9968,11236,18,86,1,3,8,6,4,2,1,2,0,0,0,0,0,0
11000,9969,11125,16,147,3,5,8,5,1,2,3,2,0,0,0,0,0,0
11100,9967,10587,16,207,3,2,11,1,1,1,2,1,0,0,0,0,0,0
11200,9949,10600,19,130,5,0,7,2,18,2,2,0,0,0,0,0,0,0
11300,9932,10107,16,112,2,2,8,5,39,3,3,2,0,0,0,0,0,0
11400,9924,11007,20,79,4,2,8,5,43,2,1,1,0,0,0,0,0,0
11500,9917,10830,14,118,2,2,11,3,51,4,4,0,1,0,0,0,0,0
11600,9922,12393,15,123,7,4,10,2,44,1,2,1,0,0,0,0,0,0
11700,9932,12224,14,118,5,7,7,0,39,2,3,0,0,0,0,0,0,0
11800,9940,9856,18,92,3,0,8,2,30,1,1,0,0,0,0,0,0,0
11900,9942,10162,12,95,4,1,8,2,33,1,1,1,0,0,0,0,0,0
12000,9943,10126,15,168,4,3,8,3,27,4,3,0,0,0,0,0,0,0
12100,9944,10288,15,127,4,11,9,1,25,1,3,1,0,0,0,0,0,0
12200,9944,10608,15,99,2,3,7,1,31,1,1,1,0,0,0,0,0,0
12300,9952,10194,15,145,1,2,7,0,24,2,1,1,0,0,0,0,0,0
12400,9939,9125,17,197,4,1,10,1,27,1,2,0,1,0,0,0,0,0
12500,9946,9750,13,226,1,2,16,0,23,3,0,2,1,0,0,0,0,0
12600,9967,10282,12,313,1,4,7,3,11,2,2,0,0,0,0,0,0,0
12700,9970,9993,10,416,3,2,7,4,8,2,2,1,0,0,0,0,0,0
12800,9968,11194,8,429,4,4,9,2,9,1,2,0,0,0,0,0,0,0
12900,9979,11414,5,509,0,3,14,0,1,3,1,0,0,0,0,0,0,0
13000,9975,10934,5,479,4,1,10,1,5,1,1,0,0,0,0,0,0,0
13100,9976,10226,6,392,5,1,7,3,6,4,0,0,0,0,0,0,0,0
13200,9981,10521,5,378,7,3,2,2,5,1,0,2,0,0,0,0,0,0
13300,9978,9058,4,395,2,1,5,0,9,0,2,0,0,0,0,0,0,0
13400,9987,9120,5,314,2,1,3,1,3,4,0,1,0,0,0,0,0,0
13500,9984,9129,7,258,3,4,2,1,3,4,1,0,0,0,0,0,0,0
13600,9974,7687,8,259,2,0,11,7,5,2,0,1,0,0,0,0,0,0
13700,9977,7414,4,176,8,2,7,10,3,2,1,1,0,0,0,0,0,0
13800,9978,8119,6,133,2,1,8,6,4,2,2,2,0,0,0,0,0,0
13900,9970,7933,5,129,8,1,6,0,9,2,2,0,0,0,0,0,0,0
14000,9987,7578,4,171,4,3,3,1,1,4,1,1,0,0,0,0,0,0
14100,9978,7172,8,262,2,1,5,2,5,2,2,1,0,0,0,0,0,0
14200,9980,7179,4,275,7,3,2,1,7,3,0,0,0,0,0,0,0,0
14300,9977,7306,5,348,8,4,2,3,6,4,2,0,0,0,0,0,0,0
14400,9982,8386,4,330,5,1,6,1,1,6,2,0,0,0,0,0,0,0
14500,9977,7587,5,188,10,2,6,3,1,5,0,1,1,0,0,0,0,0
14600,9973,7409,9,122,6,0,7,1,4,1,1,0,0,0,0,0,0,0
14700,9983,7455,6,214,4,4,2,1,4,2,1,1,0,0,0,0,0,0
14800,9975,7897,7,223,4,1,12,5,2,0,0,0,0,0,0,0,0,0
14900,9973,6485,6,328,2,1,8,2,9,0,2,2,0,0,0,0,0,0
15000,9979,7453,4,302,11,6,2,1,3,3,1,1,0,0,0,0,0,0
15100,9975,7133,6,280,7,2,7,3,2,1,3,1,0,0,0,0,0,0
15200,9982,6178,5,379,6,2,5,9,1,4,1,2,0,0,0,0,0,0
15300,9986,6264,4,385,2,0,3,11,4,0,1,2,0,0,0,0,0,0
15400,9983,5392,4,495,4,1,4,12,5,1,0,2,0,0,0,0,0,1
15500,9983,5514,4,441,4,1,3,13,2,2,4,1,0,0,0,0,0,0
15600,9985,5319,5,443,1,0,2,12,7,2,0,1,0,0,0,0,0,0
15700,9985,5554,4,319,3,3,6,13,2,6,0,0,0,0,0,0,0,0
15800,9977,4716,8,256,3,1,5,7,4,3,3,1,0,0,0,0,0,0
15900,9974,5092,11,261,3,0,5,1,5,2,2,0,0,0,0,0,0,0
16000,9971,4981,11,391,5,1,7,0,2,0,4,0,0,0,0,0,0,0
16100,9981,5431,11,378,1,2,1,3,6,2,0,2,0,0,0,0,0,0
16200,9968,6379,11,451,6,2,9,1,4,0,2,0,0,0,0,0,0,0
16300,9981,5723,11,614,4,4,0,1,4,5,0,2,0,0,0,0,0,0
16400,9986,5537,10,498,1,5,1,0,1,0,1,1,0,0,0,0,0,0
16500,9978,5805,12,660,3,7,1,3,5,4,1,0,0,0,0,0,0,0
16600,9986,5462,11,775,1,2,1,3,1,1,0,0,0,0,0,0,0,0
16700,9974,5321,12,715,2,3,4,2,6,2,2,0,0,0,0,0,0,0
16800,9977,6249,16,586,0,1,4,3,3,4,0,1,0,0,0,0,0,0
16900,9973,5777,15,535,3,1,6,3,2,2,1,1,0,0,0,0,0,0
17000,9974,5231,11,502,8,2,3,3,4,6,0,0,0,0,0,0,0,0
17100,9968,5162,21,343,3,2,5,5,2,1,1,0,0,0,0,0,0,0
17200,9970,4405,23,628,3,1,3,2,1,1,0,0,0,0,0,0,0,0
17300,9978,4891,14,543,1,2,5,1,2,1,0,1,0,0,0,0,0,0
17400,9962,5495,26,568,3,0,3,1,5,2,1,1,0,0,0,0,0,0
17500,9974,5384,20,745,3,3,0,2,2,3,1,0,0,0,0,0,0,0
17600,9962,4527,24,696,4,1,6,3,2,4,2,2,0,0,0,0,0,0
17700,9970,4210,23,1045,4,0,1,2,0,2,2,1,0,0,0,0,0,0
17800,9960,4006,23,1653,3,2,2,1,11,1,1,0,0,0,0,0,0,0
17900,9967,4027,22,1730,0,3,2,4,6,9,3,2,0,0,0,0,0,0
18000,9962,4374,20,1556,6,5,3,4,7,2,2,2,0,0,0,0,0,0
18100,9971,4806,21,1605,1,1,3,5,3,5,1,1,0,0,0,0,0,0
18200,9972,4780,16,1553,3,1,4,1,5,4,0,1,0,0,0,0,0,0
18300,9974,4904,14,961,4,3,2,2,3,4,3,0,0,0,0,0,0,0
18400,9972,4993,17,787,1,2,4,1,6,2,0,1,0,0,0,0,0,0
18500,9976,4484,12,554,5,2,0,5,4,2,3,0,0,0,0,0,0,0
18600,9966,3962,18,533,2,0,4,4,6,0,4,1,0,0,0,0,0,0
18700,9967,4600,23,605,7,1,1,3,2,0,0,1,0,0,0,0,0,0
18800,9965,5688,24,506,1,3,4,1,4,2,1,1,1,0,0,0,0,0
18900,9973,5403,24,345,1,7,1,2,1,2,0,1,0,0,0,0,0,0
19000,9955,4852,31,286,4,7,4,1,5,4,1,5,0,0,0,0,0,0
19100,9964,4556,28,339,1,1,3,0,2,1,2,1,0,0,0,0,0,0
19200,9956,4707,31,455,3,1,3,2,6,2,1,0,0,0,0,0,0,0
19300,9963,4632,25,528,2,3,2,3,4,4,4,2,0,0,0,0,0,0
19400,9963,4699,24,513,4,1,5,1,2,2,2,1,0,0,0,0,0,0
19500,9965,4522,25,501,4,1,2,0,1,2,3,1,0,0,0,0,0,0
19600,9967,4565,20,456,4,0,4,1,4,0,1,2,0,0,0,0,0,0
19700,9972,4771,21,275,1,4,2,2,2,2,2,0,0,0,0,0,0,0
19800,9963,4095,23,294,3,0,2,1,8,1,1,1,0,0,0,0,0,0
19900,9973,4347,19,245,1,1,1,2,3,2,3,0,0,0,0,0,0,0
20000,9975,4519,20,205,0,1,3,1,1,3,1,0,0,0,0,0,0,0
20100,9964,4224,25,144,2,1,1,1,5,1,3,1,0,0,0,0,0,0
20200,9962,4452,22,130,1,1,5,1,7,3,3,1,0,0,0,0,0,0
20300,9977,4908,16,83,1,0,3,1,3,1,0,0,0,0,0,0,0,0
20400,9982,4377,10,109,1,2,1,1,5,3,1,0,0,0,0,0,0,0
20500,9976,4107,11,112,4,2,3,2,3,0,3,0,0,0,0,0,0,0
20600,9976,3940,8,174,4,2,4,1,8,3,0,1,0,0,0,0,0,0
20700,9987,4165,6,200,1,1,2,1,2,2,2,0,0,0,0,0,0,0
20800,9972,3543,13,201,5,0,2,1,6,3,2,2,0,0,0,0,0,0
20900,9974,3855,16,251,2,8,3,4,3,1,2,1,0,0,0,0,0,0
21000,9966,4004,22,211,5,7,0,3,4,1,3,0,0,0,0,0,0,0
21100,9967,3922,18,88,1,0,4,1,9,3,1,1,0,0,0,0,0,0
21200,9970,3419,16,105,4,0,2,2,6,1,2,0,0,0,0,0,0,0
21300,9975,3881,16,128,2,1,2,1,4,1,1,0,0,0,0,0,0,0
21400,9969,4645,17,186,4,3,7,1,2,2,1,0,0,0,0,0,0,0
21500,9973,4183,18,186,5,0,3,3,0,0,1,2,0,0,0,0,0,0
21600,9972,3279,14,234,2,4,1,1,9,2,2,2,0,0,0,0,0,0
21700,9967,3539,13,287,3,2,4,1,9,0,4,1,0,0,0,0,0,0
21800,9976,3068,14,372,0,1,1,0,5,1,4,1,0,0,0,0,0,0
21900,9941,4188,48,458,5,1,3,0,2,1,1,0,0,0,0,0,0,0
22000,9939,4546,54,370,3,1,1,2,2,2,1,1,0,0,0,0,0,0
22100,9939,4080,55,495,3,1,1,4,2,2,0,0,0,0,0,0,0,0
22200,9932,3986,56,419,6,2,3,1,2,2,1,1,0,0,0,0,0,0
22300,9934,4369,52,387,4,1,2,3,5,0,3,2,0,0,0,0,0,0
22400,9939,4457,53,354,1,1,2,4,3,0,2,0,0,0,0,0,0,0
22500,9890,4200,104,205,2,1,2,3,1,2,1,3,0,0,0,0,0,0
22600,9894,3895,97,232,2,2,5,0,1,2,1,1,0,0,0,0,0,0
22700,9939,4414,52,225,3,3,0,0,3,1,3,1,0,0,0,0,0,0
22800,9939,4620,52,379,0,1,2,0,4,1,2,0,0,0,1,0,0,0
22900,9935,4454,52,305,3,3,3,0,6,0,1,1,0,0,0,0,0,0
23000,9936,4252,50,207,4,2,3,0,6,2,1,1,0,0,0,0,0,0
23100,9933,3464,55,325,5,3,3,2,2,1,2,1,0,0,0,0,0,0
23200,9939,3279,51,397,2,3,4,0,3,2,1,0,0,0,0,0,0,0
23300,9945,4386,45,565,4,2,1,2,3,2,2,0,0,0,0,0,0,0
23400,9941,4380,48,502,6,2,2,3,3,3,0,0,0,0,0,0,0,0
23500,9946,4607,44,389,2,2,4,2,3,2,1,1,0,0,0,0,0,0
23600,9940,4795,48,493,4,1,2,1,6,2,0,2,0,0,0,0,0,0
23700,9940,4537,45,567,3,1,4,1,6,3,2,2,0,0,0,0,0,0
23800,9950,4544,42,672,1,5,3,1,2,2,1,1,1,0,0,0,0,0
23900,9942,4430,47,609,1,4,1,0,8,4,1,2,0,0,0,0,0,0
24000,9944,3991,44,680,4,1,2,1,5,3,1,0,0,0,0,0,0,0
24100,9950,3789,46,612,0,1,1,1,1,1,2,1,0,0,0,0,0,0
24200,9944,3549,47,505,2,2,3,0,4,0,0,2,0,0,0,0,0,0
24300,9943,3161,45,502,2,2,4,0,3,3,3,3,0,0,0,0,0,0
24400,9946,3450,46,435,1,2,3,1,4,2,0,0,0,0,0,0,0,0
24500,9945,3716,45,411,4,2,0,1,5,4,1,0,0,0,0,0,0,0
24600,9944,4154,46,453,3,4,5,1,2,3,0,1,0,0,0,0,0,0
24700,9953,3909,42,578,1,1,0,1,1,2,3,1,0,0,0,0,0,0
24800,9946,4158,40,733,2,4,1,3,8,2,3,3,0,0,0,0,0,0
24900,9979,4394,11,805,2,3,2,0,4,1,2,0,0,0,0,0,0,0
25000,9991,4495,3,698,0,2,2,1,2,5,2,4,0,0,0,0,0,0
25100,9982,4446,5,804,3,6,2,2,7,3,1,1,0,0,0,0,0,0
25200,9989,4059,4,888,0,1,2,1,5,5,0,1,0,0,0,0,0,0
25300,9990,3885,2,754,3,1,1,0,4,1,0,2,0,0,0,0,0,0
25400,9987,3230,1,650,6,1,4,3,2,1,0,1,0,0,0,0,0,0
25500,9990,3165,3,857,5,3,2,1,0,2,0,0,0,0,0,0,0,0
25600,9972,2624,10,1002,7,2,3,3,3,2,5,2,0,0,0,0,0,0
25700,9990,2934,2,1054,4,5,2,0,1,2,1,1,0,0,0,0,0,0
25800,9987,3145,0,1192,6,2,1,5,4,1,2,4,0,0,0,0,0,0
25900,9984,3192,5,1086,4,2,3,4,2,0,2,2,0,0,0,0,0,0
26000,9962,3368,15,1005,7,3,4,1,11,3,1,2,0,0,0,0,0,0
26100,9968,2611,21,1089,4,4,2,2,2,1,3,1,0,0,0,0,0,0
26200,9964,2693,21,1245,1,2,2,0,8,3,4,1,0,0,0,0,0,0
26300,9968,2607,18,955,6,2,2,8,2,3,4,1,0,0,0,0,0,0
26400,9959,2727,27,1114,5,3,2,3,7,5,0,1,0,0,0,0,0,0
26500,9951,2526,22,939,13,1,5,1,6,1,3,0,0,0,0,0,0,0
26600,9967,2920,18,628,7,4,2,1,4,3,2,0,0,0,0,0,0,0
26700,9960,2831,30,673,2,0,3,0,4,0,1,0,0,0,0,0,0,0
26800,9958,2877,33,717,3,0,2,2,1,2,3,0,0,0,0,0,0,0
26900,9951,2905,33,657,4,1,4,2,6,0,2,2,0,0,0,0,0,0
27000,9948,3031,39,668,1,0,3,0,5,0,4,1,0,0,0,0,0,0
27100,9909,3439,70,773,8,0,6,2,6,1,1,0,0,0,0,0,0,0
27200,9903,3423,85,776,4,1,4,1,2,1,2,0,0,0,0,0,0,0
27300,9905,3935,85,658,1,1,2,2,3,1,4,0,0,0,0,0,0,0
27400,9907,3770,83,634,5,3,2,0,0,3,3,3,0,0,0,0,0,0
27500,9895,3448,85,600,5,1,7,1,6,1,2,1,0,1,0,0,0,0
27600,9905,3538,88,519,1,1,0,4,4,1,2,0,0,0,0,0,0,0
27700,9905,3629,87,399,0,1,2,4,2,1,3,0,0,0,0,0,1,0
27800,9905,3320,86,380,3,0,0,1,5,0,1,1,0,0,0,0,0,0
27900,9902,4033,86,365,3,1,4,4,2,3,3,1,0,0,0,0,0,0
28000,9902,4473,88,431,1,1,5,12,2,2,2,0,0,0,0,0,0,0
28100,9902,4367,90,539,2,0,4,5,0,1,2,0,0,0,0,0,0,0
28200,9889,3788,98,536,5,0,1,1,5,2,2,1,0,0,0,0,0,0
28300,9890,3829,96,519,1,2,6,5,4,2,3,1,0,0,0,0,0,0
28400,9890,3680,94,462,5,2,4,0,5,3,2,0,0,0,0,0,0,0
28500,9902,3759,89,333,3,4,2,1,2,1,2,0,0,0,0,0,0,0
28600,9869,3769,114,358,7,0,2,0,6,1,2,2,0,0,0,0,0,0
28700,9867,3734,121,425,2,1,3,1,4,0,3,1,0,0,0,0,0,0
28800,9846,3620,138,300,2,0,5,1,7,0,2,0,0,0,0,0,0,0
28900,9863,3276,127,217,3,0,1,1,3,0,3,0,0,0,0,0,0,0
29000,9869,3787,122,219,5,2,1,4,3,0,0,1,0,0,0,0,0,0
29100,9875,3245,113,262,4,0,2,7,4,1,2,0,0,0,0,0,0,0
29200,9882,3628,109,320,1,3,2,1,4,1,2,0,0,0,0,0,0,0
29300,9866,3503,117,345,2,0,5,1,9,4,1,0,0,0,0,0,0,0
29400,9880,3464,110,379,3,2,5,4,2,1,0,1,0,0,0,0,0,0
29500,9873,3846,115,317,4,0,4,2,3,1,1,0,0,0,0,0,0,0
29600,9866,3843,118,286,3,0,2,1,11,4,0,1,0,0,0,0,0,0
29700,9861,3882,128,353,5,3,4,1,0,4,2,0,0,0,0,0,0,0
29800,9857,4035,128,346,3,0,5,1,4,0,3,1,0,0,0,0,0,0
29900,9858,4181,135,344,1,3,3,0,2,3,1,0,0,0,0,0,0,0
30000,9848,3983,143,421,3,1,2,0,4,2,0,2,0,0,0,0,0,0
30100,9889,4179,93,484,3,0,8,0,4,0,3,1,0,0,0,0,0,0
30200,9893,3991,95,459,0,0,8,2,2,0,2,1,0,0,0,0,0,0
30300,9899,3969,94,382,0,2,3,0,3,1,1,0,0,0,0,0,0,0
30400,9891,3785,95,253,4,10,4,1,4,2,2,0,0,0,0,0,0,0
30500,9886,4194,95,132,4,2,10,2,5,5,0,2,0,0,0,0,0,0
30600,9896,4375,92,123,3,4,7,2,2,7,0,0,0,0,0,0,0,0
30700,9890,4357,98,120,1,0,6,1,4,1,1,0,0,0,0,0,0,0
30800,9885,5186,103,131,4,1,4,0,2,1,2,1,0,0,0,0,0,0
30900,9885,4235,100,122,2,7,9,5,3,0,1,0,0,0,0,0,0,0
31000,9891,4622,98,135,1,5,4,5,6,1,0,2,0,0,0,0,0,0
31100,9877,4671,104,114,3,1,9,0,5,2,2,0,0,0,0,0,0,0
31200,9884,4603,101,115,2,1,7,1,6,1,0,1,0,0,0,0,0,0
31300,9879,3917,110,88,1,10,7,1,3,2,0,2,0,0,0,0,0,0
31400,9865,3312,113,238,5,2,7,1,8,1,2,1,0,0,0,0,0,0
31500,9873,3625,116,283,1,3,4,2,3,3,3,0,0,0,0,0,0,0
31600,9846,3360,142,571,1,2,6,1,3,0,2,0,0,0,0,0,0,0
31700,9831,3095,153,751,5,1,7,0,3,2,1,0,0,0,0,0,0,0
31800,9834,3407,145,749,2,1,10,3,6,4,3,2,0,0,0,0,0,0
31900,9840,3346,150,1008,2,3,2,1,3,5,3,0,0,0,0,0,0,0
32000,9842,3333,145,890,2,3,5,5,3,3,3,0,0,0,0,0,0,0
32100,9842,3229,133,845,5,3,14,1,5,4,1,1,0,0,0,0,0,0
32200,9858,3306,128,750,2,2,7,1,1,0,4,2,0,0,0,0,0,0
32300,9874,4011,107,674,4,0,9,1,5,2,1,0,0,0,0,0,0,0
32400,9871,3446,113,632,1,1,8,2,7,8,0,0,0,0,0,0,0,0
32500,9875,3688,105,556,2,0,11,4,5,0,2,0,0,0,0,0,0,0
32600,9881,3118,100,612,5,0,11,1,3,3,0,0,0,0,0,0,0,0
32700,9884,2912,104,702,1,1,5,1,5,1,1,0,0,0,0,0,0,0
32800,9883,2521,102,735,1,3,7,0,7,1,0,0,0,0,0,0,0,0
32900,9892,2843,95,673,2,0,4,2,7,1,0,0,0,0,0,0,0,0
33000,9892,3138,99,516,1,0,2,5,4,1,2,1,0,0,0,0,0,0
33100,9908,3285,74,492,1,1,12,3,2,0,3,2,0,0,0,0,0,0
33200,9898,3640,85,506,3,1,10,0,4,2,0,0,0,0,0,0,0,0
33300,9897,3347,93,492,0,2,4,0,5,1,1,1,0,0,0,0,0,0
33400,9913,3218,79,422,2,0,4,1,0,1,2,0,0,0,0,0,0,0
33500,9918,3016,72,447,2,1,4,2,3,1,1,0,0,0,0,0,0,0
33600,9911,3022,72,411,4,2,9,2,3,1,1,0,0,0,0,0,0,0
33700,9912,3530,74,373,1,2,9,3,3,2,1,1,0,0,0,0,0,0
33800,9914,3932,74,390,8,1,3,2,0,5,1,0,0,0,0,0,0,0
33900,9917,3857,75,486,1,5,3,0,2,4,2,0,0,0,0,0,0,0
34000,9911,3044,72,601,3,2,7,1,4,1,2,3,1,0,0,0,0,0
34100,9925,3342,68,739,3,1,1,1,2,3,1,0,0,0,0,0,0,0
34200,9913,3810,76,636,3,5,5,0,2,2,1,3,0,0,0,0,0,0
34300,9929,3213,59,800,0,2,7,1,4,3,1,0,0,0,0,0,0,0
34400,9929,2803,57,828,5,2,5,1,3,4,1,2,0,0,0,0,0,0
34500,9929,3215,54,627,3,5,9,0,3,0,2,1,0,0,0,0,0,0
34600,9935,3675,54,413,1,1,9,2,0,4,1,0,0,0,0,0,0,0
34700,9927,3693,61,300,3,2,6,1,2,4,1,0,0,0,0,0,0,0
34800,9936,3914,47,371,3,1,10,2,3,1,1,0,0,0,0,0,0,0
34900,9933,4283,55,401,0,0,10,1,1,1,1,0,0,0,0,0,0,0
35000,9925,3493,61,380,1,0,7,1,3,2,3,0,0,0,0,0,0,0
35100,9916,2767,64,484,4,0,7,2,6,0,3,1,0,0,0,0,0,0
35200,9927,2743,62,658,0,0,7,1,2,0,2,0,0,0,0,0,0,0
35300,9932,3244,50,598,4,2,10,1,3,0,1,0,0,0,0,0,0,0
35400,9933,3959,50,413,1,1,13,4,2,1,1,0,0,0,0,0,0,0
35500,9931,4137,58,475,2,1,5,1,3,0,1,1,0,0,0,0,0,0
35600,9924,4604,61,504,2,1,9,2,3,5,1,0,0,0,0,0,0,0
35700,9924,4221,65,452,1,0,8,2,1,0,1,0,0,0,0,0,0,0
35800,9917,3709,68,493,4,1,4,1,6,1,1,1,0,0,0,0,0,0
35900,9924,3491,62,455,2,1,9,1,2,0,1,3,0,0,0,0,0,0
36000,9921,3533,65,311,2,4,6,2,4,2,2,2,0,0,0,0,0,0
36100,9895,3730,91,330,2,0,6,3,5,1,1,0,0,0,0,0,0,0
36200,9888,3640,104,329,2,1,4,7,2,1,0,0,0,0,0,0,0,0
36300,9881,2848,103,308,2,0,6,0,7,2,1,0,0,0,0,0,0,0
36400,9889,2905,97,307,4,2,9,1,0,1,1,0,0,0,0,0,0,0
36500,9885,3035,100,317,3,0,3,0,8,0,1,1,0,0,0,0,0,0
36600,9894,3040,97,336,3,0,5,4,1,1,0,0,0,0,0,0,0,0
36700,9912,3603,77,319,1,0,6,0,2,4,2,0,0,0,0,0,0,0
36800,9907,3367,81,306,1,0,5,0,4,4,2,1,0,0,0,0,0,0
36900,9901,3394,84,314,1,1,6,3,3,0,3,1,2,0,0,0,0,0
37000,9888,3379,86,354,1,0,22,2,2,0,1,0,0,0,0,0,0,0
37100,9887,3356,88,347,3,0,19,1,3,1,0,1,0,0,0,0,0,0
37200,9896,4041,83,329,1,1,12,3,6,0,2,0,0,0,0,0,0,0
37300,9893,3502,86,228,3,1,15,1,2,1,1,0,0,0,0,0,0,0
37400,9896,2990,79,270,2,0,17,0,5,2,1,0,0,0,0,0,0,0
37500,9889,3056,86,294,1,0,19,0,5,0,0,1,0,0,0,0,0,0
37600,9895,3792,86,333,4,2,13,1,1,0,1,1,0,0,0,0,0,0
37700,9901,4081,78,318,0,0,18,1,2,1,1,0,0,0,0,0,0,0
37800,9898,4032,81,235,1,0,14,2,4,0,2,0,0,0,0,0,0,0
37900,9890,4266,79,183,3,0,23,1,5,0,0,1,0,0,0,0,0,0
38000,9895,3550,81,177,1,2,19,0,3,0,1,2,0,0,0,0,0,0
38100,9904,3315,74,184,3,0,18,0,1,0,0,1,0,0,0,0,0,0
38200,9901,3104,75,254,2,2,11,4,8,1,3,0,0,0,0,0,0,0
38300,9908,3126,78,151,2,2,6,1,2,0,3,0,1,0,0,0,0,0
38400,9945,3285,49,162,0,1,5,0,1,0,0,0,0,0,0,0,0,0
38500,9969,3235,20,289,2,0,4,1,3,0,2,0,0,0,0,0,0,0
38600,9963,2959,22,234,3,0,6,0,4,0,2,0,0,0,0,0,0,0
38700,9964,3062,22,232,4,0,4,1,5,0,1,0,0,0,0,0,0,0
38800,9961,3029,21,219,5,3,4,0,7,4,2,1,0,0,0,0,0,0
38900,9967,2959,16,218,4,1,5,3,8,0,0,0,0,0,0,0,0,0
39000,9931,3009,53,227,3,1,8,4,3,1,2,0,0,0,0,0,0,0
39100,9964,3097,17,237,1,1,9,0,6,0,3,3,0,0,0,0,0,0
39200,9967,3598,12,246,8,0,11,0,2,2,0,2,0,0,0,0,0,0
39300,9967,3524,21,244,1,0,9,0,2,0,0,0,0,0,0,0,0,0
39400,9959,2755,27,240,4,0,8,9,1,1,1,1,0,0,0,0,0,0
39500,9968,3050,17,249,2,0,5,6,5,0,2,1,0,0,1,0,0,0
39600,9964,2882,15,240,4,1,11,1,4,0,2,0,0,0,0,0,0,0
39700,9968,2921,16,238,4,2,7,1,5,1,0,0,0,0,0,0,0,0
39800,9962,3029,19,242,5,0,10,0,3,1,1,1,0,0,0,0,0,0
39900,9956,2304,19,242,3,0,12,4,9,0,1,0,0,0,0,0,0,0
40000,9959,2209,20,207,4,1,15,0,1,6,1,0,0,0,0,0,0,0
40100,9965,2393,21,211,1,0,9,0,2,0,2,2,0,0,0,0,0,0
40200,9970,2741,13,203,4,0,12,0,0,1,1,1,0,0,0,0,0,0
40300,9969,2744,17,194,3,1,6,1,4,0,1,0,0,0,0,0,0,0
40400,9959,3098,30,199,2,2,6,0,3,4,0,0,0,0,0,0,0,0
40500,9956,3088,28,201,3,0,12,1,0,1,1,0,0,0,0,0,0,0
40600,9961,2809,24,142,0,2,9,3,6,0,0,0,0,0,0,0,0,0
40700,9959,2836,22,161,4,7,9,0,5,2,1,1,0,0,0,0,0,0
40800,9963,3051,20,144,2,0,11,0,2,2,2,0,0,0,0,0,0,0
40900,9962,3317,22,168,1,0,7,1,7,1,1,1,0,0,0,0,0,0
41000,9957,3179,27,194,1,0,11,1,2,0,2,2,0,0,0,0,0,0
41100,9950,3575,29,119,5,0,9,0,4,0,3,1,0,0,0,0,0,0
41200,9977,3031,14,33,2,2,6,0,1,0,0,0,0,0,0,0,0,0
41300,9964,3289,16,38,2,2,14,0,3,0,1,0,0,0,0,0,0,0
41400,9972,3421,16,38,1,6,10,0,0,0,1,0,0,0,0,0,0,0
41500,9962,3930,26,34,1,5,8,0,3,0,0,0,0,0,0,0,0,0
41600,9967,3665,20,33,0,1,12,0,0,3,1,0,0,0,0,0,0,0
41700,9960,3174,27,20,0,0,11,1,2,1,0,0,0,0,0,0,0,0
41800,9950,3064,28,21,3,0,13,0,5,0,1,0,0,0,0,0,0,0
41900,9954,3074,24,20,3,0,14,0,4,0,1,1,0,0,0,0,0,0
42000,9966,3127,22,22,1,2,7,1,4,0,0,0,0,0,0,0,0,0
42100,9966,3352,17,9,1,2,14,0,1,0,1,1,0,0,0,0,0,0
42200,9943,3496,23,1,5,0,23,0,5,1,1,0,0,0,0,0,0,0
42300,9961,3374,19,4,4,0,10,0,5,2,1,1,0,0,0,0,0,0
42400,9971,3363,15,10,1,1,8,0,3,1,2,1,0,0,0,0,0,0
42500,9971,3473,17,6,2,1,9,0,0,0,1,0,0,0,0,0,0,0
42600,9969,2992,17,5,5,0,7,1,2,0,0,1,0,0,0,0,0,0
42700,9969,3222,11,2,0,1,15,0,5,1,0,0,0,0,0,0,0,0
42800,9967,2601,13,2,5,0,14,0,1,0,0,0,0,0,0,0,0,0
42900,9968,2773,16,7,0,0,14,0,2,0,0,0,0,0,0,0,0,0
43000,9974,3438,12,8,4,1,7,2,3,1,0,0,0,0,0,0,0,0
43100,9973,3720,11,6,4,0,10,0,2,1,0,1,0,0,0,0,0,0
43200,9983,2793,2,5,0,1,13,0,2,1,0,0,0,0,0,0,0,0
43300,9979,3005,6,8,3,0,10,0,2,1,0,0,0,0,0,0,0,0
43400,9980,3474,9,6,2,1,8,1,0,0,1,0,0,0,0,0,0,0
43500,9978,3339,8,12,2,1,9,1,3,0,0,0,0,0,0,0,0,0
43600,9965,3237,16,12,3,0,13,0,1,3,2,1,0,0,0,0,0,0
43700,9981,3004,9,7,1,0,4,3,5,0,0,0,0,0,0,0,0,0
43800,9970,3138,17,18,0,0,7,0,3,0,3,0,0,0,0,0,0,0
43900,9974,3692,11,5,1,3,10,1,3,1,1,0,0,0,0,0,0,0
44000,9977,4212,10,35,2,1,7,2,2,0,2,0,0,0,0,0,0,0
44100,9981,3789,9,80,1,1,5,0,3,2,1,0,0,0,0,0,0,0
44200,9990,3479,4,61,0,0,0,0,4,0,2,1,0,0,0,0,0,0
44300,9983,3657,9,8,0,1,2,1,5,0,1,1,0,0,0,0,0,0
44400,9988,3606,6,6,3,0,1,1,2,2,0,1,0,0,0,0,0,0
44500,9992,3491,6,3,0,2,0,0,2,1,0,0,0,0,0,0,0,0
44600,9981,3246,10,15,4,0,2,0,1,1,2,2,0,0,0,0,0,0
44700,9984,3242,8,3,6,0,0,1,1,1,1,0,0,0,0,0,0,0
44800,9980,3418,9,4,2,0,3,0,5,0,1,0,0,0,0,0,0,0
44900,9985,3399,7,0,2,0,0,0,4,1,2,0,0,0,0,0,0,0
45000,9989,2753,8,0,0,2,2,1,1,1,0,0,0,0,0,0,0,0
45100,9981,2764,7,3,3,2,8,0,1,1,0,0,0,0,0,0,0,0
45200,9974,2718,10,3,5,2,9,0,1,0,1,0,0,0,0,0,0,0
45300,9983,3376,10,4,1,1,3,1,2,0,1,1,0,0,0,0,0,0
45400,9994,3423,2,1,1,3,1,0,1,0,1,1,0,0,0,0,0,0
45500,9982,2668,9,6,0,2,3,1,6,0,0,0,0,0,0,0,0,0
45600,9978,2062,10,0,3,0,4,2,4,0,1,0,0,0,0,0,0,0
45700,9979,2557,10,10,2,0,3,0,6,3,0,0,0,0,0,0,0,0
45800,9986,2894,9,12,2,0,2,0,1,0,0,0,0,0,0,0,0,0
45900,9981,2458,11,7,2,1,0,0,5,0,1,0,0,0,0,0,0,0
46000,9985,2686,8,3,2,1,0,0,5,0,0,0,0,0,0,0,0,0
46100,9981,2768,9,3,3,0,1,1,6,1,0,0,0,0,0,0,0,0
46200,9985,2972,6,8,0,0,6,2,2,1,1,0,0,0,0,0,0,0
46300,9994,2885,2,0,3,0,1,0,0,0,0,2,0,0,0,0,0,0
46400,9982,2729,6,0,4,0,2,2,6,1,0,0,0,0,0,0,0,0
46500,9983,3055,8,0,1,0,1,0,3,0,4,0,0,0,0,0,0,0
46600,9976,2983,13,0,1,1,3,0,5,0,2,1,0,0,0,0,0,0
46700,9986,2709,9,28,1,0,1,1,1,1,2,0,0,0,0,0,0,0
46800,9985,2958,5,4,2,0,3,1,3,0,2,0,0,0,0,0,0,0
46900,9977,2907,14,29,2,0,4,1,3,1,0,1,0,0,0,0,0,0
47000,9992,2716,4,20,2,0,1,2,1,0,0,0,0,0,0,0,0,0
47100,9982,2207,9,39,4,0,2,1,3,1,0,0,0,0,0,0,0,0
47200,9986,1991,5,10,3,0,2,0,4,1,0,0,0,0,0,0,0,0
47300,9996,2285,1,6,1,0,0,0,1,1,1,1,0,0,0,0,0,0
47400,9992,1977,1,27,2,0,2,0,3,0,0,0,0,0,0,0,0,0
47500,9991,2129,3,55,1,0,1,1,3,0,1,0,0,0,0,0,0,0
47600,9987,2195,4,11,2,0,4,0,3,0,0,0,0,0,0,0,0,0
47700,9986,1866,6,12,4,1,3,0,1,3,0,0,0,0,0,0,0,0
47800,9989,1993,2,3,2,2,4,0,3,1,0,0,0,0,0,0,0,0
47900,9988,2143,3,0,3,0,5,1,0,0,1,0,0,0,0,0,0,0
48000,9993,2391,2,4,2,0,1,0,0,0,2,1,0,0,0,0,0,0
48100,9989,2213,4,9,2,0,2,0,2,3,1,1,0,0,0,0,0,0
48200,9984,2503,5,6,5,0,3,0,0,0,3,0,0,0,0,0,0,0
48300,9972,2423,10,5,3,0,8,0,6,0,1,0,0,0,0,0,0,0
48400,9986,2786,5,71,1,0,3,3,4,0,1,1,0,0,0,0,0,0
48500,9991,2839,3,39,1,0,1,4,2,0,2,0,0,0,0,0,0,0
48600,9984,3394,4,3,4,0,3,2,3,1,2,0,0,0,0,0,0,0
48700,9983,3166,7,5,2,0,2,1,5,2,1,0,0,0,0,0,0,0
48800,9987,3164,7,0,1,0,3,0,2,0,0,0,0,0,0,0,0,0
48900,9985,2394,7,0,4,0,2,2,1,0,1,0,0,0,0,0,0,0
49000,9980,2140,9,3,3,0,3,2,4,1,1,1,0,0,0,0,0,0
49100,9984,2610,8,0,4,1,0,3,3,2,1,0,0,0,0,0,0,0
49200,9972,3023,12,0,3,0,7,0,6,1,0,0,0,0,0,0,0,0
49300,9946,3129,35,76,4,1,6,1,6,0,3,2,0,0,0,0,0,0
49400,9942,3275,43,69,2,1,8,0,3,0,2,1,0,0,0,0,0,0
49500,9946,3126,31,1,4,1,9,0,8,0,2,0,0,0,0,0,0,0
49600,9945,2653,37,13,5,0,7,2,5,0,1,0,0,0,0,0,0,0
49700,9956,2805,34,0,3,2,4,0,3,1,0,0,0,0,0,0,0,0
49800,9948,3061,34,6,2,4,6,1,6,1,4,0,0,0,0,0,0,0
49900,9954,3590,29,2,3,1,8,0,6,0,0,0,0,0,0,0,0,0
50000,9948,3669,33,0,2,1,8,0,8,1,1,0,0,0,0,0,0,0
50100,9948,3200,36,6,2,0,9,0,3,0,2,1,0,0,0,0,0,0
50200,9951,2906,30,12,5,0,11,0,1,0,2,0,0,0,0,0,0,0
50300,9944,2917,28,7,4,0,14,0,8,1,2,1,0,0,0,0,0,0
50400,9951,2712,30,9,2,0,12,3,4,1,1,0,0,0,0,0,0,0
50500,9957,3205,30,12,1,0,12,2,0,1,0,0,0,0,0,0,0,0
50600,9948,3166,28,5,3,0,15,0,5,1,1,0,0,0,0,0,0,0
50700,9948,3134,27,0,6,0,12,1,3,0,4,0,0,0,0,0,0,0
50800,9938,2877,41,8,5,3,12,1,3,2,1,0,0,0,0,0,0,0
50900,9934,3128,55,18,5,1,4,1,2,0,0,0,0,0,0,0,0,0
51000,9933,3148,56,0,2,1,7,0,2,0,0,0,0,0,0,0,0,0
51100,9945,3859,47,0,1,0,1,0,4,1,2,0,0,0,0,0,0,0
51200,9927,3258,65,1,0,1,6,0,2,2,0,0,0,0,0,0,0,0
51300,9916,3206,71,4,5,0,5,0,2,0,1,1,0,0,0,0,0,0
51400,9916,2871,70,1,2,0,3,1,6,1,3,0,0,0,0,0,0,0
51500,9923,2785,70,0,3,0,1,1,2,1,1,0,0,0,0,0,0,0
51600,9911,3062,74,14,2,1,8,3,5,0,0,0,0,0,0,0,0,0
51700,9911,3157,73,5,5,2,5,3,6,0,0,0,0,0,0,0,0,0
51800,9900,3092,86,20,3,1,2,0,7,2,2,0,0,0,0,0,0,0
51900,9931,3071,63,21,1,1,2,0,2,0,1,0,0,0,0,0,0,0
52000,9922,3306,62,27,5,2,5,0,5,0,1,1,0,0,0,0,0,0
52100,9929,3221,62,0,6,1,1,1,2,4,0,0,0,0,0,0,0,0
52200,9921,2775,67,0,5,1,3,0,3,0,1,0,0,0,0,0,0,0
52300,9914,3157,74,44,0,1,3,3,6,0,3,0,0,0,0,0,0,0
52400,9918,2897,64,12,4,1,6,0,5,0,3,1,0,0,0,0,0,0
52500,9927,3097,60,5,5,1,2,2,6,1,0,0,0,0,0,0,0,0
52600,9920,3012,69,11,2,1,4,0,4,0,1,0,0,0,0,0,0,0
52700,9913,2384,67,7,3,0,11,0,4,0,2,0,0,0,0,0,0,0
52800,9934,3311,51,5,4,0,4,1,3,1,4,0,0,0,0,0,0,0
52900,9927,3255,50,2,1,1,14,0,7,0,1,0,0,0,0,0,0,0
53000,9929,3198,54,15,2,0,8,0,4,0,3,0,0,0,0,0,0,0
53100,9934,3205,48,4,3,1,11,1,4,0,0,0,0,0,0,0,0,0
53200,9961,2984,19,65,6,0,10,0,4,1,0,1,0,0,0,0,0,0
53300,9970,2947,19,7,0,0,8,0,1,0,2,1,0,0,0,1,0,0
53400,9949,2330,26,6,3,0,14,0,6,0,2,0,0,0,0,0,0,0
53500,9962,2616,22,0,1,0,12,1,3,0,0,0,0,0,0,0,0,0
53600,9947,3054,23,0,2,0,16,1,8,0,4,0,0,0,0,0,0,0
53700,9956,3395,19,7,3,0,20,0,1,0,1,0,0,0,0,0,0,0
53800,9968,3032,18,2,2,2,10,0,1,1,1,2,0,0,0,0,0,0
53900,9958,3245,18,0,3,0,17,0,4,0,0,0,0,0,0,0,0,0
54000,9957,3344,18,3,2,0,17,0,5,2,1,0,0,0,0,0,0,0
54100,9951,3218,17,6,3,0,24,0,5,1,0,0,0,0,0,0,0,0
54200,9955,3143,18,0,0,2,20,0,6,1,1,0,0,0,0,0,0,0
54300,9963,3393,16,7,2,0,13,4,6,1,0,1,0,0,0,0,0,0
54400,9962,3205,16,11,3,0,16,0,2,1,1,1,0,0,0,0,0,0
54500,9957,3151,19,10,1,1,18,0,4,0,1,0,0,0,0,0,0,0
54600,9964,4092,11,7,3,3,12,0,8,0,2,0,0,0,0,0,0,0
54700,9967,4120,14,0,6,0,7,0,3,3,3,2,0,0,0,0,0,0
54800,9967,4315,11,2,2,0,15,0,3,0,2,1,0,0,0,0,0,0
54900,9949,4070,14,12,4,2,30,0,3,1,0,2,0,0,0,0,0,0
55000,9946,3761,27,13,4,0,13,0,8,4,2,0,0,0,0,0,0,0
55100,9949,4182,24,4,2,0,18,0,5,3,2,0,0,0,0,0,0,0
55200,9949,3987,34,0,2,1,9,0,3,0,3,1,0,0,0,0,0,0
55300,9960,3558,31,2,0,0,8,1,1,1,0,1,0,0,0,0,0,0
55400,9940,3762,35,3,4,1,17,2,3,1,1,1,0,0,0,0,0,0
55500,9957,3845,27,5,1,0,11,1,3,0,1,0,0,0,0,0,0,0
55600,9952,4135,26,2,5,0,11,0,4,0,2,0,0,0,0,0,0,0
55700,9951,3739,28,0,2,0,14,0,4,0,1,0,0,0,0,0,0,0
55800,9949,3081,26,7,5,1,12,0,6,3,2,0,0,0,0,0,0,0
55900,9957,3145,28,8,3,4,7,0,5,0,0,0,0,0,0,0,0,0
56000,9965,2776,26,5,1,2,5,0,2,0,1,0,0,0,0,0,0,0
56100,9956,2605,30,6,2,1,8,0,3,0,1,0,0,0,0,0,0,0
56200,9954,2364,22,9,7,0,10,0,5,1,2,0,0,0,0,0,0,0
56300,9968,2996,20,6,1,2,7,0,2,5,2,0,0,0,0,0,0,0
56400,9978,3349,15,30,3,1,3,1,1,2,0,0,0,0,0,0,0,0
56500,9969,3236,18,42,0,0,6,3,6,0,1,0,0,0,0,0,0,0
56600,9968,3021,14,37,7,2,2,2,3,0,6,0,0,0,0,0,0,0
56700,9974,2601,18,101,2,0,3,0,3,0,0,1,0,0,0,0,0,0
56800,9962,3049,27,73,0,0,5,0,2,1,4,0,0,0,0,0,0,0
56900,9955,3272,25,60,4,0,8,0,5,1,3,0,0,0,0,0,0,0
57000,9953,2990,29,65,2,0,11,1,3,2,2,0,0,0,0,0,0,0
57100,9953,2837,34,13,2,2,6,4,5,1,0,0,0,0,0,0,0,0
57200,9946,3235,38,2,3,0,8,0,3,0,2,0,0,0,0,0,0,0
57300,9944,3013,36,4,2,1,11,0,5,1,2,0,0,0,0,0,0,0
57400,9941,2713,36,8,0,2,14,0,9,0,0,1,0,0,0,0,0,0
57500,9943,2653,42,10,3,0,9,0,3,0,0,0,0,0,0,0,0,0
57600,9948,2639,37,5,2,0,12,0,1,0,0,0,0,0,0,0,0,0
57700,9945,3132,34,2,3,0,16,0,2,0,0,0,0,0,0,0,0,0
57800,9943,3500,38,0,1,1,12,0,3,1,3,1,0,0,0,0,0,0
57900,9946,3486,35,1,1,0,14,0,3,0,1,0,0,0,0,0,0,0
58000,9947,3663,31,5,3,0,7,1,10,0,2,0,0,0,0,0,0,0
58100,9943,2577,36,20,1,1,15,0,4,1,1,0,0,0,0,0,0,0
58200,9944,2494,39,25,1,0,14,0,2,1,0,0,0,0,0,0,0,0
58300,9936,2460,40,38,4,0,17,1,3,0,0,0,0,0,0,0,0,0
58400,9934,2593,37,45,6,3,16,0,5,1,2,0,0,0,0,0,0,0
58500,9955,2482,27,35,4,2,12,3,2,2,0,0,0,0,0,0,0,0
58600,9963,2830,19,40,2,2,10,1,5,1,1,2,0,0,0,0,0,0
58700,9959,2992,29,76,1,1,8,1,3,1,0,1,0,0,0,0,0,0
58800,9960,3232,26,16,4,1,7,0,1,0,2,0,0,0,0,0,0,0
58900,9947,3107,29,32,13,0,10,1,1,1,0,1,0,0,0,0,0,0
59000,9951,3242,29,22,9,1,10,0,0,6,1,0,0,0,0,0,0,0
59100,9946,3298,26,17,10,1,13,1,2,3,2,1,1,0,0,0,0,0
59200,9950,3388,31,13,9,0,8,0,0,1,2,0,0,0,0,0,0,0
59300,9944,2978,27,1,8,0,17,0,3,0,1,0,0,0,0,0,0,0
59400,9939,2861,28,9,7,4,17,0,7,1,2,0,0,0,0,0,0,0
59500,9928,2722,43,31,11,2,9,0,9,0,0,0,0,0,0,0,0,0
59600,9940,3139,37,44,9,1,12,0,2,1,0,0,0,0,0,0,0,0
59700,9946,3545,26,45,12,2,9,1,3,3,4,1,0,0,0,0,0,0
59800,9959,3296,21,47,7,0,9,0,4,3,0,0,0,1,0,0,0,0
59900,9958,3004,25,31,8,0,4,0,3,1,2,0,0,0,0,0,0,0
60000,9963,2961,28,16,1,0,4,1,4,1,0,0,0,0,0,0,0,0
60100,9966,3066,23,2,0,1,5,0,3,1,3,0,0,0,0,0,0,0
60200,9966,3093,21,1,1,0,7,0,5,2,0,1,0,0,0,0,0,0
60300,9982,3258,0,6,4,0,6,0,4,1,1,0,3,0,0,0,0,0
60400,9985,3108,1,2,3,0,5,0,5,0,1,1,0,0,0,0,0,0
60500,9989,3674,0,0,0,0,7,0,2,0,2,0,0,0,0,0,0,0
60600,9981,3272,3,2,2,0,8,0,3,0,3,1,0,0,0,0,0,0
60700,9986,3024,1,0,1,0,9,2,3,4,0,3,0,0,0,0,0,0
60800,9983,2770,2,0,2,0,9,0,2,0,2,0,0,0,0,0,0,0
60900,9978,2954,4,0,3,0,9,0,6,0,0,0,0,0,0,0,0,0
61000,9981,2975,4,26,2,1,9,1,4,0,0,0,0,0,0,0,0,0
61100,9984,3466,3,82,4,0,2,2,3,4,4,1,0,0,0,0,0,0
61200,9981,3826,7,65,1,1,5,0,3,0,3,1,0,0,0,0,0,0
61300,9971,3956,6,0,4,0,10,0,7,0,2,0,0,0,0,0,0,0
61400,9980,3161,7,3,1,0,8,1,3,0,1,0,0,0,0,0,0,0
61500,9956,3363,15,8,3,0,19,0,5,1,2,1,0,0,0,0,0,0
61600,9957,3414,16,12,3,0,19,1,4,1,1,1,0,0,0,0,0,0
61700,9914,3717,61,6,4,0,15,1,3,1,3,1,0,0,0,0,0,0
61800,9903,4034,74,2,2,2,19,0,2,2,0,0,0,0,0,0,0,0
61900,9901,4041,69,0,4,1,19,0,5,2,2,2,0,0,0,0,0,0
62000,9904,4296,69,2,4,1,16,1,5,2,2,1,0,0,0,0,0,0
62100,9907,3559,71,2,1,0,15,0,3,1,3,0,0,0,0,0,0,0
62200,9900,3416,71,24,2,2,18,2,5,2,4,1,0,0,0,0,0,0
62300,9911,3028,61,15,4,0,20,1,4,0,0,0,0,0,0,0,0,0
62400,9908,3315,63,12,3,1,21,0,3,1,2,1,0,0,0,0,0,0
62500,9905,3900,65,20,3,0,24,0,3,0,0,0,0,0,0,0,0,0
62600,9899,3410,61,126,7,1,27,1,6,0,0,1,0,0,0,0,0,0
62700,9908,3600,61,36,6,1,21,3,3,2,1,0,0,0,0,0,0,0
62800,9916,3802,58,72,4,4,21,0,1,3,0,2,0,0,0,0,0,0
62900,9913,3546,59,111,4,0,18,2,5,2,1,0,0,0,0,0,0,0
63000,9907,3363,63,87,1,2,24,0,5,1,0,0,0,0,0,0,0,0
63100,9909,3756,58,145,4,1,20,0,5,0,4,0,0,0,0,0,0,0
63200,9911,4069,60,248,2,0,20,0,6,1,1,0,0,0,0,0,0,0
63300,9917,3827,62,216,2,0,12,0,5,3,2,0,0,0,0,0,0,0
63400,9922,3147,64,289,5,1,5,1,3,2,1,0,0,0,0,0,0,0
63500,9929,3348,58,337,4,1,3,1,5,2,1,1,0,0,0,0,0,0
63600,9873,3669,115,109,3,0,7,0,2,0,0,0,0,0,0,0,0,0
63700,9862,3685,120,139,5,2,6,1,5,1,2,0,0,0,0,0,0,0
63800,9918,3391,65,128,3,0,9,0,4,0,1,0,0,0,0,0,0,0
63900,9923,3342,58,99,5,0,8,3,2,1,3,0,1,0,0,0,0,0
64000,9915,3361,63,161,4,0,13,1,3,0,2,1,0,1,0,0,0,0
64100,9866,3763,116,173,3,2,11,0,3,1,1,0,0,0,0,0,0,0
64200,9865,3352,122,152,3,0,5,0,4,1,1,2,0,0,0,0,0,0
64300,9849,3646,126,151,2,1,11,0,12,0,0,1,0,0,0,0,0,0
64400,9918,3587,68,150,3,1,6,0,4,0,1,1,0,0,0,0,0,0
64500,9932,3545,60,257,2,2,2,1,4,0,0,2,0,0,0,0,0,0
64600,9931,3964,60,173,2,3,3,1,3,3,1,0,0,0,0,0,0,0
64700,9947,3717,29,186,4,4,11,0,3,1,6,0,0,0,0,0,0,0
64800,9991,3801,3,181,1,3,3,0,0,1,2,1,0,0,0,0,0,0
64900,9978,4100,4,168,3,1,7,2,5,1,2,0,1,0,0,0,0,0
65000,9980,4173,2,223,6,0,3,3,7,0,2,0,0,0,0,0,0,0
65100,9979,4054,4,235,6,0,4,2,6,1,1,0,0,0,0,0,0,0
65200,9988,3833,4,119,1,0,1,1,4,1,2,1,0,0,0,0,0,0
65300,9984,3271,4,161,3,0,4,0,3,0,2,1,0,1,0,0,0,0
65400,9957,3401,21,163,14,2,3,1,4,0,1,0,0,0,0,0,0,0
65500,9962,3871,20,165,11,0,1,1,5,0,1,0,0,0,0,0,0,0
65600,9962,3532,17,169,10,3,6,2,2,1,3,0,0,0,0,0,0,0
65700,9950,3103,23,206,11,5,11,0,5,2,0,1,0,0,0,0,0,0
65800,9955,3613,21,184,9,0,9,1,5,1,1,0,0,0,0,0,0,0
65900,9952,4046,20,225,13,0,8,1,5,0,2,0,0,0,0,0,0,0
66000,9957,4325,21,330,9,1,9,3,3,1,1,1,0,0,0,0,0,0
66100,9955,3944,19,315,9,0,12,0,3,2,2,1,0,0,0,0,0,0
66200,9949,3698,21,411,10,3,15,0,3,1,2,1,0,0,0,0,0,0
66300,9947,3673,22,551,12,1,13,1,4,0,2,0,0,0,0,0,0,0
66400,9953,3640,19,518,11,1,16,1,0,1,1,0,0,0,0,0,0,0
66500,9952,4058,17,528,10,1,16,0,4,2,1,2,0,0,0,0,0,0
66600,9951,3720,16,357,13,2,12,1,5,1,3,2,0,0,0,0,0,0
66700,9949,3907,19,362,10,3,16,3,5,2,1,1,0,0,0,0,0,0
66800,9961,3782,14,411,8,1,13,1,4,0,0,0,0,1,0,0,0,0
66900,9973,3556,2,449,10,0,11,2,3,1,1,0,0,0,0,0,0,0
67000,9958,2820,6,420,11,1,18,2,4,0,3,1,0,0,0,0,0,0
67100,9970,3107,3,278,9,1,11,1,7,2,0,0,0,0,0,0,0,0
67200,9975,3430,6,236,10,1,6,2,3,0,0,0,0,0,0,0,0,0
67300,9981,3313,1,264,10,1,6,0,2,0,0,0,0,0,0,0,0,0
67400,9974,3940,6,252,12,0,6,0,2,0,0,1,0,0,0,0,0,0
67500,9971,3900,3,277,10,1,5,0,11,4,0,0,0,0,0,0,0,0
67600,9968,3478,5,212,12,0,8,1,7,2,0,0,0,0,0,0,0,0
67700,9978,3646,3,358,8,0,7,1,3,0,1,0,0,0,0,0,0,0
67800,9975,3468,1,494,11,1,6,7,7,3,0,1,0,0,0,0,0,0
67900,9973,3578,4,268,11,2,8,1,3,3,1,0,0,0,0,0,0,0
68000,9964,4223,11,311,12,3,10,2,3,3,0,0,0,0,0,0,0,0
68100,9974,4939,10,329,8,2,7,5,0,1,1,1,0,0,0,0,0,0
68200,9963,4751,21,285,9,3,3,1,3,1,1,1,0,0,0,0,0,0
68300,9964,4539,15,272,13,2,4,1,4,1,0,1,0,0,0,0,0,0
68400,9963,4216,15,339,12,5,8,0,1,0,1,3,0,0,0,0,0,0
68500,9962,3638,13,359,12,7,8,0,3,2,2,1,0,0,0,0,0,0
68600,9940,4088,35,489,10,5,8,1,7,1,0,0,0,0,0,0,0,0
68700,9909,3877,69,392,9,1,7,0,4,2,2,1,0,0,0,0,0,0
68800,9913,4118,65,281,11,0,7,0,2,2,2,1,0,0,0,0,0,0
68900,9915,4372,66,412,11,2,6,0,2,2,0,1,0,0,0,0,0,0
69000,9919,4189,67,425,10,0,2,0,2,1,0,1,0,0,0,0,0,0
69100,9911,3725,68,345,11,3,6,1,4,3,0,0,0,0,0,0,0,0
69200,9907,3682,68,225,12,0,6,1,5,1,2,1,0,0,0,0,0,0
69300,9909,3977,69,285,9,2,6,0,7,0,0,0,0,0,0,0,0,0
69400,9891,3886,70,347,11,1,15,0,8,4,4,0,0,0,1,0,0,0
69500,9907,3776,66,370,9,1,11,1,5,3,2,0,0,1,0,0,0,0
69600,9918,3887,65,503,13,1,1,3,1,1,2,1,0,0,0,0,0,0
69700,9901,4212,69,351,13,0,11,0,4,1,2,0,0,0,0,0,0,0
69800,9906,4483,74,322,9,1,7,1,3,0,1,2,0,0,0,0,0,0
69900,9896,4362,76,215,11,2,12,3,4,1,1,2,0,0,0,0,0,0
70000,9895,4146,79,78,9,6,14,4,2,3,1,1,0,0,0,0,0,0
70100,9897,3670,72,73,12,2,15,1,2,1,2,1,0,1,0,0,0,0
70200,9913,3742,66,79,8,3,10,1,1,1,2,0,0,0,0,0,0,0
70300,9903,3733,67,93,12,6,11,1,3,1,4,0,0,0,0,0,0,0
70400,9911,3746,64,153,10,1,11,4,0,0,3,0,1,0,0,0,0,0
70500,9908,3414,70,93,9,1,8,1,3,2,2,1,0,0,0,0,0,0
70600,9918,3872,67,110,10,2,5,2,0,3,0,0,0,0,0,0,0,0
70700,9907,3689,63,105,11,2,12,0,6,1,1,0,0,0,0,0,0,0
70800,9917,3385,63,116,10,3,6,1,2,6,1,0,1,0,0,0,0,0
70900,9902,3727,68,122,13,1,10,0,5,2,2,1,0,0,0,0,0,0
71000,9906,3708,66,97,11,4,14,0,2,6,1,2,0,0,0,0,0,0
71100,9911,3906,65,52,11,3,9,3,3,5,1,1,0,0,0,0,0,0
71200,9915,3674,65,73,10,0,6,0,2,3,2,0,0,0,0,0,0,0
71300,9907,3315,70,136,10,8,8,1,3,2,2,0,0,0,0,0,0,0
71400,9901,3649,74,106,11,3,7,0,5,0,2,1,0,0,0,0,0,0
71500,9901,3477,77,30,9,1,7,0,6,2,0,0,0,0,0,0,0,0
71600,9895,3093,81,46,10,2,10,1,3,3,1,1,0,0,0,0,0,0
71700,9895,3445,81,76,12,1,8,1,4,0,0,2,0,0,0,0,0,0
71800,9895,3305,84,48,11,3,6,1,3,2,0,0,1,0,0,0,0,0
71900,9855,3364,120,41,10,2,9,1,5,3,1,0,0,0,0,0,0,0
72000,9839,3773,133,20,8,1,16,3,4,3,0,0,0,0,0,0,0,0
72100,9853,3485,132,20,8,0,6,1,0,1,1,0,0,0,0,0,0,0
72200,9848,3934,133,33,11,3,5,0,3,2,0,2,0,0,0,0,0,0
72300,9844,3455,133,50,11,8,11,0,0,1,1,3,0,0,0,0,0,0
72400,9832,2795,140,27,11,1,13,3,3,0,1,1,0,1,0,0,0,0
72500,9825,3115,144,32,11,4,12,3,8,4,0,0,0,0,0,0,0,0
72600,9822,3932,153,33,10,5,10,3,5,1,0,0,0,0,0,0,0,0
72700,9808,3424,166,37,10,1,10,8,6,0,0,0,0,0,0,0,0,0
72800,9810,3484,173,49,10,1,5,5,2,2,0,0,0,0,0,0,0,0
72900,9787,3258,182,51,14,0,13,2,3,2,1,2,0,0,0,0,0,0
73000,9801,3292,166,104,9,3,19,2,4,1,0,0,1,0,0,0,0,0
73100,9824,3294,153,212,10,1,8,0,4,0,1,0,0,0,0,0,0,0
73200,9827,3580,145,225,10,1,14,0,3,1,1,0,0,0,0,0,0,0
73300,9813,4129,153,222,13,1,13,2,7,5,1,1,0,0,0,0,0,0
73400,9830,3428,138,229,12,0,11,0,7,4,2,1,0,0,0,0,0,0
73500,9847,3675,129,271,10,2,12,2,0,0,1,0,1,0,0,0,0,0
73600,9851,3600,123,459,10,4,12,0,2,1,1,0,1,0,0,0,0,0
73700,9848,3900,127,479,9,2,13,2,2,1,1,0,0,0,0,0,0,0
73800,9847,4072,132,383,3,3,16,0,1,3,1,0,0,0,0,0,0,0
73900,9845,3516,128,367,2,1,17,0,5,1,3,1,0,0,0,0,0,0
74000,9845,3785,134,338,5,2,9,5,4,2,2,0,1,1,0,0,0,0
74100,9848,3648,132,278,1,0,17,9,1,2,0,0,1,0,0,0,0,0
74200,9857,3527,130,265,0,2,11,1,2,0,0,0,0,0,0,0,0,0
74300,9855,3050,131,322,1,4,10,0,0,0,3,0,0,0,0,0,0,0
74400,9850,3344,132,262,2,0,12,0,3,0,1,0,0,0,0,0,0,0
74500,9860,3282,126,432,2,0,9,1,1,0,2,0,0,0,0,0,0,0
74600,9850,3476,136,368,3,1,9,1,1,1,1,0,0,0,0,0,0,0
74700,9854,3253,131,442,1,0,13,1,1,1,0,0,0,0,0,0,0,0
74800,9864,3493,119,321,0,1,6,2,7,0,4,0,0,0,0,0,0,0
74900,9869,3206,113,349,1,2,11,0,4,4,2,0,0,0,0,0,0,0
75000,9918,3247,69,370,0,2,9,1,3,2,1,1,0,0,0,0,0,0
75100,9920,3736,63,322,1,1,8,0,7,0,1,0,0,0,0,0,0,0
75200,9922,4150,70,324,1,2,3,1,3,1,1,0,0,0,0,0,0,0
75300,9923,3497,68,221,1,1,7,0,1,2,0,1,0,0,0,1,0,0
75400,9907,3833,76,166,5,0,7,0,4,2,1,1,0,0,0,0,0,0
75500,9903,3784,75,157,2,0,11,15,4,0,5,0,0,0,0,0,0,0
75600,9915,3430,75,80,1,1,6,35,2,1,1,0,0,0,0,0,0,0
75700,9907,3149,77,83,2,0,9,39,2,4,3,0,0,0,0,0,0,0
75800,9903,3126,79,92,2,1,12,22,3,1,1,0,0,0,0,0,0,0
75900,9897,2905,74,134,2,0,23,25,3,0,1,0,0,0,0,0,0,0
76000,9910,2966,73,165,2,1,12,3,2,0,1,0,0,0,0,0,0,0
76100,9918,3328,71,94,2,0,7,0,1,1,1,3,0,0,0,0,0,0
76200,9913,3130,71,111,2,1,11,1,2,1,1,1,0,0,0,0,0,0
76300,9919,3576,69,240,1,1,8,0,2,1,1,0,0,0,0,0,0,0
76400,9920,3285,68,154,1,1,8,3,2,2,1,0,0,0,0,0,0,0
76500,9920,3323,69,95,3,3,7,5,0,1,1,0,0,0,0,0,0,0
76600,9917,2933,69,54,1,1,8,3,5,0,0,0,0,0,0,0,0,0
76700,9916,3144,70,7,0,0,10,2,2,0,2,0,0,0,0,0,0,0
76800,9919,2923,67,7,4,0,7,1,2,1,1,0,0,0,0,0,0,0
76900,9923,3074,71,18,1,1,2,1,1,1,2,0,0,0,0,0,0,0
77000,9915,3305,73,1,4,0,5,3,3,0,0,1,0,0,0,0,0,0
77100,9920,3384,70,3,1,0,4,2,4,0,1,0,0,0,0,0,0,0
77200,9917,3646,70,47,2,0,7,4,4,1,0,0,0,0,0,0,0,0
77300,9926,3773,71,55,1,0,1,1,1,0,0,0,0,0,0,0,0,0
77400,9954,3491,34,3,3,0,5,2,3,1,1,0,0,0,0,0,0,0
77500,9971,3088,12,9,3,0,6,0,7,0,1,0,0,0,0,0,0,0
77600,9974,2758,14,15,2,0,7,6,3,1,0,1,0,0,0,0,0,0
77700,9975,2291,14,8,0,0,5,3,5,0,1,1,0,0,0,0,0,0
77800,9973,2174,11,6,1,0,7,4,6,1,2,0,0,0,0,0,0,0
77900,9980,2547,14,4,1,0,2,1,2,2,1,0,0,0,0,0,0,0
78000,9970,2500,14,4,3,0,7,2,4,0,2,0,0,0,0,0,0,0
78100,9974,2376,13,0,3,0,6,0,2,1,2,1,0,0,0,0,0,0
78200,9968,2056,16,7,2,0,9,0,4,1,1,0,0,0,0,0,0,0
78300,9975,2719,18,4,0,1,4,0,2,1,1,1,0,1,0,0,0,0
78400,9979,3107,9,2,2,0,5,1,3,1,2,0,0,0,0,0,0,0
78500,9979,2729,10,9,1,1,5,4,3,0,1,0,1,1,0,0,0,0
78600,9971,2988,10,7,2,0,4,0,11,0,2,0,0,0,0,0,0,0
78700,9972,2789,16,4,4,1,4,0,3,0,1,0,0,0,0,0,0,0
78800,9970,2670,20,3,3,1,2,1,5,1,0,1,0,0,0,0,0,0
78900,9944,3165,44,1,1,0,6,0,3,0,2,1,0,0,0,0,0,0
79000,9855,3130,137,11,1,1,2,3,4,2,0,0,1,0,0,0,0,0
79100,9847,3222,146,2,3,0,2,2,1,0,1,0,0,0,0,0,0,0
79200,9841,3389,146,18,3,1,5,0,3,1,2,0,0,0,0,0,0,0
79300,9845,3368,143,39,5,0,5,0,1,1,1,0,0,0,0,0,0,0
79400,9839,3154,148,22,3,2,4,0,3,1,3,0,0,0,0,0,0,0
79500,9841,2822,145,16,1,0,5,0,4,2,4,0,0,0,0,0,0,0
79600,9838,2979,150,14,3,1,7,1,2,3,0,1,0,0,0,0,0,0
79700,9839,3022,146,30,2,0,5,0,5,0,3,0,0,0,0,0,0,0
79800,9843,2526,147,3,2,0,4,2,2,0,2,0,0,0,0,0,0,0
79900,9844,2374,144,15,2,2,7,0,1,0,2,0,0,0,0,0,0,0
80000,9843,2705,149,15,1,0,4,1,2,0,1,1,0,0,0,0,0,0
80100,9843,2599,146,0,3,0,5,0,2,2,1,0,0,0,0,0,0,0
80200,9841,2662,147,1,2,2,3,1,5,0,2,0,0,0,0,0,0,0
80300,9849,2350,144,4,2,2,1,0,3,0,1,0,0,0,0,0,0,0
80400,9852,2328,145,0,0,1,3,3,0,1,0,0,0,0,0,0,0,0
80500,9849,2455,146,0,0,0,1,1,1,0,3,0,0,0,0,0,0,0
80600,9852,2532,143,0,2,0,1,2,0,1,2,0,0,0,0,0,0,0
80700,9847,2832,142,0,3,0,1,1,4,0,3,0,0,0,0,0,0,0
80800,9850,2927,146,0,0,0,0,2,1,1,3,0,0,0,0,0,0,0
80900,9844,2920,144,0,4,0,1,1,4,0,3,0,0,0,0,0,0,0
81000,9861,2860,136,4,1,1,1,1,0,5,1,1,0,0,0,0,0,0
81100,9871,2710,128,4,0,2,0,2,1,0,0,0,0,0,0,0,0,0
81200,9864,2806,131,2,1,0,1,1,1,0,2,0,0,0,0,0,0,0
81300,9859,2802,131,3,2,0,1,0,6,0,1,0,0,0,0,0,0,0
81400,9855,2993,130,4,3,0,10,0,1,0,1,0,0,0,0,0,0,0
81500,9856,2938,133,12,1,3,7,1,3,4,0,0,0,0,0,0,0,0
81600,9859,3160,131,12,2,1,5,0,1,2,2,1,0,0,0,0,0,0
81700,9860,3609,130,7,0,1,6,1,2,2,2,0,0,0,0,0,0,0
81800,9854,3179,130,7,3,2,10,4,2,1,1,0,0,0,0,0,0,0
81900,9857,3147,132,7,0,0,7,2,2,0,2,0,0,0,0,0,0,0
82000,9855,3135,133,14,1,2,7,0,2,1,2,0,0,0,0,0,0,0
82100,9863,2656,133,4,2,0,1,0,0,0,1,2,0,0,0,0,0,0
82200,9846,2586,146,4,1,1,5,0,1,1,1,1,0,0,0,0,0,0
82300,9828,2081,161,5,1,0,8,3,2,2,0,1,0,2,0,0,0,0
82400,9838,2571,155,7,2,2,0,0,1,1,4,2,0,0,0,0,0,0
82500,9830,2224,156,10,3,3,8,0,2,1,1,1,0,0,0,0,0,0
82600,9822,1960,161,3,2,0,5,0,9,1,1,0,0,0,0,0,0,0
82700,9851,2242,131,23,5,3,5,0,4,3,3,0,1,0,0,0,0,0
82800,9891,2221,102,5,2,5,2,0,3,0,0,0,0,0,0,0,0,0
82900,9894,2726,98,1,0,3,4,0,3,3,1,0,0,0,0,0,0,0
83000,9896,3476,98,17,1,0,4,1,1,0,0,0,0,0,0,0,0,0
83100,9909,3438,89,5,0,1,1,0,0,1,1,0,0,0,0,0,0,0
83200,9903,2807,84,1,2,0,1,0,10,0,0,0,0,0,0,0,0,0
83300,9895,2494,87,2,3,0,8,9,6,0,1,0,0,0,0,0,0,0
83400,9902,2910,85,5,2,0,7,4,4,0,0,1,0,0,0,0,0,0
83500,9899,3338,87,0,2,0,4,3,4,0,4,1,0,0,0,0,0,0
83600,9900,3311,89,7,2,3,1,0,6,0,2,0,0,0,0,0,0,0
83700,9888,3549,107,14,0,0,2,0,2,0,1,0,0,0,0,0,0,0
83800,9895,3527,100,2,3,0,1,0,1,2,0,0,0,0,0,0,0,0
83900,9884,3543,105,0,2,0,8,0,1,1,0,0,0,0,0,0,0,0
84000,9885,3798,101,4,6,0,1,2,4,2,3,0,0,0,0,0,0,0
84100,9883,4169,107,0,1,0,5,0,3,0,1,0,0,0,0,0,0,0
84200,9883,3909,106,12,1,0,7,0,3,0,0,0,0,0,0,0,0,0
84300,9878,3340,108,5,2,0,9,0,3,1,0,0,0,0,0,0,0,0
84400,9856,3124,132,2,2,1,8,6,1,0,1,0,0,0,0,0,0,0
84500,9795,3199,186,1,3,1,12,1,4,0,0,0,0,0,0,0,0,0
84600,9800,3531,185,4,1,2,9,0,4,0,1,0,0,0,0,0,0,0
84700,9797,3802,186,9,0,1,8,0,6,0,2,1,1,0,0,0,0,0
84800,9802,3097,191,13,1,1,3,0,3,1,0,0,0,0,0,0,0,0
84900,9806,2947,187,9,3,2,2,1,0,0,2,0,0,0,0,0,0,0
85000,9802,2257,186,1,1,0,3,1,8,0,0,0,0,0,0,0,0,0
85100,9805,3176,191,4,2,0,0,2,2,2,0,0,0,0,0,0,0,0
85200,9787,2965,193,0,4,1,13,0,2,0,1,1,0,0,0,0,0,0
85300,9809,3447,175,4,2,0,10,0,2,0,2,0,0,0,0,0,0,0
85400,9798,2879,174,16,6,2,15,1,5,1,2,0,0,0,0,0,0,0
85500,9804,2288,175,14,2,0,14,1,3,1,2,0,0,0,0,0,0,0
85600,9804,2506,173,10,3,1,16,0,3,1,1,0,0,0,0,0,0,0
85700,9804,2727,174,0,3,1,12,1,3,3,4,0,0,0,0,0,0,0
85800,9803,2805,177,2,3,0,14,1,2,0,1,1,0,0,0,0,0,0
85900,9750,3039,233,0,2,2,8,1,5,3,2,0,0,0,0,0,0,0
86000,9744,2364,241,15,1,2,8,1,4,1,2,0,0,0,0,0,0,0
86100,9748,2236,239,17,0,0,6,1,6,0,1,0,0,0,0,0,0,0
86200,9740,2675,238,11,3,1,6,1,11,0,1,1,1,0,0,0,0,0
86300,9745,2903,243,3,2,0,4,0,3,0,3,0,0,0,0,0,0,0
86400,9745,3337,235,0,3,0,3,0,12,0,2,0,0,0,0,0,0,0
86500,9692,3174,294,1,0,0,6,0,8,0,0,0,0,0,0,0,0,0
86600,9667,2895,313,6,1,0,9,1,10,0,0,0,0,0,0,0,0,0
86700,9650,3465,332,14,2,0,7,3,9,2,0,0,0,0,0,0,0,0
86800,9701,3316,277,5,5,3,9,0,7,3,1,0,0,0,0,0,0,0
86900,9717,2421,273,3,2,1,7,1,1,2,0,0,0,0,0,0,0,0
87000,9721,2684,265,10,5,0,3,1,4,1,2,0,0,0,0,0,0,0
87100,9727,2682,250,10,0,4,8,1,14,2,1,0,0,0,0,0,0,0
87200,9774,2583,218,10,2,0,1,1,4,1,1,0,0,0,0,0,0,0
87300,9766,2228,220,12,5,0,4,1,4,2,1,1,0,0,0,0,0,0
87400,9766,2581,207,12,9,1,5,7,13,2,0,0,0,0,0,0,0,0
87500,9783,2927,202,2,2,0,2,6,10,2,1,0,0,0,0,0,0,0
87600,9726,3083,265,4,3,0,3,1,2,2,1,1,0,0,0,0,0,0
87700,9710,2894,282,6,2,0,3,0,0,0,3,0,0,0,0,0,0,0
87800,9725,3965,266,2,3,2,5,5,1,2,0,0,0,0,0,0,0,0
87900,9726,3884,261,3,4,0,7,4,2,1,0,1,0,0,0,0,0,0
88000,9725,2978,263,25,1,0,6,5,3,1,2,1,0,0,0,0,0,0
88100,9731,2802,261,0,1,0,3,0,3,0,1,0,0,0,0,0,0,0
88200,9729,2657,259,6,3,0,6,1,2,0,1,1,0,0,0,0,0,0
88300,9730,2637,260,5,4,0,4,2,1,0,1,0,0,0,0,0,0,0
88400,9725,2262,262,3,2,1,8,1,2,1,1,0,0,0,0,0,0,0
88500,9722,2141,267,5,4,1,2,0,5,1,0,0,0,0,0,0,0,0
88600,9721,2267,264,8,3,0,4,0,5,0,3,0,0,0,0,0,0,0
88700,9735,2267,249,6,5,2,5,1,6,2,0,0,0,0,0,0,0,0
88800,9783,2478,205,7,1,1,7,1,4,1,0,0,0,0,0,0,0,0
88900,9777,3153,206,11,4,0,7,2,5,1,1,0,0,0,0,0,0,0
89000,9784,3226,201,4,1,0,8,0,5,1,1,0,0,0,0,0,0,0
89100,9781,3683,204,5,2,1,10,0,0,0,3,0,0,0,0,0,0,0
89200,9782,3356,203,16,2,0,10,4,2,1,1,0,0,0,0,0,0,0
89300,9784,3036,202,26,1,1,10,3,2,3,1,0,0,0,0,0,0,0
89400,9782,3061,204,55,1,1,10,0,2,0,1,0,0,0,0,0,0,0
89500,9786,3002,203,72,1,0,8,0,2,0,0,0,0,0,0,0,0,0
89600,9784,3466,204,1,1,0,8,0,2,1,1,0,0,0,0,0,0,0
89700,9784,3403,205,5,4,0,6,0,1,0,0,1,0,0,0,0,0,0
89800,9782,2929,208,1,0,0,9,1,1,0,0,0,0,0,0,0,0,0
89900,9782,2940,206,5,1,1,9,0,1,1,1,0,0,0,0,0,0,0
90000,9834,2906,155,27,2,0,9,0,0,2,0,1,0,0,0,0,0,0
90100,9818,2771,160,83,3,2,12,0,5,1,2,0,0,0,0,0,0,0
90200,9824,2118,155,88,2,0,13,2,5,1,1,0,0,0,0,0,0,0
90300,9831,2023,159,90,2,0,3,0,2,0,3,0,0,0,0,0,0,0
90400,9833,2600,156,83,3,1,4,0,3,1,1,0,0,0,0,0,0,0
90500,9825,2674,164,5,1,3,8,0,1,1,1,0,0,0,0,0,0,0
90600,9825,2622,163,19,3,0,4,0,3,1,2,0,0,0,0,0,0,0
90700,9832,2422,156,38,2,1,5,0,4,2,1,0,0,0,0,0,0,0
90800,9878,2001,110,32,2,0,6,2,3,0,1,3,0,0,0,0,0,0
90900,9872,2062,113,20,2,0,8,0,4,0,1,1,0,0,0,0,0,0
91000,9936,2011,58,10,0,2,5,2,0,1,1,1,0,0,0,0,0,0
91100,9934,1756,57,0,1,0,8,0,0,3,0,2,0,0,0,0,0,0
91200,9929,2072,60,0,0,0,9,0,1,1,1,1,0,0,0,0,0,0
91300,9939,2332,54,0,3,0,2,0,2,0,0,0,0,0,0,0,0,0
91400,9932,2414,57,2,4,0,1,0,5,0,1,0,0,0,0,0,0,0
91500,9936,2361,54,0,3,0,1,1,5,1,1,0,0,0,0,0,0,0
91600,9943,2037,55,0,1,1,1,0,0,3,0,0,0,0,0,0,0,0
91700,9942,1753,55,0,0,0,1,1,1,0,1,0,0,0,0,0,0,0
91800,9928,1835,63,0,2,1,2,1,4,0,1,2,0,0,0,0,0,0
91900,9923,2092,61,1,7,0,5,0,2,0,2,0,0,0,0,0,0,0
92000,9929,1817,64,10,3,2,2,1,0,0,2,0,0,0,0,0,0,0
92100,9927,2251,60,10,2,0,5,1,5,0,1,0,0,0,0,0,0,0
92200,9922,2594,62,2,4,0,1,0,8,0,3,0,0,0,0,0,0,0
92300,9937,2573,51,0,3,0,5,1,4,0,0,1,0,0,0,0,0,0
92400,9884,2399,102,0,2,0,5,0,4,0,2,0,1,0,0,0,0,0
92500,9891,2471,99,5,3,0,2,0,4,0,1,0,0,0,0,0,0,0
92600,9893,2714,101,63,3,1,0,0,3,0,0,1,0,0,0,0,0,0
92700,9889,2844,102,73,0,0,5,1,2,0,2,0,0,0,0,0,0,0
92800,9878,2465,105,57,3,2,8,0,4,2,2,0,0,0,0,0,0,0
92900,9875,2073,105,37,3,0,10,0,5,0,2,1,0,0,0,0,0,0
93000,9879,2039,102,37,2,0,15,0,1,1,1,1,0,0,0,0,0,0
93100,9885,2168,99,63,3,0,8,0,4,1,1,0,0,0,0,0,0,0
93200,9886,2153,104,126,1,0,6,0,2,2,1,0,0,0,0,0,0,0
93300,9918,2000,72,106,2,0,3,0,5,0,0,0,0,0,0,0,0,0
93400,9915,1948,74,25,3,0,5,1,2,1,1,0,0,0,0,0,0,0
93500,9913,1982,80,11,0,0,3,0,1,1,3,0,0,0,0,0,0,0
93600,9908,2064,83,1,4,1,1,0,3,1,1,0,0,0,0,0,0,0
93700,9911,2726,81,2,2,1,1,0,5,1,0,1,0,0,0,0,0,0
93800,9917,2520,73,2,7,2,0,3,0,0,3,1,0,0,0,0,0,0
93900,9913,2444,81,0,1,0,3,2,1,0,1,0,0,0,0,0,0,0
94000,9899,2516,90,3,0,0,6,0,5,0,0,0,0,0,0,0,0,0
94100,9873,2673,113,7,2,0,2,0,5,0,5,0,0,0,0,0,0,0
94200,9885,2537,107,11,3,0,3,1,1,1,0,0,1,0,0,0,0,0
94300,9877,2694,110,2,0,0,3,2,6,0,4,0,0,0,0,0,0,0
94400,9896,2451,93,5,4,0,1,0,3,0,3,1,0,0,0,0,0,0
94500,9932,2785,54,26,2,2,2,0,9,1,1,0,0,0,0,0,0,0
94600,9945,3146,48,34,2,0,2,0,3,0,0,2,0,0,0,0,0,0
94700,9954,2753,38,1,4,0,1,0,3,0,0,0,0,0,0,0,0,0
94800,9958,2687,35,52,0,2,1,1,4,5,2,0,0,0,0,0,0,0
94900,9953,2903,38,82,2,0,4,2,2,0,1,0,0,0,0,0,0,0
95000,9950,2823,37,56,4,0,4,1,4,1,1,0,0,0,0,0,0,0
95100,9952,2928,42,1,0,1,4,1,0,1,2,0,0,0,0,0,0,0
95200,9956,2652,41,0,1,0,1,0,1,4,0,1,0,0,0,0,0,0
95300,9942,2539,50,4,1,0,2,1,5,0,0,0,0,0,0,0,0,0
95400,9951,2578,41,3,1,0,4,1,1,6,2,0,0,0,0,0,0,0
95500,9958,2799,39,6,1,0,1,1,1,4,0,0,0,0,0,0,0,0
95600,9959,2369,34,2,3,2,2,0,2,1,0,0,0,0,0,0,0,0
95700,9950,2656,38,0,1,0,4,2,5,1,2,1,0,0,0,0,0,0
95800,9971,2880,22,4,2,0,3,1,2,0,0,1,0,0,0,0,0,0
95900,9964,2769,19,7,3,1,1,0,12,0,1,0,0,0,0,0,0,0
96000,9962,2954,20,3,2,0,6,2,7,0,3,0,0,0,0,0,0,0
96100,9970,2280,25,11,1,0,2,1,2,0,0,0,0,0,0,0,0,0
96200,9968,2274,22,13,2,1,3,1,5,0,0,0,0,0,0,0,0,0
96300,9972,2871,20,14,3,1,3,0,2,1,0,0,0,0,0,0,0,0
96400,9971,2631,19,8,1,1,1,0,6,0,2,0,0,0,0,0,0,0
96500,9971,2525,24,3,2,0,0,0,3,0,0,0,0,0,0,0,0,0
96600,9967,1985,22,5,2,0,1,1,6,0,2,0,0,0,0,0,0,0
96700,9965,2258,25,2,1,0,6,0,2,1,1,0,0,0,0,0,0,0
96800,9966,2714,22,0,3,0,5,0,3,0,1,1,0,0,0,0,0,0
96900,9973,3087,19,6,3,1,0,0,5,0,0,0,0,0,0,0,0,0
97000,9969,3206,18,3,4,0,5,0,3,0,1,0,0,0,0,0,0,0
97100,9968,3616,21,6,1,0,6,0,2,0,2,1,0,0,0,0,0,0
97200,9962,3577,22,12,4,0,8,2,3,0,1,0,0,0,0,0,0,0
97300,9952,3671,35,2,5,0,4,0,4,1,0,0,0,0,0,0,0,0
97400,9946,3589,44,0,1,0,5,0,3,0,1,0,0,0,0,0,0,0
97500,9956,3339,36,1,0,0,7,1,1,1,0,0,0,0,0,0,0,0
97600,9957,3796,26,1,2,0,11,1,2,1,2,0,0,0,0,0,0,0
97700,9948,3589,43,2,4,0,4,0,0,0,1,0,0,0,0,0,0,0
97800,9944,3282,42,2,4,1,2,0,8,0,0,1,0,0,0,0,0,0
97900,9935,2856,53,5,3,0,1,0,6,0,2,0,0,0,0,0,0,0
98000,9942,3130,50,4,2,0,1,0,2,0,3,1,0,0,0,0,0,0
98100,9938,2953,46,2,3,0,7,3,4,1,2,0,0,0,0,0,0,0
98200,9934,2677,46,4,3,0,7,0,9,0,1,0,0,0,0,0,0,0
98300,9946,2256,46,9,1,0,4,1,3,1,0,1,0,0,0,0,0,0
98400,9949,2619,46,0,2,0,1,0,1,0,1,0,0,0,0,0,0,0
98500,9931,2532,55,4,3,1,7,0,4,0,0,0,0,0,0,0,0,0
98600,9936,2306,50,11,2,1,6,1,4,0,2,0,0,0,0,0,0,0
98700,9932,2739,54,2,1,0,6,0,7,1,0,0,0,0,0,0,0,0
98800,9920,2930,68,0,1,0,8,0,1,0,2,0,0,0,0,0,0,0
98900,9922,3095,69,1,4,0,2,1,2,1,1,1,0,0,0,0,0,0
99000,9919,3574,72,6,2,0,4,0,3,0,0,0,0,0,0,0,0,0
99100,9930,3035,67,5,0,2,1,0,1,0,1,0,0,0,0,0,0,0
99200,9920,3274,72,4,2,1,0,0,4,0,2,0,0,0,0,0,0,0
99300,9928,2856,68,3,2,0,1,0,0,0,1,0,0,0,0,0,0,0
99400,9927,3216,65,33,1,0,2,1,5,3,0,1,0,0,0,0,0,0
99500,9935,3653,57,129,3,1,2,0,3,0,0,0,0,0,0,0,0,0
99600,9927,3589,65,280,3,1,2,0,3,0,0,0,0,0,0,0,0,0
99700,9928,3282,65,391,4,0,0,2,3,2,0,0,0,0,0,0,0,0
99800,9936,3315,52,230,4,2,3,0,2,1,2,0,0,0,0,0,1,0
99900,9939,2922,52,141,1,1,1,1,5,0,2,0,0,0,0,0,0,0
100000,9952,2288,47,195,1,0,0,2,0,1,0,0,0,0,0,0,0,0
