update,host_task_NOT,sym_task_NOT,host_task_NAND,sym_task_NAND,host_task_AND,sym_task_AND,host_task_ORN,sym_task_ORN,host_task_OR,sym_task_OR,host_task_ANDN,sym_task_ANDN,host_task_NOR,sym_task_NOR,host_task_XOR,sym_task_XOR,host_task_EQU,sym_task_EQU
0,0,0,0,0,0,0,0,0,0,0,0,0,0,0,0,0,0,0
100,10001,0,0,0,0,0,1,0,0,0,0,0,0,0,0,0,0,0
200,9993,0,0,0,0,0,1,0,5,0,1,0,0,0,0,0,0,0
300,9992,0,0,0,4,0,1,0,2,0,1,0,0,0,0,0,0,0
400,9995,0,0,0,2,0,1,0,1,0,1,0,0,0,0,0,0,0
500,9995,0,0,0,1,0,0,0,4,0,0,0,0,0,0,0,0,0
600,9996,0,0,0,3,0,0,0,1,0,0,0,0,0,0,0,0,0
700,9995,0,0,0,2,0,1,0,2,0,0,0,0,0,0,0,0,0
800,9995,0,0,0,0,0,3,0,2,0,0,0,0,0,0,0,0,0
900,9999,0,0,0,1,0,0,0,0,0,0,0,0,0,0,0,0,0
1000,9994,0,0,0,0,0,1,0,2,0,3,0,0,0,0,0,0,0
1100,9988,0,0,0,5,0,0,0,4,0,3,0,0,0,0,0,0,0
1200,9995,0,1,0,0,0,1,0,3,0,0,0,0,0,0,0,0,0
1300,9991,0,0,0,4,0,1,0,2,0,2,0,0,0,0,0,0,0
1400,9988,0,6,0,2,0,0,0,4,0,0,0,0,0,0,0,0,0
1500,9996,0,1,0,1,0,1,0,1,0,0,0,0,0,0,0,0,0
1600,9992,0,3,0,2,0,1,0,2,0,0,0,0,0,0,0,0,0
1700,9992,0,0,0,1,0,5,0,2,0,0,0,0,0,0,0,0,0
1800,9991,0,1,0,5,0,1,0,2,0,0,0,0,0,0,0,0,0
1900,9993,0,2,0,1,0,3,0,1,0,0,0,0,0,0,0,0,0
2000,9990,0,2,0,2,0,2,0,4,0,0,0,0,0,0,0,0,0
2100,9989,0,2,0,5,0,2,0,1,0,1,0,0,0,0,0,0,0
2200,9988,0,8,0,1,0,1,0,1,0,1,0,0,0,0,0,0,0
2300,9983,0,11,0,3,0,2,0,0,0,0,0,1,0,0,0,0,0
2400,9984,0,9,0,1,0,1,0,5,0,0,0,0,0,0,0,0,0
2500,9982,0,9,0,4,0,1,0,2,0,2,0,0,0,0,0,0,0
2600,9987,0,9,0,1,0,0,0,3,0,0,0,0,0,0,0,0,0
2700,9981,0,13,0,1,0,2,0,3,0,0,0,0,0,0,0,0,0
2800,9981,0,14,0,1,0,1,0,3,0,0,0,0,0,0,0,0,0
2900,9978,0,12,0,0,0,2,0,8,0,0,0,0,0,0,0,0,0
3000,9978,0,16,0,2,0,1,0,2,0,1,0,0,0,0,0,0,0
3100,9978,0,13,0,3,0,2,0,2,0,2,0,0,0,0,0,0,0
3200,9983,0,8,0,0,0,2,0,5,0,2,0,0,0,0,0,0,0
3300,9988,0,5,0,2,0,1,0,3,0,1,0,0,0,0,0,0,0
3400,9985,0,8,0,1,0,1,0,3,0,2,0,0,0,0,0,0,0
3500,9979,0,8,0,1,0,4,0,7,0,1,0,0,0,0,0,0,0
3600,9989,0,4,0,2,0,1,0,4,0,0,0,0,0,0,0,0,0
3700,9986,0,5,0,0,0,5,0,1,0,3,0,0,0,0,0,0,0
3800,9975,0,10,0,4,0,4,0,5,0,2,0,0,0,0,0,0,0
3900,9979,0,11,0,2,0,4,0,3,0,1,0,0,0,0,0,0,0
4000,9981,0,9,0,2,0,3,0,2,0,3,0,0,0,0,0,0,0
4100,9981,0,10,0,2,0,2,0,5,0,0,0,0,0,0,0,0,0
4200,9978,0,10,0,3,0,4,0,3,0,2,0,0,0,0,0,0,0
4300,9977,0,15,0,3,0,2,0,1,0,2,0,0,0,0,0,0,0
4400,9979,0,14,0,1,0,6,0,0,0,0,0,0,0,0,0,0,0
4500,9976,0,13,0,3,0,4,0,4,0,0,0,0,0,0,0,0,0
4600,9982,0,12,0,2,0,2,0,1,0,1,0,0,0,0,0,0,0
4700,9973,0,12,0,1,0,4,0,10,0,0,0,0,0,0,0,0,0
4800,9976,0,9,0,3,0,8,0,4,0,0,0,0,0,0,0,0,0
4900,9978,0,5,0,2,0,9,0,5,0,1,0,0,0,0,0,0,0
5000,9984,0,6,0,3,0,5,0,1,0,1,0,0,0,0,0,0,0
5100,9983,0,7,0,1,0,6,0,3,0,0,0,0,0,0,0,0,0
5200,9976,0,9,0,1,0,8,0,5,0,1,0,0,0,0,0,0,0
5300,9975,0,12,0,3,0,3,0,7,0,0,0,0,0,0,0,0,0
5400,9965,0,19,0,3,0,6,0,5,0,2,0,0,0,0,0,0,0
5500,9966,0,21,0,1,0,6,0,3,0,2,0,1,0,0,0,0,0
5600,9965,0,22,0,4,0,4,0,3,0,2,0,0,0,0,0,0,0
5700,9961,0,23,0,0,0,7,0,8,0,1,0,0,0,0,0,0,0
5800,9972,0,20,0,3,0,2,0,2,0,0,0,1,0,0,0,0,0
5900,9953,0,34,0,3,0,6,0,3,0,1,0,0,0,0,0,0,0
6000,9951,0,35,0,2,0,4,0,4,0,4,0,0,0,0,0,0,0
6100,9964,0,30,0,2,0,4,0,0,0,0,0,0,0,0,0,0,0
6200,9958,0,29,0,2,0,3,0,6,0,2,0,0,0,0,0,0,0
6300,9961,0,29,0,2,0,1,0,7,0,0,0,0,0,0,0,0,0
6400,9961,0,28,0,1,0,1,0,7,0,2,0,0,0,0,0,0,0
6500,9964,0,24,0,2,0,3,0,2,0,3,0,2,0,0,0,0,0
6600,9958,0,21,0,6,0,5,0,9,0,1,0,0,0,0,0,0,0
6700,9966,0,26,0,2,0,2,0,2,0,2,0,0,0,0,0,0,0
6800,9966,0,25,0,1,0,2,0,4,0,2,0,0,0,0,0,0,0
6900,9959,0,31,0,0,0,4,0,6,0,0,0,0,0,0,0,0,0
7000,9961,0,30,0,1,0,1,0,6,0,1,0,0,0,0,0,0,0
7100,9960,0,25,0,2,0,4,0,9,0,0,0,0,0,0,0,0,0
7200,9960,0,31,0,3,0,0,0,3,0,3,0,0,0,0,0,0,0
7300,9965,0,22,0,4,0,2,0,5,0,1,0,1,0,0,0,0,0
7400,9964,0,27,0,0,0,4,0,3,0,2,0,0,0,0,0,0,0
7500,9963,0,27,0,1,0,5,0,3,0,1,0,0,0,0,0,0,0
7600,9956,0,30,0,1,0,8,0,3,0,2,0,0,0,0,0,0,0
7700,9951,0,34,0,3,0,7,0,2,0,3,0,0,0,0,0,0,0
7800,9959,0,30,0,2,0,5,0,3,0,1,0,0,0,0,0,0,0
7900,9949,0,32,0,3,0,5,0,6,0,5,0,0,0,0,0,0,0
8000,9938,0,43,0,6,0,10,0,1,0,2,0,0,0,0,0,0,0
8100,9930,0,50,0,1,0,10,0,7,0,2,0,0,0,0,0,0,0
8200,9944,0,45,0,1,0,7,0,1,0,2,0,0,0,0,0,0,0
8300,9928,0,53,0,2,0,6,0,7,0,4,0,0,0,0,0,0,0
8400,9934,0,48,0,4,0,7,0,7,0,0,0,0,0,0,0,0,0
8500,9917,0,72,0,0,0,6,0,3,0,2,0,0,0,0,0,0,0
8600,9906,0,71,0,3,0,12,0,5,0,3,0,0,0,0,0,0,0
8700,9902,0,72,0,9,0,9,0,8,0,0,0,0,0,0,0,0,0
8800,9906,0,68,0,3,0,9,0,11,0,2,0,1,0,0,0,0,0
8900,9918,0,67,0,1,0,9,0,4,0,1,0,0,0,0,0,0,0
9000,9914,0,67,0,4,0,5,0,9,0,1,0,0,0,0,0,0,0
9100,9904,0,82,0,1,0,9,0,4,0,0,0,0,0,0,0,0,0
9200,9879,0,92,0,5,0,13,0,10,0,1,0,0,0,0,0,0,0
9300,9880,0,90,0,4,0,12,0,12,0,2,0,0,0,0,0,0,0
9400,9878,0,98,0,4,0,11,0,6,0,3,0,0,0,0,0,0,0
9500,9887,0,91,0,4,0,11,0,6,0,1,0,0,0,0,0,0,0
9600,9829,0,144,0,5,0,13,0,8,0,1,0,0,0,0,0,0,0
9700,9787,0,193,0,5,0,7,0,6,0,1,0,1,0,0,0,0,0
9800,9704,0,277,0,2,0,7,0,8,0,2,0,0,0,0,0,0,0
9900,9688,0,288,0,6,0,10,0,7,0,1,0,0,0,0,0,0,0
10000,9684,0,300,0,8,0,4,0,2,0,2,0,0,0,0,0,0,0
10100,9590,0,379,0,7,0,9,0,11,0,4,0,0,0,0,0,0,0
10200,9573,0,410,0,2,0,7,0,6,0,2,0,0,0,0,0,0,0
10300,9588,0,393,0,3,0,6,0,9,0,0,0,1,0,0,0,0,0
10400,9605,0,380,0,4,0,3,0,5,0,3,0,0,0,0,0,0,0
10500,9551,0,436,0,2,0,5,0,4,0,2,0,0,0,0,0,0,0
10600,9545,0,438,0,2,0,8,0,5,0,2,0,0,0,0,0,0,0
10700,9539,0,434,0,5,0,14,0,7,0,1,0,0,0,0,0,0,0
10800,9592,0,383,0,5,0,9,0,7,0,2,0,2,0,0,0,0,0
10900,9561,0,405,0,8,0,13,0,9,0,3,0,1,0,0,0,0,0
11000,9527,0,451,0,7,0,5,0,7,0,3,0,0,0,0,0,0,0
11100,9488,0,485,0,7,0,7,0,9,0,3,0,1,0,0,0,0,0
11200,9518,0,451,0,4,0,19,0,7,0,1,0,0,0,0,0,0,0
11300,9426,0,503,0,9,0,46,0,11,0,5,0,0,0,0,0,0,0
11400,9432,0,516,0,4,0,38,0,8,0,2,0,0,0,0,0,0,0
11500,9427,0,534,0,0,0,32,0,4,0,3,0,0,0,0,0,0,0
11600,9356,0,607,0,4,0,26,0,3,0,4,0,0,0,0,0,0,0
11700,9263,0,695,0,4,0,28,0,7,0,3,0,0,0,0,0,0,0
11800,9261,0,702,0,5,0,17,0,12,0,3,0,0,0,0,0,0,0
11900,9292,0,677,0,5,0,21,0,4,0,1,0,0,0,0,0,0,0
12000,9332,0,639,0,7,0,17,0,2,0,3,0,0,0,0,0,0,0
12100,9317,0,662,0,4,0,11,0,5,0,1,0,0,0,0,0,0,0
12200,9221,0,747,0,8,0,11,0,9,0,4,0,0,0,0,0,0,0
12300,9181,0,798,0,3,0,10,0,5,0,3,0,0,0,0,0,0,0
12400,9129,0,843,0,8,0,10,0,7,0,3,0,0,0,0,0,0,0
12500,9027,0,957,0,5,0,4,0,3,0,4,0,0,0,0,0,0,0
12600,9033,0,953,0,3,0,4,0,4,0,3,0,0,0,0,0,0,0
12700,9003,0,979,0,3,0,7,0,6,0,2,0,0,0,0,0,0,0
12800,9032,0,945,0,7,0,5,0,9,0,2,0,0,0,0,0,0,0
12900,8986,0,997,0,6,0,3,0,7,0,1,0,0,0,0,0,0,0
13000,8896,0,1093,0,3,0,4,0,2,0,2,0,0,0,0,0,0,0
13100,8846,0,1142,0,2,0,3,0,5,0,2,0,0,0,0,0,0,0
13200,8866,0,1117,0,3,0,2,0,12,0,0,0,0,0,0,0,0,0
13300,8811,0,1159,0,9,0,6,0,9,0,6,0,0,0,0,0,0,0
13400,8759,0,1222,0,5,0,3,0,8,0,3,0,0,0,0,0,0,0
13500,8844,0,1133,0,5,0,11,0,5,0,2,0,0,0,0,0,0,0
13600,8876,0,1105,0,8,0,3,0,8,0,0,0,0,0,0,0,0,0
13700,8909,0,1076,0,3,0,4,0,2,0,6,0,0,0,0,0,0,0
13800,8941,0,1034,0,6,0,7,0,9,0,3,0,0,0,0,0,0,0
13900,9005,0,974,0,5,0,5,0,7,0,4,0,0,0,0,0,0,0
14000,9050,0,923,0,6,0,6,0,13,0,2,0,0,0,0,0,0,0
14100,9047,0,935,0,8,0,2,0,5,0,3,0,0,0,0,0,0,0
14200,9089,0,900,0,2,0,5,0,4,0,0,0,0,0,0,0,0,0
14300,9058,0,917,0,7,0,7,0,8,0,3,0,0,0,0,0,0,0
14400,9189,0,800,0,1,0,4,0,6,0,0,0,0,0,0,0,0,0
14500,9206,0,773,0,7,0,6,0,4,0,4,0,0,0,0,0,0,0
14600,9272,0,707,0,6,0,5,0,6,0,4,0,0,0,0,0,0,0
14700,9291,0,694,0,4,0,6,0,4,0,1,0,0,0,0,0,0,0
14800,9420,0,560,0,8,0,5,0,5,0,2,0,0,0,0,0,0,0
14900,9350,0,630,0,5,0,5,0,9,0,1,0,0,0,0,0,0,0
15000,9291,0,690,0,4,0,4,0,8,0,3,0,0,0,0,0,0,0
15100,9185,0,796,0,9,0,5,0,4,0,1,0,0,0,0,0,0,0
15200,9196,0,782,0,11,0,2,0,4,0,5,0,0,0,0,0,0,0
15300,9124,0,811,0,46,0,10,0,7,0,2,0,0,0,0,0,0,0
15400,9111,0,834,0,43,0,6,0,5,0,1,0,0,0,0,0,0,0
15500,9161,0,789,0,44,0,2,0,2,0,1,0,1,0,0,0,0,0
15600,9192,0,740,0,50,0,9,0,5,0,4,0,0,0,0,0,0,0
15700,9186,0,757,0,43,0,1,0,9,0,4,0,0,0,0,0,0,0
15800,9198,0,739,0,46,0,3,0,10,0,4,0,0,0,0,0,0,0
15900,9191,0,759,0,42,0,1,0,3,0,4,0,0,0,0,0,0,0
16000,9199,0,740,0,42,0,5,0,11,0,3,0,0,0,0,0,0,0
16100,9220,0,727,0,32,0,6,0,7,0,8,0,0,0,0,0,0,0
16200,9245,0,735,0,13,0,3,0,2,0,1,0,1,0,0,0,0,0
16300,9185,0,758,0,46,0,4,0,4,0,2,0,1,0,0,0,0,0
16400,9191,0,741,0,54,0,4,0,6,0,4,0,0,0,0,0,0,0
16500,9316,0,659,0,15,0,1,0,5,0,4,0,0,0,0,0,0,0
16600,9364,0,621,0,0,0,6,0,6,0,3,0,0,0,0,0,0,0
16700,9379,0,611,0,1,0,2,0,3,0,4,0,0,0,0,0,0,0
16800,9432,0,560,0,0,0,4,0,3,0,1,0,0,0,0,0,0,0
16900,9419,0,558,0,6,0,8,0,4,0,5,0,0,0,0,0,0,0
17000,9483,0,506,0,2,0,4,0,4,0,1,0,0,0,0,0,0,0
17100,9458,0,529,0,4,0,4,0,4,0,1,0,0,0,0,0,0,0
17200,9508,0,477,0,3,0,6,0,6,0,0,0,0,0,0,0,0,0
17300,9571,0,412,0,2,0,4,0,8,0,3,0,0,0,0,0,0,0
17400,9614,0,371,0,2,0,4,0,7,0,1,0,1,0,0,0,0,0
17500,9627,0,350,0,10,0,3,0,10,0,0,0,0,0,0,0,0,0
17600,9605,0,379,0,5,0,2,0,7,0,2,0,0,0,0,0,0,0
17700,9619,0,361,0,4,0,4,0,10,0,2,0,0,0,0,0,0,0
17800,9631,0,356,0,4,0,6,0,3,0,0,0,0,0,0,0,0,0
17900,9611,0,369,0,4,0,7,0,7,0,2,0,0,0,0,0,0,0
18000,9596,0,387,0,6,0,4,0,6,0,1,0,0,0,0,0,0,0
18100,9617,0,369,0,5,0,6,0,3,0,0,0,0,0,0,0,0,0
18200,9645,0,344,0,3,0,4,0,4,0,0,0,0,0,0,0,0,0
18300,9652,0,331,0,6,0,3,0,7,0,1,0,0,0,0,0,0,0
18400,9653,0,333,0,4,0,1,0,8,0,1,0,0,0,0,0,0,0
18500,9656,0,331,0,2,0,5,0,3,0,3,0,0,0,0,0,0,0
18600,9669,0,319,0,2,0,1,0,7,0,1,0,1,0,0,0,0,0
18700,9631,0,357,0,2,0,1,0,6,0,3,0,0,0,0,0,0,0
18800,9615,0,372,0,5,0,3,0,5,0,0,0,0,0,0,0,0,0
18900,9627,0,358,0,4,0,1,0,5,0,5,0,0,0,0,0,0,0
19000,9650,0,326,0,7,0,3,0,11,0,3,0,0,0,0,0,0,0
19100,9659,0,328,0,4,0,6,0,2,0,1,0,0,0,0,0,0,0
19200,9656,0,324,0,4,0,7,0,8,0,1,0,0,0,0,0,0,0
19300,9592,0,392,0,5,0,5,0,4,0,2,0,0,0,0,0,0,0
19400,9594,0,391,0,4,0,5,0,2,0,4,0,0,0,0,0,0,0
19500,9600,0,381,0,6,0,3,0,6,0,4,0,0,0,0,0,0,0
19600,9588,0,396,0,5,0,5,0,4,0,2,0,0,0,0,0,0,0
19700,9584,0,395,0,5,0,8,0,5,0,2,0,0,0,1,0,0,0
19800,9599,0,381,0,5,0,8,0,1,0,5,0,1,0,0,0,0,0
19900,9587,0,392,0,7,0,4,0,7,0,3,0,0,0,0,0,0,0
20000,9615,0,372,0,2,0,3,0,5,0,3,0,0,0,0,0,0,0
20100,9615,0,366,0,4,0,4,0,10,0,1,0,0,0,0,0,0,0
20200,9618,0,369,0,6,0,3,0,3,0,1,0,0,0,0,0,0,0
20300,9586,0,388,0,19,0,3,0,4,0,0,0,0,0,0,0,0,0
20400,9565,0,415,0,15,0,1,0,3,0,1,0,0,0,0,0,0,0
20500,9545,0,432,0,14,0,4,0,1,0,4,0,0,0,0,0,0,0
20600,9538,0,436,0,15,0,2,0,7,0,2,0,0,0,0,0,0,0
20700,9591,0,387,0,17,0,0,0,5,0,0,0,0,0,0,0,0,0
20800,9567,0,395,0,19,0,6,0,8,0,5,0,0,0,0,0,0,0
20900,9563,0,405,0,22,0,2,0,4,0,4,0,0,0,0,0,0,0
21000,9571,0,402,0,17,0,6,0,4,0,0,0,0,0,0,0,0,0
21100,9568,0,399,0,25,0,1,0,5,0,2,0,0,0,0,0,0,0
21200,9529,0,442,0,18,0,3,0,5,0,3,0,0,0,0,0,0,0
21300,9519,0,463,0,8,0,3,0,4,0,3,0,0,0,0,0,0,0
21400,9559,0,416,0,12,0,2,0,8,0,3,0,0,0,0,0,0,0
21500,9546,0,433,0,6,0,4,0,8,0,3,0,0,0,0,0,0,0
21600,9516,0,456,0,11,0,9,0,6,0,1,0,1,0,0,0,0,0
21700,9488,0,497,0,6,0,1,0,7,0,1,0,0,0,0,0,0,0
21800,9392,0,583,0,16,0,1,0,5,0,3,0,0,0,0,0,0,0
21900,9469,0,514,0,15,0,2,0,0,0,0,0,0,0,0,0,0,0
22000,9493,0,488,0,6,0,4,0,7,0,2,0,0,0,0,0,0,0
22100,9493,0,483,0,10,0,7,0,6,0,0,0,1,0,0,0,0,0
22200,9515,0,463,0,9,0,6,0,3,0,4,0,0,0,0,0,0,0
22300,9503,0,479,0,2,0,8,0,4,0,4,0,0,0,0,0,0,0
22400,9474,0,504,0,9,0,6,0,5,0,2,0,0,0,0,0,0,0
22500,9436,0,534,0,16,0,3,0,8,0,3,0,0,0,0,0,0,0
22600,9407,0,577,0,6,0,1,0,6,0,3,0,0,0,0,0,0,0
22700,9446,0,540,0,1,0,6,0,6,0,1,0,0,0,0,0,0,0
22800,9457,0,522,0,4,0,3,0,11,0,3,0,0,0,0,0,0,0
22900,9447,0,540,0,3,0,5,0,2,0,3,0,0,0,0,0,0,0
23000,9434,0,548,0,3,0,8,0,5,0,2,0,0,0,0,0,0,0
23100,9443,0,536,0,9,0,2,0,8,0,2,0,0,0,0,0,0,0
23200,9445,0,542,0,6,0,2,0,4,0,1,0,0,0,0,0,0,0
23300,9432,0,548,0,8,0,2,0,7,0,3,0,0,0,0,0,0,0
23400,9428,0,557,0,3,0,6,0,4,0,2,0,0,0,0,0,0,0
23500,9451,0,535,0,6,0,1,0,5,0,2,0,0,0,0,0,0,0
23600,9466,0,511,0,3,0,6,0,11,0,3,0,0,0,0,0,0,0
23700,9423,0,566,0,2,0,2,0,3,0,4,0,0,0,0,0,0,0
23800,9432,0,543,0,3,0,9,0,8,0,5,0,0,0,0,0,0,0
23900,9441,0,539,0,7,0,4,0,5,0,4,0,0,0,0,0,0,0
24000,9430,0,551,0,5,0,5,0,3,0,6,0,0,0,0,0,0,0
24100,9447,0,528,0,5,0,4,0,9,0,6,0,0,0,1,0,0,0
24200,9536,0,441,0,6,0,10,0,3,0,4,0,0,0,0,0,0,0
24300,9554,0,428,0,7,0,3,0,4,0,4,0,0,0,0,0,0,0
24400,9537,0,441,0,11,0,4,0,3,0,4,0,0,0,0,0,0,0
24500,9530,0,446,0,12,0,1,0,4,0,7,0,0,0,0,0,0,0
24600,9545,0,419,0,26,0,2,0,4,0,4,0,0,0,0,0,0,0
24700,9558,0,399,0,29,0,6,0,5,0,3,0,0,0,0,0,0,0
24800,9490,0,458,0,36,0,4,0,7,0,5,0,0,0,0,0,0,0
24900,9514,0,437,0,34,0,8,0,1,0,6,0,0,0,0,0,0,0
25000,9562,0,395,0,28,0,6,0,6,0,3,0,0,0,0,0,0,0
25100,9557,0,385,0,43,0,6,0,5,0,4,0,0,0,0,0,0,0
25200,9565,0,377,0,32,0,9,0,10,0,7,0,0,0,0,0,0,0
25300,9597,0,364,0,29,0,5,0,3,0,2,0,0,0,0,0,0,0
25400,9653,0,309,0,26,0,2,0,10,0,0,0,0,0,0,0,0,0
25500,9640,0,322,0,20,0,6,0,10,0,2,0,0,0,0,0,0,0
25600,9687,0,288,0,7,0,9,0,7,0,2,0,0,0,0,0,0,0
25700,9713,0,261,0,3,0,7,0,14,0,2,0,0,0,0,0,0,0
25800,9780,0,201,0,5,0,4,0,9,0,1,0,0,0,0,0,0,0
25900,9800,0,176,0,6,0,6,0,11,0,1,0,0,0,0,0,0,0
26000,9772,0,217,0,3,0,5,0,1,0,2,0,0,0,0,0,0,0
26100,9764,0,217,0,7,0,6,0,5,0,0,0,1,0,0,0,0,0
26200,9769,0,206,0,7,0,4,0,10,0,3,0,1,0,0,0,0,0
26300,9762,0,219,0,4,0,5,0,8,0,1,0,1,0,0,0,0,0
26400,9784,0,203,0,5,0,3,0,3,0,2,0,0,0,0,0,0,0
26500,9775,0,200,0,12,0,0,0,12,0,1,0,0,0,0,0,0,0
26600,9784,0,193,0,5,0,3,0,6,0,9,0,0,0,0,0,0,0
26700,9773,0,209,0,4,0,3,0,8,0,3,0,0,0,0,0,0,0
26800,9794,0,195,0,5,0,3,0,1,0,2,0,0,0,0,0,0,0
26900,9782,0,196,0,7,0,7,0,5,0,3,0,0,0,0,0,0,0
27000,9787,0,191,0,3,0,8,0,6,0,5,0,0,0,0,0,0,0
27100,9803,0,186,0,4,0,1,0,5,0,1,0,0,0,0,0,0,0
27200,9799,0,181,0,7,0,3,0,7,0,3,0,0,0,0,0,0,0
27300,9812,0,171,0,7,0,3,0,5,0,2,0,0,0,0,0,0,0
27400,9806,0,183,0,2,0,2,0,7,0,0,0,0,0,0,0,0,0
27500,9791,0,180,0,8,0,7,0,8,0,6,0,0,0,0,0,0,0
27600,9799,0,186,0,5,0,2,0,4,0,3,0,1,0,0,0,0,0
27700,9804,0,177,0,6,0,1,0,7,0,4,0,1,0,0,0,0,0
27800,9792,0,191,0,7,0,5,0,5,0,0,0,0,0,0,0,0,0
27900,9830,0,147,0,4,0,7,0,10,0,2,0,0,0,0,0,0,0
28000,9852,0,136,0,7,0,3,0,1,0,1,0,0,0,0,0,0,0
28100,9857,0,115,0,5,0,4,0,17,0,2,0,0,0,0,0,0,0
28200,9856,0,122,0,6,0,8,0,6,0,2,0,0,0,0,0,0,0
28300,9871,0,118,0,5,0,1,0,2,0,3,0,0,0,0,0,0,0
28400,9855,0,125,0,5,0,4,0,6,0,2,0,3,0,0,0,0,0
28500,9850,0,132,0,3,0,3,0,7,0,5,0,0,0,0,0,0,0
28600,9846,0,137,0,8,0,2,0,4,0,3,0,0,0,0,0,0,0
28700,9846,0,129,0,8,0,6,0,7,0,4,0,0,0,0,0,0,0
28800,9855,0,129,0,5,0,3,0,5,0,3,0,0,0,0,0,0,0
28900,9856,0,126,0,7,0,2,0,8,0,1,0,0,0,0,0,0,0
29000,9861,0,119,0,9,0,4,0,3,0,4,0,0,0,0,0,0,0
29100,9875,0,105,0,5,0,8,0,5,0,2,0,0,0,0,0,0,0
29200,9871,0,109,0,3,0,6,0,9,0,2,0,0,0,0,0,0,0
29300,9864,0,120,0,4,0,3,0,6,0,3,0,0,0,0,0,0,0
29400,9848,0,132,0,4,0,8,0,4,0,4,0,0,0,0,0,0,0
29500,9850,0,131,0,8,0,6,0,4,0,1,0,0,0,0,0,0,0
29600,9858,0,126,0,2,0,4,0,5,0,5,0,0,0,0,0,0,0
29700,9834,0,153,0,2,0,5,0,4,0,2,0,0,0,0,0,0,0
29800,9780,0,201,0,5,0,11,0,2,0,1,0,0,0,0,0,0,0
29900,9811,0,164,0,9,0,7,0,8,0,1,0,0,0,0,0,0,0
30000,9838,0,141,0,6,0,4,0,8,0,3,0,0,0,0,0,0,0
30100,9844,0,140,0,8,0,3,0,4,0,1,0,0,0,0,0,0,0
30200,9884,0,99,0,9,0,5,0,2,0,1,0,0,0,0,0,0,0
30300,9918,0,74,0,1,0,3,0,2,0,2,0,0,0,0,0,0,0
30400,9924,0,63,0,6,0,1,0,6,0,0,0,0,0,0,0,0,0
30500,9910,0,70,0,3,0,9,0,7,0,1,0,0,0,0,0,0,0
30600,9923,0,59,0,1,0,9,0,6,0,2,0,0,0,0,0,0,0
30700,9912,0,66,0,6,0,12,0,3,0,1,0,0,0,0,0,0,0
30800,9918,0,53,0,3,0,15,0,6,0,5,0,0,0,0,0,0,0
30900,9949,0,29,0,3,0,9,0,10,0,0,0,0,0,0,0,0,0
31000,9926,0,47,0,4,0,19,0,4,0,0,0,0,0,0,0,0,0
31100,9946,0,43,0,0,0,5,0,5,0,1,0,0,0,0,0,0,0
31200,9945,0,42,0,1,0,5,0,5,0,2,0,0,0,0,0,0,0
31300,9939,0,42,0,5,0,9,0,3,0,2,0,0,0,0,0,0,0
31400,9943,0,36,0,5,0,9,0,7,0,0,0,0,0,0,0,0,0
31500,9945,0,40,0,2,0,4,0,7,0,2,0,0,0,0,0,0,0
31600,9951,0,35,0,2,0,5,0,4,0,3,0,0,0,0,0,0,0
31700,9954,0,31,0,6,0,5,0,3,0,1,0,0,0,0,0,0,0
31800,9944,0,34,0,8,0,8,0,6,0,0,0,0,0,0,0,0,0
31900,9957,0,32,0,5,0,5,0,1,0,0,0,0,0,0,0,0,0
32000,9948,0,33,0,9,0,6,0,4,0,0,0,0,0,0,0,0,0
32100,9964,0,27,0,3,0,3,0,3,0,0,0,0,0,0,0,0,0
32200,9946,0,33,0,7,0,6,0,5,0,3,0,0,0,0,0,0,0
32300,9937,0,54,0,3,0,2,0,3,0,1,0,0,0,0,0,0,0
32400,9933,0,59,0,2,0,2,0,3,0,1,0,0,0,0,0,0,0
32500,9926,0,58,0,5,0,4,0,3,0,4,0,0,0,0,0,0,0
32600,9926,0,54,0,5,0,4,0,10,0,1,0,0,0,0,0,0,0
32700,9928,0,58,0,2,0,7,0,2,0,3,0,0,0,0,0,0,0
32800,9923,0,61,0,7,0,6,0,3,0,0,0,0,0,0,0,0,0
32900,9929,0,53,0,4,0,4,0,7,0,3,0,0,0,0,0,0,0
33000,9934,0,56,0,2,0,4,0,2,0,2,0,0,0,0,0,0,0
33100,9930,0,55,0,5,0,2,0,5,0,2,0,1,0,0,0,0,0
33200,9933,0,57,0,3,0,5,0,1,0,1,0,0,0,0,0,0,0
33300,9940,0,52,0,3,0,1,0,4,0,0,0,0,0,0,0,0,0
33400,9945,0,47,0,3,0,0,0,4,0,1,0,0,0,0,0,0,0
33500,9941,0,46,0,2,0,5,0,3,0,3,0,0,0,0,0,0,0
33600,9932,0,53,0,3,0,5,0,5,0,2,0,0,0,0,0,0,0
33700,9940,0,47,0,4,0,2,0,5,0,2,0,0,0,0,0,0,0
33800,9938,0,49,0,2,0,6,0,3,0,2,0,0,0,0,0,0,0
33900,9937,0,46,0,6,0,6,0,4,0,1,0,0,0,0,0,0,0
34000,9941,0,43,0,4,0,5,0,4,0,3,0,0,0,0,0,0,0
34100,9937,0,47,0,3,0,6,0,5,0,2,0,0,0,0,0,0,0
34200,9932,0,43,0,5,0,5,0,13,0,2,0,0,0,0,0,0,0
34300,9944,0,43,0,1,0,10,0,2,0,0,0,0,0,0,0,0,0
34400,9943,0,39,0,3,0,7,0,6,0,2,0,0,0,0,0,0,0
34500,9903,0,79,0,2,0,8,0,6,0,2,0,0,0,0,0,0,0
34600,9926,0,59,0,5,0,5,0,4,0,1,0,0,0,0,0,0,0
34700,9944,0,38,0,3,0,12,0,2,0,1,0,0,0,0,0,0,0
34800,9944,0,37,0,3,0,9,0,7,0,0,0,0,0,0,0,0,0
34900,9943,0,40,0,1,0,5,0,9,0,2,0,0,0,0,0,0,0
35000,9946,0,39,0,6,0,2,0,6,0,1,0,0,0,0,0,0,0
35100,9945,0,36,0,1,0,7,0,7,0,4,0,0,0,0,0,0,0
35200,9949,0,42,0,2,0,6,0,1,0,0,0,0,0,0,0,0,0
35300,9945,0,40,0,2,0,8,0,4,0,1,0,0,0,0,0,0,0
35400,9941,0,39,0,5,0,5,0,5,0,5,0,0,0,0,0,0,0
35500,9936,0,44,0,4,0,11,0,4,0,1,0,0,0,0,0,0,0
35600,9946,0,43,0,1,0,8,0,1,0,1,0,0,0,0,0,0,0
35700,9932,0,48,0,3,0,10,0,6,0,1,0,0,0,0,0,0,0
35800,9934,0,50,0,3,0,10,0,2,0,1,0,0,0,0,0,0,0
35900,9928,0,53,0,4,0,9,0,4,0,2,0,0,0,0,0,0,0
36000,9932,0,48,0,3,0,7,0,8,0,2,0,0,0,0,0,0,0
36100,9929,0,49,0,1,0,11,0,8,0,1,0,1,0,0,0,0,0
36200,9914,0,67,0,2,0,15,0,1,0,1,0,0,0,0,0,0,0
36300,9925,0,52,0,4,0,10,0,6,0,3,0,0,0,0,0,0,0
36400,9934,0,45,0,2,0,14,0,2,0,3,0,0,0,0,0,0,0
36500,9879,0,92,0,3,0,21,0,4,0,0,0,1,0,0,0,0,0
36600,9856,0,124,0,2,0,15,0,2,0,1,0,0,0,0,0,0,0
36700,9832,0,143,0,3,0,15,0,7,0,0,0,0,0,0,0,0,0
36800,9875,0,108,0,1,0,9,0,6,0,1,0,0,0,0,0,0,0
36900,9895,0,80,0,3,0,11,0,9,0,2,0,0,0,0,0,0,0
37000,9903,0,79,0,4,0,9,0,2,0,3,0,0,0,0,0,0,0
37100,9905,0,76,0,6,0,10,0,2,0,1,0,0,0,0,0,0,0
37200,9912,0,72,0,1,0,8,0,4,0,3,0,0,0,0,0,0,0
37300,9907,0,77,0,0,0,8,0,6,0,2,0,0,0,0,0,0,0
37400,9916,0,70,0,2,0,8,0,0,0,4,0,0,0,0,0,0,0
37500,9914,0,75,0,1,0,5,0,4,0,1,0,0,0,0,0,0,0
37600,9905,0,76,0,10,0,4,0,3,0,2,0,0,0,0,0,0,0
37700,9912,0,71,0,4,0,7,0,4,0,2,0,0,0,0,0,0,0
37800,9909,0,74,0,1,0,7,0,4,0,5,0,0,0,0,0,0,0
37900,9911,0,75,0,3,0,6,0,5,0,0,0,0,0,0,0,0,0
38000,9911,0,71,0,4,0,10,0,3,0,1,0,0,0,0,0,0,0
38100,9962,0,16,0,3,0,10,0,4,0,5,0,0,0,0,0,0,0
38200,9968,0,11,0,8,0,9,0,3,0,1,0,0,0,0,0,0,0
38300,9964,0,10,0,6,0,13,0,3,0,4,0,0,0,0,0,0,0
38400,9975,0,11,0,3,0,6,0,4,0,1,0,0,0,0,0,0,0
38500,9980,0,9,0,4,0,2,0,5,0,0,0,0,0,0,0,0,0
38600,9973,0,9,0,2,0,11,0,3,0,2,0,0,0,0,0,0,0
38700,9971,0,7,0,4,0,9,0,9,0,0,0,0,0,0,0,0,0
38800,9980,0,8,0,3,0,5,0,2,0,2,0,0,0,0,0,0,0
38900,9958,0,9,0,11,0,11,0,8,0,3,0,0,0,0,0,0,0
39000,9976,0,9,0,3,0,6,0,6,0,0,0,0,0,0,0,0,0
39100,9977,0,7,0,2,0,7,0,4,0,3,0,0,0,0,0,0,0
39200,9976,0,9,0,1,0,11,0,3,0,0,0,0,0,0,0,0,0
39300,9975,0,15,0,2,0,5,0,2,0,1,0,0,0,0,0,0,0
39400,9974,0,16,0,3,0,6,0,1,0,0,0,0,0,0,0,0,0
39500,9962,0,15,0,2,0,14,0,4,0,2,0,1,0,0,0,0,0
39600,9968,0,14,0,4,0,7,0,5,0,2,0,0,0,0,0,0,0
39700,9971,0,14,0,2,0,11,0,1,0,1,0,0,0,0,0,0,0
39800,9914,0,62,0,5,0,11,0,4,0,4,0,0,0,0,0,0,0
39900,9920,0,68,0,2,0,6,0,3,0,1,0,0,0,0,0,0,0
40000,9920,0,72,0,0,0,5,0,2,0,1,0,0,0,0,0,0,0
40100,9921,0,71,0,2,0,3,0,3,0,0,0,0,0,0,0,0,0
40200,9917,0,74,0,2,0,3,0,4,0,0,0,0,0,0,0,0,0
40300,9916,0,72,0,3,0,3,0,4,0,1,0,1,0,0,0,0,0
40400,9913,0,73,0,5,0,5,0,3,0,1,0,0,0,0,0,0,0
40500,9959,0,28,0,4,0,3,0,4,0,2,0,0,0,0,0,0,0
40600,9950,0,31,0,1,0,7,0,9,0,2,0,0,0,0,0,0,0
40700,9940,0,36,0,3,0,10,0,7,0,4,0,0,0,0,0,0,0
40800,9960,0,27,0,6,0,3,0,3,0,1,0,0,0,0,0,0,0
40900,9943,0,41,0,3,0,6,0,4,0,2,0,1,0,0,0,0,0
41000,9940,0,41,0,2,0,6,0,10,0,1,0,0,0,0,0,0,0
41100,9946,0,41,0,3,0,4,0,4,0,2,0,0,0,0,0,0,0
41200,9952,0,40,0,1,0,3,0,1,0,3,0,0,0,0,0,0,0
41300,9956,0,34,0,3,0,5,0,1,0,1,0,0,0,0,0,0,0
41400,9941,0,38,0,5,0,12,0,2,0,2,0,0,0,0,0,0,0
41500,9953,0,31,0,2,0,5,0,7,0,2,0,0,0,0,0,0,0
41600,9952,0,35,0,3,0,5,0,4,0,1,0,0,0,0,0,0,0
41700,9947,0,48,0,0,0,3,0,2,0,0,0,0,0,0,0,0,0
41800,9932,0,55,0,4,0,7,0,0,0,2,0,0,0,0,0,0,0
41900,9930,0,58,0,3,0,4,0,2,0,3,0,0,0,0,0,0,0
42000,9933,0,46,0,3,0,4,0,12,0,2,0,0,0,0,0,0,0
42100,9942,0,50,0,1,0,2,0,5,0,0,0,0,0,0,0,0,0
42200,9933,0,54,0,2,0,2,0,6,0,3,0,0,0,0,0,0,0
42300,9939,0,52,0,5,0,0,0,1,0,3,0,0,0,0,0,0,0
42400,9941,0,52,0,2,0,2,0,2,0,1,0,0,0,0,0,0,0
42500,9934,0,52,0,1,0,8,0,2,0,3,0,0,0,0,0,0,0
42600,9943,0,49,0,2,0,3,0,3,0,0,0,0,0,0,0,0,0
42700,9926,0,63,0,2,0,7,0,1,0,1,0,0,0,0,0,0,0
42800,9922,0,63,0,3,0,8,0,2,0,2,0,0,0,0,0,0,0
42900,9936,0,54,0,0,0,4,0,4,0,2,0,0,0,0,0,0,0
43000,9930,0,57,0,2,0,5,0,5,0,1,0,0,0,0,0,0,0
43100,9939,0,54,0,0,0,6,0,0,0,1,0,0,0,0,0,0,0
43200,9936,0,51,0,4,0,3,0,4,0,2,0,0,0,0,0,0,0
43300,9934,0,56,0,2,0,3,0,3,0,2,0,0,0,0,0,0,0
43400,9935,0,61,0,0,0,2,0,1,0,1,0,0,0,0,0,0,0
43500,9927,0,62,0,2,0,5,0,2,0,2,0,0,0,0,0,0,0
43600,9899,0,86,0,2,0,11,0,2,0,0,0,0,0,0,0,0,0
43700,9867,0,115,0,3,0,10,0,4,0,1,0,0,0,0,0,0,0
43800,9868,0,116,0,4,0,4,0,5,0,3,0,0,0,0,0,0,0
43900,9874,0,108,0,2,0,9,0,4,0,3,0,0,0,0,0,0,0
44000,9882,0,105,0,0,0,8,0,3,0,2,0,0,0,0,0,0,0
44100,9881,0,103,0,1,0,9,0,4,0,2,0,0,0,0,0,0,0
44200,9863,0,121,0,4,0,8,0,3,0,1,0,0,0,0,0,0,0
44300,9851,0,128,0,3,0,10,0,6,0,2,0,0,0,0,0,0,0
44400,9862,0,117,0,3,0,10,0,4,0,4,0,0,0,0,0,0,0
44500,9879,0,105,0,2,0,9,0,2,0,3,0,0,0,0,0,0,0
44600,9849,0,131,0,4,0,12,0,3,0,1,0,0,0,0,0,0,0
44700,9837,0,149,0,3,0,7,0,2,0,2,0,0,0,0,0,0,0
44800,9797,0,189,0,2,0,6,0,0,0,6,0,0,0,0,0,0,0
44900,9827,0,162,0,2,0,6,0,1,0,2,0,0,0,0,0,0,0
45000,9865,0,125,0,0,0,5,0,2,0,2,0,1,0,0,0,0,0
45100,9863,0,126,0,1,0,5,0,3,0,2,0,0,0,0,0,0,0
45200,9855,0,127,0,7,0,9,0,2,0,0,0,0,0,0,0,0,0
45300,9864,0,122,0,1,0,9,0,4,0,0,0,0,0,0,0,0,0
45400,9881,0,110,0,0,0,5,0,4,0,0,0,0,0,0,0,0,0
45500,9872,0,116,0,1,0,10,0,1,0,0,0,0,0,0,0,0,0
45600,9867,0,122,0,2,0,7,0,2,0,0,0,0,0,0,0,0,0
45700,9844,0,140,0,3,0,7,0,4,0,2,0,0,0,0,0,0,0
45800,9844,0,141,0,3,0,6,0,4,0,2,0,0,0,0,0,0,0
45900,9817,0,170,0,3,0,6,0,4,0,0,0,0,0,0,0,0,0
46000,9812,0,176,0,2,0,7,0,1,0,2,0,0,0,0,0,0,0
46100,9817,0,172,0,1,0,10,0,0,0,0,0,0,0,0,0,0,0
46200,9812,0,175,0,2,0,8,0,3,0,0,0,0,0,0,0,0,0
46300,9820,0,170,0,2,0,7,0,1,0,0,0,0,0,0,0,0,0
46400,9810,0,178,0,3,0,6,0,2,0,1,0,0,0,0,0,0,0
46500,9822,0,163,0,2,0,10,0,0,0,3,0,0,0,0,0,0,0
46600,9807,0,171,0,3,0,8,0,10,0,1,0,0,0,0,0,0,0
46700,9824,0,170,0,0,0,5,0,1,0,0,0,0,0,0,0,0,0
46800,9831,0,159,0,0,0,8,0,1,0,1,0,0,0,0,0,0,0
46900,9845,0,144,0,2,0,6,0,0,0,3,0,0,0,0,0,0,0
47000,9851,0,143,0,3,0,1,0,1,0,1,0,0,0,0,0,0,0
47100,9860,0,133,0,2,0,1,0,1,0,3,0,0,0,0,0,0,0
47200,9859,0,131,0,2,0,0,0,8,0,0,0,0,0,0,0,0,0
47300,9865,0,131,0,2,0,0,0,2,0,0,0,0,0,0,0,0,0
47400,9857,0,135,0,1,0,1,0,4,0,2,0,0,0,0,0,0,0
47500,9859,0,133,0,2,0,2,0,2,0,2,0,0,0,0,0,0,0
47600,9859,0,129,0,5,0,2,0,4,0,1,0,0,0,0,0,0,0
47700,9859,0,133,0,1,0,1,0,5,0,1,0,0,0,0,0,0,0
47800,9861,0,132,0,1,0,1,0,3,0,1,0,1,0,0,0,0,0
47900,9858,0,129,0,2,0,3,0,7,0,1,0,0,0,0,0,0,0
48000,9895,0,97,0,1,0,4,0,3,0,0,0,0,0,0,0,0,0
48100,9897,0,98,0,1,0,1,0,2,0,1,0,0,0,0,0,0,0
48200,9893,0,98,0,2,0,1,0,4,0,2,0,0,0,0,0,0,0
48300,9896,0,94,0,3,0,4,0,3,0,0,0,0,0,0,0,0,0
48400,9909,0,78,0,3,0,3,0,6,0,1,0,0,0,0,0,0,0
48500,9961,0,33,0,2,0,2,0,2,0,0,0,0,0,0,0,0,0
48600,9964,0,31,0,4,0,0,0,1,0,0,0,0,0,0,0,0,0
48700,9965,0,30,0,3,0,0,0,2,0,0,0,0,0,0,0,0,0
48800,9962,0,31,0,0,0,2,0,3,0,2,0,0,0,0,0,0,0
48900,9957,0,37,0,1,0,0,0,1,0,4,0,0,0,0,0,0,0
49000,9948,0,49,0,0,0,2,0,1,0,0,0,0,0,0,0,0,0
49100,9851,0,137,0,0,0,6,0,3,0,3,0,0,0,0,0,0,0
49200,9819,0,171,0,2,0,2,0,6,0,0,0,0,0,0,0,0,0
49300,9876,0,121,0,1,0,1,0,1,0,0,0,0,0,0,0,0,0
49400,9873,0,117,0,0,0,3,0,4,0,3,0,0,0,0,0,0,0
49500,9873,0,116,0,2,0,1,0,7,0,1,0,0,0,0,0,0,0
49600,9868,0,122,0,1,0,7,0,2,0,0,0,0,0,0,0,0,0
49700,9793,0,199,0,1,0,2,0,4,0,1,0,0,0,0,0,0,0
49800,9718,0,275,0,1,0,5,0,1,0,0,0,0,0,0,0,0,0
49900,9690,0,293,0,3,0,6,0,7,0,1,0,0,0,0,0,0,0
50000,9694,0,295,0,0,0,8,0,3,0,0,0,0,0,0,0,0,0
50100,9690,0,299,0,3,0,5,0,1,0,2,0,0,0,0,0,0,0
50200,9719,0,270,0,2,0,8,0,0,0,1,0,0,0,0,0,0,0
50300,9712,0,274,0,3,0,5,0,4,0,2,0,0,0,0,0,0,0
50400,9721,0,272,0,2,0,4,0,1,0,0,0,0,0,0,0,0,0
50500,9709,0,280,0,5,0,4,0,1,0,1,0,0,0,0,0,0,0
50600,9716,0,264,0,3,0,6,0,9,0,2,0,0,0,0,0,0,0
50700,9709,0,282,0,2,0,3,0,1,0,3,0,0,0,0,0,0,0
50800,9712,0,279,0,4,0,2,0,1,0,2,0,0,0,0,0,0,0
50900,9710,0,276,0,3,0,4,0,6,0,1,0,0,0,0,0,0,0
51000,9709,0,279,0,3,0,3,0,3,0,3,0,0,0,0,0,0,0
51100,9718,0,269,0,3,0,6,0,2,0,2,0,0,0,0,0,0,0
51200,9724,0,256,0,10,0,5,0,5,0,0,0,0,0,0,0,0,0
51300,9739,0,252,0,3,0,4,0,1,0,1,0,0,0,0,0,0,0
51400,9724,0,268,0,2,0,0,0,5,0,1,0,0,0,0,0,0,0
51500,9740,0,249,0,1,0,4,0,4,0,2,0,0,0,0,0,0,0
51600,9774,0,214,0,4,0,1,0,5,0,2,0,0,0,0,0,0,0
51700,9808,0,179,0,2,0,6,0,3,0,2,0,0,0,0,0,0,0
51800,9837,0,153,0,5,0,4,0,0,0,1,0,0,0,0,0,0,0
51900,9828,0,150,0,3,0,6,0,9,0,4,0,0,0,0,0,0,0
52000,9876,0,116,0,2,0,3,0,3,0,0,0,0,0,0,0,0,0
52100,9893,0,97,0,2,0,1,0,6,0,1,0,0,0,0,0,0,0
52200,9872,0,107,0,6,0,4,0,9,0,2,0,0,0,0,0,0,0
52300,9886,0,99,0,2,0,7,0,6,0,0,0,0,0,0,0,0,0
52400,9887,0,94,0,6,0,9,0,2,0,2,0,0,0,0,0,0,0
52500,9904,0,88,0,5,0,1,0,1,0,1,0,0,0,0,0,0,0
52600,9897,0,92,0,3,0,6,0,1,0,1,0,0,0,0,0,0,0
52700,9885,0,100,0,1,0,10,0,4,0,0,0,0,0,0,0,0,0
52800,9881,0,109,0,5,0,1,0,3,0,1,0,0,0,0,0,0,0
52900,9887,0,99,0,3,0,5,0,4,0,2,0,0,0,0,0,0,0
53000,9902,0,94,0,2,0,2,0,0,0,0,0,0,0,0,0,0,0
53100,9898,0,88,0,3,0,5,0,6,0,0,0,0,0,0,0,0,0
53200,9903,0,88,0,2,0,1,0,4,0,2,0,0,0,0,0,0,0
53300,9908,0,83,0,6,0,1,0,2,0,0,0,0,0,0,0,0,0
53400,9902,0,81,0,7,0,5,0,4,0,1,0,0,0,0,0,0,0
53500,9949,0,40,0,1,0,5,0,3,0,2,0,0,0,0,0,0,0
53600,9963,0,21,0,3,0,8,0,4,0,1,0,0,0,0,0,0,0
53700,9973,0,10,0,3,0,9,0,5,0,0,0,0,0,0,0,0,0
53800,9982,0,8,0,5,0,1,0,3,0,1,0,0,0,0,0,0,0
53900,9974,0,9,0,5,0,6,0,5,0,1,0,0,0,0,0,0,0
54000,9980,0,12,0,4,0,2,0,1,0,1,0,0,0,0,0,0,0
54100,9971,0,19,0,2,0,3,0,3,0,2,0,0,0,0,0,0,0
54200,9966,0,21,0,2,0,5,0,6,0,0,0,0,0,0,0,0,0
54300,9971,0,23,0,0,0,3,0,3,0,0,0,0,0,0,0,0,0
54400,9980,0,15,0,0,0,0,0,3,0,2,0,0,0,0,0,0,0
54500,9969,0,22,0,2,0,3,0,3,0,1,0,0,0,0,0,0,0
54600,9978,0,15,0,1,0,2,0,2,0,2,0,0,0,0,0,0,0
54700,9958,0,35,0,2,0,1,0,4,0,0,0,0,0,0,0,0,0
54800,9888,0,80,0,2,0,25,0,4,0,1,0,0,0,0,0,0,0
54900,9852,0,79,0,0,0,59,0,8,0,2,0,0,0,0,0,0,0
55000,9853,0,77,0,3,0,65,0,1,0,1,0,0,0,0,0,0,0
55100,9919,0,27,0,4,0,42,0,5,0,3,0,0,0,0,0,0,0
55200,9962,0,32,0,0,0,1,0,3,0,2,0,0,0,0,0,0,0
55300,9947,0,43,0,2,0,6,0,2,0,0,0,0,0,0,0,0,0
55400,9953,0,35,0,2,0,2,0,3,0,5,0,0,0,0,0,0,0
55500,9951,0,42,0,1,0,4,0,2,0,0,0,0,0,0,0,0,0
55600,9960,0,27,0,5,0,2,0,2,0,4,0,0,0,0,0,0,0
55700,9961,0,29,0,3,0,1,0,3,0,3,0,0,0,0,0,0,0
55800,9965,0,29,0,1,0,2,0,1,0,2,0,0,0,0,0,0,0
55900,9960,0,27,0,5,0,7,0,1,0,0,0,0,0,0,0,0,0
56000,9963,0,28,0,1,0,4,0,2,0,2,0,0,0,0,0,0,0
56100,9947,0,45,0,1,0,4,0,3,0,0,0,0,0,0,0,0,0
56200,9986,0,7,0,1,0,2,0,0,0,4,0,0,0,0,0,0,0
56300,9939,0,53,0,2,0,1,0,5,0,0,0,0,0,0,0,0,0
56400,9939,0,52,0,2,0,0,0,6,0,1,0,0,0,0,0,0,0
56500,9937,0,54,0,2,0,1,0,4,0,2,0,0,0,0,0,0,0
56600,9926,0,60,0,4,0,7,0,3,0,0,0,0,0,0,0,0,0
56700,9921,0,59,0,2,0,16,0,1,0,1,0,0,0,0,0,0,0
56800,9921,0,59,0,2,0,12,0,6,0,0,0,0,0,0,0,0,0
56900,9942,0,40,0,4,0,8,0,6,0,0,0,0,0,0,0,0,0
57000,9973,0,13,0,5,0,7,0,1,0,1,0,0,0,0,0,0,0
57100,9981,0,12,0,1,0,1,0,5,0,0,0,0,0,0,0,0,0
57200,9984,0,11,0,0,0,1,0,2,0,2,0,0,0,0,0,0,0
57300,9978,0,12,0,4,0,3,0,1,0,2,0,0,0,0,0,0,0
57400,9975,0,3,0,2,0,17,0,2,0,1,0,0,0,0,0,0,0
57500,9989,0,0,0,4,0,4,0,1,0,2,0,0,0,0,0,0,0
57600,9995,0,0,0,0,0,3,0,2,0,0,0,0,0,0,0,0,0
57700,9986,0,1,0,2,0,7,0,3,0,1,0,0,0,0,0,0,0
57800,9986,0,2,0,3,0,4,0,3,0,2,0,0,0,0,0,0,0
57900,9988,0,0,0,2,0,7,0,3,0,0,0,0,0,0,0,0,0
58000,9982,0,11,0,1,0,4,0,1,0,1,0,0,0,0,0,0,0
58100,9982,0,11,0,3,0,2,0,2,0,0,0,0,0,0,0,0,0
58200,9980,0,10,0,0,0,7,0,2,0,1,0,0,0,0,0,0,0
58300,9978,0,10,0,3,0,1,0,8,0,0,0,0,0,0,0,0,0
58400,9974,0,15,0,2,0,5,0,3,0,1,0,0,0,0,0,0,0
58500,9976,0,11,0,0,0,6,0,6,0,1,0,0,0,0,0,0,0
58600,9923,0,66,0,2,0,7,0,2,0,0,0,0,0,0,0,0,0
58700,9933,0,64,0,0,0,2,0,1,0,0,0,0,0,0,0,0,0
58800,9927,0,66,0,0,0,5,0,1,0,1,0,0,0,0,0,0,0
58900,9921,0,66,0,1,0,4,0,6,0,2,0,0,0,0,0,0,0
59000,9921,0,60,0,3,0,11,0,4,0,1,0,0,0,0,0,0,0
59100,9924,0,68,0,1,0,4,0,2,0,1,0,0,0,0,0,0,0
59200,9955,0,35,0,2,0,3,0,4,0,1,0,0,0,0,0,0,0
59300,9981,0,10,0,2,0,4,0,2,0,1,0,0,0,0,0,0,0
59400,9987,0,8,0,2,0,1,0,2,0,0,0,0,0,0,0,0,0
59500,9983,0,8,0,1,0,4,0,3,0,1,0,0,0,0,0,0,0
59600,9988,0,5,0,0,0,2,0,5,0,0,0,0,0,0,0,0,0
59700,9988,0,8,0,0,0,1,0,2,0,1,0,0,0,0,0,0,0
59800,9985,0,9,0,2,0,3,0,1,0,0,0,0,0,0,0,0,0
59900,9978,0,11,0,1,0,3,0,3,0,4,0,0,0,0,0,0,0
60000,9977,0,15,0,0,0,3,0,4,0,1,0,0,0,0,0,0,0
60100,9979,0,15,0,1,0,2,0,2,0,1,0,0,0,0,0,0,0
60200,9970,0,21,0,1,0,1,0,5,0,2,0,0,0,0,0,0,0
60300,9978,0,16,0,2,0,4,0,0,0,0,0,0,0,0,0,0,0
60400,9974,0,16,0,1,0,5,0,2,0,2,0,0,0,0,0,0,0
60500,9973,0,13,0,2,0,6,0,5,0,1,0,0,0,0,0,0,0
60600,9960,0,21,0,4,0,8,0,4,0,3,0,0,0,0,0,0,0
60700,9973,0,18,0,2,0,4,0,2,0,1,0,0,0,0,0,0,0
60800,9970,0,22,0,2,0,4,0,2,0,0,0,0,0,0,0,0,0
60900,9970,0,21,0,3,0,2,0,2,0,2,0,0,0,0,0,0,0
61000,9965,0,25,0,3,0,2,0,5,0,0,0,0,0,0,0,0,0
61100,9976,0,18,0,1,0,2,0,2,0,1,0,0,0,0,0,0,0
61200,9966,0,25,0,2,0,4,0,3,0,0,0,0,0,0,0,0,0
61300,9965,0,22,0,2,0,7,0,2,0,2,0,0,0,0,0,0,0
61400,9962,0,23,0,5,0,7,0,2,0,1,0,0,0,0,0,0,0
61500,9969,0,16,0,4,0,7,0,3,0,1,0,0,0,0,0,0,0
61600,9977,0,16,0,3,0,0,0,4,0,0,0,0,0,0,0,0,0
61700,9978,0,16,0,3,0,2,0,1,0,0,0,0,0,0,0,0,0
61800,9980,0,15,0,2,0,2,0,1,0,0,0,0,0,0,0,0,0
61900,9976,0,19,0,1,0,1,0,3,0,0,0,0,0,0,0,0,0
62000,9973,0,21,0,2,0,1,0,3,0,0,0,0,0,0,0,0,0
62100,9978,0,17,0,0,0,1,0,3,0,1,0,0,0,0,0,0,0
62200,9971,0,19,0,4,0,2,0,2,0,2,0,0,0,0,0,0,0
62300,9973,0,20,0,4,0,2,0,1,0,0,0,0,0,0,0,0,0
62400,9976,0,17,0,3,0,1,0,2,0,1,0,0,0,0,0,0,0
62500,9967,0,24,0,2,0,1,0,4,0,2,0,0,0,0,0,0,0
62600,9975,0,21,0,0,0,2,0,2,0,0,0,0,0,0,0,0,0
62700,9973,0,19,0,2,0,4,0,2,0,0,0,0,0,0,0,0,0
62800,9973,0,19,0,3,0,3,0,1,0,1,0,0,0,0,0,0,0
62900,9968,0,26,0,0,0,3,0,0,0,3,0,0,0,0,0,0,0
63000,9968,0,21,0,2,0,3,0,5,0,1,0,0,0,0,0,0,0
63100,9973,0,23,0,0,0,1,0,3,0,0,0,0,0,0,0,0,0
63200,9972,0,21,0,2,0,0,0,2,0,3,0,0,0,0,0,0,0
63300,9969,0,21,0,1,0,4,0,4,0,1,0,0,0,0,0,0,0
63400,9971,0,24,0,1,0,3,0,1,0,0,0,0,0,0,0,0,0
63500,9969,0,25,0,0,0,2,0,3,0,1,0,0,0,0,0,0,0
63600,9967,0,28,0,2,0,2,0,1,0,0,0,0,0,0,0,0,0
63700,9962,0,24,0,3,0,1,0,6,0,4,0,0,0,0,0,0,0
63800,9965,0,23,0,2,0,4,0,4,0,2,0,0,0,0,0,0,0
63900,9964,0,25,0,4,0,4,0,3,0,0,0,0,0,0,0,0,0
64000,9949,0,47,0,1,0,3,0,0,0,0,0,0,0,0,0,0,0
64100,9946,0,52,0,0,0,1,0,1,0,0,0,0,0,0,0,0,0
64200,9936,0,55,0,4,0,2,0,1,0,2,0,0,0,0,0,0,0
64300,9942,0,52,0,2,0,2,0,2,0,0,0,0,0,0,0,0,0
64400,9941,0,52,0,1,0,3,0,2,0,1,0,0,0,0,0,0,0
64500,9940,0,52,0,3,0,2,0,3,0,0,0,0,0,0,0,0,0
64600,9953,0,39,0,2,0,2,0,4,0,0,0,0,0,0,0,0,0
64700,9950,0,34,0,2,0,4,0,8,0,2,0,0,0,0,0,0,0
64800,9968,0,23,0,2,0,3,0,4,0,0,0,0,0,0,0,0,0
64900,9984,0,9,0,2,0,3,0,2,0,0,0,0,0,0,0,0,0
65000,9988,0,8,0,1,0,2,0,0,0,1,0,0,0,0,0,0,0
65100,9984,0,7,0,6,0,2,0,1,0,0,0,0,0,0,0,0,0
65200,9989,0,7,0,0,0,0,0,4,0,0,0,0,0,0,0,0,0
65300,9984,0,14,0,1,0,0,0,1,0,0,0,0,0,0,0,0,0
65400,9980,0,12,0,1,0,6,0,1,0,0,0,0,0,0,0,0,0
65500,9979,0,13,0,0,0,6,0,1,0,1,0,0,0,0,0,0,0
65600,9981,0,9,0,2,0,4,0,3,0,1,0,0,0,0,0,0,0
65700,9985,0,8,0,1,0,4,0,1,0,1,0,0,0,0,0,0,0
65800,9979,0,9,0,2,0,7,0,2,0,1,0,0,0,0,0,0,0
65900,9984,0,8,0,0,0,6,0,1,0,1,0,0,0,0,0,0,0
66000,9985,0,10,0,1,0,3,0,1,0,0,0,0,0,0,0,0,0
66100,9973,0,14,0,2,0,4,0,5,0,2,0,0,0,0,0,0,0
66200,9976,0,17,0,2,0,2,0,3,0,0,0,0,0,0,0,0,0
66300,9973,0,14,0,1,0,7,0,3,0,2,0,0,0,0,0,0,0
66400,9972,0,18,0,2,0,4,0,1,0,3,0,0,0,0,0,0,0
66500,9972,0,17,0,2,0,3,0,5,0,1,0,0,0,0,0,0,0
66600,9972,0,15,0,1,0,9,0,3,0,0,0,0,0,0,0,0,0
66700,9971,0,14,0,1,0,6,0,6,0,2,0,0,0,0,0,0,0
66800,9972,0,15,0,1,0,10,0,2,0,0,0,0,0,0,0,0,0
66900,9977,0,12,0,2,0,2,0,6,0,1,0,0,0,0,0,0,0
67000,9976,0,12,0,2,0,5,0,2,0,3,0,0,0,0,0,0,0
67100,9955,0,34,0,5,0,3,0,2,0,1,0,0,0,0,0,0,0
67200,9961,0,34,0,3,0,1,0,1,0,0,0,0,0,0,0,0,0
67300,9959,0,34,0,1,0,1,0,4,0,0,0,1,0,0,0,0,0
67400,9957,0,34,0,4,0,2,0,1,0,2,0,0,0,0,0,0,0
67500,9960,0,36,0,2,0,1,0,1,0,0,0,0,0,0,0,0,0
67600,9956,0,37,0,3,0,1,0,2,0,1,0,0,0,0,0,0,0
67700,9946,0,44,0,2,0,4,0,4,0,0,0,0,0,0,0,0,0
67800,9938,0,53,0,1,0,5,0,2,0,1,0,0,0,0,0,0,0
67900,9941,0,56,0,1,0,0,0,2,0,0,0,0,0,0,0,0,0
68000,9938,0,54,0,4,0,1,0,3,0,0,0,0,0,0,0,0,0
68100,9967,0,30,0,0,0,0,0,3,0,0,0,0,0,0,0,0,0
68200,9963,0,30,0,2,0,2,0,2,0,1,0,0,0,0,0,0,0
68300,9965,0,29,0,1,0,0,0,4,0,1,0,0,0,0,0,0,0
68400,9966,0,28,0,3,0,0,0,2,0,1,0,0,0,0,0,0,0
68500,9963,0,23,0,1,0,0,0,12,0,1,0,0,0,0,0,0,0
68600,9968,0,25,0,2,0,1,0,4,0,0,0,0,0,0,0,0,0
68700,9966,0,26,0,2,0,1,0,5,0,0,0,0,0,0,0,0,0
68800,9966,0,26,0,3,0,2,0,2,0,1,0,0,0,0,0,0,0
68900,9952,0,31,0,4,0,4,0,5,0,1,0,3,0,0,0,0,0
69000,9965,0,28,0,4,0,2,0,1,0,0,0,0,0,0,0,0,0
69100,9972,0,23,0,2,0,0,0,1,0,2,0,0,0,0,0,0,0
69200,9972,0,24,0,1,0,0,0,1,0,2,0,0,0,0,0,0,0
69300,9967,0,28,0,1,0,1,0,3,0,0,0,0,0,0,0,0,0
69400,9962,0,28,0,0,0,6,0,4,0,0,0,0,0,0,0,0,0
69500,9962,0,28,0,1,0,5,0,3,0,1,0,0,0,0,0,0,0
69600,9960,0,32,0,3,0,2,0,3,0,0,0,0,0,0,0,0,0
69700,9959,0,31,0,5,0,1,0,3,0,1,0,0,0,0,0,0,0
69800,9956,0,32,0,2,0,3,0,1,0,6,0,0,0,0,0,0,0
69900,9961,0,33,0,3,0,3,0,0,0,0,0,0,0,0,0,0,0
70000,9959,0,34,0,4,0,1,0,2,0,0,0,0,0,0,0,0,0
70100,9955,0,36,0,0,0,3,0,4,0,2,0,0,0,0,0,0,0
70200,9962,0,35,0,1,0,1,0,0,0,1,0,0,0,0,0,0,0
70300,9958,0,38,0,0,0,0,0,1,0,3,0,0,0,0,0,0,0
70400,9962,0,32,0,1,0,2,0,1,0,1,0,1,0,0,0,0,0
70500,9969,0,27,0,1,0,2,0,0,0,1,0,0,0,0,0,0,0
70600,9965,0,29,0,0,0,1,0,2,0,3,0,0,0,0,0,0,0
70700,9962,0,29,0,4,0,3,0,2,0,0,0,0,0,0,0,0,0
70800,9963,0,28,0,1,0,2,0,4,0,2,0,0,0,0,0,0,0
70900,9964,0,26,0,3,0,3,0,3,0,1,0,0,0,0,0,0,0
71000,9954,0,31,0,4,0,5,0,4,0,2,0,0,0,0,0,0,0
71100,9967,0,23,0,3,0,1,0,5,0,1,0,0,0,0,0,0,0
71200,9966,0,26,0,1,0,1,0,5,0,1,0,0,0,0,0,0,0
71300,9925,0,67,0,1,0,5,0,2,0,0,0,0,0,0,0,0,0
71400,9928,0,68,0,0,0,2,0,1,0,1,0,0,0,0,0,0,0
71500,9927,0,68,0,1,0,1,0,1,0,2,0,0,0,0,0,0,0
71600,9919,0,72,0,0,0,5,0,3,0,1,0,0,0,0,0,0,0
71700,9928,0,69,0,0,0,0,0,3,0,0,0,0,0,0,0,0,0
71800,9926,0,69,0,3,0,1,0,1,0,0,0,0,0,0,0,0,0
71900,9931,0,63,0,2,0,2,0,2,0,0,0,0,0,0,0,0,0
72000,9930,0,61,0,4,0,1,0,3,0,1,0,0,0,0,0,0,0
72100,9928,0,65,0,1,0,4,0,2,0,0,0,0,0,0,0,0,0
72200,9920,0,62,0,6,0,3,0,4,0,5,0,0,0,0,0,0,0
72300,9933,0,61,0,2,0,3,0,1,0,0,0,0,0,0,0,0,0
72400,9932,0,63,0,1,0,3,0,1,0,0,0,0,0,0,0,0,0
72500,9934,0,60,0,2,0,0,0,2,0,1,0,1,0,0,0,0,0
72600,9934,0,62,0,2,0,2,0,0,0,0,0,0,0,0,0,0,0
72700,9930,0,63,0,3,0,0,0,2,0,2,0,0,0,0,0,0,0
72800,9934,0,60,0,2,0,2,0,2,0,0,0,0,0,0,0,0,0
72900,9938,0,60,0,1,0,1,0,0,0,0,0,0,0,0,0,0,0
73000,9933,0,62,0,3,0,0,0,1,0,1,0,0,0,0,0,0,0
73100,9930,0,60,0,0,0,1,0,7,0,2,0,0,0,0,0,0,0
73200,9931,0,62,0,1,0,1,0,4,0,1,0,0,0,0,0,0,0
73300,9934,0,58,0,1,0,2,0,4,0,1,0,0,0,0,0,0,0
73400,9932,0,63,0,0,0,2,0,3,0,0,0,0,0,0,0,0,0
73500,9937,0,58,0,1,0,2,0,1,0,1,0,0,0,0,0,0,0
73600,9918,0,72,0,0,0,10,0,0,0,0,0,0,0,0,0,0,0
73700,9911,0,78,0,2,0,6,0,2,0,1,0,0,0,0,0,0,0
73800,9910,0,81,0,3,0,2,0,3,0,1,0,0,0,0,0,0,0
73900,9911,0,82,0,2,0,0,0,4,0,1,0,0,0,0,0,0,0
74000,9910,0,82,0,0,0,4,0,3,0,1,0,0,0,0,0,0,0
74100,9906,0,86,0,1,0,5,0,2,0,0,0,0,0,0,0,0,0
74200,9901,0,90,0,2,0,5,0,1,0,1,0,0,0,0,0,0,0
74300,9904,0,94,0,0,0,1,0,0,0,1,0,0,0,0,0,0,0
74400,9901,0,85,0,4,0,2,0,6,0,2,0,0,0,0,0,0,0
74500,9916,0,82,0,0,0,0,0,0,0,2,0,0,0,0,0,0,0
74600,9912,0,78,0,2,0,5,0,2,0,1,0,0,0,0,0,0,0
74700,9916,0,79,0,0,0,1,0,4,0,0,0,0,0,0,0,0,0
74800,9905,0,81,0,6,0,1,0,6,0,1,0,0,0,0,0,0,0
74900,9913,0,78,0,1,0,3,0,2,0,3,0,0,0,0,0,0,0
75000,9909,0,83,0,3,0,2,0,1,0,2,0,0,0,0,0,0,0
75100,9905,0,85,0,3,0,0,0,4,0,3,0,0,0,0,0,0,0
75200,9912,0,77,0,5,0,0,0,3,0,2,0,1,0,0,0,0,0
75300,9907,0,87,0,2,0,0,0,2,0,2,0,0,0,0,0,0,0
75400,9920,0,80,0,0,0,0,0,0,0,0,0,0,0,0,0,0,0
75500,9912,0,83,0,2,0,0,0,2,0,1,0,0,0,0,0,0,0
75600,9909,0,80,0,0,0,7,0,2,0,2,0,0,0,0,0,0,0
75700,9910,0,84,0,2,0,2,0,1,0,1,0,0,0,0,0,0,0
75800,9909,0,83,0,1,0,3,0,3,0,1,0,0,0,0,0,0,0
75900,9915,0,81,0,1,0,1,0,2,0,0,0,0,0,0,0,0,0
76000,9911,0,80,0,1,0,1,0,6,0,1,0,0,0,0,0,0,0
76100,9916,0,81,0,1,0,0,0,0,0,2,0,0,0,0,0,0,0
76200,9912,0,80,0,2,0,1,0,5,0,0,0,0,0,0,0,0,0
76300,9913,0,84,0,1,0,1,0,0,0,1,0,0,0,0,0,0,0
76400,9911,0,83,0,1,0,3,0,0,0,2,0,0,0,0,0,0,0
76500,9915,0,80,0,1,0,3,0,1,0,0,0,0,0,0,0,0,0
76600,9913,0,79,0,3,0,4,0,0,0,1,0,0,0,0,0,0,0
76700,9910,0,79,0,2,0,2,0,6,0,1,0,0,0,0,0,0,0
76800,9906,0,80,0,3,0,8,0,2,0,1,0,0,0,0,0,0,0
76900,9910,0,80,0,2,0,3,0,4,0,1,0,0,0,0,0,0,0
77000,9915,0,77,0,3,0,2,0,2,0,1,0,0,0,0,0,0,0
77100,9911,0,80,0,1,0,6,0,1,0,1,0,0,0,0,0,0,0
77200,9911,0,79,0,1,0,1,0,6,0,2,0,0,0,0,0,0,0
77300,9908,0,81,0,4,0,2,0,4,0,1,0,0,0,0,0,0,0
77400,9917,0,78,0,1,0,1,0,2,0,1,0,0,0,0,0,0,0
77500,9916,0,78,0,0,0,5,0,1,0,0,0,0,0,0,0,0,0
77600,9912,0,77,0,2,0,4,0,2,0,3,0,0,0,0,0,0,0
77700,9915,0,78,0,1,0,5,0,0,0,1,0,0,0,0,0,0,0
77800,9918,0,80,0,1,0,0,0,1,0,0,0,0,0,0,0,0,0
77900,9911,0,79,0,2,0,5,0,1,0,2,0,0,0,0,0,0,0
78000,9915,0,77,0,2,0,3,0,3,0,0,0,0,0,0,0,0,0
78100,9901,0,92,0,2,0,2,0,3,0,0,0,0,0,0,0,0,0
78200,9893,0,97,0,2,0,4,0,3,0,1,0,0,0,0,0,0,0
78300,9884,0,102,0,0,0,8,0,3,0,3,0,0,0,0,0,0,0
78400,9890,0,88,0,3,0,15,0,2,0,2,0,0,0,0,0,0,0
78500,9893,0,86,0,2,0,13,0,5,0,1,0,0,0,0,0,0,0
78600,9894,0,92,0,5,0,8,0,0,0,1,0,0,0,0,0,0,0
78700,9939,0,42,0,1,0,15,0,2,0,1,0,0,0,0,0,0,0
78800,9931,0,49,0,2,0,15,0,2,0,1,0,0,0,0,0,0,0
78900,9929,0,44,0,4,0,16,0,7,0,0,0,0,0,0,0,0,0
79000,9947,0,28,0,2,0,15,0,7,0,1,0,0,0,0,0,0,0
79100,9950,0,29,0,2,0,15,0,4,0,0,0,0,0,0,0,0,0
79200,9941,0,34,0,2,0,18,0,4,0,1,0,0,0,0,0,0,0
79300,9936,0,47,0,2,0,12,0,3,0,0,0,0,0,0,0,0,0
79400,9929,0,48,0,2,0,16,0,5,0,0,0,0,0,0,0,0,0
79500,9930,0,49,0,2,0,14,0,4,0,1,0,0,0,0,0,0,0
79600,9939,0,47,0,2,0,10,0,2,0,0,0,0,0,0,0,0,0
79700,9930,0,51,0,0,0,15,0,4,0,0,0,0,0,0,0,0,0
79800,9932,0,47,0,2,0,12,0,5,0,2,0,0,0,0,0,0,0
79900,9928,0,46,0,2,0,16,0,5,0,2,0,1,0,0,0,0,0
80000,9951,0,31,0,2,0,13,0,3,0,0,0,0,0,0,0,0,0
80100,9950,0,26,0,1,0,20,0,3,0,0,0,0,0,0,0,0,0
80200,9958,0,27,0,2,0,12,0,1,0,0,0,0,0,0,0,0,0
80300,9942,0,31,0,3,0,20,0,3,0,1,0,0,0,0,0,0,0
80400,9954,0,26,0,0,0,16,0,4,0,0,0,0,0,0,0,0,0
80500,9954,0,28,0,1,0,13,0,4,0,0,0,0,0,0,0,0,0
80600,9951,0,27,0,3,0,16,0,3,0,0,0,0,0,0,0,0,0
80700,9950,0,30,0,2,0,16,0,1,0,1,0,0,0,0,0,0,0
80800,9956,0,28,0,0,0,13,0,3,0,0,0,0,0,0,0,0,0
80900,9956,0,27,0,0,0,13,0,3,0,1,0,0,0,0,0,0,0
81000,9956,0,28,0,2,0,11,0,1,0,2,0,0,0,0,0,0,0
81100,9955,0,27,0,3,0,14,0,0,0,1,0,0,0,0,0,0,0
81200,9954,0,28,0,2,0,12,0,3,0,1,0,0,0,0,0,0,0
81300,9953,0,30,0,1,0,11,0,5,0,0,0,0,0,0,0,0,0
81400,9898,0,85,0,2,0,12,0,1,0,2,0,0,0,0,0,0,0
81500,9889,0,86,0,2,0,21,0,2,0,0,0,0,0,0,0,0,0
81600,9948,0,45,0,0,0,6,0,1,0,0,0,0,0,0,0,0,0
81700,9964,0,26,0,1,0,5,0,3,0,1,0,0,0,0,0,0,0
81800,9960,0,29,0,2,0,5,0,1,0,3,0,0,0,0,0,0,0
81900,9957,0,33,0,1,0,8,0,1,0,0,0,0,0,0,0,0,0
82000,9952,0,31,0,3,0,7,0,5,0,2,0,0,0,0,0,0,0
82100,9951,0,32,0,2,0,9,0,4,0,2,0,0,0,0,0,0,0
82200,9963,0,28,0,0,0,8,0,1,0,0,0,0,0,0,0,0,0
82300,9967,0,23,0,0,0,7,0,3,0,0,0,0,0,0,0,0,0
82400,9964,0,23,0,1,0,11,0,1,0,0,0,0,0,0,0,0,0
82500,9950,0,26,0,3,0,12,0,8,0,1,0,0,0,0,0,0,0
82600,9961,0,23,0,2,0,6,0,8,0,0,0,0,0,0,0,0,0
82700,9969,0,23,0,1,0,5,0,2,0,0,0,0,0,0,0,0,0
82800,9961,0,25,0,1,0,8,0,4,0,1,0,0,0,0,0,0,0
82900,9957,0,22,0,4,0,11,0,5,0,1,0,0,0,0,0,0,0
83000,9965,0,23,0,1,0,7,0,3,0,1,0,0,0,0,0,0,0
83100,9962,0,24,0,2,0,9,0,3,0,0,0,0,0,0,0,0,0
83200,9972,0,21,0,3,0,3,0,1,0,0,0,0,0,0,0,0,0
83300,9965,0,22,0,2,0,6,0,3,0,2,0,0,0,0,0,0,0
83400,9966,0,23,0,3,0,7,0,1,0,0,0,0,0,0,0,0,0
83500,9959,0,24,0,3,0,8,0,4,0,2,0,0,0,0,0,0,0
83600,9964,0,26,0,0,0,6,0,2,0,2,0,0,0,0,0,0,0
83700,9976,0,16,0,2,0,5,0,0,0,1,0,0,0,0,0,0,0
83800,9977,0,5,0,6,0,6,0,4,0,2,0,0,0,0,0,0,0
83900,9982,0,4,0,3,0,11,0,0,0,0,0,0,0,0,0,0,0
84000,9980,0,9,0,0,0,10,0,1,0,0,0,0,0,0,0,0,0
84100,9985,0,4,0,0,0,8,0,1,0,2,0,0,0,0,0,0,0
84200,9982,0,4,0,4,0,7,0,2,0,1,0,0,0,0,0,0,0
84300,9982,0,5,0,2,0,3,0,7,0,1,0,0,0,0,0,0,0
84400,9983,0,4,0,2,0,11,0,0,0,0,0,0,0,0,0,0,0
84500,9985,0,6,0,2,0,5,0,2,0,0,0,0,0,0,0,0,0
84600,9985,0,3,0,0,0,9,0,2,0,1,0,0,0,0,0,0,0
84700,9984,0,2,0,2,0,6,0,5,0,1,0,0,0,0,0,0,0
84800,9985,0,0,0,1,0,4,0,8,0,2,0,0,0,0,0,0,0
84900,9992,0,0,0,2,0,3,0,2,0,1,0,0,0,0,0,0,0
85000,9992,0,0,0,1,0,6,0,1,0,0,0,0,0,0,0,0,0
85100,9991,0,3,0,1,0,4,0,1,0,0,0,0,0,0,0,0,0
85200,9979,0,6,0,3,0,6,0,4,0,2,0,0,0,0,0,0,0
85300,9982,0,1,0,7,0,4,0,4,0,2,0,0,0,0,0,0,0
85400,9951,0,39,0,3,0,6,0,1,0,0,0,0,0,0,0,0,0
85500,9928,0,61,0,1,0,7,0,2,0,1,0,0,0,0,0,0,0
85600,9911,0,69,0,5,0,6,0,9,0,0,0,0,0,0,0,0,0
85700,9919,0,69,0,1,0,3,0,8,0,0,0,0,0,0,0,0,0
85800,9914,0,70,0,1,0,9,0,5,0,1,0,0,0,0,0,0,0
85900,9920,0,70,0,1,0,9,0,0,0,0,0,0,0,0,0,0,0
86000,9910,0,69,0,1,0,15,0,5,0,0,0,0,0,0,0,0,0
86100,9917,0,73,0,0,0,6,0,0,0,3,0,1,0,0,0,0,0
86200,9868,0,121,0,0,0,7,0,3,0,1,0,0,0,0,0,0,0
86300,9847,0,139,0,3,0,10,0,1,0,0,0,0,0,0,0,0,0
86400,9850,0,136,0,1,0,9,0,3,0,1,0,0,0,0,0,0,0
86500,9842,0,144,0,2,0,7,0,3,0,2,0,0,0,0,0,0,0
86600,9817,0,168,0,2,0,8,0,5,0,0,0,0,0,0,0,0,0
86700,9809,0,175,0,4,0,7,0,4,0,1,0,0,0,0,0,0,0
86800,9843,0,138,0,2,0,12,0,4,0,1,0,0,0,0,0,0,0
86900,9846,0,137,0,1,0,14,0,2,0,0,0,0,0,0,0,0,0
87000,9852,0,140,0,2,0,5,0,0,0,1,0,0,0,0,0,0,0
87100,9863,0,126,0,3,0,2,0,4,0,2,0,0,0,0,0,0,0
87200,9864,0,131,0,1,0,2,0,2,0,0,0,0,0,0,0,0,0
87300,9840,0,153,0,0,0,2,0,4,0,1,0,0,0,0,0,0,0
87400,9837,0,156,0,0,0,1,0,5,0,1,0,0,0,0,0,0,0
87500,9824,0,164,0,1,0,3,0,6,0,2,0,0,0,0,0,0,0
87600,9831,0,163,0,0,0,1,0,4,0,1,0,0,0,0,0,0,0
87700,9816,0,169,0,5,0,6,0,2,0,2,0,0,0,0,0,0,0
87800,9832,0,162,0,1,0,2,0,2,0,1,0,0,0,0,0,0,0
87900,9830,0,165,0,0,0,3,0,1,0,1,0,0,0,0,0,0,0
88000,9824,0,165,0,1,0,7,0,1,0,2,0,0,0,0,0,0,0
88100,9827,0,166,0,3,0,1,0,3,0,0,0,0,0,0,0,0,0
88200,9821,0,172,0,1,0,2,0,3,0,1,0,0,0,0,0,0,0
88300,9824,0,167,0,2,0,3,0,3,0,1,0,0,0,0,0,0,0
88400,9817,0,167,0,1,0,6,0,7,0,2,0,0,0,0,0,0,0
88500,9824,0,167,0,0,0,4,0,1,0,4,0,0,0,0,0,0,0
88600,9821,0,173,0,2,0,3,0,1,0,0,0,0,0,0,0,0,0
88700,9817,0,172,0,5,0,3,0,1,0,2,0,0,0,0,0,0,0
88800,9816,0,172,0,2,0,4,0,6,0,0,0,0,0,0,0,0,0
88900,9812,0,178,0,3,0,3,0,3,0,1,0,0,0,0,0,0,0
89000,9803,0,187,0,1,0,7,0,1,0,1,0,0,0,0,0,0,0
89100,9801,0,188,0,1,0,2,0,7,0,1,0,0,0,0,0,0,0
89200,9803,0,187,0,2,0,0,0,7,0,1,0,0,0,0,0,0,0
89300,9805,0,184,0,3,0,1,0,5,0,2,0,0,0,0,0,0,0
89400,9806,0,182,0,2,0,3,0,5,0,2,0,0,0,0,0,0,0
89500,9807,0,184,0,3,0,0,0,4,0,2,0,0,0,0,0,0,0
89600,9799,0,193,0,3,0,3,0,1,0,1,0,0,0,0,0,0,0
89700,9801,0,191,0,3,0,3,0,2,0,0,0,0,0,0,0,0,0
89800,9789,0,194,0,3,0,6,0,7,0,1,0,0,0,0,0,0,0
89900,9809,0,177,0,1,0,5,0,5,0,2,0,1,0,0,0,0,0
90000,9798,0,192,0,2,0,3,0,4,0,1,0,0,0,0,0,0,0
90100,9795,0,200,0,3,0,1,0,1,0,0,0,0,0,0,0,0,0
90200,9792,0,200,0,1,0,5,0,2,0,0,0,0,0,0,0,0,0
90300,9778,0,212,0,1,0,5,0,3,0,1,0,0,0,0,0,0,0
90400,9772,0,211,0,4,0,6,0,3,0,4,0,0,0,0,0,0,0
90500,9783,0,210,0,2,0,4,0,1,0,0,0,0,0,0,0,0,0
90600,9785,0,200,0,4,0,7,0,4,0,0,0,0,0,0,0,0,0
90700,9812,0,181,0,2,0,2,0,3,0,0,0,0,0,0,0,0,0
90800,9800,0,193,0,0,0,4,0,1,0,2,0,0,0,0,0,0,0
90900,9791,0,197,0,3,0,2,0,6,0,1,0,0,0,0,0,0,0
91000,9783,0,207,0,4,0,4,0,1,0,1,0,0,0,0,0,0,0
91100,9751,0,239,0,2,0,5,0,1,0,2,0,0,0,0,0,0,0
91200,9775,0,217,0,2,0,3,0,2,0,1,0,0,0,0,0,0,0
91300,9756,0,231,0,2,0,5,0,5,0,1,0,0,0,0,0,0,0
91400,9747,0,238,0,3,0,3,0,9,0,0,0,0,0,0,0,0,0
91500,9743,0,250,0,0,0,2,0,2,0,1,0,2,0,0,0,0,0
91600,9737,0,247,0,5,0,3,0,7,0,1,0,0,0,0,0,0,0
91700,9731,0,260,0,1,0,3,0,3,0,2,0,0,0,0,0,0,0
91800,9728,0,262,0,3,0,4,0,1,0,2,0,0,0,0,0,0,0
91900,9748,0,247,0,1,0,3,0,0,0,1,0,0,0,0,0,0,0
92000,9756,0,234,0,1,0,1,0,4,0,4,0,0,0,0,0,0,0
92100,9759,0,229,0,3,0,6,0,1,0,2,0,0,0,0,0,0,0
92200,9775,0,213,0,2,0,5,0,5,0,0,0,0,0,0,0,0,0
92300,9758,0,231,0,0,0,9,0,2,0,0,0,0,0,0,0,0,0
92400,9754,0,234,0,5,0,6,0,1,0,0,0,0,0,0,0,0,0
92500,9739,0,249,0,4,0,4,0,4,0,0,0,0,0,0,0,0,0
92600,9687,0,305,0,1,0,2,0,5,0,0,0,0,0,0,0,0,0
92700,9689,0,300,0,4,0,3,0,3,0,1,0,0,0,0,0,0,0
92800,9688,0,300,0,2,0,6,0,4,0,0,0,0,0,0,0,0,0
92900,9708,0,278,0,1,0,9,0,4,0,0,0,0,0,0,0,0,0
93000,9720,0,269,0,1,0,4,0,5,0,1,0,0,0,0,0,0,0
93100,9733,0,259,0,1,0,3,0,3,0,1,0,0,0,0,0,0,0
93200,9705,0,279,0,1,0,4,0,7,0,4,0,0,0,0,0,0,0
93300,9699,0,289,0,2,0,6,0,3,0,1,0,0,0,0,0,0,0
93400,9700,0,291,0,2,0,4,0,3,0,0,0,0,0,0,0,0,0
93500,9697,0,289,0,4,0,6,0,3,0,1,0,0,0,0,0,0,0
93600,9695,0,290,0,0,0,10,0,5,0,0,0,0,0,0,0,0,0
93700,9699,0,287,0,4,0,6,0,4,0,0,0,0,0,0,0,0,0
93800,9703,0,288,0,2,0,4,0,2,0,1,0,0,0,0,0,0,0
93900,9703,0,287,0,3,0,3,0,3,0,1,0,0,0,0,0,0,0
94000,9684,0,304,0,1,0,2,0,7,0,2,0,0,0,0,0,0,0
94100,9716,0,266,0,2,0,7,0,8,0,1,0,0,0,0,0,0,0
94200,9739,0,251,0,4,0,3,0,1,0,2,0,0,0,0,0,0,0
94300,9726,0,264,0,1,0,3,0,3,0,3,0,0,0,0,0,0,0
94400,9763,0,232,0,3,0,1,0,1,0,0,0,0,0,0,0,0,0
94500,9757,0,232,0,4,0,4,0,3,0,0,0,0,0,0,0,0,0
94600,9787,0,208,0,2,0,1,0,1,0,1,0,0,0,0,0,0,0
94700,9757,0,231,0,3,0,4,0,4,0,0,0,1,0,0,0,0,0
94800,9771,0,224,0,0,0,2,0,3,0,0,0,0,0,0,0,0,0
94900,9776,0,211,0,3,0,4,0,4,0,2,0,0,0,0,0,0,0
95000,9790,0,200,0,2,0,4,0,3,0,1,0,0,0,0,0,0,0
95100,9792,0,197,0,0,0,4,0,5,0,2,0,0,0,0,0,0,0
95200,9780,0,200,0,7,0,4,0,8,0,1,0,0,0,0,0,0,0
95300,9790,0,203,0,1,0,3,0,1,0,2,0,0,0,0,0,0,0
95400,9789,0,201,0,4,0,3,0,2,0,1,0,0,0,0,0,0,0
95500,9794,0,194,0,4,0,3,0,4,0,1,0,0,0,0,0,0,0
95600,9790,0,197,0,3,0,4,0,6,0,0,0,0,0,0,0,0,0
95700,9844,0,148,0,0,0,2,0,5,0,1,0,0,0,0,0,0,0
95800,9842,0,150,0,2,0,5,0,1,0,0,0,0,0,0,0,0,0
95900,9836,0,154,0,3,0,4,0,0,0,3,0,0,0,0,0,0,0
96000,9819,0,163,0,3,0,11,0,2,0,2,0,0,0,0,0,0,0
96100,9837,0,151,0,1,0,4,0,7,0,0,0,0,0,0,0,0,0
96200,9846,0,146,0,0,0,3,0,4,0,1,0,0,0,0,0,0,0
96300,9840,0,154,0,3,0,1,0,1,0,1,0,0,0,0,0,0,0
96400,9836,0,154,0,2,0,4,0,3,0,1,0,0,0,0,0,0,0
96500,9841,0,151,0,2,0,0,0,1,0,5,0,0,0,0,0,0,0
96600,9848,0,144,0,4,0,1,0,3,0,0,0,0,0,0,0,0,0
96700,9844,0,148,0,0,0,1,0,4,0,3,0,0,0,0,0,0,0
96800,9790,0,205,0,1,0,1,0,2,0,1,0,0,0,0,0,0,0
96900,9766,0,232,0,1,0,1,0,0,0,0,0,0,0,0,0,0,0
97000,9738,0,257,0,1,0,0,0,1,0,3,0,0,0,0,0,0,0
97100,9733,0,254,0,2,0,7,0,2,0,2,0,0,0,0,0,0,0
97200,9764,0,231,0,0,0,2,0,0,0,3,0,0,0,0,0,0,0
97300,9743,0,250,0,1,0,2,0,3,0,1,0,0,0,0,0,0,0
97400,9755,0,237,0,1,0,5,0,2,0,0,0,0,0,0,0,0,0
97500,9742,0,247,0,2,0,3,0,6,0,0,0,0,0,0,0,0,0
97600,9751,0,240,0,2,0,4,0,2,0,1,0,0,0,0,0,0,0
97700,9753,0,237,0,0,0,5,0,4,0,0,0,1,0,0,0,0,0
97800,9773,0,218,0,1,0,5,0,3,0,0,0,0,0,0,0,0,0
97900,9772,0,218,0,3,0,3,0,4,0,0,0,0,0,0,0,0,0
98000,9783,0,200,0,1,0,7,0,8,0,1,0,0,0,0,0,0,0
98100,9756,0,228,0,5,0,7,0,2,0,2,0,0,0,0,0,0,0
98200,9729,0,260,0,1,0,6,0,4,0,0,0,0,0,0,0,0,0
98300,9772,0,217,0,3,0,4,0,4,0,0,0,0,0,0,0,0,0
98400,9795,0,190,0,3,0,10,0,2,0,0,0,0,0,0,0,0,0
98500,9854,0,137,0,3,0,3,0,2,0,1,0,0,0,0,0,0,0
98600,9867,0,121,0,2,0,2,0,6,0,2,0,0,0,0,0,0,0
98700,9873,0,119,0,1,0,5,0,2,0,0,0,0,0,0,0,0,0
98800,9872,0,119,0,1,0,4,0,3,0,1,0,0,0,0,0,0,0
98900,9872,0,116,0,2,0,3,0,5,0,2,0,0,0,0,0,0,0
99000,9861,0,129,0,0,0,4,0,4,0,2,0,0,0,0,0,0,0
99100,9856,0,133,0,0,0,7,0,3,0,1,0,0,0,0,0,0,0
99200,9858,0,131,0,2,0,5,0,2,0,2,0,0,0,0,0,0,0
99300,9861,0,132,0,1,0,2,0,3,0,1,0,0,0,0,0,0,0
99400,9854,0,143,0,0,0,2,0,1,0,0,0,0,0,0,0,0,0
99500,9789,0,200,0,2,0,5,0,3,0,1,0,0,0,0,0,0,0
99600,9784,0,208,0,1,0,4,0,2,0,1,0,0,0,0,0,0,0
99700,9781,0,207,0,3,0,7,0,1,0,1,0,0,0,0,0,0,0
99800,9757,0,230,0,3,0,8,0,2,0,0,0,0,0,0,0,0,0
99900,9742,0,252,0,2,0,4,0,0,0,0,0,0,0,0,0,0,0
100000,9739,0,248,0,2,0,7,0,4,0,0,0,0,0,0,0,0,0
