update,attempts_horiztrans,successes_horiztrans,attempts_verttrans,successes_verttrans
0,0,0,0,0
100,9265,8728,0,0
200,15171,14310,0,0
300,15092,14203,0,0
400,15088,14252,0,0
500,15099,14286,0,0
600,12075,11167,0,0
700,11608,10943,0,0
800,11552,10923,0,0
900,11555,10936,0,0
1000,11574,10952,0,0
1100,10369,9749,0,0
1200,8931,8467,0,0
1300,8903,8401,0,0
1400,8939,8457,0,0
1500,8891,8399,0,0
1600,8051,7427,0,0
1700,7096,6705,0,0
1800,6944,6578,0,0
1900,6928,6573,0,0
2000,6931,6562,0,0
2100,6859,6419,0,0
2200,5663,5336,0,0
2300,5545,5252,0,0
2400,5545,5229,0,0
2500,5579,5236,0,0
2600,5561,5262,0,0
2700,4492,4153,0,0
2800,4404,4170,0,0
2900,4388,4159,0,0
3000,4419,4191,0,0
3100,4417,4200,0,0
3200,3939,3695,0,0
3300,3572,3370,0,0
3400,3568,3363,0,0
3500,3516,3335,0,0
3600,3482,3295,0,0
3700,3209,2988,0,0
3800,2927,2786,0,0
3900,2990,2800,0,0
4000,3030,2849,0,0
4100,3045,2872,0,0
4200,2951,2803,0,0
4300,2506,2354,0,0
4400,2573,2429,0,0
4500,2556,2407,0,0
4600,2589,2414,0,0
4700,2582,2439,0,0
4800,2168,2013,0,0
4900,2162,2034,0,0
5000,2211,2077,0,0
5100,2237,2111,0,0
5200,2251,2114,0,0
5300,1994,1846,0,0
5400,1941,1825,0,0
5500,1975,1824,0,0
5600,2006,1896,0,0
5700,2017,1883,0,0
5800,1922,1780,0,0
5900,1817,1698,0,0
6000,1942,1802,0,0
6100,1972,1827,0,0
6200,2008,1886,0,0
6300,2033,1869,0,0
6400,1912,1774,0,0
6500,2102,1950,0,0
6600,2257,2086,0,0
6700,2299,2154,0,0
6800,2483,2269,0,0
6900,2794,2569,0,0
7000,3299,3048,0,0
7100,3935,3672,0,0
7200,4930,4552,0,0
7300,6003,5579,0,0
7400,6501,5974,0,0
7500,7025,6534,0,0
7600,7649,7143,0,0
7700,8433,7850,0,0
7800,9041,8415,0,0
7900,9121,8481,0,0
8000,8405,7847,0,0
8100,9387,8748,0,0
8200,9859,9174,0,0
8300,10374,9638,0,0
8400,10174,9491,0,0
8500,10134,9414,0,0
8600,10841,10052,0,0
8700,10431,9668,0,0
8800,9983,9147,0,0
8900,9942,9130,0,0
9000,9627,8821,0,0
9100,9447,8585,0,0
9200,8883,8046,0,0
9300,8592,7845,0,0
9400,8394,7553,0,0
9500,9028,8120,0,0
9600,8885,7934,0,0
9700,9192,8196,0,0
9800,9648,8558,0,0
9900,9563,8466,0,0
10000,9385,8229,0,0
10100,9053,7882,0,0
10200,9300,8104,0,0
10300,9885,8534,0,0
10400,9689,8330,0,0
10500,9242,7949,0,0
10600,8398,7075,0,0
10700,7825,6624,0,0
10800,8489,7139,0,0
10900,8014,6746,0,0
11000,7950,6604,0,0
11100,7926,6536,0,0
11200,7960,6546,0,0
11300,7461,6055,0,0
11400,6876,5492,0,0
11500,7562,6083,0,0
11600,6772,5382,0,0
11700,6763,5277,0,0
11800,6852,5324,0,0
11900,7203,5620,0,0
12000,6824,5123,0,0
12100,6497,4872,0,0
12200,6289,4770,0,0
12300,6093,4533,0,0
12400,6179,4544,0,0
12500,5619,4089,0,0
12600,6256,4518,0,0
12700,6127,4395,0,0
12800,6179,4366,0,0
12900,5816,4102,0,0
13000,6438,4404,0,0
13100,6405,4406,0,0
13200,5902,4099,0,0
13300,5947,4057,0,0
13400,5585,3725,0,0
13500,5180,3460,0,0
13600,5346,3517,0,0
13700,5872,3832,0,0
13800,5653,3657,0,0
13900,4960,3186,0,0
14000,4959,3118,0,0
14100,4843,3017,0,0
14200,4698,2949,0,0
14300,4265,2624,0,0
14400,4531,2747,0,0
14500,4530,2722,0,0
14600,4899,2945,0,0
14700,4671,2863,0,0
14800,5119,2948,0,0
14900,4346,2533,0,0
15000,4534,2683,0,0
15100,3833,2168,0,0
15200,4919,2759,0,0
15300,4511,2552,0,0
15400,4640,2606,0,0
15500,4276,2345,0,0
15600,4009,2204,0,0
15700,3623,1962,0,0
15800,3755,1969,0,0
15900,4243,2237,0,0
16000,4117,2190,0,0
16100,4462,2359,0,0
16200,3891,2120,0,0
16300,3806,2003,0,0
16400,4206,2251,0,0
16500,3734,1939,0,0
16600,3900,2052,0,0
16700,3697,1888,0,0
16800,4365,2260,0,0
16900,3736,1970,0,0
17000,3640,1818,0,0
17100,3993,2079,0,0
17200,3504,1791,0,0
17300,3413,1692,0,0
17400,3388,1670,0,0
17500,3357,1620,0,0
17600,2804,1392,0,0
17700,2753,1331,0,0
17800,2596,1298,0,0
17900,2940,1438,0,0
18000,2757,1304,0,0
18100,2268,1047,0,0
18200,2232,1085,0,0
18300,2536,1202,0,0
18400,2598,1259,0,0
18500,3027,1376,0,0
18600,2849,1303,0,0
18700,2774,1328,0,0
18800,2862,1301,0,0
18900,2928,1392,0,0
19000,3114,1366,0,0
19100,3063,1386,0,0
19200,2951,1318,0,0
19300,2730,1258,0,0
19400,2938,1279,0,0
19500,3403,1500,0,0
19600,3232,1376,0,0
19700,2973,1318,0,0
19800,3100,1375,0,0
19900,3146,1371,0,0
20000,2588,1149,0,0
20100,2289,1002,0,0
20200,2442,1046,0,0
20300,2423,1028,0,0
20400,2726,1184,0,0
20500,2623,1108,0,0
20600,2238,968,0,0
20700,2077,839,0,0
20800,2143,883,0,0
20900,2621,1134,0,0
21000,2496,1028,0,0
21100,2660,1110,0,0
21200,2638,1076,0,0
21300,2750,1104,0,0
21400,2358,942,0,0
21500,2649,1079,0,0
21600,2537,991,0,0
21700,2397,941,0,0
21800,2454,999,0,0
21900,2625,1086,0,0
22000,2896,1194,0,0
22100,2416,1029,0,0
22200,2299,923,0,0
22300,2448,955,0,0
22400,2624,1094,0,0
22500,2372,970,0,0
22600,2515,974,0,0
22700,2627,1050,0,0
22800,2540,991,0,0
22900,2612,1026,0,0
23000,2285,889,0,0
23100,2404,905,0,0
23200,2075,805,0,0
23300,2487,1011,0,0
23400,2836,1143,0,0
23500,2388,967,0,0
23600,2519,1002,0,0
23700,2218,882,0,0
23800,2322,886,0,0
23900,2033,781,0,0
24000,1873,761,0,0
24100,2339,909,0,0
24200,2196,859,0,0
24300,2211,880,0,0
24400,1985,786,0,0
24500,2103,807,0,0
24600,2133,819,0,0
24700,1982,720,0,0
24800,1788,694,0,0
24900,1799,697,0,0
25000,1867,687,0,0
25100,2056,776,0,0
25200,1805,648,0,0
25300,1738,663,0,0
25400,1848,688,0,0
25500,1716,690,0,0
25600,1729,647,0,0
25700,1752,650,0,0
25800,1849,702,0,0
25900,1746,666,0,0
26000,1617,609,0,0
26100,1698,604,0,0
26200,1665,545,0,0
26300,1308,435,0,0
26400,1464,513,0,0
26500,1469,530,0,0
26600,1476,496,0,0
26700,1739,601,0,0
26800,1715,617,0,0
26900,1589,545,0,0
27000,1514,504,0,0
27100,1346,446,0,0
27200,1663,546,0,0
27300,1628,518,0,0
27400,1999,657,0,0
27500,1849,590,0,0
27600,1749,550,0,0
27700,1698,513,0,0
27800,1699,557,0,0
27900,1417,478,0,0
28000,1859,618,0,0
28100,2017,686,0,0
28200,1804,601,0,0
28300,1732,568,0,0
28400,1670,535,0,0
28500,1720,605,0,0
28600,1941,678,0,0
28700,2033,691,0,0
28800,1943,637,0,0
28900,2192,733,0,0
29000,1799,663,0,0
29100,1584,499,0,0
29200,1632,534,0,0
29300,1594,524,0,0
29400,1639,568,0,0
29500,1867,647,0,0
29600,2145,755,0,0
29700,1998,685,0,0
29800,1902,661,0,0
29900,1592,566,0,0
30000,1658,546,0,0
30100,1839,610,0,0
30200,1715,579,0,0
30300,1691,561,0,0
30400,1764,586,0,0
30500,1790,595,0,0
30600,1829,626,0,0
30700,1468,507,0,0
30800,1298,419,0,0
30900,1467,503,0,0
31000,1496,488,0,0
31100,1717,576,0,0
31200,1772,599,0,0
31300,1966,700,0,0
31400,2016,725,0,0
31500,1990,688,0,0
31600,2104,732,0,0
31700,2084,713,0,0
31800,1943,679,0,0
31900,1855,645,0,0
32000,1743,605,0,0
32100,1524,542,0,0
32200,2091,677,0,0
32300,1835,594,0,0
32400,1400,430,0,0
32500,1182,374,0,0
32600,1445,466,0,0
32700,1370,468,0,0
32800,1460,502,0,0
32900,1716,552,0,0
33000,1679,571,0,0
33100,1922,624,0,0
33200,1926,615,0,0
33300,1741,572,0,0
33400,1686,525,0,0
33500,1381,444,0,0
33600,1821,561,0,0
33700,1909,577,0,0
33800,1754,561,0,0
33900,1463,423,0,0
34000,1559,466,0,0
34100,1547,446,0,0
34200,1641,458,0,0
34300,1637,487,0,0
34400,1511,427,0,0
34500,1625,473,0,0
34600,1731,522,0,0
34700,1755,498,0,0
34800,1623,478,0,0
34900,1603,485,0,0
35000,1774,524,0,0
35100,1802,522,0,0
35200,1897,525,0,0
35300,1594,459,0,0
35400,1222,351,0,0
35500,975,290,0,0
35600,1258,369,0,0
35700,1442,417,0,0
35800,1573,478,0,0
35900,1609,464,0,0
36000,1523,430,0,0
36100,1675,476,0,0
36200,1653,463,0,0
36300,1650,456,0,0
36400,1750,503,0,0
36500,1646,449,0,0
36600,1305,363,0,0
36700,1300,371,0,0
36800,1156,309,0,0
36900,1453,401,0,0
37000,1535,404,0,0
37100,1350,387,0,0
37200,1531,388,0,0
37300,1608,449,0,0
37400,1529,409,0,0
37500,1399,363,0,0
37600,1434,389,0,0
37700,1471,380,0,0
37800,1603,418,0,0
37900,1683,415,0,0
38000,1483,366,0,0
38100,1746,435,0,0
38200,1710,427,0,0
38300,1658,437,0,0
38400,1657,427,0,0
38500,1756,455,0,0
38600,1766,460,0,0
38700,1940,524,0,0
38800,1809,490,0,0
38900,1718,459,0,0
39000,1220,302,0,0
39100,1107,287,0,0
39200,1337,341,0,0
39300,1433,409,0,0
39400,1620,449,0,0
39500,1917,513,0,0
39600,1889,512,0,0
39700,2062,546,0,0
39800,1492,411,0,0
39900,1735,449,0,0
40000,1735,458,0,0
40100,1655,424,0,0
40200,1327,331,0,0
40300,1771,458,0,0
40400,1890,489,0,0
40500,1652,452,0,0
40600,1753,488,0,0
40700,1746,493,0,0
40800,1880,555,0,0
40900,1792,455,0,0
41000,1686,471,0,0
41100,1450,429,0,0
41200,1470,418,0,0
41300,1474,435,0,0
41400,1710,438,0,0
41500,1980,511,0,0
41600,1792,516,0,0
41700,1615,478,0,0
41800,1469,415,0,0
41900,1506,422,0,0
42000,1830,476,0,0
42100,1520,445,0,0
42200,1749,445,0,0
42300,1599,411,0,0
42400,1473,389,0,0
42500,1548,416,0,0
42600,1963,515,0,0
42700,1726,454,0,0
42800,1474,382,0,0
42900,1339,341,0,0
43000,1494,402,0,0
43100,1470,374,0,0
43200,1634,417,0,0
43300,1564,424,0,0
43400,1927,491,0,0
43500,1932,463,0,0
43600,1813,501,0,0
43700,1618,411,0,0
43800,1798,482,0,0
43900,1502,413,0,0
44000,1369,377,0,0
44100,1461,410,0,0
44200,1722,501,0,0
44300,2232,600,0,0
44400,2043,560,0,0
44500,1763,501,0,0
44600,1542,428,0,0
44700,1054,291,0,0
44800,788,213,0,0
44900,982,289,0,0
45000,1468,396,0,0
45100,1384,366,0,0
45200,1574,427,0,0
45300,1858,491,0,0
45400,1887,481,0,0
45500,1625,436,0,0
45600,1638,444,0,0
45700,1597,429,0,0
45800,1716,471,0,0
45900,1891,484,0,0
46000,1657,446,0,0
46100,1812,488,0,0
46200,1493,399,0,0
46300,1435,384,0,0
46400,1602,404,0,0
46500,1618,451,0,0
46600,1739,469,0,0
46700,1487,416,0,0
46800,1376,393,0,0
46900,1644,455,0,0
47000,2102,578,0,0
47100,1621,446,0,0
47200,1608,456,0,0
47300,1450,399,0,0
47400,1268,341,0,0
47500,1401,395,0,0
47600,1939,479,0,0
47700,2367,670,0,0
47800,2006,535,0,0
47900,1470,401,0,0
48000,1450,407,0,0
48100,1338,350,0,0
48200,1612,455,0,0
48300,1760,567,0,0
48400,2116,588,0,0
48500,2009,551,0,0
48600,1358,401,0,0
48700,1566,401,0,0
48800,1443,385,0,0
48900,1633,471,0,0
49000,1588,423,0,0
49100,1185,304,0,0
49200,1501,422,0,0
49300,1806,512,0,0
49400,1411,395,0,0
49500,1133,311,0,0
49600,991,275,0,0
49700,1174,306,0,0
49800,1419,384,0,0
49900,1394,379,0,0
50000,1254,336,0,0
50100,1528,413,0,0
50200,1646,395,0,0
50300,1784,433,0,0
50400,1754,443,0,0
50500,1757,447,0,0
50600,1610,423,0,0
50700,1824,478,0,0
50800,1730,445,0,0
50900,1820,471,0,0
51000,1780,460,0,0
51100,1382,329,0,0
51200,1336,319,0,0
51300,1292,315,0,0
51400,1697,402,0,0
51500,1561,405,0,0
51600,1555,407,0,0
51700,1636,408,0,0
51800,1550,384,0,0
51900,1437,363,0,0
52000,1424,324,0,0
52100,1691,418,0,0
52200,1488,375,0,0
52300,1246,343,0,0
52400,1078,285,0,0
52500,1271,337,0,0
52600,1409,367,0,0
52700,1390,342,0,0
52800,1229,298,0,0
52900,1154,290,0,0
53000,1515,409,0,0
53100,1549,423,0,0
53200,1844,477,0,0
53300,1779,467,0,0
53400,1399,365,0,0
53500,1491,435,0,0
53600,1285,380,0,0
53700,1149,298,0,0
53800,1205,357,0,0
53900,1186,333,0,0
54000,1372,386,0,0
54100,1444,403,0,0
54200,1667,478,0,0
54300,1987,549,0,0
54400,2020,599,0,0
54500,2142,619,0,0
54600,1797,513,0,0
54700,1575,453,0,0
54800,1648,474,0,0
54900,1803,576,0,0
55000,1775,540,0,0
55100,2087,614,0,0
55200,1755,541,0,0
55300,1586,449,0,0
55400,1540,444,0,0
55500,1661,470,0,0
55600,1761,536,0,0
55700,2093,638,0,0
55800,1825,560,0,0
55900,1659,476,0,0
56000,1452,434,0,0
56100,1278,360,0,0
56200,1458,398,0,0
56300,1383,397,0,0
56400,1679,501,0,0
56500,1447,414,0,0
56600,1154,346,0,0
56700,1333,407,0,0
56800,995,293,0,0
56900,1174,314,0,0
57000,1079,300,0,0
57100,980,286,0,0
57200,929,269,0,0
57300,1313,413,0,0
57400,1053,319,0,0
57500,980,272,0,0
57600,1252,368,0,0
57700,1301,373,0,0
57800,1092,320,0,0
57900,1051,312,0,0
58000,1443,436,0,0
58100,1426,413,0,0
58200,1524,410,0,0
58300,1511,421,0,0
58400,1450,396,0,0
58500,1565,461,0,0
58600,1723,512,0,0
58700,1683,471,0,0
58800,1391,407,0,0
58900,1534,468,0,0
59000,1544,463,0,0
59100,1621,478,0,0
59200,1432,409,0,0
59300,1661,503,0,0
59400,1649,466,0,0
59500,1716,500,0,0
59600,1718,514,0,0
59700,1284,360,0,0
59800,1562,436,0,0
59900,1845,527,0,0
60000,1811,515,0,0
60100,1676,462,0,0
60200,1558,426,0,0
60300,1707,500,0,0
60400,1273,364,0,0
60500,1125,338,0,0
60600,1428,422,0,0
60700,1548,430,0,0
60800,1413,389,0,0
60900,1238,344,0,0
61000,1265,369,0,0
61100,1301,352,0,0
61200,1493,389,0,0
61300,1599,455,0,0
61400,1525,432,0,0
61500,1370,373,0,0
61600,1695,494,0,0
61700,1651,481,0,0
61800,1373,376,0,0
61900,1620,458,0,0
62000,1520,434,0,0
62100,1509,419,0,0
62200,1186,311,0,0
62300,1496,428,0,0
62400,1680,466,0,0
62500,1426,403,0,0
62600,1462,435,0,0
62700,1585,494,0,0
62800,2015,560,0,0
62900,1704,504,0,0
63000,1366,407,0,0
63100,1338,363,0,0
63200,1100,278,0,0
63300,1254,373,0,0
63400,1404,373,0,0
63500,1380,386,0,0
63600,1286,342,0,0
63700,1395,407,0,0
63800,1351,376,0,0
63900,1366,350,0,0
64000,1480,397,0,0
64100,1466,351,0,0
64200,1453,366,0,0
64300,1543,423,0,0
64400,1746,450,0,0
64500,1984,514,0,0
64600,1752,437,0,0
64700,1546,379,0,0
64800,1703,444,0,0
64900,1280,336,0,0
65000,1192,307,0,0
65100,1208,325,0,0
65200,1446,366,0,0
65300,1107,278,0,0
65400,1104,288,0,0
65500,1136,316,0,0
65600,1164,298,0,0
65700,1012,265,0,0
65800,1188,300,0,0
65900,1179,313,0,0
66000,1291,360,0,0
66100,1212,311,0,0
66200,1076,280,0,0
66300,1144,282,0,0
66400,1247,338,0,0
66500,1065,293,0,0
66600,1254,324,0,0
66700,1319,371,0,0
66800,1242,335,0,0
66900,1285,364,0,0
67000,1219,322,0,0
67100,1218,338,0,0
67200,1246,318,0,0
67300,1215,311,0,0
67400,1711,491,0,0
67500,1537,410,0,0
67600,1329,373,0,0
67700,1328,319,0,0
67800,1013,267,0,0
67900,1252,361,0,0
68000,1382,378,0,0
68100,1375,358,0,0
68200,1574,442,0,0
68300,1162,317,0,0
68400,979,253,0,0
68500,1242,319,0,0
68600,1229,322,0,0
68700,1440,384,0,0
68800,1529,421,0,0
68900,1510,424,0,0
69000,1547,436,0,0
69100,1648,461,0,0
69200,1673,490,0,0
69300,1491,408,0,0
69400,1725,471,0,0
69500,2009,582,0,0
69600,2016,549,0,0
69700,1823,489,0,0
69800,1550,430,0,0
69900,1654,457,0,0
70000,1495,422,0,0
70100,1536,440,0,0
70200,1445,423,0,0
70300,1456,404,0,0
70400,1369,377,0,0
70500,1364,348,0,0
70600,1667,487,0,0
70700,1948,520,0,0
70800,1520,427,0,0
70900,1476,414,0,0
71000,1418,406,0,0
71100,1375,346,0,0
71200,2126,572,0,0
71300,1795,501,0,0
71400,1886,514,0,0
71500,1837,508,0,0
71600,1676,452,0,0
71700,1726,485,0,0
71800,1807,484,0,0
71900,1748,465,0,0
72000,1960,521,0,0
72100,1872,497,0,0
72200,1381,389,0,0
72300,1381,356,0,0
72400,1644,431,0,0
72500,1790,463,0,0
72600,1586,440,0,0
72700,1562,417,0,0
72800,1419,393,0,0
72900,1456,382,0,0
73000,1414,379,0,0
73100,1367,385,0,0
73200,1470,390,0,0
73300,1573,411,0,0
73400,1486,396,0,0
73500,1472,406,0,0
73600,1715,465,0,0
73700,1648,439,0,0
73800,1541,433,0,0
73900,1287,367,0,0
74000,1346,355,0,0
74100,1482,403,0,0
74200,1353,371,0,0
74300,1516,425,0,0
74400,1404,384,0,0
74500,1395,406,0,0
74600,1544,428,0,0
74700,1540,448,0,0
74800,1551,458,0,0
74900,1347,352,0,0
75000,1311,362,0,0
75100,1468,379,0,0
75200,1181,339,0,0
75300,1346,391,0,0
75400,1628,414,0,0
75500,1688,485,0,0
75600,1696,460,0,0
75700,1820,502,0,0
75800,1948,520,0,0
75900,1661,448,0,0
76000,1783,509,0,0
76100,1873,515,0,0
76200,1798,513,0,0
76300,1575,441,0,0
76400,1523,430,0,0
76500,1246,350,0,0
76600,1130,295,0,0
76700,1428,428,0,0
76800,1423,415,0,0
76900,1605,449,0,0
77000,1644,416,0,0
77100,1322,378,0,0
77200,1384,370,0,0
77300,1168,340,0,0
77400,1552,416,0,0
77500,1453,386,0,0
77600,1350,354,0,0
77700,1527,404,0,0
77800,1299,362,0,0
77900,1144,331,0,0
78000,861,227,0,0
78100,1067,313,0,0
78200,1033,268,0,0
78300,1327,371,0,0
78400,1492,422,0,0
78500,1517,404,0,0
78600,1710,434,0,0
78700,1511,429,0,0
78800,1574,403,0,0
78900,1472,373,0,0
79000,1057,293,0,0
79100,1360,366,0,0
79200,1627,411,0,0
79300,1399,373,0,0
79400,1086,282,0,0
79500,1399,351,0,0
79600,1518,397,0,0
79700,1838,446,0,0
79800,1640,414,0,0
79900,1554,414,0,0
80000,1122,267,0,0
80100,848,195,0,0
80200,948,250,0,0
80300,1253,344,0,0
80400,1364,354,0,0
80500,1062,296,0,0
80600,1066,304,0,0
80700,1152,324,0,0
80800,1045,261,0,0
80900,1042,254,0,0
81000,834,217,0,0
81100,967,249,0,0
81200,1115,328,0,0
81300,1184,305,0,0
81400,1287,334,0,0
81500,1342,357,0,0
81600,1136,316,0,0
81700,1348,332,0,0
81800,1466,386,0,0
81900,1162,299,0,0
82000,1303,349,0,0
82100,1323,352,0,0
82200,1695,448,0,0
82300,1643,410,0,0
82400,1502,388,0,0
82500,1416,369,0,0
82600,1504,379,0,0
82700,1228,312,0,0
82800,1264,334,0,0
82900,1460,373,0,0
83000,1213,328,0,0
83100,1336,375,0,0
83200,1348,347,0,0
83300,1602,436,0,0
83400,1556,387,0,0
83500,1485,356,0,0
83600,1513,385,0,0
83700,1117,287,0,0
83800,1234,301,0,0
83900,866,216,0,0
84000,725,193,0,0
84100,731,160,0,0
84200,937,241,0,0
84300,1107,278,0,0
84400,981,258,0,0
84500,886,218,0,0
84600,894,203,0,0
84700,925,215,0,0
84800,960,247,0,0
84900,1079,273,0,0
85000,1179,288,0,0
85100,1236,293,0,0
85200,975,240,0,0
85300,936,220,0,0
85400,947,217,0,0
85500,1185,281,0,0
85600,870,191,0,0
85700,1101,258,0,0
85800,1218,269,0,0
85900,1723,419,0,0
86000,1754,403,0,0
86100,1388,348,0,0
86200,1316,307,0,0
86300,1280,301,0,0
86400,1563,367,0,0
86500,1511,345,0,0
86600,1560,363,0,0
86700,1232,333,0,0
86800,1082,255,0,0
86900,994,237,0,0
87000,1523,357,0,0
87100,1498,347,0,0
87200,1456,366,0,0
87300,1400,337,0,0
87400,1307,311,0,0
87500,1137,265,0,0
87600,1315,312,0,0
87700,1404,329,0,0
87800,1487,329,0,0
87900,1299,297,0,0
88000,1386,337,0,0
88100,1201,293,0,0
88200,837,177,0,0
88300,1123,268,0,0
88400,1199,278,0,0
88500,1204,273,0,0
88600,1178,297,0,0
88700,793,192,0,0
88800,705,167,0,0
88900,604,140,0,0
89000,841,211,0,0
89100,1267,304,0,0
89200,1425,370,0,0
89300,1600,378,0,0
89400,1501,346,0,0
89500,1255,303,0,0
89600,1153,285,0,0
89700,1601,384,0,0
89800,1386,328,0,0
89900,1563,356,0,0
90000,1427,317,0,0
90100,1285,288,0,0
90200,1051,254,0,0
90300,1345,346,0,0
90400,1254,303,0,0
90500,1398,323,0,0
90600,1377,322,0,0
90700,1349,325,0,0
90800,1175,293,0,0
90900,1576,383,0,0
91000,1264,305,0,0
91100,1197,316,0,0
91200,1281,292,0,0
91300,1521,352,0,0
91400,1570,386,0,0
91500,1359,321,0,0
91600,1341,322,0,0
91700,1131,263,0,0
91800,991,250,0,0
91900,1376,334,0,0
92000,1414,353,0,0
92100,1221,296,0,0
92200,1263,285,0,0
92300,1381,313,0,0
92400,1356,320,0,0
92500,1734,422,0,0
92600,1794,432,0,0
92700,1490,366,0,0
92800,1606,380,0,0
92900,1438,363,0,0
93000,1202,292,0,0
93100,1422,332,0,0
93200,1167,257,0,0
93300,1248,336,0,0
93400,1285,301,0,0
93500,1238,291,0,0
93600,1304,311,0,0
93700,1125,267,0,0
93800,1153,270,0,0
93900,964,215,0,0
94000,826,182,0,0
94100,900,222,0,0
94200,1194,304,0,0
94300,1288,304,0,0
94400,886,201,0,0
94500,1234,251,0,0
94600,1470,364,0,0
94700,1316,303,0,0
94800,1597,376,0,0
94900,1214,300,0,0
95000,1185,278,0,0
95100,1570,357,0,0
95200,1471,357,0,0
95300,1387,326,0,0
95400,1554,352,0,0
95500,1222,300,0,0
95600,1265,299,0,0
95700,1210,287,0,0
95800,1069,249,0,0
95900,875,209,0,0
96000,1252,313,0,0
96100,1420,332,0,0
96200,1374,380,0,0
96300,1113,282,0,0
96400,1178,274,0,0
96500,1312,288,0,0
96600,1259,295,0,0
96700,1055,247,0,0
96800,953,203,0,0
96900,951,226,0,0
97000,818,191,0,0
97100,893,210,0,0
97200,1102,256,0,0
97300,1145,264,0,0
97400,1164,289,0,0
97500,1634,352,0,0
97600,1657,395,0,0
97700,1460,332,0,0
97800,1389,307,0,0
97900,1153,249,0,0
98000,1201,270,0,0
98100,1482,359,0,0
98200,1352,308,0,0
98300,1615,381,0,0
98400,1638,394,0,0
98500,1413,359,0,0
98600,1639,398,0,0
98700,1482,344,0,0
98800,1170,292,0,0
98900,919,207,0,0
99000,1121,277,0,0
99100,1055,254,0,0
99200,1006,239,0,0
99300,921,222,0,0
99400,860,226,0,0
99500,1272,296,0,0
99600,1315,314,0,0
99700,1243,270,0,0
99800,1080,269,0,0
99900,1010,209,0,0
100000,955,201,0,0
