update,attempts_horiztrans,successes_horiztrans,attempts_verttrans,successes_verttrans
0,0,0,0,0
100,9268,8753,0,0
200,15169,14328,0,0
300,15076,14264,0,0
400,15092,14277,0,0
500,15090,14228,0,0
600,11998,11016,0,0
700,11529,10903,0,0
800,11515,10859,0,0
900,11504,10849,0,0
1000,11501,10835,0,0
1100,10274,9702,0,0
1200,8818,8312,0,0
1300,8791,8292,0,0
1400,8766,8297,0,0
1500,8769,8297,0,0
1600,7979,7360,0,0
1700,7032,6641,0,0
1800,6851,6456,0,0
1900,6819,6419,0,0
2000,6823,6445,0,0
2100,6745,6348,0,0
2200,5560,5247,0,0
2300,5417,5113,0,0
2400,5389,5080,0,0
2500,5424,5147,0,0
2600,5394,5107,0,0
2700,4444,4114,0,0
2800,4325,4082,0,0
2900,4263,4040,0,0
3000,4294,4058,0,0
3100,4293,4074,0,0
3200,3846,3629,0,0
3300,3483,3300,0,0
3400,3426,3236,0,0
3500,3451,3275,0,0
3600,3485,3281,0,0
3700,3168,2934,0,0
3800,2843,2685,0,0
3900,2854,2707,0,0
4000,2861,2708,0,0
4100,2874,2728,0,0
4200,2798,2662,0,0
4300,2391,2255,0,0
4400,2458,2315,0,0
4500,2463,2331,0,0
4600,2462,2344,0,0
4700,2453,2316,0,0
4800,2107,1977,0,0
4900,2093,1994,0,0
5000,2171,2047,0,0
5100,2180,2076,0,0
5200,2210,2100,0,0
5300,2013,1891,0,0
5400,1899,1800,0,0
5500,1929,1825,0,0
5600,1997,1902,0,0
5700,2021,1913,0,0
5800,1865,1750,0,0
5900,1707,1621,0,0
6000,1789,1695,0,0
6100,1948,1854,0,0
6200,2029,1896,0,0
6300,2107,1963,0,0
6400,2063,1923,0,0
6500,2544,2393,0,0
6600,3177,2955,0,0
6700,3717,3450,0,0
6800,4086,3873,0,0
6900,4061,3801,0,0
7000,4503,4233,0,0
7100,4840,4492,0,0
7200,5267,4793,0,0
7300,5681,5154,0,0
7400,4963,4531,0,0
7500,4834,4449,0,0
7600,5588,5075,0,0
7700,5315,4888,0,0
7800,5037,4595,0,0
7900,5107,4593,0,0
8000,5184,4702,0,0
8100,5611,5101,0,0
8200,5933,5427,0,0
8300,5928,5505,0,0
8400,5416,5037,0,0
8500,5562,5143,0,0
8600,6400,5923,0,0
8700,6631,6173,0,0
8800,6832,6380,0,0
8900,7271,6787,0,0
9000,7061,6516,0,0
9100,7270,6738,0,0
9200,7689,7086,0,0
9300,8087,7529,0,0
9400,8138,7563,0,0
9500,7307,6711,0,0
9600,7175,6665,0,0
9700,7519,7007,0,0
9800,7633,7108,0,0
9900,7818,7311,0,0
10000,7540,6994,0,0
10100,7488,6967,0,0
10200,7772,7233,0,0
10300,7533,6995,0,0
10400,7995,7439,0,0
10500,7796,7245,0,0
10600,7255,6726,0,0
10700,7169,6663,0,0
10800,7357,6856,0,0
10900,7246,6762,0,0
11000,7719,7156,0,0
11100,7549,6960,0,0
11200,7621,7024,0,0
11300,8194,7497,0,0
11400,7843,7121,0,0
11500,7923,7272,0,0
11600,7525,6952,0,0
11700,7146,6613,0,0
11800,7513,6963,0,0
11900,7430,6909,0,0
12000,7455,6850,0,0
12100,7567,7009,0,0
12200,7415,6813,0,0
12300,7524,6933,0,0
12400,7154,6563,0,0
12500,7470,6840,0,0
12600,7871,7267,0,0
12700,7411,6796,0,0
12800,7389,6735,0,0
12900,7277,6614,0,0
13000,7428,6817,0,0
13100,7823,7132,0,0
13200,7720,7036,0,0
13300,7727,7023,0,0
13400,7603,6905,0,0
13500,8383,7643,0,0
13600,8212,7491,0,0
13700,7974,7289,0,0
13800,7899,7233,0,0
13900,7409,6730,0,0
14000,7166,6481,0,0
14100,7235,6565,0,0
14200,7543,6780,0,0
14300,7466,6630,0,0
14400,7037,6253,0,0
14500,6607,5864,0,0
14600,6054,5327,0,0
14700,6346,5493,0,0
14800,6766,5867,0,0
14900,7197,6210,0,0
15000,6783,5810,0,0
15100,6066,5139,0,0
15200,6834,5676,0,0
15300,6696,5442,0,0
15400,6744,5505,0,0
15500,6529,5278,0,0
15600,6341,5064,0,0
15700,6375,5101,0,0
15800,5803,4629,0,0
15900,5966,4812,0,0
16000,5460,4336,0,0
16100,5307,4182,0,0
16200,6138,4763,0,0
16300,5991,4554,0,0
16400,5857,4465,0,0
16500,5805,4452,0,0
16600,5953,4523,0,0
16700,5508,4068,0,0
16800,4931,3610,0,0
16900,5104,3607,0,0
17000,5151,3592,0,0
17100,5021,3592,0,0
17200,4970,3469,0,0
17300,5013,3536,0,0
17400,5082,3462,0,0
17500,4824,3368,0,0
17600,4704,3319,0,0
17700,4927,3459,0,0
17800,5013,3413,0,0
17900,4688,3272,0,0
18000,4560,3076,0,0
18100,4606,3092,0,0
18200,4762,3136,0,0
18300,4591,3063,0,0
18400,4453,2986,0,0
18500,4524,2907,0,0
18600,4552,3000,0,0
18700,4600,2869,0,0
18800,4878,2987,0,0
18900,4154,2618,0,0
19000,3957,2448,0,0
19100,4034,2441,0,0
19200,4472,2821,0,0
19300,4626,2844,0,0
19400,4107,2500,0,0
19500,4346,2593,0,0
19600,4035,2358,0,0
19700,4121,2387,0,0
19800,4249,2550,0,0
19900,3890,2266,0,0
20000,4406,2461,0,0
20100,3969,2262,0,0
20200,3788,2176,0,0
20300,3924,2230,0,0
20400,3537,2062,0,0
20500,3664,2075,0,0
20600,3850,2272,0,0
20700,3829,2130,0,0
20800,3527,1974,0,0
20900,3743,2105,0,0
21000,4157,2207,0,0
21100,3763,2009,0,0
21200,3836,2041,0,0
21300,3857,2066,0,0
21400,3768,2091,0,0
21500,3996,2138,0,0
21600,3752,2060,0,0
21700,3572,1981,0,0
21800,3061,1617,0,0
21900,3172,1675,0,0
22000,3450,1846,0,0
22100,3458,1865,0,0
22200,3413,1760,0,0
22300,3068,1555,0,0
22400,3124,1529,0,0
22500,3356,1669,0,0
22600,3533,1764,0,0
22700,3325,1654,0,0
22800,3509,1739,0,0
22900,3391,1722,0,0
23000,3178,1599,0,0
23100,3622,1833,0,0
23200,3428,1676,0,0
23300,3160,1574,0,0
23400,3109,1481,0,0
23500,2544,1224,0,0
23600,3105,1543,0,0
23700,3373,1725,0,0
23800,3223,1680,0,0
23900,3607,1832,0,0
24000,3070,1463,0,0
24100,2978,1413,0,0
24200,3038,1492,0,0
24300,3332,1592,0,0
24400,3111,1443,0,0
24500,3018,1382,0,0
24600,3076,1458,0,0
24700,3022,1381,0,0
24800,3187,1478,0,0
24900,2679,1220,0,0
25000,2825,1270,0,0
25100,2637,1205,0,0
25200,2845,1320,0,0
25300,3090,1363,0,0
25400,3139,1447,0,0
25500,2875,1229,0,0
25600,2575,1161,0,0
25700,2816,1269,0,0
25800,3311,1462,0,0
25900,3361,1511,0,0
26000,3113,1380,0,0
26100,3002,1334,0,0
26200,2974,1285,0,0
26300,3051,1293,0,0
26400,3151,1431,0,0
26500,3222,1433,0,0
26600,3565,1473,0,0
26700,3332,1352,0,0
26800,3042,1393,0,0
26900,2961,1350,0,0
27000,2950,1326,0,0
27100,2685,1195,0,0
27200,2875,1276,0,0
27300,2883,1321,0,0
27400,2895,1291,0,0
27500,2606,1122,0,0
27600,2387,1001,0,0
27700,2830,1216,0,0
27800,2469,1077,0,0
27900,2375,1009,0,0
28000,2648,1086,0,0
28100,2788,1191,0,0
28200,3072,1287,0,0
28300,2989,1187,0,0
28400,2673,1057,0,0
28500,2675,1084,0,0
28600,2581,1088,0,0
28700,2551,1015,0,0
28800,2636,1111,0,0
28900,2399,1022,0,0
29000,2028,833,0,0
29100,2123,900,0,0
29200,2286,911,0,0
29300,2221,878,0,0
29400,2615,1052,0,0
29500,2410,969,0,0
29600,2224,861,0,0
29700,2284,941,0,0
29800,2490,1027,0,0
29900,2512,1056,0,0
30000,2427,1026,0,0
30100,2326,974,0,0
30200,2399,989,0,0
30300,2548,1011,0,0
30400,3103,1266,0,0
30500,2799,1107,0,0
30600,2647,1009,0,0
30700,2365,943,0,0
30800,2530,1054,0,0
30900,2533,980,0,0
31000,2228,900,0,0
31100,2097,843,0,0
31200,1759,703,0,0
31300,1838,725,0,0
31400,2054,845,0,0
31500,1935,740,0,0
31600,1622,637,0,0
31700,2056,848,0,0
31800,2364,921,0,0
31900,2293,871,0,0
32000,2306,861,0,0
32100,2236,888,0,0
32200,2100,840,0,0
32300,2023,725,0,0
32400,1877,687,0,0
32500,2157,775,0,0
32600,2041,759,0,0
32700,2002,740,0,0
32800,1957,738,0,0
32900,1910,708,0,0
33000,2273,918,0,0
33100,2514,1011,0,0
33200,2159,863,0,0
33300,1870,770,0,0
33400,2368,854,0,0
33500,2174,853,0,0
33600,2118,811,0,0
33700,2044,827,0,0
33800,1966,769,0,0
33900,2205,883,0,0
34000,2319,889,0,0
34100,1955,755,0,0
34200,1897,737,0,0
34300,1671,657,0,0
34400,1761,672,0,0
34500,2082,772,0,0
34600,2011,753,0,0
34700,2036,793,0,0
34800,2195,825,0,0
34900,2021,791,0,0
35000,1738,657,0,0
35100,1698,624,0,0
35200,1798,717,0,0
35300,2292,880,0,0
35400,2455,1002,0,0
35500,2158,870,0,0
35600,1697,686,0,0
35700,1719,698,0,0
35800,1832,737,0,0
35900,1899,825,0,0
36000,2131,889,0,0
36100,1994,818,0,0
36200,1855,735,0,0
36300,1765,711,0,0
36400,1984,813,0,0
36500,1992,803,0,0
36600,1891,735,0,0
36700,2088,814,0,0
36800,2106,849,0,0
36900,2106,864,0,0
37000,1837,719,0,0
37100,1935,741,0,0
37200,2013,767,0,0
37300,2059,757,0,0
37400,2474,907,0,0
37500,2395,920,0,0
37600,2419,933,0,0
37700,2375,895,0,0
37800,1979,756,0,0
37900,1917,737,0,0
38000,2136,805,0,0
38100,2191,851,0,0
38200,2169,840,0,0
38300,1676,615,0,0
38400,2073,796,0,0
38500,1889,740,0,0
38600,1998,791,0,0
38700,1984,764,0,0
38800,2111,800,0,0
38900,2211,824,0,0
39000,2141,827,0,0
39100,2185,836,0,0
39200,1903,727,0,0
39300,1860,722,0,0
39400,1903,730,0,0
39500,1907,746,0,0
39600,2167,790,0,0
39700,2218,833,0,0
39800,1831,658,0,0
39900,1879,720,0,0
40000,1910,740,0,0
40100,1891,750,0,0
40200,2174,810,0,0
40300,2118,799,0,0
40400,2037,804,0,0
40500,2137,766,0,0
40600,2122,743,0,0
40700,1838,685,0,0
40800,1595,611,0,0
40900,1673,607,0,0
41000,1938,688,0,0
41100,2047,782,0,0
41200,1671,654,0,0
41300,1743,634,0,0
41400,2041,739,0,0
41500,2335,840,0,0
41600,1985,699,0,0
41700,2100,754,0,0
41800,1943,717,0,0
41900,1989,711,0,0
42000,1987,685,0,0
42100,2041,711,0,0
42200,1769,597,0,0
42300,1853,681,0,0
42400,1900,697,0,0
42500,1973,705,0,0
42600,1977,697,0,0
42700,1936,725,0,0
42800,2076,733,0,0
42900,2203,814,0,0
43000,2302,805,0,0
43100,2195,748,0,0
43200,2468,848,0,0
43300,2392,788,0,0
43400,2364,829,0,0
43500,2404,907,0,0
43600,2415,857,0,0
43700,2475,842,0,0
43800,2380,877,0,0
43900,2318,800,0,0
44000,2676,842,0,0
44100,2841,966,0,0
44200,2599,838,0,0
44300,2527,808,0,0
44400,2659,885,0,0
44500,2326,793,0,0
44600,2327,744,0,0
44700,2331,740,0,0
44800,2256,726,0,0
44900,2680,882,0,0
45000,2583,855,0,0
45100,2718,843,0,0
45200,2515,784,0,0
45300,2535,876,0,0
45400,2588,905,0,0
45500,2457,806,0,0
45600,2366,761,0,0
45700,2027,648,0,0
45800,2243,716,0,0
45900,2092,615,0,0
46000,2037,658,0,0
46100,2109,639,0,0
46200,2247,752,0,0
46300,2263,736,0,0
46400,2359,811,0,0
46500,2441,829,0,0
46600,2723,840,0,0
46700,2780,918,0,0
46800,2512,880,0,0
46900,2548,889,0,0
47000,2471,879,0,0
47100,2467,855,0,0
47200,2368,825,0,0
47300,2194,761,0,0
47400,2309,829,0,0
47500,2259,794,0,0
47600,2234,792,0,0
47700,2360,802,0,0
47800,2121,766,0,0
47900,2297,840,0,0
48000,2253,784,0,0
48100,2123,783,0,0
48200,2221,769,0,0
48300,2027,737,0,0
48400,2328,765,0,0
48500,2420,808,0,0
48600,2368,758,0,0
48700,2890,913,0,0
48800,2638,863,0,0
48900,2395,854,0,0
49000,2469,886,0,0
49100,2614,876,0,0
49200,2631,924,0,0
49300,2624,967,0,0
49400,2487,894,0,0
49500,2503,813,0,0
49600,2631,931,0,0
49700,2658,971,0,0
49800,2401,921,0,0
49900,2392,887,0,0
50000,2613,1016,0,0
50100,2630,1011,0,0
50200,2520,977,0,0
50300,2262,839,0,0
50400,2383,907,0,0
50500,2100,788,0,0
50600,2459,920,0,0
50700,2342,883,0,0
50800,2363,905,0,0
50900,2045,877,0,0
51000,2261,904,0,0
51100,2335,924,0,0
51200,2496,1029,0,0
51300,2239,928,0,0
51400,2349,980,0,0
51500,2277,967,0,0
51600,2360,955,0,0
51700,1728,725,0,0
51800,1743,735,0,0
51900,1950,822,0,0
52000,1926,830,0,0
52100,2337,1000,0,0
52200,2016,872,0,0
52300,1781,755,0,0
52400,2172,883,0,0
52500,2205,951,0,0
52600,2236,966,0,0
52700,2472,1057,0,0
52800,2412,1035,0,0
52900,2408,1048,0,0
53000,2493,1055,0,0
53100,2462,1086,0,0
53200,2224,982,0,0
53300,2166,914,0,0
53400,1999,813,0,0
53500,2205,930,0,0
53600,2187,942,0,0
53700,2396,1050,0,0
53800,2172,915,0,0
53900,1988,869,0,0
54000,1952,843,0,0
54100,1851,804,0,0
54200,2179,955,0,0
54300,2430,1044,0,0
54400,2317,1001,0,0
54500,2281,949,0,0
54600,2289,945,0,0
54700,2312,935,0,0
54800,2348,941,0,0
54900,2034,861,0,0
55000,2089,852,0,0
55100,2166,906,0,0
55200,2247,903,0,0
55300,1995,821,0,0
55400,1907,798,0,0
55500,1931,812,0,0
55600,2301,1007,0,0
55700,2424,1029,0,0
55800,2354,1020,0,0
55900,2015,872,0,0
56000,1993,835,0,0
56100,1940,843,0,0
56200,1743,732,0,0
56300,1895,819,0,0
56400,1838,764,0,0
56500,1935,781,0,0
56600,1785,745,0,0
56700,1680,698,0,0
56800,1993,830,0,0
56900,1942,815,0,0
57000,1577,683,0,0
57100,1695,724,0,0
57200,1885,781,0,0
57300,2065,881,0,0
57400,2281,915,0,0
57500,2491,1051,0,0
57600,2316,985,0,0
57700,2091,816,0,0
57800,2060,825,0,0
57900,2367,981,0,0
58000,2099,877,0,0
58100,2104,901,0,0
58200,1937,833,0,0
58300,2001,853,0,0
58400,2400,1013,0,0
58500,2466,1053,0,0
58600,2520,1044,0,0
58700,2201,913,0,0
58800,2278,918,0,0
58900,1996,854,0,0
59000,2109,850,0,0
59100,2134,868,0,0
59200,2152,882,0,0
59300,2188,844,0,0
59400,1913,736,0,0
59500,1956,722,0,0
59600,1803,692,0,0
59700,1615,628,0,0
59800,1584,645,0,0
59900,1922,830,0,0
60000,2036,807,0,0
60100,1993,839,0,0
60200,2040,852,0,0
60300,2078,844,0,0
60400,1854,748,0,0
60500,1898,772,0,0
60600,2084,849,0,0
60700,2034,804,0,0
60800,1896,773,0,0
60900,2442,988,0,0
61000,2346,938,0,0
61100,2069,824,0,0
61200,1998,818,0,0
61300,2102,852,0,0
61400,2332,906,0,0
61500,2347,924,0,0
61600,2008,815,0,0
61700,2065,870,0,0
61800,2500,980,0,0
61900,2648,1073,0,0
62000,2411,1004,0,0
62100,2412,948,0,0
62200,1947,810,0,0
62300,2349,1032,0,0
62400,2166,938,0,0
62500,2085,868,0,0
62600,2419,954,0,0
62700,2358,1009,0,0
62800,2340,1014,0,0
62900,2296,1005,0,0
63000,2463,1042,0,0
63100,2382,1034,0,0
63200,2150,898,0,0
63300,2446,1065,0,0
63400,2409,992,0,0
63500,2537,1014,0,0
63600,2227,966,0,0
63700,2558,1144,0,0
63800,2631,1159,0,0
63900,2402,1070,0,0
64000,2354,984,0,0
64100,2019,850,0,0
64200,2268,945,0,0
64300,2672,1092,0,0
64400,2609,1063,0,0
64500,2645,1069,0,0
64600,2820,1157,0,0
64700,2829,1173,0,0
64800,2323,929,0,0
64900,2398,1037,0,0
65000,2644,1132,0,0
65100,2567,1099,0,0
65200,2608,1110,0,0
65300,2276,931,0,0
65400,2406,1011,0,0
65500,2417,1028,0,0
65600,2297,952,0,0
65700,1886,813,0,0
65800,1912,822,0,0
65900,2077,850,0,0
66000,2039,863,0,0
66100,2347,975,0,0
66200,2375,1019,0,0
66300,2574,1076,0,0
66400,2486,1002,0,0
66500,2179,906,0,0
66600,2251,891,0,0
66700,2251,943,0,0
66800,2341,1035,0,0
66900,2218,1001,0,0
67000,2188,942,0,0
67100,2024,878,0,0
67200,1907,849,0,0
67300,2114,958,0,0
67400,2023,880,0,0
67500,1859,811,0,0
67600,2221,989,0,0
67700,2465,1066,0,0
67800,1886,790,0,0
67900,2006,895,0,0
68000,1889,892,0,0
68100,1937,901,0,0
68200,2147,994,0,0
68300,2079,902,0,0
68400,2040,901,0,0
68500,2356,1037,0,0
68600,2280,1035,0,0
68700,2417,1066,0,0
68800,2338,1016,0,0
68900,2184,966,0,0
69000,2239,973,0,0
69100,2469,1076,0,0
69200,2771,1214,0,0
69300,2427,1082,0,0
69400,2287,987,0,0
69500,2360,1002,0,0
69600,2052,906,0,0
69700,2444,1070,0,0
69800,2901,1270,0,0
69900,2645,1204,0,0
70000,2582,1173,0,0
70100,2596,1149,0,0
70200,2355,1023,0,0
70300,2714,1218,0,0
70400,2666,1180,0,0
70500,2701,1247,0,0
70600,2742,1274,0,0
70700,2610,1199,0,0
70800,2555,1251,0,0
70900,2700,1247,0,0
71000,2651,1215,0,0
71100,2668,1173,0,0
71200,2929,1275,0,0
71300,2772,1181,0,0
71400,2937,1241,0,0
71500,2828,1204,0,0
71600,2897,1267,0,0
71700,2579,1090,0,0
71800,2499,1093,0,0
71900,2835,1265,0,0
72000,2983,1271,0,0
72100,2948,1261,0,0
72200,2814,1266,0,0
72300,2912,1257,0,0
72400,2712,1166,0,0
72500,2602,1085,0,0
72600,2499,1064,0,0
72700,2677,1132,0,0
72800,2443,1068,0,0
72900,2282,1008,0,0
73000,2222,957,0,0
73100,2431,1073,0,0
73200,2460,1037,0,0
73300,2100,894,0,0
73400,2332,958,0,0
73500,2316,958,0,0
73600,2087,846,0,0
73700,2235,917,0,0
73800,2162,910,0,0
73900,2668,1133,0,0
74000,2409,1025,0,0
74100,2311,954,0,0
74200,2220,909,0,0
74300,1911,740,0,0
74400,2074,856,0,0
74500,2148,914,0,0
74600,1785,742,0,0
74700,1858,745,0,0
74800,2278,941,0,0
74900,2537,984,0,0
75000,2682,1101,0,0
75100,2610,1024,0,0
75200,2345,942,0,0
75300,2262,906,0,0
75400,2144,861,0,0
75500,2304,941,0,0
75600,2822,1179,0,0
75700,2595,1077,0,0
75800,2918,1217,0,0
75900,2544,1046,0,0
76000,2169,871,0,0
76100,2142,881,0,0
76200,2231,903,0,0
76300,2377,958,0,0
76400,2774,1061,0,0
76500,2231,910,0,0
76600,2072,866,0,0
76700,2290,920,0,0
76800,2475,968,0,0
76900,2461,987,0,0
77000,2117,822,0,0
77100,2252,906,0,0
77200,2394,980,0,0
77300,2400,950,0,0
77400,2577,1045,0,0
77500,2508,1016,0,0
77600,2492,961,0,0
77700,2646,1044,0,0
77800,2726,1122,0,0
77900,2528,1026,0,0
78000,2412,967,0,0
78100,2775,1093,0,0
78200,2161,868,0,0
78300,2611,1033,0,0
78400,2344,952,0,0
78500,2375,882,0,0
78600,2789,1089,0,0
78700,2496,997,0,0
78800,2641,1083,0,0
78900,2377,930,0,0
79000,2484,1006,0,0
79100,2565,1070,0,0
79200,2460,978,0,0
79300,2481,943,0,0
79400,2837,1160,0,0
79500,2425,933,0,0
79600,2509,1027,0,0
79700,2308,928,0,0
79800,2260,886,0,0
79900,2509,927,0,0
80000,2338,821,0,0
80100,2265,819,0,0
80200,2436,885,0,0
80300,2523,918,0,0
80400,2337,854,0,0
80500,2592,931,0,0
80600,2722,965,0,0
80700,2764,994,0,0
80800,2212,740,0,0
80900,2090,746,0,0
81000,1850,642,0,0
81100,2059,756,0,0
81200,2122,824,0,0
81300,2287,856,0,0
81400,2237,805,0,0
81500,2106,732,0,0
81600,2063,739,0,0
81700,2323,792,0,0
81800,2335,824,0,0
81900,2410,884,0,0
82000,2418,886,0,0
82100,1864,658,0,0
82200,2027,685,0,0
82300,2099,724,0,0
82400,2071,722,0,0
82500,2287,791,0,0
82600,2053,744,0,0
82700,2110,809,0,0
82800,2163,800,0,0
82900,2290,836,0,0
83000,2361,870,0,0
83100,2301,859,0,0
83200,2358,858,0,0
83300,2326,875,0,0
83400,2174,783,0,0
83500,2277,867,0,0
83600,2251,806,0,0
83700,2040,737,0,0
83800,2067,738,0,0
83900,1995,717,0,0
84000,1875,689,0,0
84100,2085,758,0,0
84200,2106,738,0,0
84300,2278,833,0,0
84400,2177,846,0,0
84500,2104,798,0,0
84600,2149,788,0,0
84700,1974,722,0,0
84800,1856,692,0,0
84900,2144,764,0,0
85000,2532,978,0,0
85100,2308,807,0,0
85200,2289,826,0,0
85300,2488,920,0,0
85400,2234,834,0,0
85500,2108,783,0,0
85600,2075,738,0,0
85700,1892,656,0,0
85800,1832,724,0,0
85900,1855,690,0,0
86000,2008,804,0,0
86100,2225,835,0,0
86200,2231,853,0,0
86300,2481,962,0,0
86400,2714,1029,0,0
86500,2364,974,0,0
86600,2368,938,0,0
86700,2471,1011,0,0
86800,2183,851,0,0
86900,1916,766,0,0
87000,1874,764,0,0
87100,2037,814,0,0
87200,1962,783,0,0
87300,1961,787,0,0
87400,2232,844,0,0
87500,2164,836,0,0
87600,1939,780,0,0
87700,1871,769,0,0
87800,2211,959,0,0
87900,2153,895,0,0
88000,2238,938,0,0
88100,2270,986,0,0
88200,2442,1045,0,0
88300,2554,1065,0,0
88400,2281,1033,0,0
88500,2167,911,0,0
88600,2392,1006,0,0
88700,2283,945,0,0
88800,2265,975,0,0
88900,2274,929,0,0
89000,1988,842,0,0
89100,2384,992,0,0
89200,2357,993,0,0
89300,2030,848,0,0
89400,2377,961,0,0
89500,2342,932,0,0
89600,2617,1096,0,0
89700,2360,984,0,0
89800,2434,942,0,0
89900,2588,1090,0,0
90000,2658,1075,0,0
90100,2809,1155,0,0
90200,2640,1115,0,0
90300,2438,994,0,0
90400,2180,908,0,0
90500,2063,915,0,0
90600,2448,1039,0,0
90700,2336,981,0,0
90800,2217,946,0,0
90900,2392,1049,0,0
91000,2462,1013,0,0
91100,2315,989,0,0
91200,2597,1072,0,0
91300,2214,932,0,0
91400,2146,868,0,0
91500,2325,947,0,0
91600,2423,985,0,0
91700,2454,978,0,0
91800,2506,991,0,0
91900,2347,962,0,0
92000,2336,990,0,0
92100,2162,893,0,0
92200,2130,921,0,0
92300,2183,873,0,0
92400,2328,958,0,0
92500,2467,1025,0,0
92600,2261,960,0,0
92700,2289,927,0,0
92800,2013,811,0,0
92900,1973,789,0,0
93000,2347,947,0,0
93100,2322,910,0,0
93200,2128,866,0,0
93300,2238,898,0,0
93400,2120,859,0,0
93500,2169,904,0,0
93600,2318,930,0,0
93700,2391,983,0,0
93800,2089,851,0,0
93900,1944,786,0,0
94000,1512,586,0,0
94100,1541,606,0,0
94200,1873,769,0,0
94300,2299,934,0,0
94400,2532,1059,0,0
94500,2458,1039,0,0
94600,2253,941,0,0
94700,2276,917,0,0
94800,2379,1014,0,0
94900,2335,928,0,0
95000,1896,792,0,0
95100,2112,875,0,0
95200,2255,938,0,0
95300,1997,833,0,0
95400,2309,962,0,0
95500,2295,936,0,0
95600,2112,835,0,0
95700,2487,959,0,0
95800,2344,956,0,0
95900,2280,879,0,0
96000,2347,938,0,0
96100,2600,1083,0,0
96200,2411,972,0,0
96300,2412,1006,0,0
96400,1966,841,0,0
96500,2139,903,0,0
96600,2544,1044,0,0
96700,2747,1149,0,0
96800,2722,1098,0,0
96900,2310,916,0,0
97000,2203,898,0,0
97100,2204,887,0,0
97200,2507,1017,0,0
97300,2194,928,0,0
97400,2159,895,0,0
97500,2445,1010,0,0
97600,2438,1038,0,0
97700,2446,1062,0,0
97800,2615,1180,0,0
97900,2779,1175,0,0
98000,2262,929,0,0
98100,2366,1003,0,0
98200,2289,987,0,0
98300,2570,1078,0,0
98400,2485,1029,0,0
98500,2490,1079,0,0
98600,2373,1073,0,0
98700,2371,1027,0,0
98800,2391,1065,0,0
98900,2400,1031,0,0
99000,2102,918,0,0
99100,2554,1136,0,0
99200,2384,1051,0,0
99300,2533,1097,0,0
99400,2728,1143,0,0
99500,2621,1091,0,0
99600,2465,1030,0,0
99700,2497,1097,0,0
99800,2468,1050,0,0
99900,2653,1100,0,0
100000,2718,1092,0,0
